-3.765208342594861e-8	0.0015528785376283157
-3.7659127925832036e-8	0.0015543933099318927
-3.765138251079492e-8	0.0015559107386685248
-3.766095129965064e-8	0.001557430806907276
-3.765218638004386e-8	0.0015589534737719109
-3.766224343588198e-8	0.0015604787019374484
-3.7658121431860537e-8	0.0015620064178763645
-3.766607817259349e-8	0.0015635365333896986
-3.766652667557824e-8	0.0015650689784358135
-3.766957497304824e-8	0.0015666036219461141
-3.766970483621846e-8	0.0015681403139397553
-3.7677065953500844e-8	0.001569678869626967
-3.7680308492032965e-8	0.0015712190286574154
-3.769079552148336e-8	0.0015727604545198255
-3.7705395007009425e-8	0.0015743027025704806
-3.771396771201641e-8	0.0015758451619835288
-3.773323560071207e-8	0.001577387019085962
-3.776201749949859e-8	0.001578927091658395
-3.7822011569621504e-8	0.0015804637187772372
-3.7915500365470755e-8	0.001581994537054215
-3.803817422912692e-8	0.0015835163435949952
-3.822384796586254e-8	0.0015850255858108823
-3.85460200011567e-8	0.0015865226101557499
-3.903831460884133e-8	0.0015880363202464252
-3.929717604792549e-8	0.0015897664849662517
-3.92982451289714e-8	0.001592286834156011
-3.9039972501753177e-8	0.0015940260764912757
-3.854384159551194e-8	0.001595554233960212
-3.821625322366629e-8	0.001597071308368969
-3.802501930598723e-8	0.0015986065598533414
-3.789666113377388e-8	0.0016001605266021226
-3.779724020473996e-8	0.0016017297521687564
-3.773155033656162e-8	0.0016033110834710333
-3.769764148104371e-8	0.0016049021841679388
-3.767335938848482e-8	0.00160650140919657
-3.7660053856952704e-8	0.001608107585641144
-3.7640348977446835e-8	0.001609719907124026
-3.7624826535481714e-8	0.0016113377671467697
-3.761684276139543e-8	0.0016129607245285221
-3.760445012133684e-8	0.0016145884453030543
-3.759967139529974e-8	0.001616220670922244
-3.759175354973721e-8	0.001617857219187673
-3.758657947776634e-8	0.0016194979421105566
-3.7573298043602765e-8	0.001621142709510151
-3.757298652593555e-8	0.0016227914549355406
-3.755730283730996e-8	0.0016244440910060023
-3.7562019225645393e-8	0.0016261005447808028
-3.754673956747334e-8	0.00162776078163465
-3.755037261253813e-8	0.0016294247623421896
-3.753774331236026e-8	0.0016310924733423967
-3.753452982964145e-8	0.0016327638587952647
-3.7536900385426456e-8	0.0016344389260152512
-3.75369834440864e-8	0.0016361176497685496
-3.7534331312411016e-8	0.0016378000161799083
-3.752585878543102e-8	0.0016394860212423678
-3.7518508087958094e-8	0.0016411756718866283
-3.751238780345112e-8	0.0016428689502344445
-3.752397818214681e-8	0.0016445658515380963
-3.7516508424823015e-8	0.001646266374513333
-3.75138740819514e-8	0.0016479705265108045
-3.7507476760773043e-8	0.001649678334568441
-3.750465932909064e-8	0.00165138976679786
-3.7494914586438945e-8	0.0016531048316639806
-3.7496233346745456e-8	0.0016548235229121436
-3.749920577985622e-8	0.0016565458904470504
-3.748547119035162e-8	0.0016582718997464523
-3.748850405843607e-8	0.0016600015709308537
-3.748372755770779e-8	0.0016617349228416427
-3.7481459539095986e-8	0.001663471941370273
-3.748629113071722e-8	0.0016652126385037793
-3.747945861359847e-8	0.001666957030234922
-3.746547966303471e-8	0.0016687051241048865
-3.746605524289071e-8	0.0016704569329106158
-3.7469576681448125e-8	0.0016722124599453892
-3.74652178826429e-8	0.0016739717143447114
-3.745557349747464e-8	0.0016757346971106926
-3.746279431753874e-8	0.0016775014376503763
-3.745327637139085e-8	0.0016792719318965783
-3.745040279586331e-8	0.0016810461991516531
-3.744196383544951e-8	0.001682824242857204
-3.745457018339837e-8	0.001684606065099991
-3.744794071038893e-8	0.0016863916893497055
-3.744363357016667e-8	0.0016881811211093202
-3.743414775064791e-8	0.0016899743894016783
-3.7432296947298437e-8	0.0016917714714457075
-3.743385427757984e-8	0.001693572408080029
-3.742951460066202e-8	0.0016953771903581367
-3.742897536201939e-8	0.0016971858501493868
-3.7415389361405986e-8	0.0016989983632947085
-3.742003721118881e-8	0.0017008147893050134
-3.741005882743065e-8	0.001702635114610591
-3.741453037414133e-8	0.0017044593378657531
-3.741406280769466e-8	0.0017062874850571248
-3.740803139345439e-8	0.0017081195784498925
-3.740436812349479e-8	0.0017099556188693943
-3.739950982865614e-8	0.0017117956086987675
-3.739541491245002e-8	0.0017136395744526596
-3.73922809950078e-8	0.0017154875375092115
-3.739286971295441e-8	0.001717339475476667
-3.739146282452644e-8	0.0017191954327281512
-3.737680654420372e-8	0.0017210554126830947
-3.73800154188364e-8	0.0017229194371166105
-3.738250725795478e-8	0.0017247874884263514
-3.7380171757850356e-8	0.0017266596031292598
-3.7366296319979455e-8	0.001728535799836774
-3.736947665565205e-8	0.0017304160810856601
-3.73644608542556e-8	0.0017323004548386283
-3.7363677125512584e-8	0.001734188934635158
-3.7361412378744686e-8	0.0017360815496119955
-3.736014299650647e-8	0.00173797829818616
-3.734513171482212e-8	0.0017398791959857282
-3.734143631139997e-8	0.001741784253230609
-3.7351476801378296e-8	0.0017436935015196003
-3.733539978482692e-8	0.0017456069325654739
-3.733671664364336e-8	0.0017475245556853268
-3.733090989370691e-8	0.0017494464184876887
-3.732968206051624e-8	0.001751372504082392
-3.733516168381024e-8	0.0017533028367162672
-3.733295165503359e-8	0.0017552374207096336
-3.733389657097352e-8	0.0017571762698051431
-3.732139578999649e-8	0.00175911941006165
-3.731474778410071e-8	0.0017610668559645082
-3.731006673016735e-8	0.0017630186269482358
-3.730477284667466e-8	0.0017649747123773905
-3.7305183611868746e-8	0.0017669351445462318
-3.7301942588063854e-8	0.0017688999314906136
-3.729502303601584e-8	0.0017708690910319081
-3.729384009647507e-8	0.0017728426312811896
-3.729205449545248e-8	0.0017748205850067927
-3.7292286832829594e-8	0.001776802941634286
-3.729854755725737e-8	0.0017787897210830978
-3.729105386741094e-8	0.0017807809383955456
-3.728678599809188e-8	0.00178277662072332
-3.727452186569336e-8	0.001784776782771649
-3.726917487570369e-8	0.001786781429546844
-3.726860656618758e-8	0.001788790586883371
-3.7260567586766546e-8	0.0017908042376465572
-3.7270870831684904e-8	0.0017928224324411752
-3.7253565232781007e-8	0.00179484518198115
-3.725078080922262e-8	0.001796872478248173
-3.726013135310624e-8	0.001798904355676518
-3.725480337459786e-8	0.0018009408261657612
-3.725053344805218e-8	0.0018029819075316461
-3.724464813759654e-8	0.0018050275990782651
-3.724335514524446e-8	0.0018070779334541066
-3.72331023339334e-8	0.0018091329266614821
-3.724155250101613e-8	0.0018111925887042244
-3.7237355812275164e-8	0.001813256923622663
-3.7227792280009056e-8	0.0018153259532260417
-3.721737315979801e-8	0.0018173997195282863
-3.722690089738579e-8	0.0018194782045318565
-3.722164047128551e-8	0.0018215614340676746
-3.7214105998994994e-8	0.0018236494135296228
-3.721075974403299e-8	0.0018257421947446713
-3.7208510439046275e-8	0.0018278397541916648
-3.72071459044443e-8	0.0018299421178991867
-3.720442358086662e-8	0.001832049318115222
-3.720444369219034e-8	0.0018341613596261242
-3.719803826567892e-8	0.0018362782453372462
-3.7185847323006896e-8	0.0018384000030431333
-3.71904983778093e-8	0.0018405266652321889
-3.717801930731568e-8	0.0018426582326702935
-3.7187002068495016e-8	0.0018447946915280096
-3.718061061261935e-8	0.0018469361142937875
-3.7178725403907985e-8	0.0018490824748656797
-3.716979405039012e-8	0.001851233813577914
-3.716491080628104e-8	0.0018533901222463859
-3.716923841948772e-8	0.0018555514525135154
-3.716735186977127e-8	0.0018577177795824117
-3.71683122369515e-8	0.0018598891411847457
-3.714576012570636e-8	0.0018620655467668074
-3.714891840529977e-8	0.0018642470278683243
-3.714526132331253e-8	0.0018664335900118432
-3.714984914366393e-8	0.0018686252403273468
-3.713364423466592e-8	0.0018708220056691276
-3.7138440234524285e-8	0.0018730238839465372
-3.7136663894254967e-8	0.0018752309149457325
-3.7124952027639546e-8	0.0018774431031187571
-3.711690196951945e-8	0.001879660463141021
-3.7127359988986535e-8	0.0018818830023260636
-3.7128797434382576e-8	0.0018841107401143277
-3.711528067570358e-8	0.001886343689354234
-3.711084237498774e-8	0.0018885818738655878
-3.710965424330026e-8	0.001890825312520581
-3.70983077125242e-8	0.0018930739903435566
-3.710882369341584e-8	0.0018953279350374577
-3.7097532641106045e-8	0.0018975871763160712
-3.7088341044505534e-8	0.0018998516720634133
-3.709377509905077e-8	0.0019021214912376676
-3.709005814032662e-8	0.0019043966290204243
-3.709113484562376e-8	0.0019066771000230227
-3.708719318317177e-8	0.0019089628646839127
-3.708977716044282e-8	0.0019112539621305286
-3.7066560755832925e-8	0.0019135504053080748
-3.706730214536047e-8	0.0019158521954462412
-3.706976774782156e-8	0.0019181593288742364
-3.7073829595651866e-8	0.0019204717836242176
-3.706992227440753e-8	0.0019227895714174993
-3.7062221556344315e-8	0.0019251126888370895
-3.7051292251572e-8	0.0019274411184783287
-3.7048114929116864e-8	0.0019297748265511647
-3.705818185732457e-8	0.00193211382425205
-3.7045403430702176e-8	0.0019344580336170122
-3.705937361428435e-8	0.001936807435095948
-3.7045007921898686e-8	0.001939161972059738
-3.705974758238528e-8	0.0019415215932935355
-3.70525502733976e-8	0.001943886191423334
-3.706405339332086e-8	0.001946255636158099
-3.706392853875529e-8	0.0019486298250950473
-3.70678367016819e-8	0.0019510085610193145
-3.7067216197567146e-8	0.00195339161700007
-3.7077817543668124e-8	0.0019557787116507956
-3.708203479242389e-8	0.001958169445711
-3.7097507988681503e-8	0.0019605633008304936
-3.711938551047012e-8	0.0019629595895830623
-3.7131911610688295e-8	0.0019653573647796106
-3.7161088096382416e-8	0.0019677553617881574
-3.7205100922466095e-8	0.0019701517398267995
-3.729776285254505e-8	0.0019725439089920364
-3.7442699028161774e-8	0.001974928179760242
-3.763327429978647e-8	0.001977299546627625
-3.7922289735764505e-8	0.001979652448716252
-3.842457886859552e-8	0.0019819873979498334
-3.919295337916351e-8	0.001984349489036867
-3.959749043044303e-8	0.0019870507852480816
-3.9599579151217145e-8	0.0019909883654179203
-3.9196191113599626e-8	0.001993707391382833
-3.842032553578734e-8	0.001996097700178463
-3.790745537963769e-8	0.0019984718101820533
-3.7607578104675855e-8	0.0020008755126712397
-3.740590171575353e-8	0.0020033096943822453
-3.7249378762915786e-8	0.002005768982643488
-3.714559181142718e-8	0.002008248469736894
-3.709156337363129e-8	0.002010744519556598
-3.70525913192199e-8	0.0020132545738451475
-3.703081862708735e-8	0.0020157768107504
-3.699896440807482e-8	0.0020183099807280064
-3.697365299444866e-8	0.0020208531459645087
-3.6960172538669236e-8	0.002023405626805651
-3.6939738472280274e-8	0.002025966910965077
-3.693126952646897e-8	0.002028536603882795
-3.691784424628697e-8	0.002031114430490843
-3.690873036323317e-8	0.0020337001690959116
-3.688681602777022e-8	0.002036293625653983
-3.6885345205306397e-8	0.002038894706289586
-3.685959901398861e-8	0.002041503283909097
-3.6866051719219865e-8	0.0020441192539757303
-3.6840905044055466e-8	0.002046742572307072
-3.6845637068977365e-8	0.002049373187366956
-3.682464126864016e-8	0.0020520110881311793
-3.681852991193613e-8	0.002054656196638521
-3.682125337506892e-8	0.002057308534802419
-3.6820349168559256e-8	0.002059968073019208
-3.681510904154917e-8	0.002062634799644706
-3.680062704696785e-8	0.0020653087186783183
-3.6787909669944165e-8	0.002067989851502196
-3.677712922546261e-8	0.002070678180160563
-3.6794477705626165e-8	0.002073373707533698
-3.678154048978866e-8	0.002076076442028498
-3.677627889739354e-8	0.0020787864058208066
-3.676501957705636e-8	0.0020815036524775028
-3.675944824699795e-8	0.0020842281418643107
-3.6742831360742084e-8	0.0020869598980641085
-3.6743829526930676e-8	0.0020896989217636676
-3.674744434725153e-8	0.0020924453032392445
-3.6724443207475364e-8	0.0020951989982300936
-3.6728165307386985e-8	0.0020979600496662527
-3.6719411671642945e-8	0.0021007284985261722
-3.671466113168154e-8	0.0021035043332223234
-3.672124692353229e-8	0.002106287583900414
-3.670918452403082e-8	0.002109078287194447
-3.668565990119777e-8	0.0021118764662909914
-3.668542418534537e-8	0.0021146821528761463
-3.668990780314463e-8	0.0021174953634785325
-3.668175549125796e-8	0.002120316124050551
-3.666511099386094e-8	0.002123144447566653
-3.667552481024794e-8	0.002125980392645526
-3.665905527820424e-8	0.0021288239642844394
-3.665324555657823e-8	0.0021316752050639974
-3.663847668514686e-8	0.0021345341321699954
-3.665755593754705e-8	0.0021374007606598418
-3.664568044203787e-8	0.0021402751400688923
-3.6637532348848815e-8	0.0021431572911160815
-3.6621024852906415e-8	0.00214604727249681
-3.661681078033774e-8	0.002148945059496884
-3.6618087908341095e-8	0.0021518507300360428
-3.660984462454664e-8	0.0021547642818355245
-3.660772890148323e-8	0.0021576857785717855
-3.6584515560134094e-8	0.0021606151935065817
-3.659076759727209e-8	0.0021635526351995024
-3.657335154293451e-8	0.002166498094193554
-3.65793156747396e-8	0.002169451580817067
-3.657728056547516e-8	0.0021724131497375303
-3.65662194350247e-8	0.0021753828497252433
-3.65589867545757e-8	0.0021783606949001165
-3.65498004382514e-8	0.0021813467019584083
-3.654184014789119e-8	0.0021843409268501824
-3.653543206772469e-8	0.002187343417323047
-3.653506691392306e-8	0.0021903541500782175
-3.653144989125279e-8	0.0021933732104116636
-3.650625528556772e-8	0.0021964006171605334
-3.651013435638229e-8	0.0021994364191337645
-3.651284520473364e-8	0.002202480601077717
-3.650768275357264e-8	0.0022055332359926932
-3.6483677927900973e-8	0.002208594367849549
-3.6487496059883774e-8	0.002211664014489401
-3.647792153212981e-8	0.0022147422026827747
-3.647525199905744e-8	0.0022178289683978565
-3.647015509971596e-8	0.0022209243732246218
-3.6466678132790475e-8	0.0022240284286330725
-3.644068477261509e-8	0.002227141174327853
-3.6433204025637654e-8	0.002230262641268027
-3.644823849622281e-8	0.002233392895567498
-3.6420430688555163e-8	0.002236531938058531
-3.642114459257995e-8	0.002239679798510877
-3.641015317609187e-8	0.0022428365696958883
-3.640667321159752e-8	0.0022460022385937697
-3.641422259078042e-8	0.002249176859839497
-3.640911690656612e-8	0.0022523604554274003
-3.640920191237962e-8	0.002255553062942193
-3.6387122358616524e-8	0.002258754740382128
-3.637466505643783e-8	0.002261965526818656
-3.6365432109691786e-8	0.0022651854696117244
-3.635517559564816e-8	0.0022684145666044997
-3.635432934258054e-8	0.0022716528865886995
-3.6347439155604014e-8	0.002274900458426427
-3.633445319223827e-8	0.0022781573272900547
-3.6330945354795534e-8	0.0022814235223898574
-3.6326430142541446e-8	0.002284699113882903
-3.632525131390674e-8	0.002287984100278351
-3.633406964533847e-8	0.002291278530680209
-3.6320065064437966e-8	0.0022945824462485107
-3.631139743204282e-8	0.002297895908373386
-3.6289424899876856e-8	0.0023012189579457915
-3.6278925105248664e-8	0.0023045516198523827
-3.627636110749011e-8	0.00230789395372009
-3.626134858740193e-8	0.002311245947806446
-3.627687948961067e-8	0.002314607703227961
-3.624639218599013e-8	0.002317979254873875
-3.624009436374865e-8	0.0023213606064950397
-3.625403392260029e-8	0.0023247518327439414
-3.6243473480873645e-8	0.0023281529708522957
-3.6234663495443575e-8	0.0023315640680551795
-3.62231227808929e-8	0.002334985140765179
-3.6219276270405e-8	0.002338416261295221
-3.620039991214519e-8	0.0023418574742617767
-3.6212846976219076e-8	0.0023453088143892617
-3.620409309968431e-8	0.0023487703065025495
-3.61863172763155e-8	0.0023522420053453614
-3.616707631876048e-8	0.0023557239997684244
-3.6181333038437517e-8	0.0023592162780165446
-3.617072904150698e-8	0.0023627189020430147
-3.61562826646622e-8	0.002366231899593146
-3.6148866888541246e-8	0.002369755376717471
-3.614328548653401e-8	0.002373289312785067
-3.613918391034421e-8	0.002376833770702038
-3.613278515912644e-8	0.002380388824068606
-3.613100408292325e-8	0.002383954500327019
-3.611835536068142e-8	0.002387530823843996
-3.6095904756555664e-8	0.00239111786116796
-3.610192072806551e-8	0.0023947156870019345
-3.607893093643955e-8	0.002398324322552559
-3.609227564904671e-8	0.0024019437643807767
-3.607956594526285e-8	0.0024055741554504734
-3.60744775838584e-8	0.0024092154718160837
-3.6057413285073285e-8	0.002412867802343983
-3.60472017250868e-8	0.002416531153701785
-3.605263869601028e-8	0.0024202056343523124
-3.604750123823442e-8	0.0024238912229976157
-3.6047201758093726e-8	0.002427588004799236
-3.6006823119033586e-8	0.002431296016978264
-3.601023503203016e-8	0.0024350153345700327
-3.600201624835431e-8	0.0024387459884428636
-3.600786097100461e-8	0.002442488012328581
-3.5978173457124066e-8	0.002446241473789538
-3.5984360431401406e-8	0.0024500063911077727
-3.597930240250569e-8	0.002453782854320379
-3.595721019321041e-8	0.0024575708932283204
-3.5941363432601124e-8	0.0024613705552692738
-3.595723833105247e-8	0.0024651818754178765
-3.5957645838691214e-8	0.0024690049095974506
-3.593235698249875e-8	0.002472839702595644
-3.592263850875077e-8	0.0024766863182222217
-3.591848919715646e-8	0.0024805448119933535
-3.5896842035776365e-8	0.0024844151813293606
-3.591282662455675e-8	0.0024882974972141713
-3.589123133986294e-8	0.002492191834343016
-3.587321933756216e-8	0.0024960981436941716
-3.588043539990427e-8	0.0025000165679605626
-3.587184289913781e-8	0.0025039471227777522
-3.587152160404172e-8	0.0025078898574666165
-3.586250951832515e-8	0.0025118447277503804
-3.586478468302068e-8	0.0025158118255556743
-3.582233166937732e-8	0.002519791197728441
-3.582137491290327e-8	0.002523782870961025
-3.5823403045759375e-8	0.00252778686354045
-3.582820515413143e-8	0.0025318031620522887
-3.5819152601251905e-8	0.0025358318116444883
-3.580347792979666e-8	0.002539872831289797
-3.578215406422336e-8	0.0025439262156839748
-3.5774302282709505e-8	0.0025479919309755136
-3.5789536518249237e-8	0.0025520700216996877
-3.5764910095004156e-8	0.002556160376917724
-3.578696923594582e-8	0.0025602629874174276
-3.575951756685791e-8	0.0025643777791496567
-3.578294485904743e-8	0.002568504687333185
-3.576798757250477e-8	0.0025726435486636457
-3.5785775859309424e-8	0.0025767941591705113
-3.578319415563081e-8	0.0025809563631752634
-3.578767917759018e-8	0.002585129838092211
-3.57842143714926e-8	0.0025893142081199146
-3.580046772349577e-8	0.0025935090005232793
-3.580550975982866e-8	0.002597713533654524
-3.583037425020086e-8	0.002601926913961114
-3.586656185167181e-8	0.0026061479470245123
-3.588631044843527e-8	0.0026103749763757046
-3.593547651170592e-8	0.002614605779775103
-3.6010928140739475e-8	0.002618837109842722
-3.6172515077609324e-8	0.0026230643839862933
-3.642686587109201e-8	0.0026272810586634395
-3.676245293738334e-8	0.0026314782380647446
-3.727307451862894e-8	0.0026356460124542227
-3.816286855697348e-8	0.0026397852117264324
-3.952654164348646e-8	0.0026439758202910836
-4.024598777656596e-8	0.002648772457612154
-4.025093935479118e-8	0.002655771959010197
-3.9534216835301896e-8	0.002660610622593139
-3.815278705537328e-8	0.0026648681184723738
-3.7237910804910346e-8	0.0026691001457562714
-3.6701541439027046e-8	0.0026733883412607133
-3.633963537206242e-8	0.002677734425036881
-3.605781427444832e-8	0.002682128935611575
-3.5869849863701124e-8	0.0026865632115442256
-3.577064811484676e-8	0.00269103083891769
-3.5698250613591666e-8	0.002695527313598497
-3.565656911134196e-8	0.002700049436944934
-3.559671567158751e-8	0.002704595026789455
-3.554850764864726e-8	0.0027091624536242217
-3.552148345964401e-8	0.0027137505466260006
-3.5481890922473e-8	0.0027183584322204566
-3.546377626086339e-8	0.0027229854459417386
-3.543668948067791e-8	0.00272763113650954
-3.5417327978609636e-8	0.002732295147451065
-3.5374809111782256e-8	0.0027369771710431005
-3.5369161754206235e-8	0.0027416770796129873
-3.531957960279941e-8	0.002746394684999124
-3.5328207846196946e-8	0.002751129839281361
-3.527957500037982e-8	0.00275588250346069
-3.528505059766651e-8	0.0027606526251135245
-3.5243815682217685e-8	0.0027654402252414
-3.52295469308872e-8	0.0027702452033332298
-3.5231317989409264e-8	0.0027750676402331738
-3.52264819273751e-8	0.002779907523340925
-3.521372722144478e-8	0.002784764872789839
-3.518408811815643e-8	0.002789639737369572
-3.515760836184656e-8	0.002794532197832179
-3.5134612878123806e-8	0.0027994422633998736
-3.5163011232419715e-8	0.002804369981486678
-3.513601692675117e-8	0.002809315409848223
-3.5123028847994236e-8	0.0028142786317332746
-3.5099009176892126e-8	0.0028192597883206377
-3.5085378905680424e-8	0.0028242588493608764
-3.5051421427445554e-8	0.0028292759025350897
-3.504978909191214e-8	0.0028343109928748596
-3.505296189157403e-8	0.002839364330550374
-3.500709172969407e-8	0.002844435878683236
-3.5010414457475884e-8	0.0028495257611141525
-3.4990704377979576e-8	0.0028546340985993036
-3.497834139220557e-8	0.002859760915277947
-3.4986933017105985e-8	0.0028649063126224947
-3.4960983830417684e-8	0.002870070404543247
-3.491374903050737e-8	0.0028752532805448624
-3.490961087867506e-8	0.0028804550462788324
-3.491422010039047e-8	0.0028856757797194555
-3.489534793338911e-8	0.002890915576710635
-3.48606307853605e-8	0.0028961745093798045
-3.4876224585811414e-8	0.0029014527351819237
-3.4841733657425826e-8	0.002906750312298317
-3.482705341426584e-8	0.0029120673693132687
-3.4795604001441884e-8	0.0029174039879444947
-3.482736044607138e-8	0.002922760246310177
-3.4801246287691214e-8	0.0029281362874101296
-3.478205420419656e-8	0.0029335322008922273
-3.474714119796052e-8	0.0029389481480193076
-3.4735222975296186e-8	0.002944384134214938
-3.4733588792384975e-8	0.0029498403577974046
-3.4714036604954756e-8	0.002955316867120188
-3.4705972815118894e-8	0.0029608138349518608
-3.465812776001776e-8	0.0029663312644382673
-3.466575654449411e-8	0.0029718694140122614
-3.462870176794142e-8	0.0029774283203731567
-3.4635752205264274e-8	0.0029830080578400722
-3.462767462866778e-8	0.0029886087849702566
-3.460247414187601e-8	0.0029942306498781392
-3.458446978441554e-8	0.0029998737356477186
-3.456271254419496e-8	0.00300553813066286
-3.4543231187578184e-8	0.003011223998309275
-3.452664875907008e-8	0.003016931487120104
-3.4521528273634415e-8	0.003022660611043372
-3.451018860910482e-8	0.003028411591123733
-3.445764941259477e-8	0.003034184522595063
-3.446051510524462e-8	0.0030399795584028734
-3.446114399584532e-8	0.0030457967297277044
-3.4446695437634345e-8	0.0030516362368550333
-3.4396104650730176e-8	0.0030574982253701467
-3.439875780291702e-8	0.0030633827914298673
-3.437569365664639e-8	0.0030692900488141833
-3.436584142339494e-8	0.0030752201295389603
-3.435128507323637e-8	0.003081173215559944
-3.4339807939681725e-8	0.003087149393140888
-3.4284875644496896e-8	0.003093148803437549
-3.426555071583404e-8	0.0030991715714076724
-3.428968376298358e-8	0.003105217890560492
-3.423097133397612e-8	0.003111287829027653
-3.4227362457250887e-8	0.003117381511355664
-3.420103690487952e-8	0.0031234991848745437
-3.4189222016683956e-8	0.0031296408927208243
-3.419880346431925e-8	0.003135806809775103
-3.4183773447016285e-8	0.0031419970482640725
-3.4178807062484885e-8	0.003148211751355686
-3.4130601248560936e-8	0.0031544511027387784
-3.410105982578626e-8	0.0031607152500568382
-3.4077738960158755e-8	0.0031670043578954686
-3.4052349373281386e-8	0.0031733184947767886
-3.4045323285619713e-8	0.0031796578685866837
-3.402641780620996e-8	0.003186022609932129
-3.3995488228383274e-8	0.00319241288211688
-3.398310282388684e-8	0.003198828817899586
-3.396869596255514e-8	0.003205270631302114
-3.3960816624017957e-8	0.0032117383962665265
-3.397261995399248e-8	0.0032182322869489404
-3.393937467692787e-8	0.0032247524627077007
-3.3916588059701436e-8	0.003231299123720748
-3.3867400083720243e-8	0.0032378724306142376
-3.384081883081036e-8	0.003244472513132415
-3.38299052795088e-8	0.003251099570650495
-3.3794225373945386e-8	0.00325775366179623
-3.3819185166883427e-8	0.003264435070003897
-3.3752569832007366e-8	0.003271143948285158
-3.373400085860956e-8	0.003277880388393873
-3.3755763575993305e-8	0.003284644624118498
-3.3728605935556824e-8	0.0032914368156840477
-3.370486962801511e-8	0.0032982571441925444
-3.367562236186173e-8	0.0033051057299800578
-3.3661664881223795e-8	0.003311982806130712
-3.3617503715765996e-8	0.0033188885513945813
-3.363619794251593e-8	0.003325823125565287
-3.3612245443509494e-8	0.003332786669399831
-3.357003120749158e-8	0.0033397793847306937
-3.352474390257987e-8	0.0033468015433145495
-3.3547008794659886e-8	0.0033538532150780846
-3.3519022726297147e-8	0.0033609346195029753
-3.348316781902061e-8	0.0033680459079760937
-3.346146464334732e-8	0.0033751873915404107
-3.3443417396195056e-8	0.0033823591256691276
-3.342831753221365e-8	0.0033895613360502477
-3.340848177199041e-8	0.003396794271387026
-3.339799505299168e-8	0.0034040580876643616
-3.336528458831589e-8	0.0034113529354772043
-3.331243717747956e-8	0.003418679052500705
-3.331769407739493e-8	0.003426036694421663
-3.3263513458825505e-8	0.003433426008731896
-3.328372156131132e-8	0.0034408470932236236
-3.325043862384969e-8	0.003448300347063666
-3.323273029701701e-8	0.003455785828264318
-3.319029121254258e-8	0.0034633038276097056
-3.3161854887209244e-8	0.0034708544679821203
-3.316564089519414e-8	0.0034784380832482693
-3.3147555885804094e-8	0.003486054740807538
-3.3139419303701567e-8	0.003493704728968019
-3.304814018029179e-8	0.003501388238280756
-3.304752082683993e-8	0.003509105538937484
-3.3022698073625904e-8	0.003516856810861108
-3.302706951121004e-8	0.0035246422410138054
-3.295735609358808e-8	0.003532462088011765
-3.296232624154238e-8	0.00354031650909917
-3.294378484663407e-8	0.0035482058124978694
-3.288951047989985e-8	0.0035561301821282676
-3.284816066653207e-8	0.0035640898400027495
-3.287326792661416e-8	0.0035720849833089994
-3.286591245793003e-8	0.0035801158544706995
-3.280442027375208e-8	0.0035881826739333797
-3.2775557646735896e-8	0.0035962857035813783
-3.275835327318233e-8	0.003604425189371681
-3.270408576970252e-8	0.003612601255942625
-3.272931467715456e-8	0.0036208141844804092
-3.267491949500712e-8	0.003629064265747251
-3.2627957916259166e-8	0.0036373515296121177
-3.263447631189909e-8	0.003645676413832564
-3.260733553470674e-8	0.0036540390882631125
-3.2597729254735254e-8	0.0036624397956718535
-3.2569513868496716e-8	0.0036708785804745172
-3.25653334335152e-8	0.0036793557787254223
-3.2465327190261965e-8	0.0036878716320013364
-3.245400464403914e-8	0.00369642634016717
-3.2449036820014767e-8	0.003705020086331407
-3.245000117041985e-8	0.0037136529865778385
-3.24210949740944e-8	0.003722325283953722
-3.237779380723671e-8	0.0037310371665738957
-3.232212909763388e-8	0.0037397887713444557
-3.229543218778996e-8	0.0037485801742134974
-3.231866335876577e-8	0.0037574116217152817
-3.22554174562284e-8	0.003766283024387001
-3.2293448978210075e-8	0.003775194513480384
-3.222377127273246e-8	0.0037841460799570292
-3.2264806950133006e-8	0.0037931377350036138
-3.2222108317359056e-8	0.0038021692747644206
-3.225088369094853e-8	0.0038112404052243485
-3.2235093864130265e-8	0.003820350936382989
-3.223473868000926e-8	0.003829500310852334
-3.22168827420144e-8	0.0038386878508151734
-3.224235057192049e-8	0.0038479126608197533
-3.2243154256839106e-8	0.0038571733791531535
-3.228770609117748e-8	0.003866468167486967
-3.235741872297804e-8	0.003875794510267901
-3.2390910555896156e-8	0.0038851488521598186
-3.2489757910125765e-8	0.0038945263594533522
-3.264731197289428e-8	0.0039039198887144155
-3.299708362562437e-8	0.003913319277688267
-3.355478734722861e-8	0.003922709925300703
-3.429571183830582e-8	0.0039320718810941
-3.543056915402132e-8	0.003941382794408245
-3.7418702448710486e-8	0.003950644228147442
-4.047690438166996e-8	0.003960035395845015
-4.20970522160613e-8	0.003970803669533033
-4.2113764872853125e-8	0.003986551535201021
-4.050280974544629e-8	0.003997461649252451
-3.7384679710900095e-8	0.004007078570253504
-3.531188209514591e-8	0.004016653322455828
-3.409010643534716e-8	0.00402637070861758
-3.3260323072253904e-8	0.004036235312431974
-3.260985360211133e-8	0.0040462263168242266
-3.217098458423995e-8	0.004056324587208061
-3.1933180046045396e-8	0.004066515989052922
-3.175581105013814e-8	0.004076790658124376
-3.1648156069147286e-8	0.0040871416529075005
-3.1498385917771986e-8	0.004097564316553657
-3.137483020481668e-8	0.004108055230547679
-3.129958508998332e-8	0.004118612009010395
-3.1195047362747585e-8	0.00412923293531674
-3.1139738222901725e-8	0.0041399167642468945
-3.1063424434896184e-8	0.004150662735554702
-3.100472014438971e-8	0.004161470303724432
-3.089196855551313e-8	0.004172339032862548
-3.086458964703387e-8	0.0041832689032286164
-3.07346356523075e-8	0.004194259754150807
-3.074014134881176e-8	0.00420531151801622
-3.061163193940342e-8	0.004216424381819976
-3.0609464720604553e-8	0.004227598502665296
-3.049753992948601e-8	0.004238834211459893
-3.044861439766011e-8	0.004250131555829032
-3.0437284080475635e-8	0.004261491011477693
-3.041026201662245e-8	0.004272912837132982
-3.036436391645192e-8	0.0042843973710939166
-3.027821936714692e-8	0.004295945022322051
-3.0199211618797685e-8	0.004307556278958486
-3.01281534293818e-8	0.004319231462786069
-3.0179326781976105e-8	0.0043309709892712924
-3.009832088232134e-8	0.004342775301927208
-3.005048223426732e-8	0.004354644908859955
-2.997596108925138e-8	0.0043665804611920395
-2.99260682396274e-8	0.004378582203319651
-2.9826996719473086e-8	0.00439065066563736
-2.9805471042471115e-8	0.004402786279950235
-2.979543169323029e-8	0.004414989880778357
-2.966652122000091e-8	0.004427261711042292
-2.965643419578501e-8	0.004439602405766459
-2.9590251312633375e-8	0.004452012597685126
-2.9541655543963152e-8	0.004464492689334589
-2.9543979430129987e-8	0.004477043275416811
-2.946175734926393e-8	0.004489664986038832
-2.932697118345207e-8	0.0045023583967089414
-2.9297450868537303e-8	0.004515124127438348
-2.928929121692181e-8	0.004527962735322559
-2.9223122952071192e-8	0.004540874826254261
-2.9117465543793132e-8	0.004553860952642647
-2.9135931019896868e-8	0.004566921882964599
-2.9030102398064363e-8	0.004580058145828726
-2.8973055430425723e-8	0.004593270449516811
-2.887390898667075e-8	0.004606559391579866
-2.8932175968249265e-8	0.004619925565751064
-2.8845767852569983e-8	0.004633369733348562
-2.877629883555333e-8	0.004646892528464071
-2.8666945724981075e-8	0.0046604947707955735
-2.861500244543125e-8	0.004674176894572657
-2.858874066427597e-8	0.004687939824962856
-2.851696342848209e-8	0.004701784115793392
-2.847394885375221e-8	0.004715710641373824
-2.8329567365242837e-8	0.004729719852653302
-2.832580211528657e-8	0.004743812854979935
-2.820787478909348e-8	0.004757990197496374
-2.8202217808726004e-8	0.004772252530589495
-2.8157671440209866e-8	0.004786600726592494
-2.80688500685411e-8	0.004801035638933938
-2.799809569723477e-8	0.004815557961301922
-2.7917266425286915e-8	0.004830168407445194
-2.7841885318130588e-8	0.004844867891815651
-2.7773614272841307e-8	0.004859657298791077
-2.7734762106779167e-8	0.004874537171032718
-2.7679452847856334e-8	0.004889508596013402
-2.7516186174608715e-8	0.004904572342731853
-2.7497158711936587e-8	0.004919729338547991
-2.7472102922931896e-8	0.004934980199985882
-2.740718354483085e-8	0.004950325994332773
-2.7246567108291098e-8	0.004965767654789131
-2.722586225513135e-8	0.004981305992821959
-2.7136833885643697e-8	0.004996941874395423
-2.7082392403715573e-8	0.0050126762222754825
-2.701508534853625e-8	0.005028510101159112
-2.6955592878030732e-8	0.005044444330668404
-2.6779435322871192e-8	0.005060479885325376
-2.6697854550294944e-8	0.005076617705765475
-2.673266290796894e-8	0.00509285892626406
-2.6544201521633283e-8	0.005109204354302707
-2.650365064835181e-8	0.005125654957862923
-2.6401256718305845e-8	0.005142212047309979
-2.63376783089464e-8	0.0051588763914563384
-2.6331969198717388e-8	0.005175649125653596
-2.6258939943230033e-8	0.005192531225667597
-2.621299599464e-8	0.005209523761875803
-2.604804177303577e-8	0.005226627926804945
-2.5933500082325758e-8	0.005243844826025469
-2.5835436819587888e-8	0.005261175623244669
-2.5731037127352253e-8	0.005278621228461755
-2.567693424070927e-8	0.005296182947649138
-2.5589406616693956e-8	0.005313861885513537
-2.5467785444510673e-8	0.005331659249513415
-2.5397267819882165e-8	0.005349576174407443
-2.5320603733730576e-8	0.005367614034799575
-2.526177225536941e-8	0.005385773826095869
-2.525801433569952e-8	0.005404056836786112
-2.5126781697099033e-8	0.005422464327359201
-2.5024368150800003e-8	0.005440997687581416
-2.4846230974245878e-8	0.005459658209852722
-2.4731437938846358e-8	0.005478447112584002
-2.4660682450916573e-8	0.005497365826498463
-2.4518419129382353e-8	0.005516415394553441
-2.4549582266913952e-8	0.005535597517405533
-2.431677042606939e-8	0.005554913538600915
-2.4221441597543916e-8	0.005574364639472938
-2.424240970398395e-8	0.005593952426357742
-2.4121103357344077e-8	0.005613678309728785
-2.400896013080578e-8	0.005633543776838299
-2.3879903527168625e-8	0.005653550154012294
-2.3794837521956548e-8	0.005673699113424117
-2.3620257638884426e-8	0.005693992186525025
-2.3630045522959887e-8	0.00571443086640074
-2.3513505582911655e-8	0.005735016606963543
-2.3341905935686527e-8	0.00575575106029977
-2.315997956246485e-8	0.00577663610604146
-2.3178648944505167e-8	0.0057976730429112056
-2.30467039734783e-8	0.005818863632942769
-2.2890142756570865e-8	0.005840209454313342
-2.277515781717865e-8	0.005861712585348756
-2.2670379636080542e-8	0.005883374356216149
-2.257374814783608e-8	0.005905196629336394
-2.2461945544538508e-8	0.0059271813596782266
-2.2377847295912414e-8	0.005949330242791494
-2.2224972651407882e-8	0.005971644978238853
-2.200907110163075e-8	0.005994127553914564
-2.1970806122617594e-8	0.006016780037738574
-2.174824643307871e-8	0.0060396041885036385
-2.1754990762101746e-8	0.006062601632403662
-2.1595035432747657e-8	0.00608577495423748
-2.1482531809896565e-8	0.006109125705573048
-2.1291579438953435e-8	0.006132656186931413
-2.1143237534604344e-8	0.006156368199916504
-2.109544134948349e-8	0.006180264234761028
-2.0977884342121558e-8	0.006204345969817206
-2.0890976204129832e-8	0.006228615806661808
-2.05381551729944e-8	0.006253075866251854
-2.0472841969443323e-8	0.006277728551810043
-2.0329179582911918e-8	0.006302576008112034
-2.0278415490443403e-8	0.00632762043055861
-1.9987523514536365e-8	0.006352864275034208
-1.993677864864374e-8	0.006378309700979362
-1.9808903045093196e-8	0.00640395938805345
-1.95631179423561e-8	0.006429815645610093
-1.935776511702847e-8	0.00645588093880784
-1.9369563521859368e-8	0.006482157684264871
-1.9273967117067193e-8	0.006508648480715067
-1.8997895554906387e-8	0.006535355889405523
-1.882821667521517e-8	0.0065622826445510245
-1.8696028935072384e-8	0.006589431464849295
-1.8438315714031097e-8	0.0066168046996467325
-1.8446131775812224e-8	0.006644405257601074
-1.8184660612091675e-8	0.0066722361205209324
-1.794619212704407e-8	0.006700299427020828
-1.7887843503655578e-8	0.006728598734312513
-1.7713720925416343e-8	0.00675713673479641
-1.7598216284797632e-8	0.006785916409197212
-1.741744320116201e-8	0.0068149400972726815
-1.7318179937275693e-8	0.006844211180547349
-1.688498708954933e-8	0.006873732761655987
-1.6757413518481147e-8	0.006903507842760061
-1.665083338810436e-8	0.0069335394109231235
-1.6564004502733764e-8	0.0069638302609398494
-1.6370756911321394e-8	0.006994383676307385
-1.612462866802944e-8	0.00702520279431334
-1.5832198843679368e-8	0.00705629061611624
-1.5640623498414108e-8	0.007087649969394784
-1.5626444462107926e-8	0.007119284335033903
-1.5300083528879684e-8	0.00715119603522394
-1.5337402524429057e-8	0.007183388224019738
-1.4983079197261607e-8	0.007215863592307273
-1.5029785682735277e-8	0.007248624943894857
-1.476946948112956e-8	0.007281674334741396
-1.4769932608932336e-8	0.007315013516444477
-1.460520216852168e-8	0.007348644647802843
-1.4496101982958143e-8	0.007382568551215025
-1.4320393392264208e-8	0.007416785604481611
-1.4305310891388202e-8	0.007451295365667298
-1.419687508051326e-8	0.0074860956170215605
-1.425275222156075e-8	0.007521182284390871
-1.440453694659949e-8	0.007556548630509011
-1.4419065857007585e-8	0.007592183806705302
-1.4684298300204901e-8	0.0076280718391847245
-1.517815441221537e-8	0.0076641875284801046
-1.6421248601605764e-8	0.007700493479572371
-1.8485561657605176e-8	0.007736934276979587
-2.1286355782196288e-8	0.007773432481863238
-2.566284127278329e-8	0.007809899682921607
-3.3452973441711056e-8	0.007846340172608405
-4.556818812734287e-8	0.007883463579047666
-5.2066228092007006e-8	0.007926255425288941
-5.219992855555189e-8	0.007989244913951914
-4.577544599100314e-8	0.008033171557703868
-3.3180724581943765e-8	0.008072101362801619
-2.4712904524143432e-8	0.008111049434032189
-1.9640262201320313e-8	0.008150770647530841
-1.612717548673537e-8	0.008191294176901268
-1.3318494170327934e-8	0.00823254477637764
-1.1359486839229716e-8	0.008274452613364977
-1.0219585987997216e-8	0.00831696726699073
-9.32102302744764e-9	0.008360055172717294
-8.706834860133794e-9	0.008403694377780676
-7.906726914347352e-9	0.008447872142034213
-7.209355900461567e-9	0.00849258071815628
-6.711315484320136e-9	0.008537816603586289
-6.080787303425206e-9	0.008583579087333409
-5.6565173294331754e-9	0.008629869467422365
-5.1352514367553065e-9	0.008676691165576924
-4.684917088637608e-9	0.008724048599542619
-3.990156690347746e-9	0.008771946746328611
-3.666208735614296e-9	0.008820392519508249
-2.8795056235708664e-9	0.00886939233498147
-2.6920536196128886e-9	0.008918953147470205
-1.895729617013009e-9	0.008969083196299852
-1.6642039436076673e-9	0.00901979074854474
-9.269149533586152e-10	0.009071085031559317
-4.702508204779133e-10	0.009122974156103922
-1.8163963210193758e-10	0.00917546837773624
1.8425930352061748e-10	0.009228577154517099
6.438749161230551e-10	0.009282310512641098
1.299885968103487e-9	0.009336679021290767
1.93092059515565e-9	0.009391693849412673
2.532622080614333e-9	0.009447365609656538
2.5543484451273635e-9	0.009503705591017757
3.217377175196434e-9	0.009560725461730741
3.727994902974486e-9	0.009618437458809123
4.377028101870684e-9	0.00967685479074512
4.913667901912389e-9	0.009735988951689098
5.702935633933315e-9	0.009795853109129173
6.115118556193622e-9	0.009856460232639891
6.4757002365356536e-9	0.00991782561450676
7.445816144802109e-9	0.009979961897872947
7.822375841209928e-9	0.010042884014428015
8.493955564303769e-9	0.01010660723167101
9.084584097796e-9	0.010171145980513278
9.41831698595963e-9	0.010236516030525595
1.0202709354162343e-8	0.010302733711265588
1.1278127385394577e-8	0.010369815453353427
1.180784065817897e-8	0.010437778319391085
1.223125992312335e-8	0.010506639446943546
1.297644494289152e-8	0.01057641665466967
1.3949593054968235e-8	0.010647127906565875
1.425494004578254e-8	0.010718792799152029
1.5255685600484847e-8	0.01079143009139567
1.6000081393025002e-8	0.0108650600154768
1.6994463253572344e-8	0.01093970269438142
1.7110926778807212e-8	0.011015378741571227
1.8059033250178437e-8	0.011092110259051182
1.8925630875654688e-8	0.011169919191143789
2.0039671959765082e-8	0.011248829135801944
2.0835989463924288e-8	0.011328862055078711
2.1494475970462724e-8	0.011410043392047516
2.2436918979973354e-8	0.011492397063316378
2.322315573288214e-8	0.011575949556003603
2.4639949917826255e-8	0.011660725513366839
2.5220477800330654e-8	0.011746754254937469
2.6518274347669958e-8	0.011834062490089968
2.7139648628932145e-8	0.011922678297122926
2.8018067838586627e-8	0.012012631938044164
2.9194851419245273e-8	0.012103954420363171
3.027846043876514e-8	0.01219667662031862
3.144850047796521e-8	0.012290830432166106
3.2605992582018796e-8	0.012386449987671353
3.373965150590963e-8	0.012483570230839769
3.470018183024948e-8	0.012582224871009667
3.5791126950529554e-8	0.012682452274954343
3.763794933101528e-8	0.012784289820934325
3.853297701135738e-8	0.012887777108776954
3.9488807584731055e-8	0.012992952807239277
4.074420880026963e-8	0.013099859924879312
4.2703461947474213e-8	0.013208541882365496
4.370452814199122e-8	0.013319042606719678
4.5221240619686137e-8	0.013431407814432764
4.651879383102409e-8	0.01354568510621825
4.7940297939924605e-8	0.013661924678390407
4.933552669367791e-8	0.013780176557323217
5.164271050598912e-8	0.0139004935860292
5.328101092831883e-8	0.014022930118972599
5.405931819812415e-8	0.014147543838997306
5.659884744197985e-8	0.014274391860856597
5.8030443467849136e-8	0.014403534517642019
5.999056158802474e-8	0.014535036973672755
6.168436952914136e-8	0.014668962335142073
6.294627679767073e-8	0.014805378921633897
6.479723014299888e-8	0.014944356191299165
6.646750690412207e-8	0.01508596690390658
6.919066318649137e-8	0.01523028752023731
7.155006302993484e-8	0.015377396594908846
7.382713216189108e-8	0.015527376127108165
7.621986308861129e-8	0.015680308982742374
7.822646487851693e-8	0.01583628470490639
8.058981578297764e-8	0.0159953944916843
8.333051503564559e-8	0.01615773403709265
8.567086496224508e-8	0.016323402139332574
8.813438800945317e-8	0.016492503794901723
9.049659418005618e-8	0.016665144632248174
9.239127029109229e-8	0.016841437401190994
9.559650057917591e-8	0.017021499236958754
9.860744642576914e-8	0.01720545345853843
1.0247613293457581e-7	0.017393427626070445
1.0580858384062198e-7	0.01758555398980179
1.08781634328603e-7	0.01778197272402641
1.1260593402924735e-7	0.017982826037792082
1.1467755126494117e-7	0.018188269478672137
1.1970944408579155e-7	0.018398461721653263
1.2337067393988767e-7	0.01861356682892548
1.2583240681313114e-7	0.018833761171638857
1.3001387329300562e-7	0.019059227115694508
1.3422759159814058e-7	0.019290156517442893
1.3878570676714165e-7	0.01952674848207899
1.4296638684120344e-7	0.019769215904828087
1.4839859242415933e-7	0.02001778042337558
1.517030982175316e-7	0.020272674205109097
1.5674340732915738e-7	0.020534140589043053
1.626862652598371e-7	0.020802437886485052
1.6898708604868862e-7	0.021077840823707637
1.7280215893540342e-7	0.02136063074713845
1.7884435266621313e-7	0.02165111027318052
1.854679796100156e-7	0.021949595793525872
1.9175296518633702e-7	0.022256428198359334
1.9813791290969054e-7	0.022571956459749284
2.0465823585951727e-7	0.022896557070735936
2.1167889672736862e-7	0.023230629549882816
2.1855753821930502e-7	0.02357459265128526
2.26831389657689e-7	0.023928889868165326
2.3649965629560788e-7	0.024293995963320738
2.43610281771961e-7	0.024670416044282398
2.542074541571127e-7	0.025058681281514672
2.612475053458796e-7	0.025459353858311138
2.71618961017589e-7	0.025873049075199717
2.816018162856204e-7	0.02630040352834751
2.93554897970727e-7	0.026742109914877597
3.052653492973623e-7	0.027198898061455222
3.155443724544571e-7	0.027671561466338063
3.277754164290103e-7	0.028160932627922894
3.399887436060678e-7	0.028667918206943775
3.5864045624272036e-7	0.029193484654206153
3.718674065908256e-7	0.02973867605868106
3.876249226348827e-7	0.030304609312838522
4.020522796439052e-7	0.030892488147708584
4.2320220605785996e-7	0.031503616870363425
4.395140302870415e-7	0.03213939666549815
4.5881152634919547e-7	0.03280135645988338
4.824888483325907e-7	0.03349114294849749
5.065336324305392e-7	0.034210547283275966
5.258111525263176e-7	0.03496151515090967
5.495576533926905e-7	0.03574617084769308
5.805422506602376e-7	0.03656683115609807
6.10235178046914e-7	0.037426034577784296
6.407633831189697e-7	0.038326561903352346
6.779255543010454e-7	0.039271453401883094
7.081330836373245e-7	0.04026407444095967
7.509191782440195e-7	0.041308140475698626
7.961969425133109e-7	0.04240772694972256
8.376184615444927e-7	0.04356740999654983
8.875320060324377e-7	0.04479224168132049
9.39033325822325e-7	0.04608786809934763
9.982371119599044e-7	0.04746057361048147
1.058697349562726e-6	0.048917460928175886
1.1428524182680644e-6	0.05046651465188533
1.2180266307324383e-6	0.05211675340078297
1.299496039704462e-6	0.0538784082701331
1.3881701444086237e-6	0.05576312239059868
1.4936743342394588e-6	0.05778425041782362
1.6150167324550103e-6	0.05995713709989853
1.7544004629692357e-6	0.06229950365125998
1.9026637327012376e-6	0.06483192373473266
2.053932922187174e-6	0.06757849689935548
2.25561623871795e-6	0.07056745772912291
2.4475137442763697e-6	0.07383231812171225
2.7123488181235835e-6	0.07741300658262215
2.9683157832154862e-6	0.08135755638157534
3.3081321690439206e-6	0.08572415097838727
3.6673338968143957e-6	0.09058402699317498
4.120284766742344e-6	0.09602547575593741
4.651899097495849e-6	0.10215893052414174
5.310019372375974e-6	0.10912457366919164
6.078153092170236e-6	0.11710298182825976
7.0606665847550265e-6	0.12633052551049995
8.251375156196494e-6	0.13712268768156896
9.750827308427873e-6	0.14990982873074077
1.1799846549749188e-5	0.16529391809404934
1.4448836378262803e-5	0.1841426795303666
1.8013670152207712e-5	0.2077505662042154
2.2509829398759823e-5	0.23813245819678716
2.826862020409285e-5	0.2785894537716467
3.605292270627494e-5	0.3348882323846328
4.4246037175637625e-5	0.4179633189055045
3.4798135772766735e-5	0.5509528938105916
-0.00012284448456264318	0.791451011858862
-0.002139224866380126	1.327159635545808
-0.002139224866380126	-1.327159635545808
-0.00012284448456264318	-0.791451011858862
3.4798135772766735e-5	-0.5509528938105916
4.4246037175637625e-5	-0.4179633189055045
3.605292270627494e-5	-0.3348882323846328
2.826862020409285e-5	-0.2785894537716467
2.2509829398759823e-5	-0.23813245819678716
1.8013670152207712e-5	-0.2077505662042154
1.4448836378262803e-5	-0.1841426795303666
1.1799846549749188e-5	-0.16529391809404934
9.750827308427873e-6	-0.14990982873074077
8.251375156196494e-6	-0.13712268768156896
7.0606665847550265e-6	-0.12633052551049995
6.078153092170236e-6	-0.11710298182825976
5.310019372375974e-6	-0.10912457366919164
4.651899097495849e-6	-0.10215893052414174
4.120284766742344e-6	-0.09602547575593741
3.6673338968143957e-6	-0.09058402699317498
3.3081321690439206e-6	-0.08572415097838727
2.9683157832154862e-6	-0.08135755638157534
2.7123488181235835e-6	-0.07741300658262215
2.4475137442763697e-6	-0.07383231812171225
2.25561623871795e-6	-0.07056745772912291
2.053932922187174e-6	-0.06757849689935548
1.9026637327012376e-6	-0.06483192373473266
1.7544004629692357e-6	-0.06229950365125998
1.6150167324550103e-6	-0.05995713709989853
1.4936743342394588e-6	-0.05778425041782362
1.3881701444086237e-6	-0.05576312239059868
1.299496039704462e-6	-0.0538784082701331
1.2180266307324383e-6	-0.05211675340078297
1.1428524182680644e-6	-0.05046651465188533
1.058697349562726e-6	-0.048917460928175886
9.982371119599044e-7	-0.04746057361048147
9.39033325822325e-7	-0.04608786809934763
8.875320060324377e-7	-0.04479224168132049
8.376184615444927e-7	-0.04356740999654983
7.961969425133109e-7	-0.04240772694972256
7.509191782440195e-7	-0.041308140475698626
7.081330836373245e-7	-0.04026407444095967
6.779255543010454e-7	-0.039271453401883094
6.407633831189697e-7	-0.038326561903352346
6.10235178046914e-7	-0.037426034577784296
5.805422506602376e-7	-0.03656683115609807
5.495576533926905e-7	-0.03574617084769308
5.258111525263176e-7	-0.03496151515090967
5.065336324305392e-7	-0.034210547283275966
4.824888483325907e-7	-0.03349114294849749
4.5881152634919547e-7	-0.03280135645988338
4.395140302870415e-7	-0.03213939666549815
4.2320220605785996e-7	-0.031503616870363425
4.020522796439052e-7	-0.030892488147708584
3.876249226348827e-7	-0.030304609312838522
3.718674065908256e-7	-0.02973867605868106
3.5864045624272036e-7	-0.029193484654206153
3.399887436060678e-7	-0.028667918206943775
3.277754164290103e-7	-0.028160932627922894
3.155443724544571e-7	-0.027671561466338063
3.052653492973623e-7	-0.027198898061455222
2.93554897970727e-7	-0.026742109914877597
2.816018162856204e-7	-0.02630040352834751
2.71618961017589e-7	-0.025873049075199717
2.612475053458796e-7	-0.025459353858311138
2.542074541571127e-7	-0.025058681281514672
2.43610281771961e-7	-0.024670416044282398
2.3649965629560788e-7	-0.024293995963320738
2.26831389657689e-7	-0.023928889868165326
2.1855753821930502e-7	-0.02357459265128526
2.1167889672736862e-7	-0.023230629549882816
2.0465823585951727e-7	-0.022896557070735936
1.9813791290969054e-7	-0.022571956459749284
1.9175296518633702e-7	-0.022256428198359334
1.854679796100156e-7	-0.021949595793525872
1.7884435266621313e-7	-0.02165111027318052
1.7280215893540342e-7	-0.02136063074713845
1.6898708604868862e-7	-0.021077840823707637
1.626862652598371e-7	-0.020802437886485052
1.5674340732915738e-7	-0.020534140589043053
1.517030982175316e-7	-0.020272674205109097
1.4839859242415933e-7	-0.02001778042337558
1.4296638684120344e-7	-0.019769215904828087
1.3878570676714165e-7	-0.01952674848207899
1.3422759159814058e-7	-0.019290156517442893
1.3001387329300562e-7	-0.019059227115694508
1.2583240681313114e-7	-0.018833761171638857
1.2337067393988767e-7	-0.01861356682892548
1.1970944408579155e-7	-0.018398461721653263
1.1467755126494117e-7	-0.018188269478672137
1.1260593402924735e-7	-0.017982826037792082
1.08781634328603e-7	-0.01778197272402641
1.0580858384062198e-7	-0.01758555398980179
1.0247613293457581e-7	-0.017393427626070445
9.860744642576914e-8	-0.01720545345853843
9.559650057917591e-8	-0.017021499236958754
9.239127029109229e-8	-0.016841437401190994
9.049659418005618e-8	-0.016665144632248174
8.813438800945317e-8	-0.016492503794901723
8.567086496224508e-8	-0.016323402139332574
8.333051503564559e-8	-0.01615773403709265
8.058981578297764e-8	-0.0159953944916843
7.822646487851693e-8	-0.01583628470490639
7.621986308861129e-8	-0.015680308982742374
7.382713216189108e-8	-0.015527376127108165
7.155006302993484e-8	-0.015377396594908846
6.919066318649137e-8	-0.01523028752023731
6.646750690412207e-8	-0.01508596690390658
6.479723014299888e-8	-0.014944356191299165
6.294627679767073e-8	-0.014805378921633897
6.168436952914136e-8	-0.014668962335142073
5.999056158802474e-8	-0.014535036973672755
5.8030443467849136e-8	-0.014403534517642019
5.659884744197985e-8	-0.014274391860856597
5.405931819812415e-8	-0.014147543838997306
5.328101092831883e-8	-0.014022930118972599
5.164271050598912e-8	-0.0139004935860292
4.933552669367791e-8	-0.013780176557323217
4.7940297939924605e-8	-0.013661924678390407
4.651879383102409e-8	-0.01354568510621825
4.5221240619686137e-8	-0.013431407814432764
4.370452814199122e-8	-0.013319042606719678
4.2703461947474213e-8	-0.013208541882365496
4.074420880026963e-8	-0.013099859924879312
3.9488807584731055e-8	-0.012992952807239277
3.853297701135738e-8	-0.012887777108776954
3.763794933101528e-8	-0.012784289820934325
3.5791126950529554e-8	-0.012682452274954343
3.470018183024948e-8	-0.012582224871009667
3.373965150590963e-8	-0.012483570230839769
3.2605992582018796e-8	-0.012386449987671353
3.144850047796521e-8	-0.012290830432166106
3.027846043876514e-8	-0.01219667662031862
2.9194851419245273e-8	-0.012103954420363171
2.8018067838586627e-8	-0.012012631938044164
2.7139648628932145e-8	-0.011922678297122926
2.6518274347669958e-8	-0.011834062490089968
2.5220477800330654e-8	-0.011746754254937469
2.4639949917826255e-8	-0.011660725513366839
2.322315573288214e-8	-0.011575949556003603
2.2436918979973354e-8	-0.011492397063316378
2.1494475970462724e-8	-0.011410043392047516
2.0835989463924288e-8	-0.011328862055078711
2.0039671959765082e-8	-0.011248829135801944
1.8925630875654688e-8	-0.011169919191143789
1.8059033250178437e-8	-0.011092110259051182
1.7110926778807212e-8	-0.011015378741571227
1.6994463253572344e-8	-0.01093970269438142
1.6000081393025002e-8	-0.0108650600154768
1.5255685600484847e-8	-0.01079143009139567
1.425494004578254e-8	-0.010718792799152029
1.3949593054968235e-8	-0.010647127906565875
1.297644494289152e-8	-0.01057641665466967
1.223125992312335e-8	-0.010506639446943546
1.180784065817897e-8	-0.010437778319391085
1.1278127385394577e-8	-0.010369815453353427
1.0202709354162343e-8	-0.010302733711265588
9.41831698595963e-9	-0.010236516030525595
9.084584097796e-9	-0.010171145980513278
8.493955564303769e-9	-0.01010660723167101
7.822375841209928e-9	-0.010042884014428015
7.445816144802109e-9	-0.009979961897872947
6.4757002365356536e-9	-0.00991782561450676
6.115118556193622e-9	-0.009856460232639891
5.702935633933315e-9	-0.009795853109129173
4.913667901912389e-9	-0.009735988951689098
4.377028101870684e-9	-0.00967685479074512
3.727994902974486e-9	-0.009618437458809123
3.217377175196434e-9	-0.009560725461730741
2.5543484451273635e-9	-0.009503705591017757
2.532622080614333e-9	-0.009447365609656538
1.93092059515565e-9	-0.009391693849412673
1.299885968103487e-9	-0.009336679021290767
6.438749161230551e-10	-0.009282310512641098
1.8425930352061748e-10	-0.009228577154517099
-1.8163963210193758e-10	-0.00917546837773624
-4.702508204779133e-10	-0.009122974156103922
-9.269149533586152e-10	-0.009071085031559317
-1.6642039436076673e-9	-0.00901979074854474
-1.895729617013009e-9	-0.008969083196299852
-2.6920536196128886e-9	-0.008918953147470205
-2.8795056235708664e-9	-0.00886939233498147
-3.666208735614296e-9	-0.008820392519508249
-3.990156690347746e-9	-0.008771946746328611
-4.684917088637608e-9	-0.008724048599542619
-5.1352514367553065e-9	-0.008676691165576924
-5.6565173294331754e-9	-0.008629869467422365
-6.080787303425206e-9	-0.008583579087333409
-6.711315484320136e-9	-0.008537816603586289
-7.209355900461567e-9	-0.00849258071815628
-7.906726914347352e-9	-0.008447872142034213
-8.706834860133794e-9	-0.008403694377780676
-9.32102302744764e-9	-0.008360055172717294
-1.0219585987997216e-8	-0.00831696726699073
-1.1359486839229716e-8	-0.008274452613364977
-1.3318494170327934e-8	-0.00823254477637764
-1.612717548673537e-8	-0.008191294176901268
-1.9640262201320313e-8	-0.008150770647530841
-2.4712904524143432e-8	-0.008111049434032189
-3.3180724581943765e-8	-0.008072101362801619
-4.577544599100314e-8	-0.008033171557703868
-5.219992855555189e-8	-0.007989244913951914
-5.2066228092007006e-8	-0.007926255425288941
-4.556818812734287e-8	-0.007883463579047666
-3.3452973441711056e-8	-0.007846340172608405
-2.566284127278329e-8	-0.007809899682921607
-2.1286355782196288e-8	-0.007773432481863238
-1.8485561657605176e-8	-0.007736934276979587
-1.6421248601605764e-8	-0.007700493479572371
-1.517815441221537e-8	-0.0076641875284801046
-1.4684298300204901e-8	-0.0076280718391847245
-1.4419065857007585e-8	-0.007592183806705302
-1.440453694659949e-8	-0.007556548630509011
-1.425275222156075e-8	-0.007521182284390871
-1.419687508051326e-8	-0.0074860956170215605
-1.4305310891388202e-8	-0.007451295365667298
-1.4320393392264208e-8	-0.007416785604481611
-1.4496101982958143e-8	-0.007382568551215025
-1.460520216852168e-8	-0.007348644647802843
-1.4769932608932336e-8	-0.007315013516444477
-1.476946948112956e-8	-0.007281674334741396
-1.5029785682735277e-8	-0.007248624943894857
-1.4983079197261607e-8	-0.007215863592307273
-1.5337402524429057e-8	-0.007183388224019738
-1.5300083528879684e-8	-0.00715119603522394
-1.5626444462107926e-8	-0.007119284335033903
-1.5640623498414108e-8	-0.007087649969394784
-1.5832198843679368e-8	-0.00705629061611624
-1.612462866802944e-8	-0.00702520279431334
-1.6370756911321394e-8	-0.006994383676307385
-1.6564004502733764e-8	-0.0069638302609398494
-1.665083338810436e-8	-0.0069335394109231235
-1.6757413518481147e-8	-0.006903507842760061
-1.688498708954933e-8	-0.006873732761655987
-1.7318179937275693e-8	-0.006844211180547349
-1.741744320116201e-8	-0.0068149400972726815
-1.7598216284797632e-8	-0.006785916409197212
-1.7713720925416343e-8	-0.00675713673479641
-1.7887843503655578e-8	-0.006728598734312513
-1.794619212704407e-8	-0.006700299427020828
-1.8184660612091675e-8	-0.0066722361205209324
-1.8446131775812224e-8	-0.006644405257601074
-1.8438315714031097e-8	-0.0066168046996467325
-1.8696028935072384e-8	-0.006589431464849295
-1.882821667521517e-8	-0.0065622826445510245
-1.8997895554906387e-8	-0.006535355889405523
-1.9273967117067193e-8	-0.006508648480715067
-1.9369563521859368e-8	-0.006482157684264871
-1.935776511702847e-8	-0.00645588093880784
-1.95631179423561e-8	-0.006429815645610093
-1.9808903045093196e-8	-0.00640395938805345
-1.993677864864374e-8	-0.006378309700979362
-1.9987523514536365e-8	-0.006352864275034208
-2.0278415490443403e-8	-0.00632762043055861
-2.0329179582911918e-8	-0.006302576008112034
-2.0472841969443323e-8	-0.006277728551810043
-2.05381551729944e-8	-0.006253075866251854
-2.0890976204129832e-8	-0.006228615806661808
-2.0977884342121558e-8	-0.006204345969817206
-2.109544134948349e-8	-0.006180264234761028
-2.1143237534604344e-8	-0.006156368199916504
-2.1291579438953435e-8	-0.006132656186931413
-2.1482531809896565e-8	-0.006109125705573048
-2.1595035432747657e-8	-0.00608577495423748
-2.1754990762101746e-8	-0.006062601632403662
-2.174824643307871e-8	-0.0060396041885036385
-2.1970806122617594e-8	-0.006016780037738574
-2.200907110163075e-8	-0.005994127553914564
-2.2224972651407882e-8	-0.005971644978238853
-2.2377847295912414e-8	-0.005949330242791494
-2.2461945544538508e-8	-0.0059271813596782266
-2.257374814783608e-8	-0.005905196629336394
-2.2670379636080542e-8	-0.005883374356216149
-2.277515781717865e-8	-0.005861712585348756
-2.2890142756570865e-8	-0.005840209454313342
-2.30467039734783e-8	-0.005818863632942769
-2.3178648944505167e-8	-0.0057976730429112056
-2.315997956246485e-8	-0.00577663610604146
-2.3341905935686527e-8	-0.00575575106029977
-2.3513505582911655e-8	-0.005735016606963543
-2.3630045522959887e-8	-0.00571443086640074
-2.3620257638884426e-8	-0.005693992186525025
-2.3794837521956548e-8	-0.005673699113424117
-2.3879903527168625e-8	-0.005653550154012294
-2.400896013080578e-8	-0.005633543776838299
-2.4121103357344077e-8	-0.005613678309728785
-2.424240970398395e-8	-0.005593952426357742
-2.4221441597543916e-8	-0.005574364639472938
-2.431677042606939e-8	-0.005554913538600915
-2.4549582266913952e-8	-0.005535597517405533
-2.4518419129382353e-8	-0.005516415394553441
-2.4660682450916573e-8	-0.005497365826498463
-2.4731437938846358e-8	-0.005478447112584002
-2.4846230974245878e-8	-0.005459658209852722
-2.5024368150800003e-8	-0.005440997687581416
-2.5126781697099033e-8	-0.005422464327359201
-2.525801433569952e-8	-0.005404056836786112
-2.526177225536941e-8	-0.005385773826095869
-2.5320603733730576e-8	-0.005367614034799575
-2.5397267819882165e-8	-0.005349576174407443
-2.5467785444510673e-8	-0.005331659249513415
-2.5589406616693956e-8	-0.005313861885513537
-2.567693424070927e-8	-0.005296182947649138
-2.5731037127352253e-8	-0.005278621228461755
-2.5835436819587888e-8	-0.005261175623244669
-2.5933500082325758e-8	-0.005243844826025469
-2.604804177303577e-8	-0.005226627926804945
-2.621299599464e-8	-0.005209523761875803
-2.6258939943230033e-8	-0.005192531225667597
-2.6331969198717388e-8	-0.005175649125653596
-2.63376783089464e-8	-0.0051588763914563384
-2.6401256718305845e-8	-0.005142212047309979
-2.650365064835181e-8	-0.005125654957862923
-2.6544201521633283e-8	-0.005109204354302707
-2.673266290796894e-8	-0.00509285892626406
-2.6697854550294944e-8	-0.005076617705765475
-2.6779435322871192e-8	-0.005060479885325376
-2.6955592878030732e-8	-0.005044444330668404
-2.701508534853625e-8	-0.005028510101159112
-2.7082392403715573e-8	-0.0050126762222754825
-2.7136833885643697e-8	-0.004996941874395423
-2.722586225513135e-8	-0.004981305992821959
-2.7246567108291098e-8	-0.004965767654789131
-2.740718354483085e-8	-0.004950325994332773
-2.7472102922931896e-8	-0.004934980199985882
-2.7497158711936587e-8	-0.004919729338547991
-2.7516186174608715e-8	-0.004904572342731853
-2.7679452847856334e-8	-0.004889508596013402
-2.7734762106779167e-8	-0.004874537171032718
-2.7773614272841307e-8	-0.004859657298791077
-2.7841885318130588e-8	-0.004844867891815651
-2.7917266425286915e-8	-0.004830168407445194
-2.799809569723477e-8	-0.004815557961301922
-2.80688500685411e-8	-0.004801035638933938
-2.8157671440209866e-8	-0.004786600726592494
-2.8202217808726004e-8	-0.004772252530589495
-2.820787478909348e-8	-0.004757990197496374
-2.832580211528657e-8	-0.004743812854979935
-2.8329567365242837e-8	-0.004729719852653302
-2.847394885375221e-8	-0.004715710641373824
-2.851696342848209e-8	-0.004701784115793392
-2.858874066427597e-8	-0.004687939824962856
-2.861500244543125e-8	-0.004674176894572657
-2.8666945724981075e-8	-0.0046604947707955735
-2.877629883555333e-8	-0.004646892528464071
-2.8845767852569983e-8	-0.004633369733348562
-2.8932175968249265e-8	-0.004619925565751064
-2.887390898667075e-8	-0.004606559391579866
-2.8973055430425723e-8	-0.004593270449516811
-2.9030102398064363e-8	-0.004580058145828726
-2.9135931019896868e-8	-0.004566921882964599
-2.9117465543793132e-8	-0.004553860952642647
-2.9223122952071192e-8	-0.004540874826254261
-2.928929121692181e-8	-0.004527962735322559
-2.9297450868537303e-8	-0.004515124127438348
-2.932697118345207e-8	-0.0045023583967089414
-2.946175734926393e-8	-0.004489664986038832
-2.9543979430129987e-8	-0.004477043275416811
-2.9541655543963152e-8	-0.004464492689334589
-2.9590251312633375e-8	-0.004452012597685126
-2.965643419578501e-8	-0.004439602405766459
-2.966652122000091e-8	-0.004427261711042292
-2.979543169323029e-8	-0.004414989880778357
-2.9805471042471115e-8	-0.004402786279950235
-2.9826996719473086e-8	-0.00439065066563736
-2.99260682396274e-8	-0.004378582203319651
-2.997596108925138e-8	-0.0043665804611920395
-3.005048223426732e-8	-0.004354644908859955
-3.009832088232134e-8	-0.004342775301927208
-3.0179326781976105e-8	-0.0043309709892712924
-3.01281534293818e-8	-0.004319231462786069
-3.0199211618797685e-8	-0.004307556278958486
-3.027821936714692e-8	-0.004295945022322051
-3.036436391645192e-8	-0.0042843973710939166
-3.041026201662245e-8	-0.004272912837132982
-3.0437284080475635e-8	-0.004261491011477693
-3.044861439766011e-8	-0.004250131555829032
-3.049753992948601e-8	-0.004238834211459893
-3.0609464720604553e-8	-0.004227598502665296
-3.061163193940342e-8	-0.004216424381819976
-3.074014134881176e-8	-0.00420531151801622
-3.07346356523075e-8	-0.004194259754150807
-3.086458964703387e-8	-0.0041832689032286164
-3.089196855551313e-8	-0.004172339032862548
-3.100472014438971e-8	-0.004161470303724432
-3.1063424434896184e-8	-0.004150662735554702
-3.1139738222901725e-8	-0.0041399167642468945
-3.1195047362747585e-8	-0.00412923293531674
-3.129958508998332e-8	-0.004118612009010395
-3.137483020481668e-8	-0.004108055230547679
-3.1498385917771986e-8	-0.004097564316553657
-3.1648156069147286e-8	-0.0040871416529075005
-3.175581105013814e-8	-0.004076790658124376
-3.1933180046045396e-8	-0.004066515989052922
-3.217098458423995e-8	-0.004056324587208061
-3.260985360211133e-8	-0.0040462263168242266
-3.3260323072253904e-8	-0.004036235312431974
-3.409010643534716e-8	-0.00402637070861758
-3.531188209514591e-8	-0.004016653322455828
-3.7384679710900095e-8	-0.004007078570253504
-4.050280974544629e-8	-0.003997461649252451
-4.2113764872853125e-8	-0.003986551535201021
-4.20970522160613e-8	-0.003970803669533033
-4.047690438166996e-8	-0.003960035395845015
-3.7418702448710486e-8	-0.003950644228147442
-3.543056915402132e-8	-0.003941382794408245
-3.429571183830582e-8	-0.0039320718810941
-3.355478734722861e-8	-0.003922709925300703
-3.299708362562437e-8	-0.003913319277688267
-3.264731197289428e-8	-0.0039039198887144155
-3.2489757910125765e-8	-0.0038945263594533522
-3.2390910555896156e-8	-0.0038851488521598186
-3.235741872297804e-8	-0.003875794510267901
-3.228770609117748e-8	-0.003866468167486967
-3.2243154256839106e-8	-0.0038571733791531535
-3.224235057192049e-8	-0.0038479126608197533
-3.22168827420144e-8	-0.0038386878508151734
-3.223473868000926e-8	-0.003829500310852334
-3.2235093864130265e-8	-0.003820350936382989
-3.225088369094853e-8	-0.0038112404052243485
-3.2222108317359056e-8	-0.0038021692747644206
-3.2264806950133006e-8	-0.0037931377350036138
-3.222377127273246e-8	-0.0037841460799570292
-3.2293448978210075e-8	-0.003775194513480384
-3.22554174562284e-8	-0.003766283024387001
-3.231866335876577e-8	-0.0037574116217152817
-3.229543218778996e-8	-0.0037485801742134974
-3.232212909763388e-8	-0.0037397887713444557
-3.237779380723671e-8	-0.0037310371665738957
-3.24210949740944e-8	-0.003722325283953722
-3.245000117041985e-8	-0.0037136529865778385
-3.2449036820014767e-8	-0.003705020086331407
-3.245400464403914e-8	-0.00369642634016717
-3.2465327190261965e-8	-0.0036878716320013364
-3.25653334335152e-8	-0.0036793557787254223
-3.2569513868496716e-8	-0.0036708785804745172
-3.2597729254735254e-8	-0.0036624397956718535
-3.260733553470674e-8	-0.0036540390882631125
-3.263447631189909e-8	-0.003645676413832564
-3.2627957916259166e-8	-0.0036373515296121177
-3.267491949500712e-8	-0.003629064265747251
-3.272931467715456e-8	-0.0036208141844804092
-3.270408576970252e-8	-0.003612601255942625
-3.275835327318233e-8	-0.003604425189371681
-3.2775557646735896e-8	-0.0035962857035813783
-3.280442027375208e-8	-0.0035881826739333797
-3.286591245793003e-8	-0.0035801158544706995
-3.287326792661416e-8	-0.0035720849833089994
-3.284816066653207e-8	-0.0035640898400027495
-3.288951047989985e-8	-0.0035561301821282676
-3.294378484663407e-8	-0.0035482058124978694
-3.296232624154238e-8	-0.00354031650909917
-3.295735609358808e-8	-0.003532462088011765
-3.302706951121004e-8	-0.0035246422410138054
-3.3022698073625904e-8	-0.003516856810861108
-3.304752082683993e-8	-0.003509105538937484
-3.304814018029179e-8	-0.003501388238280756
-3.3139419303701567e-8	-0.003493704728968019
-3.3147555885804094e-8	-0.003486054740807538
-3.316564089519414e-8	-0.0034784380832482693
-3.3161854887209244e-8	-0.0034708544679821203
-3.319029121254258e-8	-0.0034633038276097056
-3.323273029701701e-8	-0.003455785828264318
-3.325043862384969e-8	-0.003448300347063666
-3.328372156131132e-8	-0.0034408470932236236
-3.3263513458825505e-8	-0.003433426008731896
-3.331769407739493e-8	-0.003426036694421663
-3.331243717747956e-8	-0.003418679052500705
-3.336528458831589e-8	-0.0034113529354772043
-3.339799505299168e-8	-0.0034040580876643616
-3.340848177199041e-8	-0.003396794271387026
-3.342831753221365e-8	-0.0033895613360502477
-3.3443417396195056e-8	-0.0033823591256691276
-3.346146464334732e-8	-0.0033751873915404107
-3.348316781902061e-8	-0.0033680459079760937
-3.3519022726297147e-8	-0.0033609346195029753
-3.3547008794659886e-8	-0.0033538532150780846
-3.352474390257987e-8	-0.0033468015433145495
-3.357003120749158e-8	-0.0033397793847306937
-3.3612245443509494e-8	-0.003332786669399831
-3.363619794251593e-8	-0.003325823125565287
-3.3617503715765996e-8	-0.0033188885513945813
-3.3661664881223795e-8	-0.003311982806130712
-3.367562236186173e-8	-0.0033051057299800578
-3.370486962801511e-8	-0.0032982571441925444
-3.3728605935556824e-8	-0.0032914368156840477
-3.3755763575993305e-8	-0.003284644624118498
-3.373400085860956e-8	-0.003277880388393873
-3.3752569832007366e-8	-0.003271143948285158
-3.3819185166883427e-8	-0.003264435070003897
-3.3794225373945386e-8	-0.00325775366179623
-3.38299052795088e-8	-0.003251099570650495
-3.384081883081036e-8	-0.003244472513132415
-3.3867400083720243e-8	-0.0032378724306142376
-3.3916588059701436e-8	-0.003231299123720748
-3.393937467692787e-8	-0.0032247524627077007
-3.397261995399248e-8	-0.0032182322869489404
-3.3960816624017957e-8	-0.0032117383962665265
-3.396869596255514e-8	-0.003205270631302114
-3.398310282388684e-8	-0.003198828817899586
-3.3995488228383274e-8	-0.00319241288211688
-3.402641780620996e-8	-0.003186022609932129
-3.4045323285619713e-8	-0.0031796578685866837
-3.4052349373281386e-8	-0.0031733184947767886
-3.4077738960158755e-8	-0.0031670043578954686
-3.410105982578626e-8	-0.0031607152500568382
-3.4130601248560936e-8	-0.0031544511027387784
-3.4178807062484885e-8	-0.003148211751355686
-3.4183773447016285e-8	-0.0031419970482640725
-3.419880346431925e-8	-0.003135806809775103
-3.4189222016683956e-8	-0.0031296408927208243
-3.420103690487952e-8	-0.0031234991848745437
-3.4227362457250887e-8	-0.003117381511355664
-3.423097133397612e-8	-0.003111287829027653
-3.428968376298358e-8	-0.003105217890560492
-3.426555071583404e-8	-0.0030991715714076724
-3.4284875644496896e-8	-0.003093148803437549
-3.4339807939681725e-8	-0.003087149393140888
-3.435128507323637e-8	-0.003081173215559944
-3.436584142339494e-8	-0.0030752201295389603
-3.437569365664639e-8	-0.0030692900488141833
-3.439875780291702e-8	-0.0030633827914298673
-3.4396104650730176e-8	-0.0030574982253701467
-3.4446695437634345e-8	-0.0030516362368550333
-3.446114399584532e-8	-0.0030457967297277044
-3.446051510524462e-8	-0.0030399795584028734
-3.445764941259477e-8	-0.003034184522595063
-3.451018860910482e-8	-0.003028411591123733
-3.4521528273634415e-8	-0.003022660611043372
-3.452664875907008e-8	-0.003016931487120104
-3.4543231187578184e-8	-0.003011223998309275
-3.456271254419496e-8	-0.00300553813066286
-3.458446978441554e-8	-0.0029998737356477186
-3.460247414187601e-8	-0.0029942306498781392
-3.462767462866778e-8	-0.0029886087849702566
-3.4635752205264274e-8	-0.0029830080578400722
-3.462870176794142e-8	-0.0029774283203731567
-3.466575654449411e-8	-0.0029718694140122614
-3.465812776001776e-8	-0.0029663312644382673
-3.4705972815118894e-8	-0.0029608138349518608
-3.4714036604954756e-8	-0.002955316867120188
-3.4733588792384975e-8	-0.0029498403577974046
-3.4735222975296186e-8	-0.002944384134214938
-3.474714119796052e-8	-0.0029389481480193076
-3.478205420419656e-8	-0.0029335322008922273
-3.4801246287691214e-8	-0.0029281362874101296
-3.482736044607138e-8	-0.002922760246310177
-3.4795604001441884e-8	-0.0029174039879444947
-3.482705341426584e-8	-0.0029120673693132687
-3.4841733657425826e-8	-0.002906750312298317
-3.4876224585811414e-8	-0.0029014527351819237
-3.48606307853605e-8	-0.0028961745093798045
-3.489534793338911e-8	-0.002890915576710635
-3.491422010039047e-8	-0.0028856757797194555
-3.490961087867506e-8	-0.0028804550462788324
-3.491374903050737e-8	-0.0028752532805448624
-3.4960983830417684e-8	-0.002870070404543247
-3.4986933017105985e-8	-0.0028649063126224947
-3.497834139220557e-8	-0.002859760915277947
-3.4990704377979576e-8	-0.0028546340985993036
-3.5010414457475884e-8	-0.0028495257611141525
-3.500709172969407e-8	-0.002844435878683236
-3.505296189157403e-8	-0.002839364330550374
-3.504978909191214e-8	-0.0028343109928748596
-3.5051421427445554e-8	-0.0028292759025350897
-3.5085378905680424e-8	-0.0028242588493608764
-3.5099009176892126e-8	-0.0028192597883206377
-3.5123028847994236e-8	-0.0028142786317332746
-3.513601692675117e-8	-0.002809315409848223
-3.5163011232419715e-8	-0.002804369981486678
-3.5134612878123806e-8	-0.0027994422633998736
-3.515760836184656e-8	-0.002794532197832179
-3.518408811815643e-8	-0.002789639737369572
-3.521372722144478e-8	-0.002784764872789839
-3.52264819273751e-8	-0.002779907523340925
-3.5231317989409264e-8	-0.0027750676402331738
-3.52295469308872e-8	-0.0027702452033332298
-3.5243815682217685e-8	-0.0027654402252414
-3.528505059766651e-8	-0.0027606526251135245
-3.527957500037982e-8	-0.00275588250346069
-3.5328207846196946e-8	-0.002751129839281361
-3.531957960279941e-8	-0.002746394684999124
-3.5369161754206235e-8	-0.0027416770796129873
-3.5374809111782256e-8	-0.0027369771710431005
-3.5417327978609636e-8	-0.002732295147451065
-3.543668948067791e-8	-0.00272763113650954
-3.546377626086339e-8	-0.0027229854459417386
-3.5481890922473e-8	-0.0027183584322204566
-3.552148345964401e-8	-0.0027137505466260006
-3.554850764864726e-8	-0.0027091624536242217
-3.559671567158751e-8	-0.002704595026789455
-3.565656911134196e-8	-0.002700049436944934
-3.5698250613591666e-8	-0.002695527313598497
-3.577064811484676e-8	-0.00269103083891769
-3.5869849863701124e-8	-0.0026865632115442256
-3.605781427444832e-8	-0.002682128935611575
-3.633963537206242e-8	-0.002677734425036881
-3.6701541439027046e-8	-0.0026733883412607133
-3.7237910804910346e-8	-0.0026691001457562714
-3.815278705537328e-8	-0.0026648681184723738
-3.9534216835301896e-8	-0.002660610622593139
-4.025093935479118e-8	-0.002655771959010197
-4.024598777656596e-8	-0.002648772457612154
-3.952654164348646e-8	-0.0026439758202910836
-3.816286855697348e-8	-0.0026397852117264324
-3.727307451862894e-8	-0.0026356460124542227
-3.676245293738334e-8	-0.0026314782380647446
-3.642686587109201e-8	-0.0026272810586634395
-3.6172515077609324e-8	-0.0026230643839862933
-3.6010928140739475e-8	-0.002618837109842722
-3.593547651170592e-8	-0.002614605779775103
-3.588631044843527e-8	-0.0026103749763757046
-3.586656185167181e-8	-0.0026061479470245123
-3.583037425020086e-8	-0.002601926913961114
-3.580550975982866e-8	-0.002597713533654524
-3.580046772349577e-8	-0.0025935090005232793
-3.57842143714926e-8	-0.0025893142081199146
-3.578767917759018e-8	-0.002585129838092211
-3.578319415563081e-8	-0.0025809563631752634
-3.5785775859309424e-8	-0.0025767941591705113
-3.576798757250477e-8	-0.0025726435486636457
-3.578294485904743e-8	-0.002568504687333185
-3.575951756685791e-8	-0.0025643777791496567
-3.578696923594582e-8	-0.0025602629874174276
-3.5764910095004156e-8	-0.002556160376917724
-3.5789536518249237e-8	-0.0025520700216996877
-3.5774302282709505e-8	-0.0025479919309755136
-3.578215406422336e-8	-0.0025439262156839748
-3.580347792979666e-8	-0.002539872831289797
-3.5819152601251905e-8	-0.0025358318116444883
-3.582820515413143e-8	-0.0025318031620522887
-3.5823403045759375e-8	-0.00252778686354045
-3.582137491290327e-8	-0.002523782870961025
-3.582233166937732e-8	-0.002519791197728441
-3.586478468302068e-8	-0.0025158118255556743
-3.586250951832515e-8	-0.0025118447277503804
-3.587152160404172e-8	-0.0025078898574666165
-3.587184289913781e-8	-0.0025039471227777522
-3.588043539990427e-8	-0.0025000165679605626
-3.587321933756216e-8	-0.0024960981436941716
-3.589123133986294e-8	-0.002492191834343016
-3.591282662455675e-8	-0.0024882974972141713
-3.5896842035776365e-8	-0.0024844151813293606
-3.591848919715646e-8	-0.0024805448119933535
-3.592263850875077e-8	-0.0024766863182222217
-3.593235698249875e-8	-0.002472839702595644
-3.5957645838691214e-8	-0.0024690049095974506
-3.595723833105247e-8	-0.0024651818754178765
-3.5941363432601124e-8	-0.0024613705552692738
-3.595721019321041e-8	-0.0024575708932283204
-3.597930240250569e-8	-0.002453782854320379
-3.5984360431401406e-8	-0.0024500063911077727
-3.5978173457124066e-8	-0.002446241473789538
-3.600786097100461e-8	-0.002442488012328581
-3.600201624835431e-8	-0.0024387459884428636
-3.601023503203016e-8	-0.0024350153345700327
-3.6006823119033586e-8	-0.002431296016978264
-3.6047201758093726e-8	-0.002427588004799236
-3.604750123823442e-8	-0.0024238912229976157
-3.605263869601028e-8	-0.0024202056343523124
-3.60472017250868e-8	-0.002416531153701785
-3.6057413285073285e-8	-0.002412867802343983
-3.60744775838584e-8	-0.0024092154718160837
-3.607956594526285e-8	-0.0024055741554504734
-3.609227564904671e-8	-0.0024019437643807767
-3.607893093643955e-8	-0.002398324322552559
-3.610192072806551e-8	-0.0023947156870019345
-3.6095904756555664e-8	-0.00239111786116796
-3.611835536068142e-8	-0.002387530823843996
-3.613100408292325e-8	-0.002383954500327019
-3.613278515912644e-8	-0.002380388824068606
-3.613918391034421e-8	-0.002376833770702038
-3.614328548653401e-8	-0.002373289312785067
-3.6148866888541246e-8	-0.002369755376717471
-3.61562826646622e-8	-0.002366231899593146
-3.617072904150698e-8	-0.0023627189020430147
-3.6181333038437517e-8	-0.0023592162780165446
-3.616707631876048e-8	-0.0023557239997684244
-3.61863172763155e-8	-0.0023522420053453614
-3.620409309968431e-8	-0.0023487703065025495
-3.6212846976219076e-8	-0.0023453088143892617
-3.620039991214519e-8	-0.0023418574742617767
-3.6219276270405e-8	-0.002338416261295221
-3.62231227808929e-8	-0.002334985140765179
-3.6234663495443575e-8	-0.0023315640680551795
-3.6243473480873645e-8	-0.0023281529708522957
-3.625403392260029e-8	-0.0023247518327439414
-3.624009436374865e-8	-0.0023213606064950397
-3.624639218599013e-8	-0.002317979254873875
-3.627687948961067e-8	-0.002314607703227961
-3.626134858740193e-8	-0.002311245947806446
-3.627636110749011e-8	-0.00230789395372009
-3.6278925105248664e-8	-0.0023045516198523827
-3.6289424899876856e-8	-0.0023012189579457915
-3.631139743204282e-8	-0.002297895908373386
-3.6320065064437966e-8	-0.0022945824462485107
-3.633406964533847e-8	-0.002291278530680209
-3.632525131390674e-8	-0.002287984100278351
-3.6326430142541446e-8	-0.002284699113882903
-3.6330945354795534e-8	-0.0022814235223898574
-3.633445319223827e-8	-0.0022781573272900547
-3.6347439155604014e-8	-0.002274900458426427
-3.635432934258054e-8	-0.0022716528865886995
-3.635517559564816e-8	-0.0022684145666044997
-3.6365432109691786e-8	-0.0022651854696117244
-3.637466505643783e-8	-0.002261965526818656
-3.6387122358616524e-8	-0.002258754740382128
-3.640920191237962e-8	-0.002255553062942193
-3.640911690656612e-8	-0.0022523604554274003
-3.641422259078042e-8	-0.002249176859839497
-3.640667321159752e-8	-0.0022460022385937697
-3.641015317609187e-8	-0.0022428365696958883
-3.642114459257995e-8	-0.002239679798510877
-3.6420430688555163e-8	-0.002236531938058531
-3.644823849622281e-8	-0.002233392895567498
-3.6433204025637654e-8	-0.002230262641268027
-3.644068477261509e-8	-0.002227141174327853
-3.6466678132790475e-8	-0.0022240284286330725
-3.647015509971596e-8	-0.0022209243732246218
-3.647525199905744e-8	-0.0022178289683978565
-3.647792153212981e-8	-0.0022147422026827747
-3.6487496059883774e-8	-0.002211664014489401
-3.6483677927900973e-8	-0.002208594367849549
-3.650768275357264e-8	-0.0022055332359926932
-3.651284520473364e-8	-0.002202480601077717
-3.651013435638229e-8	-0.0021994364191337645
-3.650625528556772e-8	-0.0021964006171605334
-3.653144989125279e-8	-0.0021933732104116636
-3.653506691392306e-8	-0.0021903541500782175
-3.653543206772469e-8	-0.002187343417323047
-3.654184014789119e-8	-0.0021843409268501824
-3.65498004382514e-8	-0.0021813467019584083
-3.65589867545757e-8	-0.0021783606949001165
-3.65662194350247e-8	-0.0021753828497252433
-3.657728056547516e-8	-0.0021724131497375303
-3.65793156747396e-8	-0.002169451580817067
-3.657335154293451e-8	-0.002166498094193554
-3.659076759727209e-8	-0.0021635526351995024
-3.6584515560134094e-8	-0.0021606151935065817
-3.660772890148323e-8	-0.0021576857785717855
-3.660984462454664e-8	-0.0021547642818355245
-3.6618087908341095e-8	-0.0021518507300360428
-3.661681078033774e-8	-0.002148945059496884
-3.6621024852906415e-8	-0.00214604727249681
-3.6637532348848815e-8	-0.0021431572911160815
-3.664568044203787e-8	-0.0021402751400688923
-3.665755593754705e-8	-0.0021374007606598418
-3.663847668514686e-8	-0.0021345341321699954
-3.665324555657823e-8	-0.0021316752050639974
-3.665905527820424e-8	-0.0021288239642844394
-3.667552481024794e-8	-0.002125980392645526
-3.666511099386094e-8	-0.002123144447566653
-3.668175549125796e-8	-0.002120316124050551
-3.668990780314463e-8	-0.0021174953634785325
-3.668542418534537e-8	-0.0021146821528761463
-3.668565990119777e-8	-0.0021118764662909914
-3.670918452403082e-8	-0.002109078287194447
-3.672124692353229e-8	-0.002106287583900414
-3.671466113168154e-8	-0.0021035043332223234
-3.6719411671642945e-8	-0.0021007284985261722
-3.6728165307386985e-8	-0.0020979600496662527
-3.6724443207475364e-8	-0.0020951989982300936
-3.674744434725153e-8	-0.0020924453032392445
-3.6743829526930676e-8	-0.0020896989217636676
-3.6742831360742084e-8	-0.0020869598980641085
-3.675944824699795e-8	-0.0020842281418643107
-3.676501957705636e-8	-0.0020815036524775028
-3.677627889739354e-8	-0.0020787864058208066
-3.678154048978866e-8	-0.002076076442028498
-3.6794477705626165e-8	-0.002073373707533698
-3.677712922546261e-8	-0.002070678180160563
-3.6787909669944165e-8	-0.002067989851502196
-3.680062704696785e-8	-0.0020653087186783183
-3.681510904154917e-8	-0.002062634799644706
-3.6820349168559256e-8	-0.002059968073019208
-3.682125337506892e-8	-0.002057308534802419
-3.681852991193613e-8	-0.002054656196638521
-3.682464126864016e-8	-0.0020520110881311793
-3.6845637068977365e-8	-0.002049373187366956
-3.6840905044055466e-8	-0.002046742572307072
-3.6866051719219865e-8	-0.0020441192539757303
-3.685959901398861e-8	-0.002041503283909097
-3.6885345205306397e-8	-0.002038894706289586
-3.688681602777022e-8	-0.002036293625653983
-3.690873036323317e-8	-0.0020337001690959116
-3.691784424628697e-8	-0.002031114430490843
-3.693126952646897e-8	-0.002028536603882795
-3.6939738472280274e-8	-0.002025966910965077
-3.6960172538669236e-8	-0.002023405626805651
-3.697365299444866e-8	-0.0020208531459645087
-3.699896440807482e-8	-0.0020183099807280064
-3.703081862708735e-8	-0.0020157768107504
-3.70525913192199e-8	-0.0020132545738451475
-3.709156337363129e-8	-0.002010744519556598
-3.714559181142718e-8	-0.002008248469736894
-3.7249378762915786e-8	-0.002005768982643488
-3.740590171575353e-8	-0.0020033096943822453
-3.7607578104675855e-8	-0.0020008755126712397
-3.790745537963769e-8	-0.0019984718101820533
-3.842032553578734e-8	-0.001996097700178463
-3.9196191113599626e-8	-0.001993707391382833
-3.9599579151217145e-8	-0.0019909883654179203
-3.959749043044303e-8	-0.0019870507852480816
-3.919295337916351e-8	-0.001984349489036867
-3.842457886859552e-8	-0.0019819873979498334
-3.7922289735764505e-8	-0.001979652448716252
-3.763327429978647e-8	-0.001977299546627625
-3.7442699028161774e-8	-0.001974928179760242
-3.729776285254505e-8	-0.0019725439089920364
-3.7205100922466095e-8	-0.0019701517398267995
-3.7161088096382416e-8	-0.0019677553617881574
-3.7131911610688295e-8	-0.0019653573647796106
-3.711938551047012e-8	-0.0019629595895830623
-3.7097507988681503e-8	-0.0019605633008304936
-3.708203479242389e-8	-0.001958169445711
-3.7077817543668124e-8	-0.0019557787116507956
-3.7067216197567146e-8	-0.00195339161700007
-3.70678367016819e-8	-0.0019510085610193145
-3.706392853875529e-8	-0.0019486298250950473
-3.706405339332086e-8	-0.001946255636158099
-3.70525502733976e-8	-0.001943886191423334
-3.705974758238528e-8	-0.0019415215932935355
-3.7045007921898686e-8	-0.001939161972059738
-3.705937361428435e-8	-0.001936807435095948
-3.7045403430702176e-8	-0.0019344580336170122
-3.705818185732457e-8	-0.00193211382425205
-3.7048114929116864e-8	-0.0019297748265511647
-3.7051292251572e-8	-0.0019274411184783287
-3.7062221556344315e-8	-0.0019251126888370895
-3.706992227440753e-8	-0.0019227895714174993
-3.7073829595651866e-8	-0.0019204717836242176
-3.706976774782156e-8	-0.0019181593288742364
-3.706730214536047e-8	-0.0019158521954462412
-3.7066560755832925e-8	-0.0019135504053080748
-3.708977716044282e-8	-0.0019112539621305286
-3.708719318317177e-8	-0.0019089628646839127
-3.709113484562376e-8	-0.0019066771000230227
-3.709005814032662e-8	-0.0019043966290204243
-3.709377509905077e-8	-0.0019021214912376676
-3.7088341044505534e-8	-0.0018998516720634133
-3.7097532641106045e-8	-0.0018975871763160712
-3.710882369341584e-8	-0.0018953279350374577
-3.70983077125242e-8	-0.0018930739903435566
-3.710965424330026e-8	-0.001890825312520581
-3.711084237498774e-8	-0.0018885818738655878
-3.711528067570358e-8	-0.001886343689354234
-3.7128797434382576e-8	-0.0018841107401143277
-3.7127359988986535e-8	-0.0018818830023260636
-3.711690196951945e-8	-0.001879660463141021
-3.7124952027639546e-8	-0.0018774431031187571
-3.7136663894254967e-8	-0.0018752309149457325
-3.7138440234524285e-8	-0.0018730238839465372
-3.713364423466592e-8	-0.0018708220056691276
-3.714984914366393e-8	-0.0018686252403273468
-3.714526132331253e-8	-0.0018664335900118432
-3.714891840529977e-8	-0.0018642470278683243
-3.714576012570636e-8	-0.0018620655467668074
-3.71683122369515e-8	-0.0018598891411847457
-3.716735186977127e-8	-0.0018577177795824117
-3.716923841948772e-8	-0.0018555514525135154
-3.716491080628104e-8	-0.0018533901222463859
-3.716979405039012e-8	-0.001851233813577914
-3.7178725403907985e-8	-0.0018490824748656797
-3.718061061261935e-8	-0.0018469361142937875
-3.7187002068495016e-8	-0.0018447946915280096
-3.717801930731568e-8	-0.0018426582326702935
-3.71904983778093e-8	-0.0018405266652321889
-3.7185847323006896e-8	-0.0018384000030431333
-3.719803826567892e-8	-0.0018362782453372462
-3.720444369219034e-8	-0.0018341613596261242
-3.720442358086662e-8	-0.001832049318115222
-3.72071459044443e-8	-0.0018299421178991867
-3.7208510439046275e-8	-0.0018278397541916648
-3.721075974403299e-8	-0.0018257421947446713
-3.7214105998994994e-8	-0.0018236494135296228
-3.722164047128551e-8	-0.0018215614340676746
-3.722690089738579e-8	-0.0018194782045318565
-3.721737315979801e-8	-0.0018173997195282863
-3.7227792280009056e-8	-0.0018153259532260417
-3.7237355812275164e-8	-0.001813256923622663
-3.724155250101613e-8	-0.0018111925887042244
-3.72331023339334e-8	-0.0018091329266614821
-3.724335514524446e-8	-0.0018070779334541066
-3.724464813759654e-8	-0.0018050275990782651
-3.725053344805218e-8	-0.0018029819075316461
-3.725480337459786e-8	-0.0018009408261657612
-3.726013135310624e-8	-0.001798904355676518
-3.725078080922262e-8	-0.001796872478248173
-3.7253565232781007e-8	-0.00179484518198115
-3.7270870831684904e-8	-0.0017928224324411752
-3.7260567586766546e-8	-0.0017908042376465572
-3.726860656618758e-8	-0.001788790586883371
-3.726917487570369e-8	-0.001786781429546844
-3.727452186569336e-8	-0.001784776782771649
-3.728678599809188e-8	-0.00178277662072332
-3.729105386741094e-8	-0.0017807809383955456
-3.729854755725737e-8	-0.0017787897210830978
-3.7292286832829594e-8	-0.001776802941634286
-3.729205449545248e-8	-0.0017748205850067927
-3.729384009647507e-8	-0.0017728426312811896
-3.729502303601584e-8	-0.0017708690910319081
-3.7301942588063854e-8	-0.0017688999314906136
-3.7305183611868746e-8	-0.0017669351445462318
-3.730477284667466e-8	-0.0017649747123773905
-3.731006673016735e-8	-0.0017630186269482358
-3.731474778410071e-8	-0.0017610668559645082
-3.732139578999649e-8	-0.00175911941006165
-3.733389657097352e-8	-0.0017571762698051431
-3.733295165503359e-8	-0.0017552374207096336
-3.733516168381024e-8	-0.0017533028367162672
-3.732968206051624e-8	-0.001751372504082392
-3.733090989370691e-8	-0.0017494464184876887
-3.733671664364336e-8	-0.0017475245556853268
-3.733539978482692e-8	-0.0017456069325654739
-3.7351476801378296e-8	-0.0017436935015196003
-3.734143631139997e-8	-0.001741784253230609
-3.734513171482212e-8	-0.0017398791959857282
-3.736014299650647e-8	-0.00173797829818616
-3.7361412378744686e-8	-0.0017360815496119955
-3.7363677125512584e-8	-0.001734188934635158
-3.73644608542556e-8	-0.0017323004548386283
-3.736947665565205e-8	-0.0017304160810856601
-3.7366296319979455e-8	-0.001728535799836774
-3.7380171757850356e-8	-0.0017266596031292598
-3.738250725795478e-8	-0.0017247874884263514
-3.73800154188364e-8	-0.0017229194371166105
-3.737680654420372e-8	-0.0017210554126830947
-3.739146282452644e-8	-0.0017191954327281512
-3.739286971295441e-8	-0.001717339475476667
-3.73922809950078e-8	-0.0017154875375092115
-3.739541491245002e-8	-0.0017136395744526596
-3.739950982865614e-8	-0.0017117956086987675
-3.740436812349479e-8	-0.0017099556188693943
-3.740803139345439e-8	-0.0017081195784498925
-3.741406280769466e-8	-0.0017062874850571248
-3.741453037414133e-8	-0.0017044593378657531
-3.741005882743065e-8	-0.001702635114610591
-3.742003721118881e-8	-0.0017008147893050134
-3.7415389361405986e-8	-0.0016989983632947085
-3.742897536201939e-8	-0.0016971858501493868
-3.742951460066202e-8	-0.0016953771903581367
-3.743385427757984e-8	-0.001693572408080029
-3.7432296947298437e-8	-0.0016917714714457075
-3.743414775064791e-8	-0.0016899743894016783
-3.744363357016667e-8	-0.0016881811211093202
-3.744794071038893e-8	-0.0016863916893497055
-3.745457018339837e-8	-0.001684606065099991
-3.744196383544951e-8	-0.001682824242857204
-3.745040279586331e-8	-0.0016810461991516531
-3.745327637139085e-8	-0.0016792719318965783
-3.746279431753874e-8	-0.0016775014376503763
-3.745557349747464e-8	-0.0016757346971106926
-3.74652178826429e-8	-0.0016739717143447114
-3.7469576681448125e-8	-0.0016722124599453892
-3.746605524289071e-8	-0.0016704569329106158
-3.746547966303471e-8	-0.0016687051241048865
-3.747945861359847e-8	-0.001666957030234922
-3.748629113071722e-8	-0.0016652126385037793
-3.7481459539095986e-8	-0.001663471941370273
-3.748372755770779e-8	-0.0016617349228416427
-3.748850405843607e-8	-0.0016600015709308537
-3.748547119035162e-8	-0.0016582718997464523
-3.749920577985622e-8	-0.0016565458904470504
-3.7496233346745456e-8	-0.0016548235229121436
-3.7494914586438945e-8	-0.0016531048316639806
-3.750465932909064e-8	-0.00165138976679786
-3.7507476760773043e-8	-0.001649678334568441
-3.75138740819514e-8	-0.0016479705265108045
-3.7516508424823015e-8	-0.001646266374513333
-3.752397818214681e-8	-0.0016445658515380963
-3.751238780345112e-8	-0.0016428689502344445
-3.7518508087958094e-8	-0.0016411756718866283
-3.752585878543102e-8	-0.0016394860212423678
-3.7534331312411016e-8	-0.0016378000161799083
-3.75369834440864e-8	-0.0016361176497685496
-3.7536900385426456e-8	-0.0016344389260152512
-3.753452982964145e-8	-0.0016327638587952647
-3.753774331236026e-8	-0.0016310924733423967
-3.755037261253813e-8	-0.0016294247623421896
-3.754673956747334e-8	-0.00162776078163465
-3.7562019225645393e-8	-0.0016261005447808028
-3.755730283730996e-8	-0.0016244440910060023
-3.757298652593555e-8	-0.0016227914549355406
-3.7573298043602765e-8	-0.001621142709510151
-3.758657947776634e-8	-0.0016194979421105566
-3.759175354973721e-8	-0.001617857219187673
-3.759967139529974e-8	-0.001616220670922244
-3.760445012133684e-8	-0.0016145884453030543
-3.761684276139543e-8	-0.0016129607245285221
-3.7624826535481714e-8	-0.0016113377671467697
-3.7640348977446835e-8	-0.001609719907124026
-3.7660053856952704e-8	-0.001608107585641144
-3.767335938848482e-8	-0.00160650140919657
-3.769764148104371e-8	-0.0016049021841679388
-3.773155033656162e-8	-0.0016033110834710333
-3.779724020473996e-8	-0.0016017297521687564
-3.789666113377388e-8	-0.0016001605266021226
-3.802501930598723e-8	-0.0015986065598533414
-3.821625322366629e-8	-0.001597071308368969
-3.854384159551194e-8	-0.001595554233960212
-3.9039972501753177e-8	-0.0015940260764912757
-3.92982451289714e-8	-0.001592286834156011
-3.929717604792549e-8	-0.0015897664849662517
-3.903831460884133e-8	-0.0015880363202464252
-3.85460200011567e-8	-0.0015865226101557499
-3.822384796586254e-8	-0.0015850255858108823
-3.803817422912692e-8	-0.0015835163435949952
-3.7915500365470755e-8	-0.001581994537054215
-3.7822011569621504e-8	-0.0015804637187772372
-3.776201749949859e-8	-0.001578927091658395
-3.773323560071207e-8	-0.001577387019085962
-3.771396771201641e-8	-0.0015758451619835288
-3.7705395007009425e-8	-0.0015743027025704806
-3.769079552148336e-8	-0.0015727604545198255
-3.7680308492032965e-8	-0.0015712190286574154
-3.7677065953500844e-8	-0.001569678869626967
-3.766970483621846e-8	-0.0015681403139397553
-3.766957497304824e-8	-0.0015666036219461141
-3.766652667557824e-8	-0.0015650689784358135
-3.766607817259349e-8	-0.0015635365333896986
-3.7658121431860537e-8	-0.0015620064178763645
-3.766224343588198e-8	-0.0015604787019374484
-3.765218638004386e-8	-0.0015589534737719109
-3.766095129965064e-8	-0.001557430806907276
-3.765138251079492e-8	-0.0015559107386685248
-3.7659127925832036e-8	-0.0015543933099318927
-3.765208342594861e-8	-0.0015528785376283157
