-4.845763196553166e-8	0.001552878532593268
-4.845589334590006e-8	0.0015543932917190253
-4.8451803664961716e-8	0.0015559107192129329
-4.8457422993769544e-8	0.0015574307888593696
-4.845291156798104e-8	0.0015589534631195972
-4.845480885745102e-8	0.001560478671387898
-4.845402285765799e-8	0.0015620063835201945
-4.8457678527452644e-8	0.0015635365057659317
-4.846418932724639e-8	0.0015650689366081458
-4.846220677170999e-8	0.0015666035774147557
-4.846118564370561e-8	0.001568140257474537
-4.845861582645217e-8	0.0015696788009364505
-4.847113335124665e-8	0.001571218941107404
-4.848319620508468e-8	0.0015727603381330687
-4.8490610760693055e-8	0.0015743025550971717
-4.849782637957323e-8	0.0015758449731441402
-4.8522314088933487e-8	0.0015773867579504221
-4.8555673073374944e-8	0.0015789267251261718
-4.860530190388679e-8	0.0015804632010372405
-4.8695577491031374e-8	0.0015819937856698981
-4.8824504159489246e-8	0.0015835151904662955
-4.902405997177506e-8	0.0015850237812489087
-4.9386360631453743e-8	0.0015865198236993496
-4.9995691483639697e-8	0.001588032834687998
-5.0572336845777776e-8	0.0015897614473887104
-5.057378161331672e-8	0.0015922918818155015
-4.9996566893806274e-8	0.0015940295830189754
-4.93816996176899e-8	0.0015955570484117614
-4.901241702852111e-8	0.0015970731383641928
-4.8805881880370495e-8	0.001598607733919481
-4.8669903453651964e-8	0.0016001612946946872
-4.857252140325619e-8	0.0016017302835421349
-4.851626155613076e-8	0.0016033114611623473
-4.847640430862277e-8	0.0016049024543319669
-4.8445463414314996e-8	0.0016065016053477025
-4.843230956994571e-8	0.0016081077394383702
-4.8418864737631576e-8	0.0016097200289880416
-4.8400447717128484e-8	0.001611337859184295
-4.8381424923843454e-8	0.0016129607970292582
-4.837826220274178e-8	0.00161458850513915
-4.837345114646063e-8	0.001616220718301216
-4.83696502482589e-8	0.001617857263868397
-4.835673380108596e-8	0.0016194979717367483
-4.834681202653957e-8	0.0016211427465045146
-4.8341635652338067e-8	0.0016227914879628081
-4.833353106451499e-8	0.0016244441025684386
-4.8332364565328856e-8	0.0016261005644492852
-4.8320135058493864e-8	0.001627760802922163
-4.831849318711057e-8	0.0016294247823498025
-4.83142710626161e-8	0.0016310924788957857
-4.830608082688204e-8	0.0016327638735408765
-4.8308677043340524e-8	0.0016344389335540064
-4.8303469884136696e-8	0.0016361176520263148
-4.830192279969281e-8	0.001637800022667878
-4.829291984320694e-8	0.001639486035320827
-4.8282339233246544e-8	0.0016411756809453955
-4.829035449835928e-8	0.0016428689513159939
-4.8282134870530903e-8	0.0016445658563626726
-4.827645914134982e-8	0.0016462663792531957
-4.827967934217803e-8	0.0016479705347370627
-4.827642532850285e-8	0.0016496783394031622
-4.8264222246280354e-8	0.0016513897584036685
-4.825672713174578e-8	0.0016531048257626712
-4.825806705014979e-8	0.0016548235401805545
-4.825380983891625e-8	0.0016565458987645942
-4.825098706247033e-8	0.0016582719009261215
-4.824751202710531e-8	0.001660001573541253
-4.823952692845635e-8	0.001661734927130145
-4.8249153400170555e-8	0.0016634719441460707
-4.824561808537964e-8	0.0016652126338964738
-4.8238192417476844e-8	0.0016669570346701634
-4.8226372108595153e-8	0.00166870512815977
-4.822128206946608e-8	0.0016704569296039098
-4.8217026932984023e-8	0.0016722124563664533
-4.821044875388259e-8	0.0016739717107002736
-4.821494303955398e-8	0.0016757347073233482
-4.8213796509599676e-8	0.0016775014396289035
-4.8210253406333336e-8	0.001679271940341506
-4.8205877437279553e-8	0.0016810461963701405
-4.819776013470501e-8	0.0016828242453490153
-4.820352525004568e-8	0.0016846060614991083
-4.81988902699515e-8	0.0016863916885772427
-4.819139808953099e-8	0.0016881811265876412
-4.8184081876123664e-8	0.0016899743862321028
-4.8178318696334713e-8	0.0016917714763026318
-4.8177002759081105e-8	0.001693572400110572
-4.817132026107008e-8	0.0016953771939366953
-4.816921596533241e-8	0.001697185852707943
-4.816700466433455e-8	0.00169899838022178
-4.8162376435412216e-8	0.0017008147901514381
-4.816266507966516e-8	0.001702635104725976
-4.815159159951566e-8	0.001704459337748327
-4.815276222280285e-8	0.0017062874894741167
-4.815042157092497e-8	0.0017081195751214924
-4.8147173846008196e-8	0.0017099556145727156
-4.8132513882331866e-8	0.0017117956110062004
-4.813781279351393e-8	0.0017136395799617699
-4.813628058314423e-8	0.0017154875343083546
-4.812237728444857e-8	0.0017173394782958532
-4.812314220808412e-8	0.0017191954342811364
-4.812751766566925e-8	0.001721055409190353
-4.8123793013671315e-8	0.0017229194223110779
-4.810782166011496e-8	0.0017247874909077571
-4.810144647688364e-8	0.0017266596107727542
-4.810769286541783e-8	0.001728535805197656
-4.8100477809098766e-8	0.0017304160770777934
-4.809405731261429e-8	0.0017323004523594864
-4.809220208409904e-8	0.0017341889400553396
-4.809188508642093e-8	0.0017360815540213876
-4.809092053886244e-8	0.0017379782922716915
-4.8080859458704555e-8	0.0017398791938937582
-4.80740920701217e-8	0.0017417842596157485
-4.806616918247575e-8	0.001743693501295397
-4.806671744507774e-8	0.0017456069307286914
-4.8062359494249756e-8	0.0017475245632393738
-4.806245306263613e-8	0.0017494464211883802
-4.805789616948997e-8	0.0017513725025676409
-4.805754103487381e-8	0.0017533028228996297
-4.8043509579792645e-8	0.0017552374144325599
-4.8046989815103696e-8	0.001757176273012716
-4.8040382812636344e-8	0.0017591194214850458
-4.804085885372622e-8	0.001761066864964242
-4.8024824543874136e-8	0.0017630186222549746
-4.802746110055267e-8	0.0017649747096586692
-4.802392349681495e-8	0.0017669351420360213
-4.80198624639272e-8	0.0017688999340063946
-4.8015272119772415e-8	0.0017708690937687681
-4.800443497021134e-8	0.0017728426360268583
-4.801250235467181e-8	0.0017748205758659637
-4.800383246278406e-8	0.0017768029299801598
-4.8002379624650926e-8	0.0017787897177961832
-4.799056796411239e-8	0.0017807809448565646
-4.799679449692951e-8	0.001782776635008142
-4.7988908819202036e-8	0.001784776784344701
-4.798537295119809e-8	0.0017867814267297252
-4.797696911247318e-8	0.0017887905789685256
-4.797321411981193e-8	0.0017908042395796647
-4.7964273204698094e-8	0.0017928224326781638
-4.7964286441232185e-8	0.0017948451752012446
-4.7963100498932267e-8	0.001796872480479403
-4.7965476873701455e-8	0.001798904362012718
-4.7958118783775206e-8	0.0018009408214209345
-4.795003241661045e-8	0.0018029819016731389
-4.7943582155984824e-8	0.0018050276017698142
-4.794209013164741e-8	0.0018070779378247853
-4.7941492415820574e-8	0.0018091329207892397
-4.7926114409307944e-8	0.0018111925802943628
-4.7924587039616106e-8	0.0018132569208802736
-4.793373592907879e-8	0.001815325969661491
-4.792934785376457e-8	0.0018173997234228261
-4.7915886634569695e-8	0.001819478202792519
-4.7906407029579826e-8	0.0018215614308961046
-4.791345393682645e-8	0.0018236494171466643
-4.7906559732147084e-8	0.0018257421884915832
-4.789185456906542e-8	0.0018278397515609228
-4.789991331559107e-8	0.0018299421228197073
-4.78949533419093e-8	0.0018320493219439098
-4.7888939278178944e-8	0.0018341613545225955
-4.7878835809034293e-8	0.001836278245473492
-4.788295308293389e-8	0.001838400014566102
-4.787384103518422e-8	0.0018405266642410223
-4.7870469893840364e-8	0.0018426582127610345
-4.7864252363799544e-8	0.0018447946885052802
-4.785788822277981e-8	0.001846936110047146
-4.785577367115712e-8	0.0018490824843651393
-4.784845130392235e-8	0.001851233807762727
-4.784644908712998e-8	0.0018533901260582714
-4.784634428791068e-8	0.0018555514458956479
-4.784649099592309e-8	0.0018577177805197147
-4.784319781911961e-8	0.001859889145573598
-4.782717939849635e-8	0.001862065543716183
-4.7828129269816834e-8	0.0018642470312888676
-4.782450509243641e-8	0.0018664335795804483
-4.7819856713460233e-8	0.0018686252378725336
-4.781221543268544e-8	0.0018708219929413428
-4.779748554035179e-8	0.0018730238885088769
-4.779658605715831e-8	0.0018752309194460556
-4.779278624365002e-8	0.0018774431072953331
-4.779004909708506e-8	0.0018796604579966168
-4.779590458902638e-8	0.0018818829966738588
-4.779622887698954e-8	0.0018841107460119627
-4.779159255412502e-8	0.0018863436857851097
-4.776995381334248e-8	0.0018885818683268259
-4.777101282815721e-8	0.0018908253091341081
-4.776624123336015e-8	0.0018930739888063024
-4.776059795168486e-8	0.001895327924150423
-4.7756863165043795e-8	0.0018975871536114526
-4.7745728080300645e-8	0.0018998516798571672
-4.7746253210684266e-8	0.0019021215023733928
-4.775309612014556e-8	0.0019043966225779961
-4.77480656302709e-8	0.001906677089012212
-4.773432504513453e-8	0.0019089628583112373
-4.773251441897442e-8	0.0019112539556148623
-4.773417979561101e-8	0.0019135504038409292
-4.77137788921167e-8	0.0019158521831024542
-4.7718689760839485e-8	0.001918159309604468
-4.7721515825305265e-8	0.0019204717747040598
-4.771411143015825e-8	0.0019227895682994644
-4.7711762484953237e-8	0.0019251126783790852
-4.769855537625767e-8	0.0019274410979310435
-4.770037007655881e-8	0.0019297748187781748
-4.7696664815044535e-8	0.0019321137961218005
-4.768932199499809e-8	0.0019344580035530318
-4.76969750956624e-8	0.0019368074071938648
-4.768897364729186e-8	0.001939161955583429
-4.76908740722426e-8	0.0019415215460188723
-4.7688622799252344e-8	0.0019438861382324998
-4.769324679261833e-8	0.0019462555933699567
-4.7702295974916265e-8	0.0019486297602744227
-4.769818723656672e-8	0.0019510084919753883
-4.7695560199001455e-8	0.0019533915294108724
-4.769052655943518e-8	0.0019557786050459812
-4.7708914468708176e-8	0.0019581693097709867
-4.772661137911194e-8	0.0019605631200272982
-4.773709817331717e-8	0.0019629593603759667
-4.774728423379005e-8	0.0019653570711367038
-4.77843500036379e-8	0.001967754955526478
-4.783525906179587e-8	0.001970151169314022
-4.791155416554172e-8	0.0019725431027253805
-4.805125023024104e-8	0.001974927009066135
-4.825133560777406e-8	0.001977297749107073
-4.856176871686491e-8	0.0019796496343335327
-4.912645071580291e-8	0.001981983050051822
-5.007734377517892e-8	0.001984344047573726
-5.0978133959211914e-8	0.0019870429169320694
-5.098095644932022e-8	0.001990996253425117
-5.007905320669748e-8	0.001993712873801713
-4.91173484808205e-8	0.0019961021027548936
-4.853902761501328e-8	0.001998474674239719
-4.8214960761150396e-8	0.0020008773510861865
-4.800110325195451e-8	0.0020033108977107507
-4.7847526484468e-8	0.002005769815539204
-4.7758279367299264e-8	0.0020082490620460707
-4.769467590159948e-8	0.0020107449434534053
-4.764500330107224e-8	0.002013254881770295
-4.762321555258353e-8	0.002015777052310384
-4.7600944761472256e-8	0.002018310172230546
-4.7570832793669695e-8	0.002020853290670724
-4.7539734673968104e-8	0.0020234057408538447
-4.75335650923503e-8	0.0020259670051396834
-4.7524789736813625e-8	0.0020285366784899383
-4.7517594493062814e-8	0.0020311145008855666
-4.749602252863139e-8	0.0020337002157965038
-4.74791462195201e-8	0.0020362936839995907
-4.7469740161709685e-8	0.0020388947584056606
-4.7455696480908085e-8	0.002041503302163834
-4.745259857941164e-8	0.002044119285044517
-4.743200907375567e-8	0.0020467426059510613
-4.742813825236447e-8	0.002049373219004804
-4.742017683601607e-8	0.0020520110969173117
-4.740592692685231e-8	0.002054656219980291
-4.740874234537285e-8	0.0020573085467422824
-4.739918899255291e-8	0.0020599680765968965
-4.739542965821464e-8	0.002062634809931333
-4.7379835119598645e-8	0.002065308741011482
-4.7361718903504714e-8	0.0020679898658801476
-4.737311047690596e-8	0.0020706781818780836
-4.7358718337453536e-8	0.0020733737151994594
-4.7348350864501176e-8	0.0020760764495637006
-4.735212001929501e-8	0.002078786418905617
-4.734558584290616e-8	0.0020815036601718596
-4.7324793927489006e-8	0.002084228128497872
-4.731147681624193e-8	0.002086959888662121
-4.731222544613334e-8	0.0020896989492909064
-4.730402560758629e-8	0.0020924453165050943
-4.72981462939337e-8	0.0020951990001126016
-4.7291194777154826e-8	0.0020979600538342425
-4.727702612429274e-8	0.0021007285053773403
-4.729099578716922e-8	0.0021035043376593705
-4.728391696742773e-8	0.002106287576531753
-4.727061410111921e-8	0.0021090782942918967
-4.72502530815766e-8	0.0021118764727833593
-4.724064931783123e-8	0.002114682147578804
-4.723237022520866e-8	0.0021174953577417647
-4.722035307142547e-8	0.002120316118205517
-4.7226088828739025e-8	0.0021231444639550367
-4.722277143223708e-8	0.002125980395822251
-4.721559577776646e-8	0.002128823977851501
-4.720707070801078e-8	0.0021316752005928158
-4.719251655501133e-8	0.0021345341361776794
-4.720028326612447e-8	0.0021374007548651043
-4.71913088808118e-8	0.002140275138825055
-4.7177719882834926e-8	0.002143157299942149
-4.716439649762872e-8	0.0021460472673873764
-4.715355968725743e-8	0.002148945067330768
-4.714988292827127e-8	0.0021518507171744234
-4.713915076275388e-8	0.0021547642876142007
-4.713418365503985e-8	0.0021576857827057204
-4.712903437468774e-8	0.0021606152208722093
-4.7119965884306897e-8	0.002163552636568687
-4.711884248226883e-8	0.0021664980781948015
-4.709931510805676e-8	0.0021694515806268697
-4.7099602499184326e-8	0.0021724131568950354
-4.709419405257709e-8	0.0021753828443285424
-4.7087306573745385e-8	0.0021783606879294524
-4.706187951011853e-8	0.0021813467057041377
-4.7068837288904986e-8	0.0021843409357983927
-4.706470036334176e-8	0.0021873434121209333
-4.7040436862588743e-8	0.002190354154662772
-4.704000724918278e-8	0.002193373212938623
-4.704545339636046e-8	0.002196400611473893
-4.703770904047611e-8	0.0021994363950140314
-4.7009987534402114e-8	0.002202480605122629
-4.699788123523341e-8	0.002205533248459729
-4.7006356225137716e-8	0.002208594376598781
-4.6992857100380816e-8	0.002211664007944387
-4.698063475496728e-8	0.002214742198631814
-4.69758582445412e-8	0.002217828977259875
-4.6973590666932186e-8	0.002220924380438447
-4.697025638041863e-8	0.0022240284189510326
-4.6952014326723246e-8	0.002227141170901152
-4.6939145206453816e-8	0.002230262651733392
-4.69243618967552e-8	0.002233392895199824
-4.692345990048308e-8	0.0022365319350442824
-4.6914494416272493e-8	0.0022396798109149897
-4.6912829590956e-8	0.0022428365741333054
-4.6903513280022185e-8	0.0022460022361033825
-4.690109615329008e-8	0.002249176837109616
-4.687615599989759e-8	0.0022523604450944658
-4.688002892027088e-8	0.0022555530682256118
-4.686727669419577e-8	0.002258754759210143
-4.68661866797171e-8	0.0022619655416614495
-4.68378420971749e-8	0.002265185461866505
-4.6840292536792785e-8	0.0022684145621150167
-4.683254050714681e-8	0.002271652882440914
-4.682390744297771e-8	0.0022749004625860574
-4.6814385961291285e-8	0.0022781573318182285
-4.6794507479269726e-8	0.0022814235302465306
-4.680591520520583e-8	0.0022846990987403434
-4.678958948259315e-8	0.00228798408096
-4.678521232724387e-8	0.0022912785252281426
-4.676363041617449e-8	0.0022945824569724224
-4.677197605612027e-8	0.002297895932098398
-4.675687377631022e-8	0.0023012189605600987
-4.6748982898825457e-8	0.0023045516151674185
-4.6732977450480995e-8	0.0023078939405490207
-4.672468638403649e-8	0.002311245951025413
-4.67077424412321e-8	0.0023146077036228624
-4.670570077106029e-8	0.0023179792435692823
-4.670165631322498e-8	0.0023213606102177164
-4.670353891393919e-8	0.0023247518433226577
-4.668916455680128e-8	0.002328152962925179
-4.6673548434056356e-8	0.0023315640582610665
-4.6660631122819044e-8	0.00233498514526781
-4.6656017877133586e-8	0.0023384162686118557
-4.6652879849445885e-8	0.002341857464425036
-4.6624959097052445e-8	0.0023453088002922274
-4.662022867304439e-8	0.0023487703019025178
-4.66334093648324e-8	0.0023522420329324203
-4.662386561090637e-8	0.002355724006309862
-4.6599055540375025e-8	0.0023592162750931322
-4.65809002228923e-8	0.002362718896708637
-4.6590533957791005e-8	0.00236623190568081
-4.657669651683128e-8	0.0023697553661859287
-4.654967070029659e-8	0.002373289308351298
-4.656099413772874e-8	0.002376833779000618
-4.655036068060836e-8	0.002380388830530197
-4.653792644536692e-8	0.0023839544917079393
-4.651855693953433e-8	0.0023875308240742976
-4.652320986757164e-8	0.002391117880655618
-4.650547426001684e-8	0.0023947156853245605
-4.649743212083446e-8	0.0023983242888351193
-4.648454840147087e-8	0.0024019437592580246
-4.647139745859175e-8	0.0024055741482484527
-4.6465430738790174e-8	0.00240921548793785
-4.645060790344213e-8	0.0024128677924679315
-4.644480188770173e-8	0.0024165311601801157
-4.644221149660566e-8	0.0024202056230971194
-4.644003848595091e-8	0.002423891224592906
-4.643199929296183e-8	0.0024275880122740703
-4.640225432426814e-8	0.00243129601177895
-4.6401403749812834e-8	0.002435015340404067
-4.6392740797124304e-8	0.002438745970638459
-4.6382307779291315e-8	0.002442488008135596
-4.6366742783754416e-8	0.002446241452034297
-4.633902428770043e-8	0.002450006398911668
-4.633493496790653e-8	0.0024537828620238102
-4.632586309037401e-8	0.0024575709003827385
-4.6318599012895594e-8	0.0024613705464504644
-4.6326058161699773e-8	0.002465181865721576
-4.632402697070104e-8	0.0024690049197223416
-4.6313463988584274e-8	0.0024728396964638307
-4.627365134309836e-8	0.002476686308699446
-4.6272823218279636e-8	0.0024805448061666294
-4.6261952798198896e-8	0.002484415178682504
-4.624955516193685e-8	0.002488297478454405
-4.624042957896424e-8	0.0024921917951907673
-4.62185110590263e-8	0.00249609815714397
-4.621669228657699e-8	0.0025000165871919932
-4.6225785000242325e-8	0.0025039471116432652
-4.6214347000339555e-8	0.002507889838422198
-4.6187810185527316e-8	0.00251184471671976
-4.6181894427593795e-8	0.002515811814269033
-4.6181988865318105e-8	0.0025197911951850946
-4.614379743818065e-8	0.0025237828495460655
-4.614948547789211e-8	0.0025277868300842858
-4.6151556014450984e-8	0.0025318031465532305
-4.613583441407387e-8	0.002535831806222627
-4.6128878031159725e-8	0.002539872813090714
-4.6102997409230854e-8	0.0025439261798996895
-4.610325125338766e-8	0.002547991917427825
-4.609387271809485e-8	0.0025520699726330337
-4.607812358373154e-8	0.0025561603244371464
-4.608854075069391e-8	0.002560262938672644
-4.607159917665027e-8	0.0025643777503430616
-4.607195072968695e-8	0.0025685046046146293
-4.606502424229775e-8	0.0025726434555198734
-4.6070131004222195e-8	0.002576794084183828
-4.608300210127703e-8	0.002580956249486196
-4.6072787923623354e-8	0.002585129716899561
-4.6065157553332184e-8	0.0025893140542520145
-4.605327712347563e-8	0.002593508813100697
-4.608258241836083e-8	0.002597713294465513
-4.611071009292256e-8	0.0026019265955782305
-4.61261712357608e-8	0.0026061475430796377
-4.614112195148179e-8	0.0026103744584526837
-4.6203537936739814e-8	0.0026146050626345723
-4.629050528067169e-8	0.0026188361019427973
-4.6422494009390474e-8	0.002623062958426447
-4.66668859407382e-8	0.002627278987063417
-4.701861902405291e-8	0.00263147505465102
-4.7566517502367624e-8	0.002635641024067007
-4.856633564869206e-8	0.002639777498871233
-5.0253484803763906e-8	0.002643966159528909
-5.185441050264972e-8	0.00264875847660673
-5.186110134878241e-8	0.0026557859866912265
-5.025753734108074e-8	0.00266062038043621
-4.8544760319313433e-8	0.002664875960937702
-4.751261128463913e-8	0.0026691052518950115
-4.693239390519688e-8	0.0026733916216140157
-4.654800945985138e-8	0.0026777365739981632
-4.627070830121594e-8	0.0026821304242985954
-4.610800962083772e-8	0.0026865642711168705
-4.599093963193468e-8	0.0026910315978674318
-4.589862499440045e-8	0.0026955278653831715
-4.585615475445892e-8	0.0027000498701786526
-4.581273916055562e-8	0.002704595370541868
-4.5755153862880875e-8	0.0027091627136002615
-4.5695687605279425e-8	0.002713750751699966
-4.568097327601328e-8	0.0027183586017061386
-4.5661532457674796e-8	0.002722985580328957
-4.564489972938568e-8	0.0027276312634200023
-4.560228770987829e-8	0.0027322952317185493
-4.556807388051421e-8	0.002736977276415663
-4.554729411403447e-8	0.002741677173818073
-4.551807966654553e-8	0.0027463947180255363
-4.5508624807177877e-8	0.0027511298955408205
-4.546744417838755e-8	0.0027558825644375773
-4.545651083898705e-8	0.0027606526825056463
-4.5438121715679626e-8	0.0027654402411940284
-4.5408260678858614e-8	0.0027702452457520122
-4.540938032498998e-8	0.002775067661950994
-4.53879761290743e-8	0.0027799075298544675
-4.5377080496350477e-8	0.0027847648915343276
-4.5344572132238747e-8	0.002789639778102569
-4.53073913039892e-8	0.0027945322240798074
-4.5324051074630004e-8	0.002799442266538103
-4.5293575443350334e-8	0.0028043699955064773
-4.5270404642361316e-8	0.002809315423641963
-4.5273083373631455e-8	0.0028142786557080095
-4.5256861374215475e-8	0.002819259802431698
-4.521442784858887e-8	0.0028242588248246084
-4.518564032738315e-8	0.0028292758852601478
-4.5182658149650616e-8	0.002834311043499869
-4.516318744625103e-8	0.002839364354970245
-4.514794604629225e-8	0.002844435882151909
-4.5130690582995125e-8	0.0028495257688011697
-4.5100069026360326e-8	0.0028546341112467666
-4.512136843818349e-8	0.002859760923476554
-4.510378752868305e-8	0.0028649062989938552
-4.507461477827879e-8	0.002870070417682799
-4.503230931812708e-8	0.002875253292575634
-4.5009863456008105e-8	0.0028804550364528846
-4.4989824962171636e-8	0.002885675769068349
-4.496279145966287e-8	0.0028909155658478456
-4.4968717489529685e-8	0.002896174539866137
-4.495778966987496e-8	0.0029014527410972124
-4.49396391609902e-8	0.002906750337585646
-4.49189236073011e-8	0.0029120673609714658
-4.488689691820036e-8	0.0029174039954290914
-4.489652395325839e-8	0.002922760235477641
-4.487483142852078e-8	0.002928136285082706
-4.484444226918183e-8	0.0029335322174241876
-4.481447911422465e-8	0.0029389481384394568
-4.478911274032882e-8	0.00294438414891778
-4.4777136444107416e-8	0.0029498403336342227
-4.475185471963239e-8	0.002955316877987464
-4.47373651533245e-8	0.0029608138427339474
-4.4722491725912585e-8	0.0029663313160056873
-4.470018344011062e-8	0.002971869416595011
-4.469282092633975e-8	0.0029774282901640693
-4.465064365684613e-8	0.0029830080574806943
-4.464586163707707e-8	0.0029886087985129123
-4.4630268498485615e-8	0.002994230639656594
-4.461182591699587e-8	0.002999873722431382
-4.45581480316204e-8	0.003005538137772008
-4.4565876267149695e-8	0.003011224015310068
-4.455250454806214e-8	0.0030169314772261675
-4.450077553313503e-8	0.0030226606197718336
-4.449434911635853e-8	0.0030284115959397376
-4.4499108443546435e-8	0.0030341845117455904
-4.447867109063641e-8	0.0030399795123368187
-4.441998421849114e-8	0.0030457967374612326
-4.439104693695906e-8	0.0030516362607162506
-4.440146877904838e-8	0.0030574982421335216
-4.436975016959277e-8	0.003063382778876339
-4.43404043763862e-8	0.0030692900410359174
-4.432529393684215e-8	0.0030752201465731356
-4.4314963868286044e-8	0.0030811732294410113
-4.430254410610624e-8	0.0030871493744902005
-4.426133693750112e-8	0.0030931487968295754
-4.423039797472051e-8	0.0030991715916111147
-4.4195676056341115e-8	0.003105217889849834
-4.4187722282967856e-8	0.0031112878231958976
-4.4164119902356804e-8	0.0031173815353808714
-4.4154606822621736e-8	0.0031234991934787227
-4.413020496982778e-8	0.0031296408878866214
-4.411914229820457e-8	0.0031358067656035373
-4.406422109115571e-8	0.003141997028161359
-4.4065279960642245e-8	0.0031482117616460307
-4.403391098448673e-8	0.0031544511394509204
-4.402522345602345e-8	0.0031607152790308984
-4.3963236351263204e-8	0.003167004342759226
-4.396134263328633e-8	0.0031733184859931113
-4.393944695328389e-8	0.003179657860462301
-4.3915759000145994e-8	0.0031860226180890246
-4.3890256034606616e-8	0.003192412891006537
-4.384432109942327e-8	0.0031988288333415953
-4.385982964005275e-8	0.003205270601505415
-4.38207233660004e-8	0.003211738358208713
-4.380507268516576e-8	0.003218232276195721
-4.375539971999132e-8	0.0032247524838833978
-4.376475771543653e-8	0.003231299170623649
-4.372771079624305e-8	0.0032378724357886696
-4.3704851567527575e-8	0.0032444725038488645
-4.366582253583773e-8	0.0032510995445198276
-4.364200653909079e-8	0.0032577536681900007
-4.360090662118843e-8	0.0032644350707892954
-4.3589365778745616e-8	0.0032711439257771674
-4.357378715532101e-8	0.003277880395814846
-4.356998286680347e-8	0.0032846446452320303
-4.353366460467245e-8	0.0032914367998436553
-4.3494755364431596e-8	0.0032982571245976653
-4.346117053289911e-8	0.0033051057389994905
-4.344408440166703e-8	0.0033119828208045604
-4.3429925696281125e-8	0.0033188885316421386
-4.3365891453794885e-8	0.003325823097223276
-4.334836102581341e-8	0.003332786660140102
-4.336686370974841e-8	0.0033397794403315795
-4.3339539675196774e-8	0.0033468015565150206
-4.3281281315221686e-8	0.003353853209171292
-4.323632319800375e-8	0.003360934608711269
-4.3247521411465816e-8	0.0033680459203072033
-4.321112453568588e-8	0.0033751873701809956
-4.314783566013447e-8	0.0033823591166654
-4.3162341118874185e-8	0.003389561352923678
-4.313215731306941e-8	0.0033967942845421206
-4.309820805755704e-8	0.003404058070094523
-4.3049997138988605e-8	0.0034113529359473213
-4.305073286901551e-8	0.0034186790923282054
-4.300563844015781e-8	0.0034260366909891027
-4.298026783317033e-8	0.0034334259396435417
-4.2944875343797764e-8	0.0034408470827132186
-4.290881914558731e-8	0.00344830033226782
-4.288742664134704e-8	0.0034557858614282047
-4.284771540213339e-8	0.0034633038072669777
-4.2826473164192524e-8	0.0034708544813439597
-4.281179053300943e-8	0.0034784380600032245
-4.279791447168724e-8	0.0034860547441065643
-4.27718274812805e-8	0.0034937047444467276
-4.270064362328907e-8	0.003501388227499497
-4.268923909836464e-8	0.0035091055510510644
-4.266153638893822e-8	0.003516856773842516
-4.263004976391427e-8	0.003524642232284169
-4.2587755605610904e-8	0.003532462042655465
-4.251994729073117e-8	0.0035403165253913614
-4.2501329433902726e-8	0.0035482058286023916
-4.247220281795028e-8	0.0035561301971056636
-4.2446762450176756e-8	0.0035640898215154593
-4.2452134250936526e-8	0.003572084962954039
-4.2437548122070683e-8	0.003580115875755115
-4.240493367504428e-8	0.003588182661025123
-4.231054016644031e-8	0.0035962856835065624
-4.2298156871678485e-8	0.0036044251770711512
-4.226448029792662e-8	0.0036126012503469498
-4.222745156954866e-8	0.0036208141447649496
-4.2197225072510004e-8	0.0036290641827415628
-4.2139727308887486e-8	0.0036373515581675534
-4.2124770160423264e-8	0.0036456764547218917
-4.2132979636277936e-8	0.0036540390645551984
-4.209740549981911e-8	0.0036624397550628907
-4.20294572783253e-8	0.0036708785569194422
-4.200538309173108e-8	0.003679355754588423
-4.1994084329644026e-8	0.0036878716265541984
-4.1900605187344956e-8	0.003696426294235731
-4.190107408607591e-8	0.003705020014467388
-4.1893736019832376e-8	0.0037136529532363852
-4.1848013900147584e-8	0.0037223252722728803
-4.182104050930447e-8	0.0037310371273072663
-4.175306093576192e-8	0.0037397886940198698
-4.174140893563605e-8	0.0037485801448947733
-4.17088109616659e-8	0.0037574115153690096
-4.166225639614107e-8	0.003766282910468649
-4.1672415175419975e-8	0.0037751944075098535
-4.1623005168295315e-8	0.003784146017235919
-4.161112481053109e-8	0.003793137554622253
-4.158327815157459e-8	0.0038021690713355392
-4.158163846506025e-8	0.003811240241197324
-4.159696946278158e-8	0.0038203506873108833
-4.15616648353101e-8	0.003829500044926252
-4.153189276592251e-8	0.0038386875126622515
-4.149264249946327e-8	0.003847912248275292
-4.154403244951421e-8	0.0038571728518307824
-4.1592953090630046e-8	0.0038664674644572636
-4.161398486730583e-8	0.003875793616884336
-4.163391763793989e-8	0.0038851477048632036
-4.1759198665181075e-8	0.0038945247682993763
-4.193941026993109e-8	0.003903917648829021
-4.2220388948499555e-8	0.003913316104491276
-4.275285544709795e-8	0.003922705306559935
-4.352674999730799e-8	0.003932064771909099
-4.47419446437447e-8	0.003941371636087101
-4.697366575963646e-8	0.003950626947150496
-5.0755294035975674e-8	0.003960013714666168
-5.435564595948073e-8	0.003970772240517129
-5.437822869754916e-8	0.003986583121747284
-5.076897268448955e-8	0.003997483658084506
-4.690084963963615e-8	0.004007096288703472
-4.4559996269538664e-8	0.004016664878222173
-4.323569911925951e-8	0.004026378145019641
-4.2351563518600035e-8	0.0040362401923219726
-4.1707960606551796e-8	0.004046229703137907
-4.132324454196312e-8	0.004056327001556598
-4.104131643660192e-8	0.004066517721383967
-4.081497758586794e-8	0.004076791919775593
-4.070198672729286e-8	0.004087142645216564
-4.058637917410679e-8	0.004097565105284237
-4.0437760868511364e-8	0.0041080558281025616
-4.028424810125775e-8	0.0041186124812036765
-4.023337297579532e-8	0.0041292333262567685
-4.017135672366168e-8	0.004139917074779172
-4.0115572014037813e-8	0.004150663029333718
-3.999930013389719e-8	0.00416147049914107
-3.990207355688003e-8	0.004172339277661903
-3.9835718350683674e-8	0.004183269122479692
-3.9749409228728716e-8	0.004194259831155535
-3.9708893448137105e-8	0.004205311649430777
-3.959394054083298e-8	0.004216424524514775
-3.954942846703391e-8	0.004227598637218563
-3.94871934115526e-8	0.004238834248929126
-3.9397681484876216e-8	0.004250131655646629
-3.93808271098528e-8	0.004261491062678219
-3.93106554744227e-8	0.004272912852517694
-3.926504116406604e-8	0.004284397415450872
-3.9167960685942975e-8	0.004295945118894791
-3.905936142851174e-8	0.004307556341306204
-3.907843126915722e-8	0.004319231470254783
-3.8985127873669704e-8	0.004330971022701137
-3.8908866061060367e-8	0.0043427753348809555
-3.889412757985267e-8	0.004354644966247602
-3.883395103799203e-8	0.004366580495034905
-3.871049569592056e-8	0.004378582144359161
-3.861935958572316e-8	0.00439065062404449
-3.859006033136714e-8	0.0044027864020800426
-3.8520733639479947e-8	0.004414989939806385
-3.84613146186541e-8	0.0044272617194434025
-3.839671303860204e-8	0.0044396024244217494
-3.829929168810975e-8	0.004452012628440173
-3.832792840872124e-8	0.004464492709311451
-3.826169580335992e-8	0.004477043242141947
-3.8166771053738116e-8	0.004489665018184781
-3.803920462602251e-8	0.004502358426202406
-3.795983874561593e-8	0.004515124103300795
-3.788600888361415e-8	0.004527962709103848
-3.779455216392225e-8	0.004540874799459387
-3.7784123053719034e-8	0.004553861027999194
-3.773183573075878e-8	0.00456692189761666
-3.766133516898696e-8	0.004580058208596254
-3.758409393108675e-8	0.00459327042876727
-3.7478259221435105e-8	0.004606559410236345
-3.747595854748376e-8	0.004619925538691421
-3.739517614573806e-8	0.004633369727522083
-3.72921596649034e-8	0.004646892569938229
-3.718969557295338e-8	0.00466049474671038
-3.709830099617451e-8	0.0046741769316179325
-3.704024432161779e-8	0.0046879397639485
-3.6948190726066037e-8	0.00470178414329457
-3.688302940451638e-8	0.0047157106611107145
-3.681652886083908e-8	0.004729719983728088
-3.67307172329856e-8	0.004743812861559368
-3.668260502113774e-8	0.004757990120367637
-3.654511314276632e-8	0.004772252529669723
-3.650282620200618e-8	0.004786600761324784
-3.64324823861395e-8	0.004801035612659798
-3.635439263284801e-8	0.004815557927252119
-3.6184882940731856e-8	0.004830168425802827
-3.617343654181426e-8	0.004844867935816989
-3.610712163137353e-8	0.004859657273124708
-3.594067815155255e-8	0.00487453719372827
-3.5891444151864295e-8	0.004889508608565251
-3.5871114127244976e-8	0.004904572314388882
-3.5784620578155345e-8	0.004919729217921834
-3.5597237129048054e-8	0.004934980220284659
-3.548713937316928e-8	0.00495032605711186
-3.5480230095641386e-8	0.004965767698999422
-3.5361789275845105e-8	0.004981305959634819
-3.524897430179919e-8	0.004996941853782717
-3.517333028222325e-8	0.005012676267526669
-3.510995490796365e-8	0.0050285101381240885
-3.5040595368840413e-8	0.005044444280880005
-3.489375525097538e-8	0.005060479867641553
-3.477363870053041e-8	0.005076617759966524
-3.464264703137987e-8	0.005092858924352733
-3.4583074268257356e-8	0.005109204338579017
-3.4480797923341915e-8	0.005125655022802967
-3.4416083421845435e-8	0.00514221207062597
-3.431048478449439e-8	0.005158876378322963
-3.42405743448515e-8	0.005175649005343803
-3.4050433774412974e-8	0.005192531170773037
-3.4012459446353115e-8	0.005209523790048439
-3.388517006128189e-8	0.00522662802757563
-3.381952247186182e-8	0.005243844905763813
-3.3606353968540505e-8	0.005261175581479537
-3.355819517806835e-8	0.005278621204161068
-3.345418503895026e-8	0.005296182925112731
-3.334451637137526e-8	0.005313861908200714
-3.322908277125225e-8	0.005331659274305035
-3.3055771640988495e-8	0.005349576217588336
-3.305368310620449e-8	0.005367613951251746
-3.289790284088934e-8	0.005385773719093499
-3.280727670155748e-8	0.005404056806469774
-3.261984338219781e-8	0.005422464387224113
-3.259858905279023e-8	0.005440997820546675
-3.244517063847319e-8	0.0054596582245626385
-3.233120803468048e-8	0.005478447086118459
-3.217024379013056e-8	0.005497365751795669
-3.205185149954826e-8	0.005516415412884007
-3.188295711369915e-8	0.005535597519663699
-3.179818361706555e-8	0.005554913473702926
-3.1701109116250017e-8	0.00557436466093172
-3.163747635134828e-8	0.005593952487587214
-3.1478765509912466e-8	0.005613678263657419
-3.131143174601725e-8	0.005633543719680114
-3.1158529793912097e-8	0.005653550180399487
-3.1052994364116903e-8	0.005673699156481017
-3.095529781226847e-8	0.005693992128393553
-3.0709636487524786e-8	0.0057144307827398134
-3.060002765575831e-8	0.005735016579547837
-3.0596608507427184e-8	0.0057557512254184096
-3.045650271920608e-8	0.005776636145362656
-3.0222949614344684e-8	0.005797673025262035
-3.002766524377032e-8	0.005818863600598929
-2.99998245511357e-8	0.005840209491385767
-2.9828113162261304e-8	0.005861712520933072
-2.9573803379445707e-8	0.005883374328977556
-2.9553808827398333e-8	0.005905196680544171
-2.939745829730334e-8	0.005927181399728177
-2.922843815014731e-8	0.005949330189129885
-2.9014456003384483e-8	0.005971644979679291
-2.8949371274716865e-8	0.005994127676340376
-2.8742343773785486e-8	0.0060167800271528305
-2.8594804749226823e-8	0.0060396039747457895
-2.841500160534749e-8	0.006062601599777925
-2.8231753485052913e-8	0.006085774908157018
-2.8092916048466645e-8	0.006109125809203772
-2.7895517102105585e-8	0.006132656123151431
-2.775469499461947e-8	0.00615636824195065
-2.7633424133710615e-8	0.006180264161387792
-2.751367671647298e-8	0.0062043459802662545
-2.7354095708737036e-8	0.006228615855855798
-2.7049390333744317e-8	0.006253075831869017
-2.6933660671185634e-8	0.006277728590575963
-2.676457317281611e-8	0.006302575889230597
-2.6581883398052455e-8	0.006327620402425458
-2.636273312941473e-8	0.006352864128347228
-2.6058991600214077e-8	0.006378309753857831
-2.5913069863175986e-8	0.006403959440509994
-2.5731518932153863e-8	0.0064298156945714
-2.5560508837269015e-8	0.006455880878153581
-2.5489479475326873e-8	0.006482157617238609
-2.5351726593458857e-8	0.0065086485510592726
-2.5152916076437438e-8	0.006535355846586278
-2.4746687298177196e-8	0.006562282577711307
-2.4611244924577225e-8	0.006589431423740513
-2.4403102645875754e-8	0.006616804680875684
-2.418183431441845e-8	0.006644405123865278
-2.3981615632268083e-8	0.006672235839944479
-2.368705564005369e-8	0.006700299523914999
-2.3534864157198633e-8	0.00672859887359504
-2.346043408788523e-8	0.006757136653724645
-2.323484195350667e-8	0.006785916269786376
-2.2895615128615268e-8	0.00681494001608888
-2.2705230201930383e-8	0.006844211097027298
-2.2557417848101392e-8	0.0068737327427321904
-2.2121476277542352e-8	0.006903507682547951
-2.2010740720807e-8	0.006933539159240403
-2.1871347634172534e-8	0.006963830143694539
-2.1594981802702806e-8	0.006994383635062799
-2.138249749544241e-8	0.007025202655091798
-2.102195179879418e-8	0.00705629034081698
-2.0859442665083216e-8	0.007087649864573345
-2.0620049794584096e-8	0.00711928395321643
-2.032797427216626e-8	0.0071511956244821335
-2.0238437441433278e-8	0.007183387840299911
-1.9931165012876398e-8	0.007215863364215021
-1.9757966059752443e-8	0.0072486242850726456
-1.9524349529781437e-8	0.0072816735884947605
-1.9384889322637823e-8	0.007315012912089861
-1.9306655640005665e-8	0.007348643726035403
-1.9039145278659797e-8	0.00738256756268385
-1.8789535879615293e-8	0.0074167843418120275
-1.8501751861421667e-8	0.007451293818247468
-1.8552519601267025e-8	0.007486093630065095
-1.8594033390467724e-8	0.007521179623207436
-1.8529504665248942e-8	0.007556545233143087
-1.845980864848551e-8	0.007592179423439604
-1.879345243754882e-8	0.0076280657316408415
-1.934171878834601e-8	0.007664178890201162
-2.0285292410199276e-8	0.007700481183667259
-2.221671361781197e-8	0.007736916293894673
-2.5110968901276287e-8	0.00777340466854284
-2.9767951627085457e-8	0.007809855815737131
-3.8486180544877735e-8	0.007846271902086878
-5.344358871635091e-8	0.007883377502139563
-6.78264115881011e-8	0.007926130027495138
-6.800707338258106e-8	0.00798937157200045
-5.3553024702146517e-8	0.00803326025605906
-3.7903511967535275e-8	0.008072173133767162
-2.8311692002203073e-8	0.008111096482239238
-2.2780792159304842e-8	0.0081508010805771
-1.9002736103845842e-8	0.008191314251552511
-1.617936234878381e-8	0.008232558779920686
-1.4401980128342373e-8	0.008274462650299807
-1.3034800133127078e-8	0.008316974507017775
-1.1886048487441681e-8	0.008360060473924806
-1.1203188300124013e-8	0.008403698569835055
-1.0501319272543386e-8	0.008447875492240449
-9.650205937361545e-9	0.008492583270283002
-8.7681101041015e-9	0.008537818631477768
-8.31887558733757e-9	0.008583580775653613
-7.815637793590069e-9	0.008629870816044643
-7.33334458494217e-9	0.008676692448684778
-6.5792610795589735e-9	0.00872404945792862
-5.900043694462287e-9	0.008771947827837035
-5.349509555513388e-9	0.008820393493781173
-4.702728550326496e-9	0.008869392679169964
-4.2535717893366075e-9	0.008918953738328007
-3.4617618630383707e-9	0.008969083841700894
-2.980313100264809e-9	0.009019791360780568
-2.4112470028592182e-9	0.009071085203083315
-1.7089400071224059e-9	0.009122974615835498
-1.3340045804000056e-9	0.009175468615005584
-7.051242003230929e-10	0.009228577226254624
-1.828851514007468e-10	0.009282310720771545
5.896641088354304e-10	0.009336679477292711
1.427520669861071e-9	0.009391694145687478
1.6662888457141813e-9	0.009447365645376085
2.449814524496663e-9	0.009503705751935031
3.1617733745437083e-9	0.009560725621396166
3.583829488196244e-9	0.009618437738695553
4.2353623607160885e-9	0.009676854956900566
5.209186130555877e-9	0.009735988660269125
6.036180812246661e-9	0.009795852902156173
6.565477629372208e-9	0.009856460844536884
7.304834339677546e-9	0.009917825912292443
8.004979536468949e-9	0.00997996194055016
8.74232272057851e-9	0.010042884109862234
9.660058110155801e-9	0.010106607390121158
9.937698160522591e-9	0.010171146084171249
1.0716050332587602e-8	0.010236515856617535
1.1657679771270857e-8	0.010302733880498825
1.278717745338831e-8	0.010369815609766653
1.3676843006960039e-8	0.010437778190430022
1.4550982667888013e-8	0.010506639305812648
1.5534891996898948e-8	0.010576416509344738
1.6091976545529186e-8	0.01064712831839697
1.6889140979547968e-8	0.010718792879845167
1.7800792496031062e-8	0.01079143043977032
1.876547953328922e-8	0.010865059899405326
1.990770101472639e-8	0.010939702799574335
2.04808117714117e-8	0.011015378587773036
2.1513901857206364e-8	0.01109211022566709
2.2693373837567867e-8	0.011169919430726582
2.3890153624062105e-8	0.011248828995518705
2.5042966868160656e-8	0.011328862272649445
2.601883307579156e-8	0.011410043030679993
2.7215482417813908e-8	0.01149239722758473
2.8271793203338283e-8	0.011575949674911129
2.935571317492225e-8	0.011660726309912746
3.057816676213521e-8	0.011746754295272593
3.1590262141772965e-8	0.011834062013054944
3.317941860404017e-8	0.01192267829138305
3.419900003424625e-8	0.012012632156755729
3.541670288744747e-8	0.012103954253396191
3.670777706378803e-8	0.012196676401933296
3.8616009058295434e-8	0.012290830551008745
3.9528549343975654e-8	0.012386450275223138
4.0821715340411125e-8	0.012483570061501293
4.280805076948835e-8	0.012582225022197082
4.404597148596201e-8	0.012682452359386956
4.511318096762085e-8	0.012784289628393642
4.665684929868741e-8	0.012887776281132801
4.893212242633172e-8	0.01299295294792295
5.0713966238052915e-8	0.013099860364432642
5.180386483552013e-8	0.013208542195111991
5.3714955617972796e-8	0.01331904236949267
5.56269906339113e-8	0.013431407665529194
5.730969391244956e-8	0.01354568543661099
5.893941748949528e-8	0.013661924951210012
6.065060805849898e-8	0.013780176185829385
6.298536035820867e-8	0.013900493452617051
6.516970663833499e-8	0.014022930532475702
6.748862473900386e-8	0.014147543824250437
6.930448080639251e-8	0.014274391738138749
7.150074136959007e-8	0.014403535030384058
7.344961596725264e-8	0.014535037159939285
7.577638704327484e-8	0.014668962228968994
7.786821024788893e-8	0.014805377937254085
8.100776929294562e-8	0.014944355736646748
8.29499500561215e-8	0.015085967140135225
8.569983704587725e-8	0.015230288375825848
8.799019151062848e-8	0.015377397280543182
9.162486013193916e-8	0.015527375763354969
9.389889846260213e-8	0.01568030876832981
9.673268190265594e-8	0.015836284503426907
9.969386749529297e-8	0.01599539469723379
1.027885016068153e-7	0.016157734264764263
1.0650712774085692e-7	0.01632340254135024
1.0871298633479687e-7	0.016492503006189683
1.1245229985116234e-7	0.01666514360779874
1.1566563201266256e-7	0.01684143710676662
1.199256007938243e-7	0.0170214998268269
1.2264877615352778e-7	0.01720545478806083
1.2679357803649372e-7	0.017393427775360584
1.3065634126155358e-7	0.017585553717114226
1.3512819708321746e-7	0.01778197194244036
1.3928554752124512e-7	0.017982826232583494
1.4411773022687258e-7	0.018188269503050275
1.4818013422714939e-7	0.018398461009722627
1.5250942958390245e-7	0.01861356706818717
1.5659989482762483e-7	0.01883376186570585
1.619202563499067e-7	0.01905922658462291
1.6751953281677336e-7	0.019290155847253986
1.7313649042224878e-7	0.019526748796872447
1.7837130116992173e-7	0.01976921642759324
1.8369092631510544e-7	0.020017779704868458
1.9106001951865183e-7	0.020272673152120925
1.969506621981365e-7	0.020534140237554756
2.0166757986583852e-7	0.02080244004350028
2.0837553077951987e-7	0.021077841347267253
2.1660320749949393e-7	0.0213606305075405
2.2461601806679778e-7	0.021651109825343257
2.3057401780457454e-7	0.02194959631724426
2.3883648652748834e-7	0.02225642726958822
2.4864474036354614e-7	0.022571956058760747
2.5533024814272664e-7	0.022896557840705347
2.643807694720668e-7	0.02323063016519966
2.7400872379167996e-7	0.023574591808544397
2.8476856905475525e-7	0.02392888989129765
2.935496943736904e-7	0.024293997974775446
3.050990871149517e-7	0.02467041586627434
3.1614323350954156e-7	0.025058677600847772
3.2825831027992196e-7	0.025459353282802164
3.4099795283162873e-7	0.025873048242091756
3.535163450706702e-7	0.02630040544960105
3.6774789781074403e-7	0.026742108701721504
3.815734045035491e-7	0.027198898882192544
3.956936625835739e-7	0.027671559994881023
4.1049554405431235e-7	0.02816093284327377
4.269033688978241e-7	0.02866791924949903
4.473412976233604e-7	0.029193483904455378
4.646532576882412e-7	0.029738676929023742
4.841443101173626e-7	0.03030460656298496
5.050533306368732e-7	0.03089248747678674
5.280594824947638e-7	0.03150361326112253
5.545691382461415e-7	0.03213939800888166
5.785445963590874e-7	0.03280135783696959
6.049487819430655e-7	0.03349114427775035
6.327104502297676e-7	0.03421054557883826
6.593383285963872e-7	0.03496151319964253
6.897008584969222e-7	0.035746172971218286
7.240057148224955e-7	0.03656682981441492
7.674313240878472e-7	0.03742603240171731
8.048249307193667e-7	0.03832656051127409
8.474753793960011e-7	0.03927145273996622
8.937907665342082e-7	0.04026406952445525
9.42853778314784e-7	0.041308129708606235
9.995628960126735e-7	0.04240773083618536
1.0549338288250166e-6	0.04356741584398355
1.1114717222139527e-6	0.044792238113635426
1.179772430871784e-6	0.04608786165860303
1.2596600282070437e-6	0.04746056966640374
1.3393367989452732e-6	0.04891745665390333
1.4242292860359553e-6	0.050466513629815336
1.5338184658817535e-6	0.05211674425058618
1.6350511011381132e-6	0.05387839303776771
1.74862712533847e-6	0.05576311485409249
1.8838472401871031e-6	0.05778424759518406
2.029796624364444e-6	0.059957126929352844
2.204511178546881e-6	0.06229948212292021
2.3843298189101417e-6	0.06483191493350977
2.594037865740201e-6	0.06757846236366875
2.83708368942156e-6	0.07056741756328472
3.0930283372849254e-6	0.07383227739512936
3.4115347642578844e-6	0.07741298019422375
3.7629774184973323e-6	0.08135747290564013
4.180393536622335e-6	0.08572404688213615
4.65603211723944e-6	0.0905839336403355
5.208632222559118e-6	0.096025317061167
5.9058230181184674e-6	0.10215873944430008
6.747232104513424e-6	0.10912429735588673
7.790537378501584e-6	0.11710259481139162
8.995040355346868e-6	0.12632995128857427
1.0522076817922044e-5	0.13712178757587085
1.253796727141957e-5	0.14990846332535293
1.521565121020942e-5	0.16529178646130796
1.863647038640277e-5	0.1841390047222867
2.3302352845000625e-5	0.20774395417515298
2.9789102043302165e-5	0.23812004831017922
3.852707764186354e-5	0.27856434899044974
5.1040809159035666e-5	0.33483079317389264
6.783904782231556e-5	0.41781502387966807
7.450835991282095e-5	0.5505049769614399
-6.489359737801299e-5	0.7898977365418114
-0.0028906072251006186	1.3069958115824674
-0.0028906072251006186	-1.3069958115824674
-6.489359737801299e-5	-0.7898977365418114
7.450835991282095e-5	-0.5505049769614399
6.783904782231556e-5	-0.41781502387966807
5.1040809159035666e-5	-0.33483079317389264
3.852707764186354e-5	-0.27856434899044974
2.9789102043302165e-5	-0.23812004831017922
2.3302352845000625e-5	-0.20774395417515298
1.863647038640277e-5	-0.1841390047222867
1.521565121020942e-5	-0.16529178646130796
1.253796727141957e-5	-0.14990846332535293
1.0522076817922044e-5	-0.13712178757587085
8.995040355346868e-6	-0.12632995128857427
7.790537378501584e-6	-0.11710259481139162
6.747232104513424e-6	-0.10912429735588673
5.9058230181184674e-6	-0.10215873944430008
5.208632222559118e-6	-0.096025317061167
4.65603211723944e-6	-0.0905839336403355
4.180393536622335e-6	-0.08572404688213615
3.7629774184973323e-6	-0.08135747290564013
3.4115347642578844e-6	-0.07741298019422375
3.0930283372849254e-6	-0.07383227739512936
2.83708368942156e-6	-0.07056741756328472
2.594037865740201e-6	-0.06757846236366875
2.3843298189101417e-6	-0.06483191493350977
2.204511178546881e-6	-0.06229948212292021
2.029796624364444e-6	-0.059957126929352844
1.8838472401871031e-6	-0.05778424759518406
1.74862712533847e-6	-0.05576311485409249
1.6350511011381132e-6	-0.05387839303776771
1.5338184658817535e-6	-0.05211674425058618
1.4242292860359553e-6	-0.050466513629815336
1.3393367989452732e-6	-0.04891745665390333
1.2596600282070437e-6	-0.04746056966640374
1.179772430871784e-6	-0.04608786165860303
1.1114717222139527e-6	-0.044792238113635426
1.0549338288250166e-6	-0.04356741584398355
9.995628960126735e-7	-0.04240773083618536
9.42853778314784e-7	-0.041308129708606235
8.937907665342082e-7	-0.04026406952445525
8.474753793960011e-7	-0.03927145273996622
8.048249307193667e-7	-0.03832656051127409
7.674313240878472e-7	-0.03742603240171731
7.240057148224955e-7	-0.03656682981441492
6.897008584969222e-7	-0.035746172971218286
6.593383285963872e-7	-0.03496151319964253
6.327104502297676e-7	-0.03421054557883826
6.049487819430655e-7	-0.03349114427775035
5.785445963590874e-7	-0.03280135783696959
5.545691382461415e-7	-0.03213939800888166
5.280594824947638e-7	-0.03150361326112253
5.050533306368732e-7	-0.03089248747678674
4.841443101173626e-7	-0.03030460656298496
4.646532576882412e-7	-0.029738676929023742
4.473412976233604e-7	-0.029193483904455378
4.269033688978241e-7	-0.02866791924949903
4.1049554405431235e-7	-0.02816093284327377
3.956936625835739e-7	-0.027671559994881023
3.815734045035491e-7	-0.027198898882192544
3.6774789781074403e-7	-0.026742108701721504
3.535163450706702e-7	-0.02630040544960105
3.4099795283162873e-7	-0.025873048242091756
3.2825831027992196e-7	-0.025459353282802164
3.1614323350954156e-7	-0.025058677600847772
3.050990871149517e-7	-0.02467041586627434
2.935496943736904e-7	-0.024293997974775446
2.8476856905475525e-7	-0.02392888989129765
2.7400872379167996e-7	-0.023574591808544397
2.643807694720668e-7	-0.02323063016519966
2.5533024814272664e-7	-0.022896557840705347
2.4864474036354614e-7	-0.022571956058760747
2.3883648652748834e-7	-0.02225642726958822
2.3057401780457454e-7	-0.02194959631724426
2.2461601806679778e-7	-0.021651109825343257
2.1660320749949393e-7	-0.0213606305075405
2.0837553077951987e-7	-0.021077841347267253
2.0166757986583852e-7	-0.02080244004350028
1.969506621981365e-7	-0.020534140237554756
1.9106001951865183e-7	-0.020272673152120925
1.8369092631510544e-7	-0.020017779704868458
1.7837130116992173e-7	-0.01976921642759324
1.7313649042224878e-7	-0.019526748796872447
1.6751953281677336e-7	-0.019290155847253986
1.619202563499067e-7	-0.01905922658462291
1.5659989482762483e-7	-0.01883376186570585
1.5250942958390245e-7	-0.01861356706818717
1.4818013422714939e-7	-0.018398461009722627
1.4411773022687258e-7	-0.018188269503050275
1.3928554752124512e-7	-0.017982826232583494
1.3512819708321746e-7	-0.01778197194244036
1.3065634126155358e-7	-0.017585553717114226
1.2679357803649372e-7	-0.017393427775360584
1.2264877615352778e-7	-0.01720545478806083
1.199256007938243e-7	-0.0170214998268269
1.1566563201266256e-7	-0.01684143710676662
1.1245229985116234e-7	-0.01666514360779874
1.0871298633479687e-7	-0.016492503006189683
1.0650712774085692e-7	-0.01632340254135024
1.027885016068153e-7	-0.016157734264764263
9.969386749529297e-8	-0.01599539469723379
9.673268190265594e-8	-0.015836284503426907
9.389889846260213e-8	-0.01568030876832981
9.162486013193916e-8	-0.015527375763354969
8.799019151062848e-8	-0.015377397280543182
8.569983704587725e-8	-0.015230288375825848
8.29499500561215e-8	-0.015085967140135225
8.100776929294562e-8	-0.014944355736646748
7.786821024788893e-8	-0.014805377937254085
7.577638704327484e-8	-0.014668962228968994
7.344961596725264e-8	-0.014535037159939285
7.150074136959007e-8	-0.014403535030384058
6.930448080639251e-8	-0.014274391738138749
6.748862473900386e-8	-0.014147543824250437
6.516970663833499e-8	-0.014022930532475702
6.298536035820867e-8	-0.013900493452617051
6.065060805849898e-8	-0.013780176185829385
5.893941748949528e-8	-0.013661924951210012
5.730969391244956e-8	-0.01354568543661099
5.56269906339113e-8	-0.013431407665529194
5.3714955617972796e-8	-0.01331904236949267
5.180386483552013e-8	-0.013208542195111991
5.0713966238052915e-8	-0.013099860364432642
4.893212242633172e-8	-0.01299295294792295
4.665684929868741e-8	-0.012887776281132801
4.511318096762085e-8	-0.012784289628393642
4.404597148596201e-8	-0.012682452359386956
4.280805076948835e-8	-0.012582225022197082
4.0821715340411125e-8	-0.012483570061501293
3.9528549343975654e-8	-0.012386450275223138
3.8616009058295434e-8	-0.012290830551008745
3.670777706378803e-8	-0.012196676401933296
3.541670288744747e-8	-0.012103954253396191
3.419900003424625e-8	-0.012012632156755729
3.317941860404017e-8	-0.01192267829138305
3.1590262141772965e-8	-0.011834062013054944
3.057816676213521e-8	-0.011746754295272593
2.935571317492225e-8	-0.011660726309912746
2.8271793203338283e-8	-0.011575949674911129
2.7215482417813908e-8	-0.01149239722758473
2.601883307579156e-8	-0.011410043030679993
2.5042966868160656e-8	-0.011328862272649445
2.3890153624062105e-8	-0.011248828995518705
2.2693373837567867e-8	-0.011169919430726582
2.1513901857206364e-8	-0.01109211022566709
2.04808117714117e-8	-0.011015378587773036
1.990770101472639e-8	-0.010939702799574335
1.876547953328922e-8	-0.010865059899405326
1.7800792496031062e-8	-0.01079143043977032
1.6889140979547968e-8	-0.010718792879845167
1.6091976545529186e-8	-0.01064712831839697
1.5534891996898948e-8	-0.010576416509344738
1.4550982667888013e-8	-0.010506639305812648
1.3676843006960039e-8	-0.010437778190430022
1.278717745338831e-8	-0.010369815609766653
1.1657679771270857e-8	-0.010302733880498825
1.0716050332587602e-8	-0.010236515856617535
9.937698160522591e-9	-0.010171146084171249
9.660058110155801e-9	-0.010106607390121158
8.74232272057851e-9	-0.010042884109862234
8.004979536468949e-9	-0.00997996194055016
7.304834339677546e-9	-0.009917825912292443
6.565477629372208e-9	-0.009856460844536884
6.036180812246661e-9	-0.009795852902156173
5.209186130555877e-9	-0.009735988660269125
4.2353623607160885e-9	-0.009676854956900566
3.583829488196244e-9	-0.009618437738695553
3.1617733745437083e-9	-0.009560725621396166
2.449814524496663e-9	-0.009503705751935031
1.6662888457141813e-9	-0.009447365645376085
1.427520669861071e-9	-0.009391694145687478
5.896641088354304e-10	-0.009336679477292711
-1.828851514007468e-10	-0.009282310720771545
-7.051242003230929e-10	-0.009228577226254624
-1.3340045804000056e-9	-0.009175468615005584
-1.7089400071224059e-9	-0.009122974615835498
-2.4112470028592182e-9	-0.009071085203083315
-2.980313100264809e-9	-0.009019791360780568
-3.4617618630383707e-9	-0.008969083841700894
-4.2535717893366075e-9	-0.008918953738328007
-4.702728550326496e-9	-0.008869392679169964
-5.349509555513388e-9	-0.008820393493781173
-5.900043694462287e-9	-0.008771947827837035
-6.5792610795589735e-9	-0.00872404945792862
-7.33334458494217e-9	-0.008676692448684778
-7.815637793590069e-9	-0.008629870816044643
-8.31887558733757e-9	-0.008583580775653613
-8.7681101041015e-9	-0.008537818631477768
-9.650205937361545e-9	-0.008492583270283002
-1.0501319272543386e-8	-0.008447875492240449
-1.1203188300124013e-8	-0.008403698569835055
-1.1886048487441681e-8	-0.008360060473924806
-1.3034800133127078e-8	-0.008316974507017775
-1.4401980128342373e-8	-0.008274462650299807
-1.617936234878381e-8	-0.008232558779920686
-1.9002736103845842e-8	-0.008191314251552511
-2.2780792159304842e-8	-0.0081508010805771
-2.8311692002203073e-8	-0.008111096482239238
-3.7903511967535275e-8	-0.008072173133767162
-5.3553024702146517e-8	-0.00803326025605906
-6.800707338258106e-8	-0.00798937157200045
-6.78264115881011e-8	-0.007926130027495138
-5.344358871635091e-8	-0.007883377502139563
-3.8486180544877735e-8	-0.007846271902086878
-2.9767951627085457e-8	-0.007809855815737131
-2.5110968901276287e-8	-0.00777340466854284
-2.221671361781197e-8	-0.007736916293894673
-2.0285292410199276e-8	-0.007700481183667259
-1.934171878834601e-8	-0.007664178890201162
-1.879345243754882e-8	-0.0076280657316408415
-1.845980864848551e-8	-0.007592179423439604
-1.8529504665248942e-8	-0.007556545233143087
-1.8594033390467724e-8	-0.007521179623207436
-1.8552519601267025e-8	-0.007486093630065095
-1.8501751861421667e-8	-0.007451293818247468
-1.8789535879615293e-8	-0.0074167843418120275
-1.9039145278659797e-8	-0.00738256756268385
-1.9306655640005665e-8	-0.007348643726035403
-1.9384889322637823e-8	-0.007315012912089861
-1.9524349529781437e-8	-0.0072816735884947605
-1.9757966059752443e-8	-0.0072486242850726456
-1.9931165012876398e-8	-0.007215863364215021
-2.0238437441433278e-8	-0.007183387840299911
-2.032797427216626e-8	-0.0071511956244821335
-2.0620049794584096e-8	-0.00711928395321643
-2.0859442665083216e-8	-0.007087649864573345
-2.102195179879418e-8	-0.00705629034081698
-2.138249749544241e-8	-0.007025202655091798
-2.1594981802702806e-8	-0.006994383635062799
-2.1871347634172534e-8	-0.006963830143694539
-2.2010740720807e-8	-0.006933539159240403
-2.2121476277542352e-8	-0.006903507682547951
-2.2557417848101392e-8	-0.0068737327427321904
-2.2705230201930383e-8	-0.006844211097027298
-2.2895615128615268e-8	-0.00681494001608888
-2.323484195350667e-8	-0.006785916269786376
-2.346043408788523e-8	-0.006757136653724645
-2.3534864157198633e-8	-0.00672859887359504
-2.368705564005369e-8	-0.006700299523914999
-2.3981615632268083e-8	-0.006672235839944479
-2.418183431441845e-8	-0.006644405123865278
-2.4403102645875754e-8	-0.006616804680875684
-2.4611244924577225e-8	-0.006589431423740513
-2.4746687298177196e-8	-0.006562282577711307
-2.5152916076437438e-8	-0.006535355846586278
-2.5351726593458857e-8	-0.0065086485510592726
-2.5489479475326873e-8	-0.006482157617238609
-2.5560508837269015e-8	-0.006455880878153581
-2.5731518932153863e-8	-0.0064298156945714
-2.5913069863175986e-8	-0.006403959440509994
-2.6058991600214077e-8	-0.006378309753857831
-2.636273312941473e-8	-0.006352864128347228
-2.6581883398052455e-8	-0.006327620402425458
-2.676457317281611e-8	-0.006302575889230597
-2.6933660671185634e-8	-0.006277728590575963
-2.7049390333744317e-8	-0.006253075831869017
-2.7354095708737036e-8	-0.006228615855855798
-2.751367671647298e-8	-0.0062043459802662545
-2.7633424133710615e-8	-0.006180264161387792
-2.775469499461947e-8	-0.00615636824195065
-2.7895517102105585e-8	-0.006132656123151431
-2.8092916048466645e-8	-0.006109125809203772
-2.8231753485052913e-8	-0.006085774908157018
-2.841500160534749e-8	-0.006062601599777925
-2.8594804749226823e-8	-0.0060396039747457895
-2.8742343773785486e-8	-0.0060167800271528305
-2.8949371274716865e-8	-0.005994127676340376
-2.9014456003384483e-8	-0.005971644979679291
-2.922843815014731e-8	-0.005949330189129885
-2.939745829730334e-8	-0.005927181399728177
-2.9553808827398333e-8	-0.005905196680544171
-2.9573803379445707e-8	-0.005883374328977556
-2.9828113162261304e-8	-0.005861712520933072
-2.99998245511357e-8	-0.005840209491385767
-3.002766524377032e-8	-0.005818863600598929
-3.0222949614344684e-8	-0.005797673025262035
-3.045650271920608e-8	-0.005776636145362656
-3.0596608507427184e-8	-0.0057557512254184096
-3.060002765575831e-8	-0.005735016579547837
-3.0709636487524786e-8	-0.0057144307827398134
-3.095529781226847e-8	-0.005693992128393553
-3.1052994364116903e-8	-0.005673699156481017
-3.1158529793912097e-8	-0.005653550180399487
-3.131143174601725e-8	-0.005633543719680114
-3.1478765509912466e-8	-0.005613678263657419
-3.163747635134828e-8	-0.005593952487587214
-3.1701109116250017e-8	-0.00557436466093172
-3.179818361706555e-8	-0.005554913473702926
-3.188295711369915e-8	-0.005535597519663699
-3.205185149954826e-8	-0.005516415412884007
-3.217024379013056e-8	-0.005497365751795669
-3.233120803468048e-8	-0.005478447086118459
-3.244517063847319e-8	-0.0054596582245626385
-3.259858905279023e-8	-0.005440997820546675
-3.261984338219781e-8	-0.005422464387224113
-3.280727670155748e-8	-0.005404056806469774
-3.289790284088934e-8	-0.005385773719093499
-3.305368310620449e-8	-0.005367613951251746
-3.3055771640988495e-8	-0.005349576217588336
-3.322908277125225e-8	-0.005331659274305035
-3.334451637137526e-8	-0.005313861908200714
-3.345418503895026e-8	-0.005296182925112731
-3.355819517806835e-8	-0.005278621204161068
-3.3606353968540505e-8	-0.005261175581479537
-3.381952247186182e-8	-0.005243844905763813
-3.388517006128189e-8	-0.00522662802757563
-3.4012459446353115e-8	-0.005209523790048439
-3.4050433774412974e-8	-0.005192531170773037
-3.42405743448515e-8	-0.005175649005343803
-3.431048478449439e-8	-0.005158876378322963
-3.4416083421845435e-8	-0.00514221207062597
-3.4480797923341915e-8	-0.005125655022802967
-3.4583074268257356e-8	-0.005109204338579017
-3.464264703137987e-8	-0.005092858924352733
-3.477363870053041e-8	-0.005076617759966524
-3.489375525097538e-8	-0.005060479867641553
-3.5040595368840413e-8	-0.005044444280880005
-3.510995490796365e-8	-0.0050285101381240885
-3.517333028222325e-8	-0.005012676267526669
-3.524897430179919e-8	-0.004996941853782717
-3.5361789275845105e-8	-0.004981305959634819
-3.5480230095641386e-8	-0.004965767698999422
-3.548713937316928e-8	-0.00495032605711186
-3.5597237129048054e-8	-0.004934980220284659
-3.5784620578155345e-8	-0.004919729217921834
-3.5871114127244976e-8	-0.004904572314388882
-3.5891444151864295e-8	-0.004889508608565251
-3.594067815155255e-8	-0.00487453719372827
-3.610712163137353e-8	-0.004859657273124708
-3.617343654181426e-8	-0.004844867935816989
-3.6184882940731856e-8	-0.004830168425802827
-3.635439263284801e-8	-0.004815557927252119
-3.64324823861395e-8	-0.004801035612659798
-3.650282620200618e-8	-0.004786600761324784
-3.654511314276632e-8	-0.004772252529669723
-3.668260502113774e-8	-0.004757990120367637
-3.67307172329856e-8	-0.004743812861559368
-3.681652886083908e-8	-0.004729719983728088
-3.688302940451638e-8	-0.0047157106611107145
-3.6948190726066037e-8	-0.00470178414329457
-3.704024432161779e-8	-0.0046879397639485
-3.709830099617451e-8	-0.0046741769316179325
-3.718969557295338e-8	-0.00466049474671038
-3.72921596649034e-8	-0.004646892569938229
-3.739517614573806e-8	-0.004633369727522083
-3.747595854748376e-8	-0.004619925538691421
-3.7478259221435105e-8	-0.004606559410236345
-3.758409393108675e-8	-0.00459327042876727
-3.766133516898696e-8	-0.004580058208596254
-3.773183573075878e-8	-0.00456692189761666
-3.7784123053719034e-8	-0.004553861027999194
-3.779455216392225e-8	-0.004540874799459387
-3.788600888361415e-8	-0.004527962709103848
-3.795983874561593e-8	-0.004515124103300795
-3.803920462602251e-8	-0.004502358426202406
-3.8166771053738116e-8	-0.004489665018184781
-3.826169580335992e-8	-0.004477043242141947
-3.832792840872124e-8	-0.004464492709311451
-3.829929168810975e-8	-0.004452012628440173
-3.839671303860204e-8	-0.0044396024244217494
-3.84613146186541e-8	-0.0044272617194434025
-3.8520733639479947e-8	-0.004414989939806385
-3.859006033136714e-8	-0.0044027864020800426
-3.861935958572316e-8	-0.00439065062404449
-3.871049569592056e-8	-0.004378582144359161
-3.883395103799203e-8	-0.004366580495034905
-3.889412757985267e-8	-0.004354644966247602
-3.8908866061060367e-8	-0.0043427753348809555
-3.8985127873669704e-8	-0.004330971022701137
-3.907843126915722e-8	-0.004319231470254783
-3.905936142851174e-8	-0.004307556341306204
-3.9167960685942975e-8	-0.004295945118894791
-3.926504116406604e-8	-0.004284397415450872
-3.93106554744227e-8	-0.004272912852517694
-3.93808271098528e-8	-0.004261491062678219
-3.9397681484876216e-8	-0.004250131655646629
-3.94871934115526e-8	-0.004238834248929126
-3.954942846703391e-8	-0.004227598637218563
-3.959394054083298e-8	-0.004216424524514775
-3.9708893448137105e-8	-0.004205311649430777
-3.9749409228728716e-8	-0.004194259831155535
-3.9835718350683674e-8	-0.004183269122479692
-3.990207355688003e-8	-0.004172339277661903
-3.999930013389719e-8	-0.00416147049914107
-4.0115572014037813e-8	-0.004150663029333718
-4.017135672366168e-8	-0.004139917074779172
-4.023337297579532e-8	-0.0041292333262567685
-4.028424810125775e-8	-0.0041186124812036765
-4.0437760868511364e-8	-0.0041080558281025616
-4.058637917410679e-8	-0.004097565105284237
-4.070198672729286e-8	-0.004087142645216564
-4.081497758586794e-8	-0.004076791919775593
-4.104131643660192e-8	-0.004066517721383967
-4.132324454196312e-8	-0.004056327001556598
-4.1707960606551796e-8	-0.004046229703137907
-4.2351563518600035e-8	-0.0040362401923219726
-4.323569911925951e-8	-0.004026378145019641
-4.4559996269538664e-8	-0.004016664878222173
-4.690084963963615e-8	-0.004007096288703472
-5.076897268448955e-8	-0.003997483658084506
-5.437822869754916e-8	-0.003986583121747284
-5.435564595948073e-8	-0.003970772240517129
-5.0755294035975674e-8	-0.003960013714666168
-4.697366575963646e-8	-0.003950626947150496
-4.47419446437447e-8	-0.003941371636087101
-4.352674999730799e-8	-0.003932064771909099
-4.275285544709795e-8	-0.003922705306559935
-4.2220388948499555e-8	-0.003913316104491276
-4.193941026993109e-8	-0.003903917648829021
-4.1759198665181075e-8	-0.0038945247682993763
-4.163391763793989e-8	-0.0038851477048632036
-4.161398486730583e-8	-0.003875793616884336
-4.1592953090630046e-8	-0.0038664674644572636
-4.154403244951421e-8	-0.0038571728518307824
-4.149264249946327e-8	-0.003847912248275292
-4.153189276592251e-8	-0.0038386875126622515
-4.15616648353101e-8	-0.003829500044926252
-4.159696946278158e-8	-0.0038203506873108833
-4.158163846506025e-8	-0.003811240241197324
-4.158327815157459e-8	-0.0038021690713355392
-4.161112481053109e-8	-0.003793137554622253
-4.1623005168295315e-8	-0.003784146017235919
-4.1672415175419975e-8	-0.0037751944075098535
-4.166225639614107e-8	-0.003766282910468649
-4.17088109616659e-8	-0.0037574115153690096
-4.174140893563605e-8	-0.0037485801448947733
-4.175306093576192e-8	-0.0037397886940198698
-4.182104050930447e-8	-0.0037310371273072663
-4.1848013900147584e-8	-0.0037223252722728803
-4.1893736019832376e-8	-0.0037136529532363852
-4.190107408607591e-8	-0.003705020014467388
-4.1900605187344956e-8	-0.003696426294235731
-4.1994084329644026e-8	-0.0036878716265541984
-4.200538309173108e-8	-0.003679355754588423
-4.20294572783253e-8	-0.0036708785569194422
-4.209740549981911e-8	-0.0036624397550628907
-4.2132979636277936e-8	-0.0036540390645551984
-4.2124770160423264e-8	-0.0036456764547218917
-4.2139727308887486e-8	-0.0036373515581675534
-4.2197225072510004e-8	-0.0036290641827415628
-4.222745156954866e-8	-0.0036208141447649496
-4.226448029792662e-8	-0.0036126012503469498
-4.2298156871678485e-8	-0.0036044251770711512
-4.231054016644031e-8	-0.0035962856835065624
-4.240493367504428e-8	-0.003588182661025123
-4.2437548122070683e-8	-0.003580115875755115
-4.2452134250936526e-8	-0.003572084962954039
-4.2446762450176756e-8	-0.0035640898215154593
-4.247220281795028e-8	-0.0035561301971056636
-4.2501329433902726e-8	-0.0035482058286023916
-4.251994729073117e-8	-0.0035403165253913614
-4.2587755605610904e-8	-0.003532462042655465
-4.263004976391427e-8	-0.003524642232284169
-4.266153638893822e-8	-0.003516856773842516
-4.268923909836464e-8	-0.0035091055510510644
-4.270064362328907e-8	-0.003501388227499497
-4.27718274812805e-8	-0.0034937047444467276
-4.279791447168724e-8	-0.0034860547441065643
-4.281179053300943e-8	-0.0034784380600032245
-4.2826473164192524e-8	-0.0034708544813439597
-4.284771540213339e-8	-0.0034633038072669777
-4.288742664134704e-8	-0.0034557858614282047
-4.290881914558731e-8	-0.00344830033226782
-4.2944875343797764e-8	-0.0034408470827132186
-4.298026783317033e-8	-0.0034334259396435417
-4.300563844015781e-8	-0.0034260366909891027
-4.305073286901551e-8	-0.0034186790923282054
-4.3049997138988605e-8	-0.0034113529359473213
-4.309820805755704e-8	-0.003404058070094523
-4.313215731306941e-8	-0.0033967942845421206
-4.3162341118874185e-8	-0.003389561352923678
-4.314783566013447e-8	-0.0033823591166654
-4.321112453568588e-8	-0.0033751873701809956
-4.3247521411465816e-8	-0.0033680459203072033
-4.323632319800375e-8	-0.003360934608711269
-4.3281281315221686e-8	-0.003353853209171292
-4.3339539675196774e-8	-0.0033468015565150206
-4.336686370974841e-8	-0.0033397794403315795
-4.334836102581341e-8	-0.003332786660140102
-4.3365891453794885e-8	-0.003325823097223276
-4.3429925696281125e-8	-0.0033188885316421386
-4.344408440166703e-8	-0.0033119828208045604
-4.346117053289911e-8	-0.0033051057389994905
-4.3494755364431596e-8	-0.0032982571245976653
-4.353366460467245e-8	-0.0032914367998436553
-4.356998286680347e-8	-0.0032846446452320303
-4.357378715532101e-8	-0.003277880395814846
-4.3589365778745616e-8	-0.0032711439257771674
-4.360090662118843e-8	-0.0032644350707892954
-4.364200653909079e-8	-0.0032577536681900007
-4.366582253583773e-8	-0.0032510995445198276
-4.3704851567527575e-8	-0.0032444725038488645
-4.372771079624305e-8	-0.0032378724357886696
-4.376475771543653e-8	-0.003231299170623649
-4.375539971999132e-8	-0.0032247524838833978
-4.380507268516576e-8	-0.003218232276195721
-4.38207233660004e-8	-0.003211738358208713
-4.385982964005275e-8	-0.003205270601505415
-4.384432109942327e-8	-0.0031988288333415953
-4.3890256034606616e-8	-0.003192412891006537
-4.3915759000145994e-8	-0.0031860226180890246
-4.393944695328389e-8	-0.003179657860462301
-4.396134263328633e-8	-0.0031733184859931113
-4.3963236351263204e-8	-0.003167004342759226
-4.402522345602345e-8	-0.0031607152790308984
-4.403391098448673e-8	-0.0031544511394509204
-4.4065279960642245e-8	-0.0031482117616460307
-4.406422109115571e-8	-0.003141997028161359
-4.411914229820457e-8	-0.0031358067656035373
-4.413020496982778e-8	-0.0031296408878866214
-4.4154606822621736e-8	-0.0031234991934787227
-4.4164119902356804e-8	-0.0031173815353808714
-4.4187722282967856e-8	-0.0031112878231958976
-4.4195676056341115e-8	-0.003105217889849834
-4.423039797472051e-8	-0.0030991715916111147
-4.426133693750112e-8	-0.0030931487968295754
-4.430254410610624e-8	-0.0030871493744902005
-4.4314963868286044e-8	-0.0030811732294410113
-4.432529393684215e-8	-0.0030752201465731356
-4.43404043763862e-8	-0.0030692900410359174
-4.436975016959277e-8	-0.003063382778876339
-4.440146877904838e-8	-0.0030574982421335216
-4.439104693695906e-8	-0.0030516362607162506
-4.441998421849114e-8	-0.0030457967374612326
-4.447867109063641e-8	-0.0030399795123368187
-4.4499108443546435e-8	-0.0030341845117455904
-4.449434911635853e-8	-0.0030284115959397376
-4.450077553313503e-8	-0.0030226606197718336
-4.455250454806214e-8	-0.0030169314772261675
-4.4565876267149695e-8	-0.003011224015310068
-4.45581480316204e-8	-0.003005538137772008
-4.461182591699587e-8	-0.002999873722431382
-4.4630268498485615e-8	-0.002994230639656594
-4.464586163707707e-8	-0.0029886087985129123
-4.465064365684613e-8	-0.0029830080574806943
-4.469282092633975e-8	-0.0029774282901640693
-4.470018344011062e-8	-0.002971869416595011
-4.4722491725912585e-8	-0.0029663313160056873
-4.47373651533245e-8	-0.0029608138427339474
-4.475185471963239e-8	-0.002955316877987464
-4.4777136444107416e-8	-0.0029498403336342227
-4.478911274032882e-8	-0.00294438414891778
-4.481447911422465e-8	-0.0029389481384394568
-4.484444226918183e-8	-0.0029335322174241876
-4.487483142852078e-8	-0.002928136285082706
-4.489652395325839e-8	-0.002922760235477641
-4.488689691820036e-8	-0.0029174039954290914
-4.49189236073011e-8	-0.0029120673609714658
-4.49396391609902e-8	-0.002906750337585646
-4.495778966987496e-8	-0.0029014527410972124
-4.4968717489529685e-8	-0.002896174539866137
-4.496279145966287e-8	-0.0028909155658478456
-4.4989824962171636e-8	-0.002885675769068349
-4.5009863456008105e-8	-0.0028804550364528846
-4.503230931812708e-8	-0.002875253292575634
-4.507461477827879e-8	-0.002870070417682799
-4.510378752868305e-8	-0.0028649062989938552
-4.512136843818349e-8	-0.002859760923476554
-4.5100069026360326e-8	-0.0028546341112467666
-4.5130690582995125e-8	-0.0028495257688011697
-4.514794604629225e-8	-0.002844435882151909
-4.516318744625103e-8	-0.002839364354970245
-4.5182658149650616e-8	-0.002834311043499869
-4.518564032738315e-8	-0.0028292758852601478
-4.521442784858887e-8	-0.0028242588248246084
-4.5256861374215475e-8	-0.002819259802431698
-4.5273083373631455e-8	-0.0028142786557080095
-4.5270404642361316e-8	-0.002809315423641963
-4.5293575443350334e-8	-0.0028043699955064773
-4.5324051074630004e-8	-0.002799442266538103
-4.53073913039892e-8	-0.0027945322240798074
-4.5344572132238747e-8	-0.002789639778102569
-4.5377080496350477e-8	-0.0027847648915343276
-4.53879761290743e-8	-0.0027799075298544675
-4.540938032498998e-8	-0.002775067661950994
-4.5408260678858614e-8	-0.0027702452457520122
-4.5438121715679626e-8	-0.0027654402411940284
-4.545651083898705e-8	-0.0027606526825056463
-4.546744417838755e-8	-0.0027558825644375773
-4.5508624807177877e-8	-0.0027511298955408205
-4.551807966654553e-8	-0.0027463947180255363
-4.554729411403447e-8	-0.002741677173818073
-4.556807388051421e-8	-0.002736977276415663
-4.560228770987829e-8	-0.0027322952317185493
-4.564489972938568e-8	-0.0027276312634200023
-4.5661532457674796e-8	-0.002722985580328957
-4.568097327601328e-8	-0.0027183586017061386
-4.5695687605279425e-8	-0.002713750751699966
-4.5755153862880875e-8	-0.0027091627136002615
-4.581273916055562e-8	-0.002704595370541868
-4.585615475445892e-8	-0.0027000498701786526
-4.589862499440045e-8	-0.0026955278653831715
-4.599093963193468e-8	-0.0026910315978674318
-4.610800962083772e-8	-0.0026865642711168705
-4.627070830121594e-8	-0.0026821304242985954
-4.654800945985138e-8	-0.0026777365739981632
-4.693239390519688e-8	-0.0026733916216140157
-4.751261128463913e-8	-0.0026691052518950115
-4.8544760319313433e-8	-0.002664875960937702
-5.025753734108074e-8	-0.00266062038043621
-5.186110134878241e-8	-0.0026557859866912265
-5.185441050264972e-8	-0.00264875847660673
-5.0253484803763906e-8	-0.002643966159528909
-4.856633564869206e-8	-0.002639777498871233
-4.7566517502367624e-8	-0.002635641024067007
-4.701861902405291e-8	-0.00263147505465102
-4.66668859407382e-8	-0.002627278987063417
-4.6422494009390474e-8	-0.002623062958426447
-4.629050528067169e-8	-0.0026188361019427973
-4.6203537936739814e-8	-0.0026146050626345723
-4.614112195148179e-8	-0.0026103744584526837
-4.61261712357608e-8	-0.0026061475430796377
-4.611071009292256e-8	-0.0026019265955782305
-4.608258241836083e-8	-0.002597713294465513
-4.605327712347563e-8	-0.002593508813100697
-4.6065157553332184e-8	-0.0025893140542520145
-4.6072787923623354e-8	-0.002585129716899561
-4.608300210127703e-8	-0.002580956249486196
-4.6070131004222195e-8	-0.002576794084183828
-4.606502424229775e-8	-0.0025726434555198734
-4.607195072968695e-8	-0.0025685046046146293
-4.607159917665027e-8	-0.0025643777503430616
-4.608854075069391e-8	-0.002560262938672644
-4.607812358373154e-8	-0.0025561603244371464
-4.609387271809485e-8	-0.0025520699726330337
-4.610325125338766e-8	-0.002547991917427825
-4.6102997409230854e-8	-0.0025439261798996895
-4.6128878031159725e-8	-0.002539872813090714
-4.613583441407387e-8	-0.002535831806222627
-4.6151556014450984e-8	-0.0025318031465532305
-4.614948547789211e-8	-0.0025277868300842858
-4.614379743818065e-8	-0.0025237828495460655
-4.6181988865318105e-8	-0.0025197911951850946
-4.6181894427593795e-8	-0.002515811814269033
-4.6187810185527316e-8	-0.00251184471671976
-4.6214347000339555e-8	-0.002507889838422198
-4.6225785000242325e-8	-0.0025039471116432652
-4.621669228657699e-8	-0.0025000165871919932
-4.62185110590263e-8	-0.00249609815714397
-4.624042957896424e-8	-0.0024921917951907673
-4.624955516193685e-8	-0.002488297478454405
-4.6261952798198896e-8	-0.002484415178682504
-4.6272823218279636e-8	-0.0024805448061666294
-4.627365134309836e-8	-0.002476686308699446
-4.6313463988584274e-8	-0.0024728396964638307
-4.632402697070104e-8	-0.0024690049197223416
-4.6326058161699773e-8	-0.002465181865721576
-4.6318599012895594e-8	-0.0024613705464504644
-4.632586309037401e-8	-0.0024575709003827385
-4.633493496790653e-8	-0.0024537828620238102
-4.633902428770043e-8	-0.002450006398911668
-4.6366742783754416e-8	-0.002446241452034297
-4.6382307779291315e-8	-0.002442488008135596
-4.6392740797124304e-8	-0.002438745970638459
-4.6401403749812834e-8	-0.002435015340404067
-4.640225432426814e-8	-0.00243129601177895
-4.643199929296183e-8	-0.0024275880122740703
-4.644003848595091e-8	-0.002423891224592906
-4.644221149660566e-8	-0.0024202056230971194
-4.644480188770173e-8	-0.0024165311601801157
-4.645060790344213e-8	-0.0024128677924679315
-4.6465430738790174e-8	-0.00240921548793785
-4.647139745859175e-8	-0.0024055741482484527
-4.648454840147087e-8	-0.0024019437592580246
-4.649743212083446e-8	-0.0023983242888351193
-4.650547426001684e-8	-0.0023947156853245605
-4.652320986757164e-8	-0.002391117880655618
-4.651855693953433e-8	-0.0023875308240742976
-4.653792644536692e-8	-0.0023839544917079393
-4.655036068060836e-8	-0.002380388830530197
-4.656099413772874e-8	-0.002376833779000618
-4.654967070029659e-8	-0.002373289308351298
-4.657669651683128e-8	-0.0023697553661859287
-4.6590533957791005e-8	-0.00236623190568081
-4.65809002228923e-8	-0.002362718896708637
-4.6599055540375025e-8	-0.0023592162750931322
-4.662386561090637e-8	-0.002355724006309862
-4.66334093648324e-8	-0.0023522420329324203
-4.662022867304439e-8	-0.0023487703019025178
-4.6624959097052445e-8	-0.0023453088002922274
-4.6652879849445885e-8	-0.002341857464425036
-4.6656017877133586e-8	-0.0023384162686118557
-4.6660631122819044e-8	-0.00233498514526781
-4.6673548434056356e-8	-0.0023315640582610665
-4.668916455680128e-8	-0.002328152962925179
-4.670353891393919e-8	-0.0023247518433226577
-4.670165631322498e-8	-0.0023213606102177164
-4.670570077106029e-8	-0.0023179792435692823
-4.67077424412321e-8	-0.0023146077036228624
-4.672468638403649e-8	-0.002311245951025413
-4.6732977450480995e-8	-0.0023078939405490207
-4.6748982898825457e-8	-0.0023045516151674185
-4.675687377631022e-8	-0.0023012189605600987
-4.677197605612027e-8	-0.002297895932098398
-4.676363041617449e-8	-0.0022945824569724224
-4.678521232724387e-8	-0.0022912785252281426
-4.678958948259315e-8	-0.00228798408096
-4.680591520520583e-8	-0.0022846990987403434
-4.6794507479269726e-8	-0.0022814235302465306
-4.6814385961291285e-8	-0.0022781573318182285
-4.682390744297771e-8	-0.0022749004625860574
-4.683254050714681e-8	-0.002271652882440914
-4.6840292536792785e-8	-0.0022684145621150167
-4.68378420971749e-8	-0.002265185461866505
-4.68661866797171e-8	-0.0022619655416614495
-4.686727669419577e-8	-0.002258754759210143
-4.688002892027088e-8	-0.0022555530682256118
-4.687615599989759e-8	-0.0022523604450944658
-4.690109615329008e-8	-0.002249176837109616
-4.6903513280022185e-8	-0.0022460022361033825
-4.6912829590956e-8	-0.0022428365741333054
-4.6914494416272493e-8	-0.0022396798109149897
-4.692345990048308e-8	-0.0022365319350442824
-4.69243618967552e-8	-0.002233392895199824
-4.6939145206453816e-8	-0.002230262651733392
-4.6952014326723246e-8	-0.002227141170901152
-4.697025638041863e-8	-0.0022240284189510326
-4.6973590666932186e-8	-0.002220924380438447
-4.69758582445412e-8	-0.002217828977259875
-4.698063475496728e-8	-0.002214742198631814
-4.6992857100380816e-8	-0.002211664007944387
-4.7006356225137716e-8	-0.002208594376598781
-4.699788123523341e-8	-0.002205533248459729
-4.7009987534402114e-8	-0.002202480605122629
-4.703770904047611e-8	-0.0021994363950140314
-4.704545339636046e-8	-0.002196400611473893
-4.704000724918278e-8	-0.002193373212938623
-4.7040436862588743e-8	-0.002190354154662772
-4.706470036334176e-8	-0.0021873434121209333
-4.7068837288904986e-8	-0.0021843409357983927
-4.706187951011853e-8	-0.0021813467057041377
-4.7087306573745385e-8	-0.0021783606879294524
-4.709419405257709e-8	-0.0021753828443285424
-4.7099602499184326e-8	-0.0021724131568950354
-4.709931510805676e-8	-0.0021694515806268697
-4.711884248226883e-8	-0.0021664980781948015
-4.7119965884306897e-8	-0.002163552636568687
-4.712903437468774e-8	-0.0021606152208722093
-4.713418365503985e-8	-0.0021576857827057204
-4.713915076275388e-8	-0.0021547642876142007
-4.714988292827127e-8	-0.0021518507171744234
-4.715355968725743e-8	-0.002148945067330768
-4.716439649762872e-8	-0.0021460472673873764
-4.7177719882834926e-8	-0.002143157299942149
-4.71913088808118e-8	-0.002140275138825055
-4.720028326612447e-8	-0.0021374007548651043
-4.719251655501133e-8	-0.0021345341361776794
-4.720707070801078e-8	-0.0021316752005928158
-4.721559577776646e-8	-0.002128823977851501
-4.722277143223708e-8	-0.002125980395822251
-4.7226088828739025e-8	-0.0021231444639550367
-4.722035307142547e-8	-0.002120316118205517
-4.723237022520866e-8	-0.0021174953577417647
-4.724064931783123e-8	-0.002114682147578804
-4.72502530815766e-8	-0.0021118764727833593
-4.727061410111921e-8	-0.0021090782942918967
-4.728391696742773e-8	-0.002106287576531753
-4.729099578716922e-8	-0.0021035043376593705
-4.727702612429274e-8	-0.0021007285053773403
-4.7291194777154826e-8	-0.0020979600538342425
-4.72981462939337e-8	-0.0020951990001126016
-4.730402560758629e-8	-0.0020924453165050943
-4.731222544613334e-8	-0.0020896989492909064
-4.731147681624193e-8	-0.002086959888662121
-4.7324793927489006e-8	-0.002084228128497872
-4.734558584290616e-8	-0.0020815036601718596
-4.735212001929501e-8	-0.002078786418905617
-4.7348350864501176e-8	-0.0020760764495637006
-4.7358718337453536e-8	-0.0020733737151994594
-4.737311047690596e-8	-0.0020706781818780836
-4.7361718903504714e-8	-0.0020679898658801476
-4.7379835119598645e-8	-0.002065308741011482
-4.739542965821464e-8	-0.002062634809931333
-4.739918899255291e-8	-0.0020599680765968965
-4.740874234537285e-8	-0.0020573085467422824
-4.740592692685231e-8	-0.002054656219980291
-4.742017683601607e-8	-0.0020520110969173117
-4.742813825236447e-8	-0.002049373219004804
-4.743200907375567e-8	-0.0020467426059510613
-4.745259857941164e-8	-0.002044119285044517
-4.7455696480908085e-8	-0.002041503302163834
-4.7469740161709685e-8	-0.0020388947584056606
-4.74791462195201e-8	-0.0020362936839995907
-4.749602252863139e-8	-0.0020337002157965038
-4.7517594493062814e-8	-0.0020311145008855666
-4.7524789736813625e-8	-0.0020285366784899383
-4.75335650923503e-8	-0.0020259670051396834
-4.7539734673968104e-8	-0.0020234057408538447
-4.7570832793669695e-8	-0.002020853290670724
-4.7600944761472256e-8	-0.002018310172230546
-4.762321555258353e-8	-0.002015777052310384
-4.764500330107224e-8	-0.002013254881770295
-4.769467590159948e-8	-0.0020107449434534053
-4.7758279367299264e-8	-0.0020082490620460707
-4.7847526484468e-8	-0.002005769815539204
-4.800110325195451e-8	-0.0020033108977107507
-4.8214960761150396e-8	-0.0020008773510861865
-4.853902761501328e-8	-0.001998474674239719
-4.91173484808205e-8	-0.0019961021027548936
-5.007905320669748e-8	-0.001993712873801713
-5.098095644932022e-8	-0.001990996253425117
-5.0978133959211914e-8	-0.0019870429169320694
-5.007734377517892e-8	-0.001984344047573726
-4.912645071580291e-8	-0.001981983050051822
-4.856176871686491e-8	-0.0019796496343335327
-4.825133560777406e-8	-0.001977297749107073
-4.805125023024104e-8	-0.001974927009066135
-4.791155416554172e-8	-0.0019725431027253805
-4.783525906179587e-8	-0.001970151169314022
-4.77843500036379e-8	-0.001967754955526478
-4.774728423379005e-8	-0.0019653570711367038
-4.773709817331717e-8	-0.0019629593603759667
-4.772661137911194e-8	-0.0019605631200272982
-4.7708914468708176e-8	-0.0019581693097709867
-4.769052655943518e-8	-0.0019557786050459812
-4.7695560199001455e-8	-0.0019533915294108724
-4.769818723656672e-8	-0.0019510084919753883
-4.7702295974916265e-8	-0.0019486297602744227
-4.769324679261833e-8	-0.0019462555933699567
-4.7688622799252344e-8	-0.0019438861382324998
-4.76908740722426e-8	-0.0019415215460188723
-4.768897364729186e-8	-0.001939161955583429
-4.76969750956624e-8	-0.0019368074071938648
-4.768932199499809e-8	-0.0019344580035530318
-4.7696664815044535e-8	-0.0019321137961218005
-4.770037007655881e-8	-0.0019297748187781748
-4.769855537625767e-8	-0.0019274410979310435
-4.7711762484953237e-8	-0.0019251126783790852
-4.771411143015825e-8	-0.0019227895682994644
-4.7721515825305265e-8	-0.0019204717747040598
-4.7718689760839485e-8	-0.001918159309604468
-4.77137788921167e-8	-0.0019158521831024542
-4.773417979561101e-8	-0.0019135504038409292
-4.773251441897442e-8	-0.0019112539556148623
-4.773432504513453e-8	-0.0019089628583112373
-4.77480656302709e-8	-0.001906677089012212
-4.775309612014556e-8	-0.0019043966225779961
-4.7746253210684266e-8	-0.0019021215023733928
-4.7745728080300645e-8	-0.0018998516798571672
-4.7756863165043795e-8	-0.0018975871536114526
-4.776059795168486e-8	-0.001895327924150423
-4.776624123336015e-8	-0.0018930739888063024
-4.777101282815721e-8	-0.0018908253091341081
-4.776995381334248e-8	-0.0018885818683268259
-4.779159255412502e-8	-0.0018863436857851097
-4.779622887698954e-8	-0.0018841107460119627
-4.779590458902638e-8	-0.0018818829966738588
-4.779004909708506e-8	-0.0018796604579966168
-4.779278624365002e-8	-0.0018774431072953331
-4.779658605715831e-8	-0.0018752309194460556
-4.779748554035179e-8	-0.0018730238885088769
-4.781221543268544e-8	-0.0018708219929413428
-4.7819856713460233e-8	-0.0018686252378725336
-4.782450509243641e-8	-0.0018664335795804483
-4.7828129269816834e-8	-0.0018642470312888676
-4.782717939849635e-8	-0.001862065543716183
-4.784319781911961e-8	-0.001859889145573598
-4.784649099592309e-8	-0.0018577177805197147
-4.784634428791068e-8	-0.0018555514458956479
-4.784644908712998e-8	-0.0018533901260582714
-4.784845130392235e-8	-0.001851233807762727
-4.785577367115712e-8	-0.0018490824843651393
-4.785788822277981e-8	-0.001846936110047146
-4.7864252363799544e-8	-0.0018447946885052802
-4.7870469893840364e-8	-0.0018426582127610345
-4.787384103518422e-8	-0.0018405266642410223
-4.788295308293389e-8	-0.001838400014566102
-4.7878835809034293e-8	-0.001836278245473492
-4.7888939278178944e-8	-0.0018341613545225955
-4.78949533419093e-8	-0.0018320493219439098
-4.789991331559107e-8	-0.0018299421228197073
-4.789185456906542e-8	-0.0018278397515609228
-4.7906559732147084e-8	-0.0018257421884915832
-4.791345393682645e-8	-0.0018236494171466643
-4.7906407029579826e-8	-0.0018215614308961046
-4.7915886634569695e-8	-0.001819478202792519
-4.792934785376457e-8	-0.0018173997234228261
-4.793373592907879e-8	-0.001815325969661491
-4.7924587039616106e-8	-0.0018132569208802736
-4.7926114409307944e-8	-0.0018111925802943628
-4.7941492415820574e-8	-0.0018091329207892397
-4.794209013164741e-8	-0.0018070779378247853
-4.7943582155984824e-8	-0.0018050276017698142
-4.795003241661045e-8	-0.0018029819016731389
-4.7958118783775206e-8	-0.0018009408214209345
-4.7965476873701455e-8	-0.001798904362012718
-4.7963100498932267e-8	-0.001796872480479403
-4.7964286441232185e-8	-0.0017948451752012446
-4.7964273204698094e-8	-0.0017928224326781638
-4.797321411981193e-8	-0.0017908042395796647
-4.797696911247318e-8	-0.0017887905789685256
-4.798537295119809e-8	-0.0017867814267297252
-4.7988908819202036e-8	-0.001784776784344701
-4.799679449692951e-8	-0.001782776635008142
-4.799056796411239e-8	-0.0017807809448565646
-4.8002379624650926e-8	-0.0017787897177961832
-4.800383246278406e-8	-0.0017768029299801598
-4.801250235467181e-8	-0.0017748205758659637
-4.800443497021134e-8	-0.0017728426360268583
-4.8015272119772415e-8	-0.0017708690937687681
-4.80198624639272e-8	-0.0017688999340063946
-4.802392349681495e-8	-0.0017669351420360213
-4.802746110055267e-8	-0.0017649747096586692
-4.8024824543874136e-8	-0.0017630186222549746
-4.804085885372622e-8	-0.001761066864964242
-4.8040382812636344e-8	-0.0017591194214850458
-4.8046989815103696e-8	-0.001757176273012716
-4.8043509579792645e-8	-0.0017552374144325599
-4.805754103487381e-8	-0.0017533028228996297
-4.805789616948997e-8	-0.0017513725025676409
-4.806245306263613e-8	-0.0017494464211883802
-4.8062359494249756e-8	-0.0017475245632393738
-4.806671744507774e-8	-0.0017456069307286914
-4.806616918247575e-8	-0.001743693501295397
-4.80740920701217e-8	-0.0017417842596157485
-4.8080859458704555e-8	-0.0017398791938937582
-4.809092053886244e-8	-0.0017379782922716915
-4.809188508642093e-8	-0.0017360815540213876
-4.809220208409904e-8	-0.0017341889400553396
-4.809405731261429e-8	-0.0017323004523594864
-4.8100477809098766e-8	-0.0017304160770777934
-4.810769286541783e-8	-0.001728535805197656
-4.810144647688364e-8	-0.0017266596107727542
-4.810782166011496e-8	-0.0017247874909077571
-4.8123793013671315e-8	-0.0017229194223110779
-4.812751766566925e-8	-0.001721055409190353
-4.812314220808412e-8	-0.0017191954342811364
-4.812237728444857e-8	-0.0017173394782958532
-4.813628058314423e-8	-0.0017154875343083546
-4.813781279351393e-8	-0.0017136395799617699
-4.8132513882331866e-8	-0.0017117956110062004
-4.8147173846008196e-8	-0.0017099556145727156
-4.815042157092497e-8	-0.0017081195751214924
-4.815276222280285e-8	-0.0017062874894741167
-4.815159159951566e-8	-0.001704459337748327
-4.816266507966516e-8	-0.001702635104725976
-4.8162376435412216e-8	-0.0017008147901514381
-4.816700466433455e-8	-0.00169899838022178
-4.816921596533241e-8	-0.001697185852707943
-4.817132026107008e-8	-0.0016953771939366953
-4.8177002759081105e-8	-0.001693572400110572
-4.8178318696334713e-8	-0.0016917714763026318
-4.8184081876123664e-8	-0.0016899743862321028
-4.819139808953099e-8	-0.0016881811265876412
-4.81988902699515e-8	-0.0016863916885772427
-4.820352525004568e-8	-0.0016846060614991083
-4.819776013470501e-8	-0.0016828242453490153
-4.8205877437279553e-8	-0.0016810461963701405
-4.8210253406333336e-8	-0.001679271940341506
-4.8213796509599676e-8	-0.0016775014396289035
-4.821494303955398e-8	-0.0016757347073233482
-4.821044875388259e-8	-0.0016739717107002736
-4.8217026932984023e-8	-0.0016722124563664533
-4.822128206946608e-8	-0.0016704569296039098
-4.8226372108595153e-8	-0.00166870512815977
-4.8238192417476844e-8	-0.0016669570346701634
-4.824561808537964e-8	-0.0016652126338964738
-4.8249153400170555e-8	-0.0016634719441460707
-4.823952692845635e-8	-0.001661734927130145
-4.824751202710531e-8	-0.001660001573541253
-4.825098706247033e-8	-0.0016582719009261215
-4.825380983891625e-8	-0.0016565458987645942
-4.825806705014979e-8	-0.0016548235401805545
-4.825672713174578e-8	-0.0016531048257626712
-4.8264222246280354e-8	-0.0016513897584036685
-4.827642532850285e-8	-0.0016496783394031622
-4.827967934217803e-8	-0.0016479705347370627
-4.827645914134982e-8	-0.0016462663792531957
-4.8282134870530903e-8	-0.0016445658563626726
-4.829035449835928e-8	-0.0016428689513159939
-4.8282339233246544e-8	-0.0016411756809453955
-4.829291984320694e-8	-0.001639486035320827
-4.830192279969281e-8	-0.001637800022667878
-4.8303469884136696e-8	-0.0016361176520263148
-4.8308677043340524e-8	-0.0016344389335540064
-4.830608082688204e-8	-0.0016327638735408765
-4.83142710626161e-8	-0.0016310924788957857
-4.831849318711057e-8	-0.0016294247823498025
-4.8320135058493864e-8	-0.001627760802922163
-4.8332364565328856e-8	-0.0016261005644492852
-4.833353106451499e-8	-0.0016244441025684386
-4.8341635652338067e-8	-0.0016227914879628081
-4.834681202653957e-8	-0.0016211427465045146
-4.835673380108596e-8	-0.0016194979717367483
-4.83696502482589e-8	-0.001617857263868397
-4.837345114646063e-8	-0.001616220718301216
-4.837826220274178e-8	-0.00161458850513915
-4.8381424923843454e-8	-0.0016129607970292582
-4.8400447717128484e-8	-0.001611337859184295
-4.8418864737631576e-8	-0.0016097200289880416
-4.843230956994571e-8	-0.0016081077394383702
-4.8445463414314996e-8	-0.0016065016053477025
-4.847640430862277e-8	-0.0016049024543319669
-4.851626155613076e-8	-0.0016033114611623473
-4.857252140325619e-8	-0.0016017302835421349
-4.8669903453651964e-8	-0.0016001612946946872
-4.8805881880370495e-8	-0.001598607733919481
-4.901241702852111e-8	-0.0015970731383641928
-4.93816996176899e-8	-0.0015955570484117614
-4.9996566893806274e-8	-0.0015940295830189754
-5.057378161331672e-8	-0.0015922918818155015
-5.0572336845777776e-8	-0.0015897614473887104
-4.9995691483639697e-8	-0.001588032834687998
-4.9386360631453743e-8	-0.0015865198236993496
-4.902405997177506e-8	-0.0015850237812489087
-4.8824504159489246e-8	-0.0015835151904662955
-4.8695577491031374e-8	-0.0015819937856698981
-4.860530190388679e-8	-0.0015804632010372405
-4.8555673073374944e-8	-0.0015789267251261718
-4.8522314088933487e-8	-0.0015773867579504221
-4.849782637957323e-8	-0.0015758449731441402
-4.8490610760693055e-8	-0.0015743025550971717
-4.848319620508468e-8	-0.0015727603381330687
-4.847113335124665e-8	-0.001571218941107404
-4.845861582645217e-8	-0.0015696788009364505
-4.846118564370561e-8	-0.001568140257474537
-4.846220677170999e-8	-0.0015666035774147557
-4.846418932724639e-8	-0.0015650689366081458
-4.8457678527452644e-8	-0.0015635365057659317
-4.845402285765799e-8	-0.0015620063835201945
-4.845480885745102e-8	-0.001560478671387898
-4.845291156798104e-8	-0.0015589534631195972
-4.8457422993769544e-8	-0.0015574307888593696
-4.8451803664961716e-8	-0.0015559107192129329
-4.845589334590006e-8	-0.0015543932917190253
-4.845763196553166e-8	-0.001552878532593268
