-3.742078526218773e-8	0.0015528785433714903
-3.74269528476634e-8	0.0015543933096428468
-3.743023281351787e-8	0.0015559107380401318
-3.7428501624986457e-8	0.0015574307987697748
-3.741807052808355e-8	0.0015589534805124756
-3.742406206882487e-8	0.0015604787064184289
-3.742838285880068e-8	0.001562006417042451
-3.7438383870574965e-8	0.0015635365346237473
-3.743467439817905e-8	0.0015650689736828574
-3.743748968857985e-8	0.0015666036189945127
-3.743374434493907e-8	0.0015681403231262484
-3.744389515478175e-8	0.001569678872071829
-3.745271339503642e-8	0.0015712190333925951
-3.7458798509037995e-8	0.001572760446268986
-3.7470053535199056e-8	0.0015743026950600823
-3.7478764590576086e-8	0.0015758451630565613
-3.7499493741205424e-8	0.00157738701973737
-3.753401012923097e-8	0.001578927093636783
-3.759387303925443e-8	0.0015804637139295325
-3.7683331036514337e-8	0.0015819945308578524
-3.779961487521133e-8	0.0015835163380623506
-3.7991244710061656e-8	0.0015850255848165295
-3.8319072413883774e-8	0.0015865225981902503
-3.880728897052155e-8	0.0015880362874663623
-3.9060240315247357e-8	0.001589766511793846
-3.906130237356642e-8	0.0015922868072747085
-3.8808961335279335e-8	0.0015940261094685134
-3.831695915703093e-8	0.0015955542460459441
-3.798366164038392e-8	0.0015970713093773658
-3.7786366838921114e-8	0.0015986065654864702
-3.766451987055608e-8	0.0016001605329363064
-3.756924106218529e-8	0.0016017297571441031
-3.750370811935744e-8	0.001603311081432447
-3.7463888901317914e-8	0.0016049021834940163
-3.743808768937318e-8	0.0016065014080820083
-3.742463050211975e-8	0.001608107593473605
-3.7408419495299496e-8	0.0016097199157631813
-3.7397530610078224e-8	0.0016113377621688881
-3.7383686438619e-8	0.0016129607219480342
-3.736833866496148e-8	0.0016145884355681273
-3.736767221039217e-8	0.001616220674062602
-3.736000900003145e-8	0.0016178572242648032
-3.7359301084644026e-8	0.0016194979407870155
-3.734384308152206e-8	0.0016211427104080788
-3.7334419935786125e-8	0.0016227914500911624
-3.7323128544036746e-8	0.0016244440836895697
-3.732965772608732e-8	0.0016261005536490232
-3.732674633518673e-8	0.0016277607823221981
-3.731832137428004e-8	0.0016294247626596843
-3.730666480087908e-8	0.001631092467007957
-3.730535604951624e-8	0.0016327638586208914
-3.7305440174173476e-8	0.0016344389294726256
-3.730196762800619e-8	0.001636117646050655
-3.730678395444387e-8	0.001637800016812849
-3.729841479271912e-8	0.0016394860224204404
-3.7284900898792994e-8	0.0016411756640863037
-3.7282435906388356e-8	0.0016428689525550752
-3.7288935079154984e-8	0.0016445658570497898
-3.7290410239909645e-8	0.0016462663785488235
-3.727809639626489e-8	0.0016479705313308082
-3.72775001459047e-8	0.0016496783238341348
-3.727156095927331e-8	0.0016513897602286043
-3.726466139294949e-8	0.001653104826482787
-3.726479657533144e-8	0.0016548235353303134
-3.725850860866742e-8	0.0016565458936113363
-3.726547400892955e-8	0.001658271891746755
-3.7259540372563964e-8	0.0016600015723200585
-3.724561891688683e-8	0.0016617349128557795
-3.725008989695078e-8	0.001663471940713816
-3.725766467274072e-8	0.001665212643697704
-3.7255192792895465e-8	0.001666957033973137
-3.724237815952991e-8	0.0016687051227272608
-3.7235564606175056e-8	0.0016704569297229484
-3.7226616510416254e-8	0.0016722124569414768
-3.723299881349118e-8	0.0016739717104586106
-3.723152804139263e-8	0.0016757347077543305
-3.7229780005004766e-8	0.0016775014421571957
-3.7227883313362135e-8	0.001679271921666592
-3.722052490126582e-8	0.0016810461937064173
-3.721402793498419e-8	0.0016828242505367804
-3.722086425956839e-8	0.0016846060673340773
-3.721601051001611e-8	0.0016863916933323676
-3.7215574834298386e-8	0.0016881811213133003
-3.7207291737134664e-8	0.001689974383901247
-3.720416567510321e-8	0.0016917714718444803
-3.71980033303132e-8	0.001693572405626064
-3.719172684675809e-8	0.0016953771968459695
-3.719970522564897e-8	0.0016971858494665287
-3.7199701323631374e-8	0.0016989983700756218
-3.718265802957754e-8	0.0017008147880514977
-3.718506490650309e-8	0.0017026351057471375
-3.717864148479189e-8	0.001704459344361551
-3.717524231544034e-8	0.0017062874935039067
-3.7184791596928114e-8	0.00170811957299622
-3.717578000143052e-8	0.00170995561142365
-3.7168020305272665e-8	0.0017117956038391598
-3.716185003779793e-8	0.0017136395793256793
-3.716217751166817e-8	0.0017154875395398585
-3.7168840793683214e-8	0.001717339487403158
-3.715964199813571e-8	0.0017191954308860252
-3.714973380169462e-8	0.0017210554076109276
-3.714826477627109e-8	0.0017229194272198704
-3.7148161072891875e-8	0.0017247874949858492
-3.714899510184888e-8	0.0017266596077969627
-3.714049760294991e-8	0.0017285357980266925
-3.714369347948554e-8	0.0017304160772588627
-3.713860242282041e-8	0.0017323004573522472
-3.712537866843446e-8	0.0017341889382467863
-3.712550126750425e-8	0.001736081550575237
-3.712522451131406e-8	0.0017379782998471
-3.713269435625666e-8	0.0017398791898880167
-3.711817518942673e-8	0.0017417842555561608
-3.7109798097001433e-8	0.0017436934967975544
-3.71098082288579e-8	0.0017456069334848682
-3.709949868136997e-8	0.001747524567688543
-3.709882080619176e-8	0.001749446418512363
-3.710633358028903e-8	0.001751372504717849
-3.710303710645624e-8	0.0017533028316964268
-3.711355150873841e-8	0.0017552374060942118
-3.709142150885581e-8	0.0017571762775488492
-3.708721855454345e-8	0.0017591194225948144
-3.709018903707562e-8	0.0017610668622748962
-3.708658357268191e-8	0.001763018615833396
-3.7083166283408134e-8	0.001764974706402935
-3.706316184299285e-8	0.0017669351411233178
-3.705990172382934e-8	0.0017688999349211262
-3.707349554801232e-8	0.0017708690970463117
-3.7070468071981334e-8	0.0017728426425201382
-3.706763481144959e-8	0.001774820578597424
-3.7058094537861796e-8	0.0017768029288480077
-3.705584878063162e-8	0.0017787897131478507
-3.707206486990855e-8	0.0017807809534392761
-3.7054705703415406e-8	0.0017827766259132806
-3.705156150779487e-8	0.0017847767821117136
-3.7037143668777754e-8	0.001786781429521091
-3.703120777980851e-8	0.001788790574306832
-3.703538708604848e-8	0.001790804236678977
-3.702872108533595e-8	0.0017928224374329112
-3.703093289812998e-8	0.0017948451795118012
-3.7039740712213614e-8	0.0017968724847517224
-3.702510685683613e-8	0.0017989043538971718
-3.7018703629509986e-8	0.0018009408251293054
-3.7011841420719895e-8	0.0018029819036279456
-3.70194386328071e-8	0.0018050275963492415
-3.70182643254946e-8	0.0018070779376273137
-3.7008031669466535e-8	0.0018091329286441785
-3.701060194359895e-8	0.0018111925835685072
-3.70029134501626e-8	0.0018132569163733195
-3.699622670988445e-8	0.0018153259642123038
-3.6991031932370746e-8	0.001817399725183917
-3.699527339187658e-8	0.001819478206595045
-3.69987868616084e-8	0.0018215614206504107
-3.6984435238268666e-8	0.0018236494112350322
-3.6977176907670994e-8	0.0018257421892135621
-3.697729301969099e-8	0.0018278397597321673
-3.697926103257143e-8	0.0018299421264260317
-3.6982715595762496e-8	0.001832049324388559
-3.696478562921768e-8	0.0018341613498664825
-3.6961754801623224e-8	0.0018362782377983528
-3.696225201032522e-8	0.0018384000133757018
-3.695244435740763e-8	0.00184052666669999
-3.696545728110179e-8	0.0018426582246947177
-3.695848696289583e-8	0.0018447946923347265
-3.694200963043071e-8	0.0018469361065947371
-3.6942409988888204e-8	0.0018490824777907704
-3.6942708575948835e-8	0.0018512338131004779
-3.6939387344048225e-8	0.0018533901288614904
-3.694229735520249e-8	0.0018555514522671118
-3.693574208949446e-8	0.001857717774749825
-3.693454630200321e-8	0.0018598891384618082
-3.691905672164042e-8	0.0018620655373650125
-3.691985693539124e-8	0.001864247034564549
-3.6921759141356204e-8	0.0018664336026481424
-3.6916935326108957e-8	0.001868625234735554
-3.69119104472182e-8	0.0018708219924042017
-3.690652655972682e-8	0.001873023888811379
-3.689125069083477e-8	0.0018752309187229934
-3.6895235056594314e-8	0.0018774431071450026
-3.6896576239936475e-8	0.001879660464888855
-3.690560905635354e-8	0.001881882997562202
-3.69015167905995e-8	0.001884110733465742
-3.688450036166136e-8	0.0018863436901983058
-3.687137021444187e-8	0.0018885818867627009
-3.688201898707222e-8	0.0018908253107183626
-3.6882382785180525e-8	0.0018930740007680755
-3.68658818946932e-8	0.0018953279308955566
-3.68667238804965e-8	0.0018975871599886133
-3.685910718885799e-8	0.001899851678906127
-3.686078561467854e-8	0.0019021214999524192
-3.6861230474249944e-8	0.001904396643324213
-3.685456304494128e-8	0.0019066770935714744
-3.686362133066279e-8	0.0019089628592582114
-3.685416923466245e-8	0.001911253954686944
-3.683784962356662e-8	0.0019135504021600392
-3.683363131387618e-8	0.0019158522060753087
-3.684453168819046e-8	0.0019181593272617357
-3.684848815422859e-8	0.0019204717827540393
-3.683430286354761e-8	0.001922789576552047
-3.683152476739449e-8	0.0019251126840408857
-3.6823793754769966e-8	0.0019274411187212607
-3.68179770021182e-8	0.001929774835417547
-3.6826691078323264e-8	0.0019321138238056882
-3.6830950667171574e-8	0.0019344580326459654
-3.6827460139204906e-8	0.0019368074225153311
-3.6810518031005214e-8	0.0019391619824855966
-3.6818965904267254e-8	0.0019415216002277049
-3.6824836368093415e-8	0.0019438861901322712
-3.6839508726382864e-8	0.001946255638069588
-3.68329444908666e-8	0.0019486298177293908
-3.6836492567704495e-8	0.0019510085564429858
-3.682986182638182e-8	0.001953391631250223
-3.684479076214165e-8	0.0019557787154451762
-3.685766568405913e-8	0.0019581694530633937
-3.686630504526334e-8	0.0019605632880130837
-3.688298561987935e-8	0.0019629595779101713
-3.689572536398345e-8	0.001965357366448137
-3.69271738839494e-8	0.001967755362801546
-3.6980112282108956e-8	0.0019701517429061475
-3.707257411221243e-8	0.001972543901442848
-3.7211234179146406e-8	0.0019749281701059726
-3.739184951951913e-8	0.0019772995380032046
-3.769015007755727e-8	0.0019796524471654238
-3.820126478594754e-8	0.0019819873792792657
-3.8963277903780735e-8	0.001984349437862509
-3.935858569782402e-8	0.001987050827150786
-3.936066072707245e-8	0.0019909883234103237
-3.896654391088994e-8	0.0019937074429423217
-3.8197138685591716e-8	0.0019960977190838455
-3.7675338523346374e-8	0.0019984718117601954
-3.7365971479763616e-8	0.0020008755214918606
-3.717449168246789e-8	0.002003309704305677
-3.702446227429324e-8	0.0020057689904420077
-3.692092574721917e-8	0.0020082484665399354
-3.6857628227504605e-8	0.002010744518499179
-3.6816271101536295e-8	0.002013254572095466
-3.679425877431974e-8	0.0020157768230523745
-3.676789336199415e-8	0.0020183099943038895
-3.674986829421134e-8	0.00202085313813799
-3.6727174029471675e-8	0.002023405622746362
-3.6702089186307906e-8	0.0020259668956435547
-3.6700093611552465e-8	0.0020285366088278176
-3.668707067527866e-8	0.002031114438489895
-3.6684998301689253e-8	0.00203370016700965
-3.665965622910994e-8	0.0020362936270701907
-3.664381081281976e-8	0.002038894698645282
-3.6624994904499444e-8	0.002041503272357864
-3.6634310542299486e-8	0.00204411926798418
-3.6628712269271004e-8	0.002046742573393723
-3.661438829436481e-8	0.0020493731878689987
-3.6594932607836305e-8	0.002052011078109261
-3.659183835664215e-8	0.0020546561963625132
-3.6590944140185715e-8	0.0020573085402782417
-3.658440722197343e-8	0.0020599680671276434
-3.659100694420325e-8	0.002062634800648187
-3.657669389526275e-8	0.0020653087205471346
-3.655419942618643e-8	0.002067989839121554
-3.654922358709567e-8	0.0020706781838458425
-3.655848567784559e-8	0.0020733737162912055
-3.655976726535948e-8	0.0020760764484439864
-3.653911565795753e-8	0.002078786413487599
-3.6537086585108905e-8	0.002081503635394179
-3.652654732641536e-8	0.002084228131403819
-3.6514463712011836e-8	0.0020869598898093757
-3.6513577899971454e-8	0.0020896989415592196
-3.650242460792042e-8	0.002092445308286128
-3.651245065364739e-8	0.002095198985464023
-3.650186772304887e-8	0.0020979600518843426
-3.647850818061516e-8	0.0021007284825729383
-3.6484525558488914e-8	0.002103504332172985
-3.64955005049572e-8	0.002106287592207279
-3.649042042196405e-8	0.00210907829317645
-3.646876818763634e-8	0.0021118764640852177
-3.6456704126985874e-8	0.0021146821477694396
-3.6441202752629524e-8	0.0021174953586634657
-3.64502686262147e-8	0.0021203161178179283
-3.6446741558976427e-8	0.0021231444646466822
-3.6442763278915494e-8	0.0021259803998817275
-3.643853787593798e-8	0.002128823947849748
-3.642552637908026e-8	0.0021316751963110893
-3.641388411378954e-8	0.0021345341445213784
-3.6423682942238194e-8	0.002137400764255045
-3.6414666429929186e-8	0.0021402751464816645
-3.64127570542383e-8	0.002143157291444679
-3.6398193310133164e-8	0.002146047263629975
-3.639192839220984e-8	0.002148945060140014
-3.638075187260559e-8	0.0021518507260756487
-3.6369378784045785e-8	0.0021547642923121016
-3.638102123039167e-8	0.0021576857774684858
-3.6379769575600744e-8	0.0021606152044691216
-3.635095041280012e-8	0.0021635526331717924
-3.6353576860231884e-8	0.0021664980798476487
-3.6341904573838906e-8	0.0021694515913370347
-3.633511660053879e-8	0.0021724131634250927
-3.634931286686238e-8	0.0021753828408827107
-3.633341306801263e-8	0.002178360682820485
-3.6319521485400634e-8	0.0021813466940698223
-3.6308192178402534e-8	0.0021843409347652035
-3.630740949714939e-8	0.002187343420623237
-3.631692596444136e-8	0.002190354169473014
-3.630063938205308e-8	0.0021933732074142596
-3.6283176858309396e-8	0.0021964006089023806
-3.627944129063754e-8	0.0021994364030109457
-3.6277922817179454e-8	0.0022024806117702024
-3.627792918634021e-8	0.0022055332436060416
-3.626270361188344e-8	0.0022085943648954666
-3.626655464486484e-8	0.0022116640082400617
-3.625686473294754e-8	0.002214742206790085
-3.6233863102702604e-8	0.0022178289743029138
-3.623266707310502e-8	0.002220924374800469
-3.6230812595600126e-8	0.0022240284313520026
-3.6241642017298404e-8	0.0022271411643397655
-3.621644205904495e-8	0.0022302626450796145
-3.62012815460222e-8	0.0022333928878232783
-3.6199864929820084e-8	0.002236531939567266
-3.618149570445151e-8	0.002239679818220733
-3.617892749444574e-8	0.0022428365697364167
-3.6189819192339325e-8	0.002246002239638478
-3.618294125067867e-8	0.002249176851581285
-3.619878304124136e-8	0.002252360431368409
-3.616087434187843e-8	0.002255553075697323
-3.615246188494181e-8	0.0022587547610392724
-3.6155866947062966e-8	0.0022619655372260474
-3.6148418240194994e-8	0.0022651854512691976
-3.61412709573683e-8	0.002268414556738779
-3.610670374227798e-8	0.00227165288093279
-3.609977294156131e-8	0.0022749004640984782
-3.612071660051286e-8	0.0022781573372407057
-3.611416766758913e-8	0.002281423540996297
-3.6107927613893145e-8	0.002284699103265252
-3.609055885037682e-8	0.0022879840790832762
-3.60852665516942e-8	0.0022912785175179004
-3.6110605111844277e-8	0.0022945824712177943
-3.608021025719999e-8	0.0022978959169931133
-3.607339586830794e-8	0.0023012189568490746
-3.604782245580918e-8	0.002304551619809569
-3.6036327787575265e-8	0.0023078939327915533
-3.604165665386794e-8	0.002311245946195245
-3.6028921188663304e-8	0.0023146077115455757
-3.603096702664566e-8	0.002317979250756591
-3.604402230802384e-8	0.0023213606173460057
-3.6017942988131325e-8	0.002324751829773202
-3.600558437527046e-8	0.0023281529691206457
-3.5992437687687454e-8	0.0023315640615290422
-3.6003445958393554e-8	0.00233498513619985
-3.599980730909502e-8	0.0023384162682812556
-3.598097404335921e-8	0.002341857477583026
-3.5983574310261005e-8	0.0023453088057805295
-3.596896615067902e-8	0.0023487702943427286
-3.595601792839021e-8	0.002352242023785916
-3.594555412829159e-8	0.0023557240092679324
-3.595093380160952e-8	0.002359216281484318
-3.5955088917444257e-8	0.0023627188794761423
-3.592918089501684e-8	0.002366231895731171
-3.591518064093302e-8	0.0023697553674018887
-3.5913585683178265e-8	0.0023732893221228234
-3.59151071044006e-8	0.002376833785082807
-3.5919139475271146e-8	0.0023803888346560103
-3.5887056994138304e-8	0.002383954483844428
-3.58801041433654e-8	0.0023875308111031258
-3.5879108347153245e-8	0.002391117878642406
-3.586066636120378e-8	0.0023947156894859687
-3.588084317638907e-8	0.002398324309045495
-3.5867176301002114e-8	0.0024019437657479617
-3.583736752003075e-8	0.0024055741423933906
-3.5836151907242546e-8	0.0024092154767803593
-3.5834759516539805e-8	0.0024128678015331484
-3.58272102451207e-8	0.002416531164944247
-3.58302457766746e-8	0.0024202056339332374
-3.58171703710497e-8	0.00242389121477285
-3.5813200824535986e-8	0.0024275880001616203
-3.578485891730377e-8	0.0024312960009541767
-3.578425715418665e-8	0.0024350153459909187
-3.578553233686277e-8	0.0024387460100106003
-3.5775313821484466e-8	0.002442488002777567
-3.576473666450642e-8	0.0024462414511161735
-3.5753525359932815e-8	0.002450006399429123
-3.572536137930738e-8	0.002453782860786094
-3.573014185114243e-8	0.0024575709001252674
-3.57303986533497e-8	0.0024613705582654266
-3.57438450505676e-8	0.002465181867245454
-3.5734774067835986e-8	0.0024690048981834494
-3.570348044761307e-8	0.002472839704045756
-3.567882147705315e-8	0.002476686340396205
-3.569503069743574e-8	0.0024805448088924993
-3.5693554368670943e-8	0.0024844151992788727
-3.5663007778968806e-8	0.002488297490077196
-3.5662322720286804e-8	0.002492191806187602
-3.5647031888347285e-8	0.002496098155502707
-3.564776740414e-8	0.002500016583010932
-3.5646368387010073e-8	0.0025039471474990085
-3.5632658800133225e-8	0.002507889846307952
-3.564614440087488e-8	0.002511844718358937
-3.5627583306996334e-8	0.0025158118126616434
-3.5597083327576494e-8	0.002519791192271109
-3.5587528382263755e-8	0.002523782889401015
-3.560420061200498e-8	0.00252778686074087
-3.56088305607849e-8	0.00253180316054028
-3.558191676727995e-8	0.0025358318205728372
-3.55748055532068e-8	0.0025398728229434056
-3.555905541675619e-8	0.0025439262161071033
-3.554661130211745e-8	0.0025479919464288063
-3.5559490306136254e-8	0.0025520700209210522
-3.556460857608856e-8	0.002556160375222691
-3.5556189869845326e-8	0.0025602629654391854
-3.552423578133679e-8	0.0025643777973779086
-3.553665259808936e-8	0.0025685046994662016
-3.554456844138132e-8	0.002572643546402879
-3.556791877937782e-8	0.002576794162520422
-3.555405542935986e-8	0.0025809563502565596
-3.555791179549184e-8	0.0025851298300594155
-3.5543891742201296e-8	0.002589314233153186
-3.556774792141671e-8	0.0025935090071941757
-3.558802387612636e-8	0.0025977135465911094
-3.5600867278490215e-8	0.0026019268913903943
-3.562789913429953e-8	0.002606147926452725
-3.564802034548009e-8	0.0026103749793187406
-3.570119309297404e-8	0.0026146057815639285
-3.5792412451679524e-8	0.0026188371152828715
-3.595365777769311e-8	0.0026230643706385316
-3.6196914613545465e-8	0.0026272810415796815
-3.651486550221295e-8	0.0026314782227909116
-3.704193292003444e-8	0.0026356460097055213
-3.7947384787778703e-8	0.002639785178606225
-3.9299778752122095e-8	0.002643975729436177
-4.0002831210395056e-8	0.0026487725320679576
-4.000775033239368e-8	0.0026557718843058203
-3.930752098013635e-8	0.002660610714361038
-3.793760488760012e-8	0.0026648681521492627
-3.7006823280016924e-8	0.0026691001485698636
-3.645352293996096e-8	0.0026733883569996816
-3.6109814087825767e-8	0.002677734442758571
-3.583960239112449e-8	0.0026821289495504827
-3.565209888891086e-8	0.0026865632058252153
-3.55363150282062e-8	0.00269103083702459
-3.545964290881942e-8	0.002695527310463173
-3.541752712853952e-8	0.0027000494590083243
-3.5367521425316854e-8	0.002704595051158625
-3.533240755762557e-8	0.0027091624395633278
-3.52888306994037e-8	0.002713750539326834
-3.5240868857416845e-8	0.00271835840464632
-3.523440783495535e-8	0.0027229854548490927
-3.5208050005081095e-8	0.0027276311509305765
-3.520139853675497e-8	0.00273229514368653
-3.5152704550661667e-8	0.0027369771736007373
-3.512108365114064e-8	0.002741677065795145
-3.508402682859679e-8	0.0027463946641006105
-3.509783738316341e-8	0.0027511298646479515
-3.508463711536791e-8	0.002755882505430147
-3.505557881749999e-8	0.00276065262602424
-3.501714376741294e-8	0.002765440207045038
-3.5008364063709995e-8	0.002770245202831618
-3.500356582917807e-8	0.0027750676501932946
-3.4988480145131674e-8	0.002779907512614949
-3.499729613082314e-8	0.0027847648746184926
-3.4967980597977454e-8	0.0027896397407780695
-3.4923668198200147e-8	0.0027945321752308166
-3.4911278504945467e-8	0.0027994422701335324
-3.492489696996226e-8	0.00280436999750309
-3.492392692143187e-8	0.002809315421592233
-3.488275999319335e-8	0.002814278645780777
-3.487566186164415e-8	0.002819259756990481
-3.4852921573053085e-8	0.002824258830158956
-3.482729430694387e-8	0.0028292758873681672
-3.482220585491192e-8	0.002834311029280582
-3.479819878768331e-8	0.0028393643398407155
-3.4813162636382346e-8	0.0028444358551611548
-3.479014007639059e-8	0.0028495257652049453
-3.474347957432844e-8	0.002854634069149255
-3.4751000227833954e-8	0.0028597609133390743
-3.476771555786518e-8	0.002864906327986423
-3.475470633711453e-8	0.002870070415617753
-3.4710967260453974e-8	0.0028752532764573418
-3.4684918643773657e-8	0.0028804550368065414
-3.465243116853589e-8	0.0028856757707796396
-3.466553063490863e-8	0.002890915565127604
-3.465521867775934e-8	0.0028961745411528366
-3.4644040821135704e-8	0.002901452748656199
-3.46323726166109e-8	0.0029067502816660248
-3.4604279614458554e-8	0.002912067352983047
-3.457867973467588e-8	0.0029174040110112303
-3.459310380200531e-8	0.0029227602530309802
-3.45723386514174e-8	0.002928136299409983
-3.456483665703614e-8	0.002933532201507762
-3.453358422365605e-8	0.0029389481313945465
-3.451783678412035e-8	0.002944384135421981
-3.44928220588403e-8	0.0029498403503570862
-3.446737659935639e-8	0.0029553168868222944
-3.4485199011913275e-8	0.002960813832874944
-3.4478751001942866e-8	0.0029663312850959495
-3.442027995715913e-8	0.0029718694101874164
-3.4421057507633134e-8	0.0029774282932849157
-3.4394798890891036e-8	0.002983008077724276
-3.437772082213187e-8	0.002988608810868279
-3.440034154191252e-8	0.0029942306331300823
-3.43659367024407e-8	0.0029998737127450077
-3.433526459576397e-8	0.003005538115690702
-3.4309388593078974e-8	0.0030112240133471123
-3.430350464450061e-8	0.0030169314933966283
-3.431720826350682e-8	0.003022660647968732
-3.4281752563808386e-8	0.0030284115854110286
-3.424397045554972e-8	0.0030341845068394407
-3.4232313900633975e-8	0.0030399795276100875
-3.422486226415389e-8	0.0030457967501707375
-3.422030348824157e-8	0.0030516362514265466
-3.4186541122777085e-8	0.00305749821971019
-3.4189282870744635e-8	0.0030633827794435547
-3.416602284090908e-8	0.003069290056700602
-3.411711478176205e-8	0.003075220140889417
-3.411004808447915e-8	0.003081173218592191
-3.410168792945534e-8	0.0030871493983783637
-3.4117759852297926e-8	0.003093148784176447
-3.4064300107616856e-8	0.003099171578766016
-3.403011288860558e-8	0.0031052178755936843
-3.402243197959676e-8	0.0031112878319467575
-3.398188882828834e-8	0.0031173815495311916
-3.397188273161489e-8	0.003123499184953217
-3.39879703794177e-8	0.003129640894748845
-3.3969550648565995e-8	0.00313580679372667
-3.399527853289452e-8	0.0031419970014573096
-3.3916363020641826e-8	0.0031482117761985513
-3.38947736179207e-8	0.003154451143017394
-3.389619390051779e-8	0.0031607152703728224
-3.3876392250997704e-8	0.003167004322049107
-3.3857122309205456e-8	0.00317331847547457
-3.37840896554309e-8	0.0031796578575083124
-3.376507274623908e-8	0.003186022621054773
-3.380072235246723e-8	0.0031924129016520863
-3.3782404245846774e-8	0.0031988288544700263
-3.376464114382416e-8	0.0032052706104093226
-3.372490120454597e-8	0.003211738354511569
-3.370887090811681e-8	0.0032182322609886557
-3.375327824019503e-8	0.0032247525120127083
-3.3687593664449843e-8	0.0032312991407614485
-3.366841285475375e-8	0.0032378724284435694
-3.361200241450702e-8	0.003244472513047525
-3.358337635619435e-8	0.0032510995291293926
-3.358808499940857e-8	0.003257753658595837
-3.355686483565435e-8	0.003264435086544944
-3.355499002369866e-8	0.003271143940087478
-3.357504334841055e-8	0.003277880410024528
-3.351702448390337e-8	0.00328464461818947
-3.348626723175818e-8	0.0032914368122237236
-3.345384376385319e-8	0.003298257131135813
-3.346974327171903e-8	0.0033051057208351043
-3.3456236351275814e-8	0.003311982820141595
-3.341219604771628e-8	0.0033188885580636824
-3.341112797095591e-8	0.003325823108257555
-3.337540124361827e-8	0.0033327866449224582
-3.334291266083866e-8	0.0033397794218970648
-3.331534533071445e-8	0.003346801562484297
-3.331970424196307e-8	0.003353853222084728
-3.332158393949958e-8	0.0033609345738495108
-3.3262557868618536e-8	0.003368045900153429
-3.3227516738199017e-8	0.0033751873726472056
-3.321756410275545e-8	0.0033823591446312776
-3.3213907009638225e-8	0.0033895613652903415
-3.321533196889437e-8	0.003396794292941714
-3.314312794893137e-8	0.0034040580540649233
-3.312201579625529e-8	0.0034113529094717855
-3.3113003596157986e-8	0.003418679088213764
-3.306825423403104e-8	0.00342603669950502
-3.310250288026673e-8	0.003433425981055385
-3.306738545237331e-8	0.003440847096028704
-3.29989966339761e-8	0.003448300320239249
-3.298923126260345e-8	0.003455785838476258
-3.29790599897517e-8	0.003463303825939632
-3.2956144112711306e-8	0.003470854491170028
-3.295500735395751e-8	0.0034784380823827754
-3.292053676665074e-8	0.0034860547237985815
-3.2904808850064975e-8	0.003493704719364511
-3.283848721471472e-8	0.0035013882050535013
-3.282956603444798e-8	0.0035091055626515527
-3.2824503906231373e-8	0.003516856855704333
-3.2795479470659754e-8	0.003524642221128719
-3.2765610683471724e-8	0.00353246204074136
-3.273431550450123e-8	0.0035403165264716358
-3.266747705993334e-8	0.003548205826014919
-3.2669400136581265e-8	0.003556130196566666
-3.26618274016921e-8	0.0035640898462838493
-3.268190208273181e-8	0.0035720849661530297
-3.2654679738169934e-8	0.003580115830476229
-3.2580577820884306e-8	0.003588182676986122
-3.252023279744498e-8	0.003596285750326147
-3.254597566028084e-8	0.003604425182825616
-3.253438013650078e-8	0.0036126012938887267
-3.246119049630236e-8	0.0036208141693710545
-3.245107705751038e-8	0.0036290642060557957
-3.240990659716947e-8	0.003637351554682988
-3.2402668377751187e-8	0.003645676445832256
-3.2390846592894594e-8	0.0036540391409006136
-3.235271672936136e-8	0.0036624397718779166
-3.237252661804635e-8	0.0036708785604196814
-3.232384015534051e-8	0.0036793557511509466
-3.224942165635514e-8	0.003687871620313589
-3.2219683195072735e-8	0.0036964263797180266
-3.2246169637289994e-8	0.003705020080317821
-3.2246808977881574e-8	0.003713652983325244
-3.217946767252733e-8	0.0037223253031888675
-3.215463097722693e-8	0.0037310371485656363
-3.211102560767287e-8	0.0037397887722588354
-3.2074424098738064e-8	0.003748580207655981
-3.2092569335129274e-8	0.0037574116200276854
-3.209390073986018e-8	0.0037662830207076184
-3.206578349123079e-8	0.003775194465699881
-3.198631141927422e-8	0.003784146119645756
-3.200333068899552e-8	0.003793137761461734
-3.201054441155371e-8	0.0038021692698268087
-3.205152022354718e-8	0.003811240412552116
-3.2011067302434304e-8	0.003820350908080601
-3.2009347411021686e-8	0.0038295002932264015
-3.1968306987578686e-8	0.003838687905830421
-3.2010485888550604e-8	0.003847912675503437
-3.204487716022553e-8	0.0038571734076735796
-3.206294071104177e-8	0.003866468117648027
-3.211241795045283e-8	0.003875794464770426
-3.214671664483748e-8	0.003885148858679056
-3.225443651347915e-8	0.00389452636342237
-3.244702858909987e-8	0.0039039199008041323
-3.279609359574387e-8	0.0039133192479770046
-3.332911550603668e-8	0.003922709887211673
-3.4030667611856246e-8	0.003932071846984506
-3.520226013059569e-8	0.003941382788259683
-3.7225483923158944e-8	0.003950644153939939
-4.0258439210560936e-8	0.003960035191943861
-4.184175926270628e-8	0.003970803836908266
-4.1858362328728305e-8	0.003986551366986807
-4.0284570740389827e-8	0.003997461856235079
-3.7192479145303774e-8	0.00400707864633943
-3.508375552291887e-8	0.004016653328823514
-3.382360715913357e-8	0.00402637074429708
-3.303508998135363e-8	0.00403623535267465
-3.24110424057833e-8	0.0040462263485309844
-3.197328310565739e-8	0.004056324574176675
-3.169769098927411e-8	0.004066515984731799
-3.1510544460239266e-8	0.004076790650955404
-3.140187419048979e-8	0.004087141703442934
-3.127467700548281e-8	0.004097564372468125
-3.1181235279653663e-8	0.004108055198228626
-3.10679470175379e-8	0.004118611992203814
-3.094410758905375e-8	0.004129232871713411
-3.0915695677419254e-8	0.004139916784829298
-3.084108606569158e-8	0.004150662768937302
-3.081187627003157e-8	0.0041614702949943575
-3.068485182733394e-8	0.004172339038804322
-3.059707018686076e-8	0.00418326887106908
-3.0496258434653534e-8	0.004194259705423677
-3.05138603613031e-8	0.004205311577269052
-3.0468281359874453e-8	0.004216424386428808
-3.0385316872522106e-8	0.0042275985048005485
-3.0279985574466204e-8	0.004238834168720381
-3.0244005997248636e-8	0.004250131554648738
-3.021724214520294e-8	0.004261491034958972
-3.016603604039658e-8	0.004272912811798639
-3.0171162410341794e-8	0.004284397375421031
-3.008586111288847e-8	0.004295945030403245
-2.99645721883679e-8	0.00430755622527185
-2.9918752366769884e-8	0.004319231478811722
-2.993472975081901e-8	0.004330971027462031
-2.991587556055997e-8	0.004342775329984223
-2.98006847206711e-8	0.004354644942485014
-2.976671498955974e-8	0.004366580386052495
-2.969497795856091e-8	0.004378582157177519
-2.9615967691520863e-8	0.0043906506291199136
-2.9586148429799898e-8	0.004402786367776942
-2.9510437535312797e-8	0.004414989903235028
-2.952876529567772e-8	0.004427261654071575
-2.9454933334055467e-8	0.0044396024156942784
-2.932327887456565e-8	0.004452012526071067
-2.932306413639396e-8	0.004464492684610252
-2.9345252334572747e-8	0.004477043312928238
-2.9294758372599984e-8	0.004489665013132707
-2.9168677567054102e-8	0.004502358386688488
-2.9085487885222028e-8	0.00451512410416951
-2.8986055901181196e-8	0.0045279627133163495
-2.8998606840907606e-8	0.004540874797682728
-2.895329294453353e-8	0.004553861031179438
-2.890559045086727e-8	0.0045669219163400575
-2.8856418437317457e-8	0.004580058069793927
-2.8766134367819164e-8	0.0045932704088967515
-2.8681625172932713e-8	0.00460655944907789
-2.869668362220357e-8	0.0046199255825397165
-2.862366147416973e-8	0.0046333697633881114
-2.8583544017696252e-8	0.004646892530008154
-2.84834819962998e-8	0.004660494728998543
-2.8421999081135186e-8	0.004674176897613955
-2.833678724271649e-8	0.0046879398061751235
-2.825005579721318e-8	0.004701784165652196
-2.827262018081367e-8	0.004715710636106187
-2.8233533571847547e-8	0.004729719905161287
-2.806168644316487e-8	0.0047438128452361745
-2.8040282656599525e-8	0.004757990128335636
-2.7949539138200087e-8	0.004772252581471088
-2.788186602841192e-8	0.004786600793012223
-2.791587212456759e-8	0.0048010355958834
-2.7803047931324044e-8	0.004815557902296555
-2.769928625000473e-8	0.004830168368783496
-2.7607390221850994e-8	0.004844867930736501
-2.7566870308121105e-8	0.004859657315073576
-2.7577026598069044e-8	0.004874537267045768
-2.745904116697173e-8	0.004889508581124594
-2.7334356329622447e-8	0.004904572301572159
-2.7277423398613942e-8	0.004919729257915594
-2.7231190592802435e-8	0.004934980253643995
-2.7192273545301184e-8	0.004950326032670454
-2.707608322082833e-8	0.004965767639862135
-2.705576418381428e-8	0.0049813059611342
-2.6966369883751895e-8	0.004996941895294757
-2.6808329789829166e-8	0.005012676252427902
-2.676086824555113e-8	0.005028510109233981
-2.6709645622208236e-8	0.00504444434465019
-2.672347304397693e-8	0.0050604798337802745
-2.6550757120763492e-8	0.0050766177255062135
-2.6428931142191695e-8	0.005092858886011437
-2.6377884536665787e-8	0.005109204362172943
-2.623766979275577e-8	0.005125655061051127
-2.6179416470634156e-8	0.005142212047522973
-2.6191671558367657e-8	0.0051588763969658575
-2.610991960194098e-8	0.005175649081942746
-2.6148217347315983e-8	0.005192531097852157
-2.5900135258832838e-8	0.0052095238298898216
-2.580803363138595e-8	0.005226628037365263
-2.577868325065458e-8	0.005243844881936285
-2.5690537187189612e-8	0.005261175524334024
-2.5603301918414314e-8	0.005278621175060366
-2.5366381813085593e-8	0.005296182916918564
-2.5278338332995755e-8	0.005313861916449581
-2.5342185398052885e-8	0.005331659303993354
-2.5255368945170666e-8	0.00534957627667076
-2.5169542574798867e-8	0.005367613976217776
-2.5021357359777953e-8	0.005385773708698643
-2.4939109384997105e-8	0.005404056763596523
-2.5027169829860976e-8	0.00542246446674753
-2.480351576783502e-8	0.005440997735890351
-2.47107183377282e-8	0.005459658203681897
-2.4511163476426125e-8	0.005478447112342213
-2.438980832060733e-8	0.005497365707797483
-2.4363229443452596e-8	0.0055164153853783544
-2.4233093243664075e-8	0.005535597564962597
-2.418671166231068e-8	0.005554913514964224
-2.420336248433186e-8	0.0055743647020210394
-2.399358649795014e-8	0.005593952409163154
-2.386176593576206e-8	0.005613678299664653
-2.3724206436120943e-8	0.0056335437387518535
-2.3727079549101804e-8	0.005653550127258029
-2.364357455582611e-8	0.005673699154535679
-2.3469595273301058e-8	0.0056939922061524555
-2.3421296322834184e-8	0.00571443081531096
-2.326997048346935e-8	0.005735016534492365
-2.312722252071353e-8	0.005755751170673163
-2.2998137021268408e-8	0.005776636163143805
-2.2963524621355537e-8	0.005797673063846122
-2.2921147350918326e-8	0.005818863496113948
-2.2695258631211247e-8	0.005840209430794954
-2.2540169340801165e-8	0.005861712528370697
-2.2459874671254543e-8	0.005883374413581832
-2.2398042221072333e-8	0.005905196718074864
-2.2351150344035456e-8	0.00592718142530048
-2.2078948043757764e-8	0.005949330140172539
-2.1961400213060814e-8	0.005971644898558356
-2.1880146166330938e-8	0.0059941276636930356
-2.1688007156733803e-8	0.0060167800534150755
-2.1738884292971107e-8	0.006039604102873226
-2.1574626578146907e-8	0.006062601641111162
-2.130551188671004e-8	0.0060857748706946505
-2.1217641669957212e-8	0.006109125737483212
-2.112775241738252e-8	0.0061326561816951895
-2.0997011632062357e-8	0.006156368272861841
-2.093397227765359e-8	0.006180264232029316
-2.0764763146624568e-8	0.006204345915945016
-2.065379829752079e-8	0.006228615776140529
-2.038055693747154e-8	0.006253075760286065
-2.0288939667401086e-8	0.006277728627699878
-2.020890975559797e-8	0.006302576152121463
-2.0050919021036284e-8	0.006327620366474687
-1.988890968913082e-8	0.006352864122156643
-1.9720941420298122e-8	0.006378309757363818
-1.9435812944346153e-8	0.006403959432081898
-1.9373233935632285e-8	0.006429815692809195
-1.927885740901636e-8	0.006455880959415254
-1.927464857785499e-8	0.006482157627772542
-1.9113902225686986e-8	0.006508648401414594
-1.8796273143156796e-8	0.006535355899531801
-1.852189100985391e-8	0.0065622828001893115
-1.8532960159584056e-8	0.00658943144297225
-1.841866021737304e-8	0.006616804826941065
-1.809587860774897e-8	0.00664440520672234
-1.798364263263519e-8	0.006672235918751335
-1.7764949279380772e-8	0.006700299512091353
-1.765994296740181e-8	0.006728598843314167
-1.7538226637986434e-8	0.006757136914795537
-1.7325027489967227e-8	0.006785916327512353
-1.73096194405864e-8	0.0068149400281525664
-1.7056853148855745e-8	0.0068442110851327145
-1.6712442810390417e-8	0.006873732721051217
-1.6520878379683303e-8	0.006903507980716397
-1.6524445149079803e-8	0.00693353938986239
-1.643691007036652e-8	0.00696383024950206
-1.610838718976715e-8	0.006994383744225587
-1.5927605746896003e-8	0.007025202730464132
-1.5678262525942176e-8	0.007056290619371567
-1.5451609161881707e-8	0.007087650088959497
-1.5419357368573472e-8	0.007119284328974959
-1.532594701150747e-8	0.007151196021957546
-1.512485033507982e-8	0.0071833880510061504
-1.4734998642473852e-8	0.007215863736639473
-1.4693924548431215e-8	0.007248625040530139
-1.4616256434235587e-8	0.0072816743166285395
-1.4662024695660803e-8	0.007315013543443209
-1.4406577138842413e-8	0.0073486445430609665
-1.4292559229589497e-8	0.007382568485694065
-1.403041361455193e-8	0.007416785809909584
-1.4077757009378634e-8	0.007451295420744427
-1.4095906356659249e-8	0.0074860957244869955
-1.4052125205260559e-8	0.007521182095735215
-1.4127110319334114e-8	0.00755654845749087
-1.4144517038361393e-8	0.007592183831612173
-1.444361314416609e-8	0.007628071854419648
-1.5072561645734784e-8	0.0076641875751049795
-1.631352599698599e-8	0.0077004933644433116
-1.8282343013126256e-8	0.00773693412867972
-2.09292461983035e-8	0.007773432348416376
-2.544954860032034e-8	0.007809899658749413
-3.337840844093165e-8	0.007846339879443606
-4.53941753734366e-8	0.007883462769535329
-5.174557281402148e-8	0.007926256093094872
-5.187839673603812e-8	0.007989244239434454
-4.5603242815939194e-8	0.008033172391869715
-3.311430524059467e-8	0.008072101670997884
-2.4501072225963094e-8	0.008111049459957111
-1.927150349250173e-8	0.00815077079354693
-1.592747092784008e-8	0.008191294342449633
-1.3228229857342732e-8	0.008232544907495396
-1.1274592960841545e-8	0.008274452559190935
-9.977555846790721e-9	0.00831696724893109
-9.037863480793052e-9	0.008360055142594606
-8.419117230878958e-9	0.008403694591270052
-7.714593561652939e-9	0.008447872379535915
-7.146065001406577e-9	0.00849258058012324
-6.485586660981424e-9	0.008537816531407975
-5.771745036864395e-9	0.00858357881265507
-5.463862253535234e-9	0.008629869556810419
-4.950270907799759e-9	0.008676691311378463
-4.629771222480761e-9	0.008724048561195331
-3.872982973945893e-9	0.008771946772578853
-3.281303365632038e-9	0.008820392376602941
-2.623968999415638e-9	0.00886939211718572
-2.4907724929856826e-9	0.008918953413879169
-2.069730046205809e-9	0.008969083217145441
-1.473015192965388e-9	0.009019790758260149
-7.661655359869624e-10	0.00907108483590958
-3.695711954743164e-10	0.009122974150667519
-1.025778957330914e-11	0.009175468486551479
4.680237903398332e-10	0.00922857703638495
6.88539415699685e-10	0.00928231053294482
1.3393750592172182e-9	0.009336679059448898
2.170091306008537e-9	0.009391693594295272
2.651125750441352e-9	0.009447365686299813
2.8415253450819745e-9	0.00950370577485217
3.2037738057433263e-9	0.009560725597670348
4.041244483110607e-9	0.009618437622802647
4.491717486115876e-9	0.009676854421838339
5.135526758343056e-9	0.00973598872362589
5.8248880512701275e-9	0.009795852927412198
6.277860501208155e-9	0.009856460672670599
6.969255018490773e-9	0.009917825727796788
7.193217268508523e-9	0.009979961608463218
7.892459021857645e-9	0.01004288406521573
8.900189377381019e-9	0.010106606862715379
9.241010909599724e-9	0.010171145955999222
9.47036795075351e-9	0.010236516226576411
1.0086402749365232e-8	0.01030273385390197
1.1113077955909879e-8	0.010369815400211735
1.1926570449422025e-8	0.010437778195071464
1.284043298317994e-8	0.010506639328488249
1.3161521818005896e-8	0.010576416499709144
1.3804516903853648e-8	0.010647128335777118
1.4471347972566662e-8	0.010718792982960659
1.5157503282947627e-8	0.010791429669384504
1.608521425417453e-8	0.010865059788250721
1.699588617704584e-8	0.010939703018578838
1.7356070331009387e-8	0.011015378836992409
1.8227573690532406e-8	0.011092110431170256
1.8924085532689983e-8	0.011169919200063971
1.998206769709965e-8	0.011248828892357541
2.0831981137731106e-8	0.01132886207294065
2.1837605486990654e-8	0.011410043280774737
2.2870307675504356e-8	0.011492397361130825
2.3263179249571887e-8	0.011575949524269108
2.4038410316595817e-8	0.01166072583245931
2.564201633646346e-8	0.011746754195204347
2.634449327310051e-8	0.011834062062336316
2.7493190114336042e-8	0.011922678614646909
2.8518329337956508e-8	0.01201263235629385
2.8917014782448016e-8	0.012103954146785877
3.0265708882870614e-8	0.012196676241876024
3.15819023513575e-8	0.012290830181878497
3.284637363826781e-8	0.0123864502420219
3.379700666324426e-8	0.012483570338265922
3.442936281607412e-8	0.012582225510601753
3.593697672654717e-8	0.012682452174801899
3.7520836523141646e-8	0.012784289541326642
3.8672434502801116e-8	0.012887776555539288
3.977408480118627e-8	0.012992953179124994
4.084795888296689e-8	0.013099860193303945
4.249159643794354e-8	0.013208541776770461
4.348524210066041e-8	0.01331904238021088
4.49998019929565e-8	0.013431407965407408
4.704888327307089e-8	0.013545685326369876
4.832713495270813e-8	0.013661924737986747
4.966234216631782e-8	0.013780176661646505
5.053726223552824e-8	0.013900493197158355
5.285579300517429e-8	0.014022930269576022
5.483517357502965e-8	0.014147543528416665
5.630847135416062e-8	0.014274391922281323
5.852087105581161e-8	0.014403535332377542
6.01313916028523e-8	0.014535036975374976
6.12110372402941e-8	0.014668962379682928
6.308657977354693e-8	0.014805378563989866
6.40143500672763e-8	0.014944355132695982
6.736695494108935e-8	0.015085967474207476
6.947993193613389e-8	0.015230288458943498
7.110752084014127e-8	0.01537739707566064
7.328949675831642e-8	0.015527375265649207
7.55207027546001e-8	0.015680308511567008
7.914936806910356e-8	0.015836284430170548
8.15266473598475e-8	0.015995394771970182
8.25736823142742e-8	0.0161577345374059
8.505211818931602e-8	0.016323403091411486
8.759022060436661e-8	0.016492503241874578
9.07968832009054e-8	0.016665143508276966
9.345479352673714e-8	0.016841436690394666
9.45113641493689e-8	0.01702150061039583
9.871509671652845e-8	0.01720545394157964
1.0171578229752898e-7	0.017393427563442074
1.0590644983831111e-7	0.01758555398730978
1.0940681158593258e-7	0.01778197148210342
1.1200791874184102e-7	0.01798282594029188
1.158076409500719e-7	0.01818826999208055
1.1880887532934037e-7	0.018398461462358937
1.2120295419123518e-7	0.01861356752632797
1.2624030851027258e-7	0.018833760976730334
1.3054592457268922e-7	0.019059226999684285
1.3506278208822997e-7	0.019290156070873452
1.3805750832124875e-7	0.019526748162907337
1.422021862141798e-7	0.01976921640397456
1.476089933398206e-7	0.020017780665970698
1.5162586621906284e-7	0.0202726735620744
1.5710637137156813e-7	0.020534139659911643
1.6267478022587435e-7	0.020802439328339375
1.6826731214485415e-7	0.021077841584020623
1.727870553950961e-7	0.021360631031346226
1.7758412580544116e-7	0.02165110837862255
1.8515685333359566e-7	0.02194959546128525
1.9200884276301955e-7	0.022256427376825788
1.9803383266502884e-7	0.022571957304247103
2.0402369019922873e-7	0.02289655840502496
2.1002816940808855e-7	0.02323063055808728
2.1981912022971396e-7	0.023574591039682617
2.2754887734613427e-7	0.023928888588507922
2.3501604396441444e-7	0.024293997766976237
2.4467387349425553e-7	0.024670416307899637
2.505826633292296e-7	0.02505867980705697
2.605448460859916e-7	0.025459354011906073
2.728664994024854e-7	0.025873047564796695
2.824184687620357e-7	0.02630040411994387
2.9246438359661896e-7	0.02674210981528051
3.0379605248052055e-7	0.027198899485746785
3.143346355362786e-7	0.02767156141155281
3.275902561873212e-7	0.02816093151764057
3.4030156669179744e-7	0.02866791756011265
3.5722027146139483e-7	0.029193482343525808
3.709888432589348e-7	0.029738677762498743
3.8524080054629376e-7	0.030304612643929137
4.0214416746063854e-7	0.030892486619432495
4.201184382962797e-7	0.03150361310880441
4.393004706919113e-7	0.03213939809795294
4.6271125645532266e-7	0.032801357615713754
4.815400005872494e-7	0.033491144229909564
5.02424806747126e-7	0.03421054786236224
5.220120853953903e-7	0.03496151350630435
5.475763129678347e-7	0.035746168453794955
5.797789796066933e-7	0.03656683147339269
6.128417799581065e-7	0.037426039644821524
6.386140880846935e-7	0.03832656116252417
6.706207184785318e-7	0.03927145789059069
7.126611999410948e-7	0.04026407257051675
7.499087351289291e-7	0.04130813273280829
7.943370575844045e-7	0.04240773036193651
8.376196795207736e-7	0.0435674145727156
8.85215809187212e-7	0.04479224960246578
9.411035260526169e-7	0.04608786432552784
9.923682407835034e-7	0.047460570252481696
1.0603583562875884e-6	0.0489174560451836
1.1397973269368755e-6	0.05046651245883148
1.218437307949083e-6	0.05211676127987035
1.293250977344429e-6	0.053878406995491276
1.3815682231311521e-6	0.05576312165538862
1.4958881973308413e-6	0.057784255065936124
1.6125903956213273e-6	0.05995713243553615
1.748417370829042e-6	0.062299503905837134
1.8991677022191623e-6	0.06483193377387605
2.051783460704676e-6	0.06757849635132002
2.230493565888658e-6	0.07056745643182114
2.445531102391807e-6	0.07383229975870795
2.7142769971250647e-6	0.07741302328067728
2.9815275115040787e-6	0.08135756862572173
3.2971756540250365e-6	0.08572414845177283
3.648178040087358e-6	0.09058403116360106
4.1145257519226485e-6	0.09602545772320636
4.646355087058801e-6	0.10215891785915705
5.32262735692805e-6	0.10912461862350045
6.076916443182424e-6	0.11710299560329297
7.0226187753706205e-6	0.1263305565675476
8.24051288348816e-6	0.1371226238715859
9.76874235494124e-6	0.1499097591945353
1.1820075703374429e-5	0.16529393020651623
1.4453434082801776e-5	0.1841426886969156
1.791605133065623e-5	0.2077506018924636
2.238318838687779e-5	0.2381323420005958
2.8226675478633612e-5	0.27858924674166935
3.630857182263522e-5	0.3348879567941088
4.417818962420033e-5	0.41796323719053985
3.3756058446153516e-5	0.5509509703824677
-0.00012391647849705473	0.7914364040450634
-0.0021251991881524606	1.3272670179986594
-0.0021251991881524606	-1.3272670179986594
-0.00012391647849705473	-0.7914364040450634
3.3756058446153516e-5	-0.5509509703824677
4.417818962420033e-5	-0.41796323719053985
3.630857182263522e-5	-0.3348879567941088
2.8226675478633612e-5	-0.27858924674166935
2.238318838687779e-5	-0.2381323420005958
1.791605133065623e-5	-0.2077506018924636
1.4453434082801776e-5	-0.1841426886969156
1.1820075703374429e-5	-0.16529393020651623
9.76874235494124e-6	-0.1499097591945353
8.24051288348816e-6	-0.1371226238715859
7.0226187753706205e-6	-0.1263305565675476
6.076916443182424e-6	-0.11710299560329297
5.32262735692805e-6	-0.10912461862350045
4.646355087058801e-6	-0.10215891785915705
4.1145257519226485e-6	-0.09602545772320636
3.648178040087358e-6	-0.09058403116360106
3.2971756540250365e-6	-0.08572414845177283
2.9815275115040787e-6	-0.08135756862572173
2.7142769971250647e-6	-0.07741302328067728
2.445531102391807e-6	-0.07383229975870795
2.230493565888658e-6	-0.07056745643182114
2.051783460704676e-6	-0.06757849635132002
1.8991677022191623e-6	-0.06483193377387605
1.748417370829042e-6	-0.062299503905837134
1.6125903956213273e-6	-0.05995713243553615
1.4958881973308413e-6	-0.057784255065936124
1.3815682231311521e-6	-0.05576312165538862
1.293250977344429e-6	-0.053878406995491276
1.218437307949083e-6	-0.05211676127987035
1.1397973269368755e-6	-0.05046651245883148
1.0603583562875884e-6	-0.0489174560451836
9.923682407835034e-7	-0.047460570252481696
9.411035260526169e-7	-0.04608786432552784
8.85215809187212e-7	-0.04479224960246578
8.376196795207736e-7	-0.0435674145727156
7.943370575844045e-7	-0.04240773036193651
7.499087351289291e-7	-0.04130813273280829
7.126611999410948e-7	-0.04026407257051675
6.706207184785318e-7	-0.03927145789059069
6.386140880846935e-7	-0.03832656116252417
6.128417799581065e-7	-0.037426039644821524
5.797789796066933e-7	-0.03656683147339269
5.475763129678347e-7	-0.035746168453794955
5.220120853953903e-7	-0.03496151350630435
5.02424806747126e-7	-0.03421054786236224
4.815400005872494e-7	-0.033491144229909564
4.6271125645532266e-7	-0.032801357615713754
4.393004706919113e-7	-0.03213939809795294
4.201184382962797e-7	-0.03150361310880441
4.0214416746063854e-7	-0.030892486619432495
3.8524080054629376e-7	-0.030304612643929137
3.709888432589348e-7	-0.029738677762498743
3.5722027146139483e-7	-0.029193482343525808
3.4030156669179744e-7	-0.02866791756011265
3.275902561873212e-7	-0.02816093151764057
3.143346355362786e-7	-0.02767156141155281
3.0379605248052055e-7	-0.027198899485746785
2.9246438359661896e-7	-0.02674210981528051
2.824184687620357e-7	-0.02630040411994387
2.728664994024854e-7	-0.025873047564796695
2.605448460859916e-7	-0.025459354011906073
2.505826633292296e-7	-0.02505867980705697
2.4467387349425553e-7	-0.024670416307899637
2.3501604396441444e-7	-0.024293997766976237
2.2754887734613427e-7	-0.023928888588507922
2.1981912022971396e-7	-0.023574591039682617
2.1002816940808855e-7	-0.02323063055808728
2.0402369019922873e-7	-0.02289655840502496
1.9803383266502884e-7	-0.022571957304247103
1.9200884276301955e-7	-0.022256427376825788
1.8515685333359566e-7	-0.02194959546128525
1.7758412580544116e-7	-0.02165110837862255
1.727870553950961e-7	-0.021360631031346226
1.6826731214485415e-7	-0.021077841584020623
1.6267478022587435e-7	-0.020802439328339375
1.5710637137156813e-7	-0.020534139659911643
1.5162586621906284e-7	-0.0202726735620744
1.476089933398206e-7	-0.020017780665970698
1.422021862141798e-7	-0.01976921640397456
1.3805750832124875e-7	-0.019526748162907337
1.3506278208822997e-7	-0.019290156070873452
1.3054592457268922e-7	-0.019059226999684285
1.2624030851027258e-7	-0.018833760976730334
1.2120295419123518e-7	-0.01861356752632797
1.1880887532934037e-7	-0.018398461462358937
1.158076409500719e-7	-0.01818826999208055
1.1200791874184102e-7	-0.01798282594029188
1.0940681158593258e-7	-0.01778197148210342
1.0590644983831111e-7	-0.01758555398730978
1.0171578229752898e-7	-0.017393427563442074
9.871509671652845e-8	-0.01720545394157964
9.45113641493689e-8	-0.01702150061039583
9.345479352673714e-8	-0.016841436690394666
9.07968832009054e-8	-0.016665143508276966
8.759022060436661e-8	-0.016492503241874578
8.505211818931602e-8	-0.016323403091411486
8.25736823142742e-8	-0.0161577345374059
8.15266473598475e-8	-0.015995394771970182
7.914936806910356e-8	-0.015836284430170548
7.55207027546001e-8	-0.015680308511567008
7.328949675831642e-8	-0.015527375265649207
7.110752084014127e-8	-0.01537739707566064
6.947993193613389e-8	-0.015230288458943498
6.736695494108935e-8	-0.015085967474207476
6.40143500672763e-8	-0.014944355132695982
6.308657977354693e-8	-0.014805378563989866
6.12110372402941e-8	-0.014668962379682928
6.01313916028523e-8	-0.014535036975374976
5.852087105581161e-8	-0.014403535332377542
5.630847135416062e-8	-0.014274391922281323
5.483517357502965e-8	-0.014147543528416665
5.285579300517429e-8	-0.014022930269576022
5.053726223552824e-8	-0.013900493197158355
4.966234216631782e-8	-0.013780176661646505
4.832713495270813e-8	-0.013661924737986747
4.704888327307089e-8	-0.013545685326369876
4.49998019929565e-8	-0.013431407965407408
4.348524210066041e-8	-0.01331904238021088
4.249159643794354e-8	-0.013208541776770461
4.084795888296689e-8	-0.013099860193303945
3.977408480118627e-8	-0.012992953179124994
3.8672434502801116e-8	-0.012887776555539288
3.7520836523141646e-8	-0.012784289541326642
3.593697672654717e-8	-0.012682452174801899
3.442936281607412e-8	-0.012582225510601753
3.379700666324426e-8	-0.012483570338265922
3.284637363826781e-8	-0.0123864502420219
3.15819023513575e-8	-0.012290830181878497
3.0265708882870614e-8	-0.012196676241876024
2.8917014782448016e-8	-0.012103954146785877
2.8518329337956508e-8	-0.01201263235629385
2.7493190114336042e-8	-0.011922678614646909
2.634449327310051e-8	-0.011834062062336316
2.564201633646346e-8	-0.011746754195204347
2.4038410316595817e-8	-0.01166072583245931
2.3263179249571887e-8	-0.011575949524269108
2.2870307675504356e-8	-0.011492397361130825
2.1837605486990654e-8	-0.011410043280774737
2.0831981137731106e-8	-0.01132886207294065
1.998206769709965e-8	-0.011248828892357541
1.8924085532689983e-8	-0.011169919200063971
1.8227573690532406e-8	-0.011092110431170256
1.7356070331009387e-8	-0.011015378836992409
1.699588617704584e-8	-0.010939703018578838
1.608521425417453e-8	-0.010865059788250721
1.5157503282947627e-8	-0.010791429669384504
1.4471347972566662e-8	-0.010718792982960659
1.3804516903853648e-8	-0.010647128335777118
1.3161521818005896e-8	-0.010576416499709144
1.284043298317994e-8	-0.010506639328488249
1.1926570449422025e-8	-0.010437778195071464
1.1113077955909879e-8	-0.010369815400211735
1.0086402749365232e-8	-0.01030273385390197
9.47036795075351e-9	-0.010236516226576411
9.241010909599724e-9	-0.010171145955999222
8.900189377381019e-9	-0.010106606862715379
7.892459021857645e-9	-0.01004288406521573
7.193217268508523e-9	-0.009979961608463218
6.969255018490773e-9	-0.009917825727796788
6.277860501208155e-9	-0.009856460672670599
5.8248880512701275e-9	-0.009795852927412198
5.135526758343056e-9	-0.00973598872362589
4.491717486115876e-9	-0.009676854421838339
4.041244483110607e-9	-0.009618437622802647
3.2037738057433263e-9	-0.009560725597670348
2.8415253450819745e-9	-0.00950370577485217
2.651125750441352e-9	-0.009447365686299813
2.170091306008537e-9	-0.009391693594295272
1.3393750592172182e-9	-0.009336679059448898
6.88539415699685e-10	-0.00928231053294482
4.680237903398332e-10	-0.00922857703638495
-1.025778957330914e-11	-0.009175468486551479
-3.695711954743164e-10	-0.009122974150667519
-7.661655359869624e-10	-0.00907108483590958
-1.473015192965388e-9	-0.009019790758260149
-2.069730046205809e-9	-0.008969083217145441
-2.4907724929856826e-9	-0.008918953413879169
-2.623968999415638e-9	-0.00886939211718572
-3.281303365632038e-9	-0.008820392376602941
-3.872982973945893e-9	-0.008771946772578853
-4.629771222480761e-9	-0.008724048561195331
-4.950270907799759e-9	-0.008676691311378463
-5.463862253535234e-9	-0.008629869556810419
-5.771745036864395e-9	-0.00858357881265507
-6.485586660981424e-9	-0.008537816531407975
-7.146065001406577e-9	-0.00849258058012324
-7.714593561652939e-9	-0.008447872379535915
-8.419117230878958e-9	-0.008403694591270052
-9.037863480793052e-9	-0.008360055142594606
-9.977555846790721e-9	-0.00831696724893109
-1.1274592960841545e-8	-0.008274452559190935
-1.3228229857342732e-8	-0.008232544907495396
-1.592747092784008e-8	-0.008191294342449633
-1.927150349250173e-8	-0.00815077079354693
-2.4501072225963094e-8	-0.008111049459957111
-3.311430524059467e-8	-0.008072101670997884
-4.5603242815939194e-8	-0.008033172391869715
-5.187839673603812e-8	-0.007989244239434454
-5.174557281402148e-8	-0.007926256093094872
-4.53941753734366e-8	-0.007883462769535329
-3.337840844093165e-8	-0.007846339879443606
-2.544954860032034e-8	-0.007809899658749413
-2.09292461983035e-8	-0.007773432348416376
-1.8282343013126256e-8	-0.00773693412867972
-1.631352599698599e-8	-0.0077004933644433116
-1.5072561645734784e-8	-0.0076641875751049795
-1.444361314416609e-8	-0.007628071854419648
-1.4144517038361393e-8	-0.007592183831612173
-1.4127110319334114e-8	-0.00755654845749087
-1.4052125205260559e-8	-0.007521182095735215
-1.4095906356659249e-8	-0.0074860957244869955
-1.4077757009378634e-8	-0.007451295420744427
-1.403041361455193e-8	-0.007416785809909584
-1.4292559229589497e-8	-0.007382568485694065
-1.4406577138842413e-8	-0.0073486445430609665
-1.4662024695660803e-8	-0.007315013543443209
-1.4616256434235587e-8	-0.0072816743166285395
-1.4693924548431215e-8	-0.007248625040530139
-1.4734998642473852e-8	-0.007215863736639473
-1.512485033507982e-8	-0.0071833880510061504
-1.532594701150747e-8	-0.007151196021957546
-1.5419357368573472e-8	-0.007119284328974959
-1.5451609161881707e-8	-0.007087650088959497
-1.5678262525942176e-8	-0.007056290619371567
-1.5927605746896003e-8	-0.007025202730464132
-1.610838718976715e-8	-0.006994383744225587
-1.643691007036652e-8	-0.00696383024950206
-1.6524445149079803e-8	-0.00693353938986239
-1.6520878379683303e-8	-0.006903507980716397
-1.6712442810390417e-8	-0.006873732721051217
-1.7056853148855745e-8	-0.0068442110851327145
-1.73096194405864e-8	-0.0068149400281525664
-1.7325027489967227e-8	-0.006785916327512353
-1.7538226637986434e-8	-0.006757136914795537
-1.765994296740181e-8	-0.006728598843314167
-1.7764949279380772e-8	-0.006700299512091353
-1.798364263263519e-8	-0.006672235918751335
-1.809587860774897e-8	-0.00664440520672234
-1.841866021737304e-8	-0.006616804826941065
-1.8532960159584056e-8	-0.00658943144297225
-1.852189100985391e-8	-0.0065622828001893115
-1.8796273143156796e-8	-0.006535355899531801
-1.9113902225686986e-8	-0.006508648401414594
-1.927464857785499e-8	-0.006482157627772542
-1.927885740901636e-8	-0.006455880959415254
-1.9373233935632285e-8	-0.006429815692809195
-1.9435812944346153e-8	-0.006403959432081898
-1.9720941420298122e-8	-0.006378309757363818
-1.988890968913082e-8	-0.006352864122156643
-2.0050919021036284e-8	-0.006327620366474687
-2.020890975559797e-8	-0.006302576152121463
-2.0288939667401086e-8	-0.006277728627699878
-2.038055693747154e-8	-0.006253075760286065
-2.065379829752079e-8	-0.006228615776140529
-2.0764763146624568e-8	-0.006204345915945016
-2.093397227765359e-8	-0.006180264232029316
-2.0997011632062357e-8	-0.006156368272861841
-2.112775241738252e-8	-0.0061326561816951895
-2.1217641669957212e-8	-0.006109125737483212
-2.130551188671004e-8	-0.0060857748706946505
-2.1574626578146907e-8	-0.006062601641111162
-2.1738884292971107e-8	-0.006039604102873226
-2.1688007156733803e-8	-0.0060167800534150755
-2.1880146166330938e-8	-0.0059941276636930356
-2.1961400213060814e-8	-0.005971644898558356
-2.2078948043757764e-8	-0.005949330140172539
-2.2351150344035456e-8	-0.00592718142530048
-2.2398042221072333e-8	-0.005905196718074864
-2.2459874671254543e-8	-0.005883374413581832
-2.2540169340801165e-8	-0.005861712528370697
-2.2695258631211247e-8	-0.005840209430794954
-2.2921147350918326e-8	-0.005818863496113948
-2.2963524621355537e-8	-0.005797673063846122
-2.2998137021268408e-8	-0.005776636163143805
-2.312722252071353e-8	-0.005755751170673163
-2.326997048346935e-8	-0.005735016534492365
-2.3421296322834184e-8	-0.00571443081531096
-2.3469595273301058e-8	-0.0056939922061524555
-2.364357455582611e-8	-0.005673699154535679
-2.3727079549101804e-8	-0.005653550127258029
-2.3724206436120943e-8	-0.0056335437387518535
-2.386176593576206e-8	-0.005613678299664653
-2.399358649795014e-8	-0.005593952409163154
-2.420336248433186e-8	-0.0055743647020210394
-2.418671166231068e-8	-0.005554913514964224
-2.4233093243664075e-8	-0.005535597564962597
-2.4363229443452596e-8	-0.0055164153853783544
-2.438980832060733e-8	-0.005497365707797483
-2.4511163476426125e-8	-0.005478447112342213
-2.47107183377282e-8	-0.005459658203681897
-2.480351576783502e-8	-0.005440997735890351
-2.5027169829860976e-8	-0.00542246446674753
-2.4939109384997105e-8	-0.005404056763596523
-2.5021357359777953e-8	-0.005385773708698643
-2.5169542574798867e-8	-0.005367613976217776
-2.5255368945170666e-8	-0.00534957627667076
-2.5342185398052885e-8	-0.005331659303993354
-2.5278338332995755e-8	-0.005313861916449581
-2.5366381813085593e-8	-0.005296182916918564
-2.5603301918414314e-8	-0.005278621175060366
-2.5690537187189612e-8	-0.005261175524334024
-2.577868325065458e-8	-0.005243844881936285
-2.580803363138595e-8	-0.005226628037365263
-2.5900135258832838e-8	-0.0052095238298898216
-2.6148217347315983e-8	-0.005192531097852157
-2.610991960194098e-8	-0.005175649081942746
-2.6191671558367657e-8	-0.0051588763969658575
-2.6179416470634156e-8	-0.005142212047522973
-2.623766979275577e-8	-0.005125655061051127
-2.6377884536665787e-8	-0.005109204362172943
-2.6428931142191695e-8	-0.005092858886011437
-2.6550757120763492e-8	-0.0050766177255062135
-2.672347304397693e-8	-0.0050604798337802745
-2.6709645622208236e-8	-0.00504444434465019
-2.676086824555113e-8	-0.005028510109233981
-2.6808329789829166e-8	-0.005012676252427902
-2.6966369883751895e-8	-0.004996941895294757
-2.705576418381428e-8	-0.0049813059611342
-2.707608322082833e-8	-0.004965767639862135
-2.7192273545301184e-8	-0.004950326032670454
-2.7231190592802435e-8	-0.004934980253643995
-2.7277423398613942e-8	-0.004919729257915594
-2.7334356329622447e-8	-0.004904572301572159
-2.745904116697173e-8	-0.004889508581124594
-2.7577026598069044e-8	-0.004874537267045768
-2.7566870308121105e-8	-0.004859657315073576
-2.7607390221850994e-8	-0.004844867930736501
-2.769928625000473e-8	-0.004830168368783496
-2.7803047931324044e-8	-0.004815557902296555
-2.791587212456759e-8	-0.0048010355958834
-2.788186602841192e-8	-0.004786600793012223
-2.7949539138200087e-8	-0.004772252581471088
-2.8040282656599525e-8	-0.004757990128335636
-2.806168644316487e-8	-0.0047438128452361745
-2.8233533571847547e-8	-0.004729719905161287
-2.827262018081367e-8	-0.004715710636106187
-2.825005579721318e-8	-0.004701784165652196
-2.833678724271649e-8	-0.0046879398061751235
-2.8421999081135186e-8	-0.004674176897613955
-2.84834819962998e-8	-0.004660494728998543
-2.8583544017696252e-8	-0.004646892530008154
-2.862366147416973e-8	-0.0046333697633881114
-2.869668362220357e-8	-0.0046199255825397165
-2.8681625172932713e-8	-0.00460655944907789
-2.8766134367819164e-8	-0.0045932704088967515
-2.8856418437317457e-8	-0.004580058069793927
-2.890559045086727e-8	-0.0045669219163400575
-2.895329294453353e-8	-0.004553861031179438
-2.8998606840907606e-8	-0.004540874797682728
-2.8986055901181196e-8	-0.0045279627133163495
-2.9085487885222028e-8	-0.00451512410416951
-2.9168677567054102e-8	-0.004502358386688488
-2.9294758372599984e-8	-0.004489665013132707
-2.9345252334572747e-8	-0.004477043312928238
-2.932306413639396e-8	-0.004464492684610252
-2.932327887456565e-8	-0.004452012526071067
-2.9454933334055467e-8	-0.0044396024156942784
-2.952876529567772e-8	-0.004427261654071575
-2.9510437535312797e-8	-0.004414989903235028
-2.9586148429799898e-8	-0.004402786367776942
-2.9615967691520863e-8	-0.0043906506291199136
-2.969497795856091e-8	-0.004378582157177519
-2.976671498955974e-8	-0.004366580386052495
-2.98006847206711e-8	-0.004354644942485014
-2.991587556055997e-8	-0.004342775329984223
-2.993472975081901e-8	-0.004330971027462031
-2.9918752366769884e-8	-0.004319231478811722
-2.99645721883679e-8	-0.00430755622527185
-3.008586111288847e-8	-0.004295945030403245
-3.0171162410341794e-8	-0.004284397375421031
-3.016603604039658e-8	-0.004272912811798639
-3.021724214520294e-8	-0.004261491034958972
-3.0244005997248636e-8	-0.004250131554648738
-3.0279985574466204e-8	-0.004238834168720381
-3.0385316872522106e-8	-0.0042275985048005485
-3.0468281359874453e-8	-0.004216424386428808
-3.05138603613031e-8	-0.004205311577269052
-3.0496258434653534e-8	-0.004194259705423677
-3.059707018686076e-8	-0.00418326887106908
-3.068485182733394e-8	-0.004172339038804322
-3.081187627003157e-8	-0.0041614702949943575
-3.084108606569158e-8	-0.004150662768937302
-3.0915695677419254e-8	-0.004139916784829298
-3.094410758905375e-8	-0.004129232871713411
-3.10679470175379e-8	-0.004118611992203814
-3.1181235279653663e-8	-0.004108055198228626
-3.127467700548281e-8	-0.004097564372468125
-3.140187419048979e-8	-0.004087141703442934
-3.1510544460239266e-8	-0.004076790650955404
-3.169769098927411e-8	-0.004066515984731799
-3.197328310565739e-8	-0.004056324574176675
-3.24110424057833e-8	-0.0040462263485309844
-3.303508998135363e-8	-0.00403623535267465
-3.382360715913357e-8	-0.00402637074429708
-3.508375552291887e-8	-0.004016653328823514
-3.7192479145303774e-8	-0.00400707864633943
-4.0284570740389827e-8	-0.003997461856235079
-4.1858362328728305e-8	-0.003986551366986807
-4.184175926270628e-8	-0.003970803836908266
-4.0258439210560936e-8	-0.003960035191943861
-3.7225483923158944e-8	-0.003950644153939939
-3.520226013059569e-8	-0.003941382788259683
-3.4030667611856246e-8	-0.003932071846984506
-3.332911550603668e-8	-0.003922709887211673
-3.279609359574387e-8	-0.0039133192479770046
-3.244702858909987e-8	-0.0039039199008041323
-3.225443651347915e-8	-0.00389452636342237
-3.214671664483748e-8	-0.003885148858679056
-3.211241795045283e-8	-0.003875794464770426
-3.206294071104177e-8	-0.003866468117648027
-3.204487716022553e-8	-0.0038571734076735796
-3.2010485888550604e-8	-0.003847912675503437
-3.1968306987578686e-8	-0.003838687905830421
-3.2009347411021686e-8	-0.0038295002932264015
-3.2011067302434304e-8	-0.003820350908080601
-3.205152022354718e-8	-0.003811240412552116
-3.201054441155371e-8	-0.0038021692698268087
-3.200333068899552e-8	-0.003793137761461734
-3.198631141927422e-8	-0.003784146119645756
-3.206578349123079e-8	-0.003775194465699881
-3.209390073986018e-8	-0.0037662830207076184
-3.2092569335129274e-8	-0.0037574116200276854
-3.2074424098738064e-8	-0.003748580207655981
-3.211102560767287e-8	-0.0037397887722588354
-3.215463097722693e-8	-0.0037310371485656363
-3.217946767252733e-8	-0.0037223253031888675
-3.2246808977881574e-8	-0.003713652983325244
-3.2246169637289994e-8	-0.003705020080317821
-3.2219683195072735e-8	-0.0036964263797180266
-3.224942165635514e-8	-0.003687871620313589
-3.232384015534051e-8	-0.0036793557511509466
-3.237252661804635e-8	-0.0036708785604196814
-3.235271672936136e-8	-0.0036624397718779166
-3.2390846592894594e-8	-0.0036540391409006136
-3.2402668377751187e-8	-0.003645676445832256
-3.240990659716947e-8	-0.003637351554682988
-3.245107705751038e-8	-0.0036290642060557957
-3.246119049630236e-8	-0.0036208141693710545
-3.253438013650078e-8	-0.0036126012938887267
-3.254597566028084e-8	-0.003604425182825616
-3.252023279744498e-8	-0.003596285750326147
-3.2580577820884306e-8	-0.003588182676986122
-3.2654679738169934e-8	-0.003580115830476229
-3.268190208273181e-8	-0.0035720849661530297
-3.26618274016921e-8	-0.0035640898462838493
-3.2669400136581265e-8	-0.003556130196566666
-3.266747705993334e-8	-0.003548205826014919
-3.273431550450123e-8	-0.0035403165264716358
-3.2765610683471724e-8	-0.00353246204074136
-3.2795479470659754e-8	-0.003524642221128719
-3.2824503906231373e-8	-0.003516856855704333
-3.282956603444798e-8	-0.0035091055626515527
-3.283848721471472e-8	-0.0035013882050535013
-3.2904808850064975e-8	-0.003493704719364511
-3.292053676665074e-8	-0.0034860547237985815
-3.295500735395751e-8	-0.0034784380823827754
-3.2956144112711306e-8	-0.003470854491170028
-3.29790599897517e-8	-0.003463303825939632
-3.298923126260345e-8	-0.003455785838476258
-3.29989966339761e-8	-0.003448300320239249
-3.306738545237331e-8	-0.003440847096028704
-3.310250288026673e-8	-0.003433425981055385
-3.306825423403104e-8	-0.00342603669950502
-3.3113003596157986e-8	-0.003418679088213764
-3.312201579625529e-8	-0.0034113529094717855
-3.314312794893137e-8	-0.0034040580540649233
-3.321533196889437e-8	-0.003396794292941714
-3.3213907009638225e-8	-0.0033895613652903415
-3.321756410275545e-8	-0.0033823591446312776
-3.3227516738199017e-8	-0.0033751873726472056
-3.3262557868618536e-8	-0.003368045900153429
-3.332158393949958e-8	-0.0033609345738495108
-3.331970424196307e-8	-0.003353853222084728
-3.331534533071445e-8	-0.003346801562484297
-3.334291266083866e-8	-0.0033397794218970648
-3.337540124361827e-8	-0.0033327866449224582
-3.341112797095591e-8	-0.003325823108257555
-3.341219604771628e-8	-0.0033188885580636824
-3.3456236351275814e-8	-0.003311982820141595
-3.346974327171903e-8	-0.0033051057208351043
-3.345384376385319e-8	-0.003298257131135813
-3.348626723175818e-8	-0.0032914368122237236
-3.351702448390337e-8	-0.00328464461818947
-3.357504334841055e-8	-0.003277880410024528
-3.355499002369866e-8	-0.003271143940087478
-3.355686483565435e-8	-0.003264435086544944
-3.358808499940857e-8	-0.003257753658595837
-3.358337635619435e-8	-0.0032510995291293926
-3.361200241450702e-8	-0.003244472513047525
-3.366841285475375e-8	-0.0032378724284435694
-3.3687593664449843e-8	-0.0032312991407614485
-3.375327824019503e-8	-0.0032247525120127083
-3.370887090811681e-8	-0.0032182322609886557
-3.372490120454597e-8	-0.003211738354511569
-3.376464114382416e-8	-0.0032052706104093226
-3.3782404245846774e-8	-0.0031988288544700263
-3.380072235246723e-8	-0.0031924129016520863
-3.376507274623908e-8	-0.003186022621054773
-3.37840896554309e-8	-0.0031796578575083124
-3.3857122309205456e-8	-0.00317331847547457
-3.3876392250997704e-8	-0.003167004322049107
-3.389619390051779e-8	-0.0031607152703728224
-3.38947736179207e-8	-0.003154451143017394
-3.3916363020641826e-8	-0.0031482117761985513
-3.399527853289452e-8	-0.0031419970014573096
-3.3969550648565995e-8	-0.00313580679372667
-3.39879703794177e-8	-0.003129640894748845
-3.397188273161489e-8	-0.003123499184953217
-3.398188882828834e-8	-0.0031173815495311916
-3.402243197959676e-8	-0.0031112878319467575
-3.403011288860558e-8	-0.0031052178755936843
-3.4064300107616856e-8	-0.003099171578766016
-3.4117759852297926e-8	-0.003093148784176447
-3.410168792945534e-8	-0.0030871493983783637
-3.411004808447915e-8	-0.003081173218592191
-3.411711478176205e-8	-0.003075220140889417
-3.416602284090908e-8	-0.003069290056700602
-3.4189282870744635e-8	-0.0030633827794435547
-3.4186541122777085e-8	-0.00305749821971019
-3.422030348824157e-8	-0.0030516362514265466
-3.422486226415389e-8	-0.0030457967501707375
-3.4232313900633975e-8	-0.0030399795276100875
-3.424397045554972e-8	-0.0030341845068394407
-3.4281752563808386e-8	-0.0030284115854110286
-3.431720826350682e-8	-0.003022660647968732
-3.430350464450061e-8	-0.0030169314933966283
-3.4309388593078974e-8	-0.0030112240133471123
-3.433526459576397e-8	-0.003005538115690702
-3.43659367024407e-8	-0.0029998737127450077
-3.440034154191252e-8	-0.0029942306331300823
-3.437772082213187e-8	-0.002988608810868279
-3.4394798890891036e-8	-0.002983008077724276
-3.4421057507633134e-8	-0.0029774282932849157
-3.442027995715913e-8	-0.0029718694101874164
-3.4478751001942866e-8	-0.0029663312850959495
-3.4485199011913275e-8	-0.002960813832874944
-3.446737659935639e-8	-0.0029553168868222944
-3.44928220588403e-8	-0.0029498403503570862
-3.451783678412035e-8	-0.002944384135421981
-3.453358422365605e-8	-0.0029389481313945465
-3.456483665703614e-8	-0.002933532201507762
-3.45723386514174e-8	-0.002928136299409983
-3.459310380200531e-8	-0.0029227602530309802
-3.457867973467588e-8	-0.0029174040110112303
-3.4604279614458554e-8	-0.002912067352983047
-3.46323726166109e-8	-0.0029067502816660248
-3.4644040821135704e-8	-0.002901452748656199
-3.465521867775934e-8	-0.0028961745411528366
-3.466553063490863e-8	-0.002890915565127604
-3.465243116853589e-8	-0.0028856757707796396
-3.4684918643773657e-8	-0.0028804550368065414
-3.4710967260453974e-8	-0.0028752532764573418
-3.475470633711453e-8	-0.002870070415617753
-3.476771555786518e-8	-0.002864906327986423
-3.4751000227833954e-8	-0.0028597609133390743
-3.474347957432844e-8	-0.002854634069149255
-3.479014007639059e-8	-0.0028495257652049453
-3.4813162636382346e-8	-0.0028444358551611548
-3.479819878768331e-8	-0.0028393643398407155
-3.482220585491192e-8	-0.002834311029280582
-3.482729430694387e-8	-0.0028292758873681672
-3.4852921573053085e-8	-0.002824258830158956
-3.487566186164415e-8	-0.002819259756990481
-3.488275999319335e-8	-0.002814278645780777
-3.492392692143187e-8	-0.002809315421592233
-3.492489696996226e-8	-0.00280436999750309
-3.4911278504945467e-8	-0.0027994422701335324
-3.4923668198200147e-8	-0.0027945321752308166
-3.4967980597977454e-8	-0.0027896397407780695
-3.499729613082314e-8	-0.0027847648746184926
-3.4988480145131674e-8	-0.002779907512614949
-3.500356582917807e-8	-0.0027750676501932946
-3.5008364063709995e-8	-0.002770245202831618
-3.501714376741294e-8	-0.002765440207045038
-3.505557881749999e-8	-0.00276065262602424
-3.508463711536791e-8	-0.002755882505430147
-3.509783738316341e-8	-0.0027511298646479515
-3.508402682859679e-8	-0.0027463946641006105
-3.512108365114064e-8	-0.002741677065795145
-3.5152704550661667e-8	-0.0027369771736007373
-3.520139853675497e-8	-0.00273229514368653
-3.5208050005081095e-8	-0.0027276311509305765
-3.523440783495535e-8	-0.0027229854548490927
-3.5240868857416845e-8	-0.00271835840464632
-3.52888306994037e-8	-0.002713750539326834
-3.533240755762557e-8	-0.0027091624395633278
-3.5367521425316854e-8	-0.002704595051158625
-3.541752712853952e-8	-0.0027000494590083243
-3.545964290881942e-8	-0.002695527310463173
-3.55363150282062e-8	-0.00269103083702459
-3.565209888891086e-8	-0.0026865632058252153
-3.583960239112449e-8	-0.0026821289495504827
-3.6109814087825767e-8	-0.002677734442758571
-3.645352293996096e-8	-0.0026733883569996816
-3.7006823280016924e-8	-0.0026691001485698636
-3.793760488760012e-8	-0.0026648681521492627
-3.930752098013635e-8	-0.002660610714361038
-4.000775033239368e-8	-0.0026557718843058203
-4.0002831210395056e-8	-0.0026487725320679576
-3.9299778752122095e-8	-0.002643975729436177
-3.7947384787778703e-8	-0.002639785178606225
-3.704193292003444e-8	-0.0026356460097055213
-3.651486550221295e-8	-0.0026314782227909116
-3.6196914613545465e-8	-0.0026272810415796815
-3.595365777769311e-8	-0.0026230643706385316
-3.5792412451679524e-8	-0.0026188371152828715
-3.570119309297404e-8	-0.0026146057815639285
-3.564802034548009e-8	-0.0026103749793187406
-3.562789913429953e-8	-0.002606147926452725
-3.5600867278490215e-8	-0.0026019268913903943
-3.558802387612636e-8	-0.0025977135465911094
-3.556774792141671e-8	-0.0025935090071941757
-3.5543891742201296e-8	-0.002589314233153186
-3.555791179549184e-8	-0.0025851298300594155
-3.555405542935986e-8	-0.0025809563502565596
-3.556791877937782e-8	-0.002576794162520422
-3.554456844138132e-8	-0.002572643546402879
-3.553665259808936e-8	-0.0025685046994662016
-3.552423578133679e-8	-0.0025643777973779086
-3.5556189869845326e-8	-0.0025602629654391854
-3.556460857608856e-8	-0.002556160375222691
-3.5559490306136254e-8	-0.0025520700209210522
-3.554661130211745e-8	-0.0025479919464288063
-3.555905541675619e-8	-0.0025439262161071033
-3.55748055532068e-8	-0.0025398728229434056
-3.558191676727995e-8	-0.0025358318205728372
-3.56088305607849e-8	-0.00253180316054028
-3.560420061200498e-8	-0.00252778686074087
-3.5587528382263755e-8	-0.002523782889401015
-3.5597083327576494e-8	-0.002519791192271109
-3.5627583306996334e-8	-0.0025158118126616434
-3.564614440087488e-8	-0.002511844718358937
-3.5632658800133225e-8	-0.002507889846307952
-3.5646368387010073e-8	-0.0025039471474990085
-3.564776740414e-8	-0.002500016583010932
-3.5647031888347285e-8	-0.002496098155502707
-3.5662322720286804e-8	-0.002492191806187602
-3.5663007778968806e-8	-0.002488297490077196
-3.5693554368670943e-8	-0.0024844151992788727
-3.569503069743574e-8	-0.0024805448088924993
-3.567882147705315e-8	-0.002476686340396205
-3.570348044761307e-8	-0.002472839704045756
-3.5734774067835986e-8	-0.0024690048981834494
-3.57438450505676e-8	-0.002465181867245454
-3.57303986533497e-8	-0.0024613705582654266
-3.573014185114243e-8	-0.0024575709001252674
-3.572536137930738e-8	-0.002453782860786094
-3.5753525359932815e-8	-0.002450006399429123
-3.576473666450642e-8	-0.0024462414511161735
-3.5775313821484466e-8	-0.002442488002777567
-3.578553233686277e-8	-0.0024387460100106003
-3.578425715418665e-8	-0.0024350153459909187
-3.578485891730377e-8	-0.0024312960009541767
-3.5813200824535986e-8	-0.0024275880001616203
-3.58171703710497e-8	-0.00242389121477285
-3.58302457766746e-8	-0.0024202056339332374
-3.58272102451207e-8	-0.002416531164944247
-3.5834759516539805e-8	-0.0024128678015331484
-3.5836151907242546e-8	-0.0024092154767803593
-3.583736752003075e-8	-0.0024055741423933906
-3.5867176301002114e-8	-0.0024019437657479617
-3.588084317638907e-8	-0.002398324309045495
-3.586066636120378e-8	-0.0023947156894859687
-3.5879108347153245e-8	-0.002391117878642406
-3.58801041433654e-8	-0.0023875308111031258
-3.5887056994138304e-8	-0.002383954483844428
-3.5919139475271146e-8	-0.0023803888346560103
-3.59151071044006e-8	-0.002376833785082807
-3.5913585683178265e-8	-0.0023732893221228234
-3.591518064093302e-8	-0.0023697553674018887
-3.592918089501684e-8	-0.002366231895731171
-3.5955088917444257e-8	-0.0023627188794761423
-3.595093380160952e-8	-0.002359216281484318
-3.594555412829159e-8	-0.0023557240092679324
-3.595601792839021e-8	-0.002352242023785916
-3.596896615067902e-8	-0.0023487702943427286
-3.5983574310261005e-8	-0.0023453088057805295
-3.598097404335921e-8	-0.002341857477583026
-3.599980730909502e-8	-0.0023384162682812556
-3.6003445958393554e-8	-0.00233498513619985
-3.5992437687687454e-8	-0.0023315640615290422
-3.600558437527046e-8	-0.0023281529691206457
-3.6017942988131325e-8	-0.002324751829773202
-3.604402230802384e-8	-0.0023213606173460057
-3.603096702664566e-8	-0.002317979250756591
-3.6028921188663304e-8	-0.0023146077115455757
-3.604165665386794e-8	-0.002311245946195245
-3.6036327787575265e-8	-0.0023078939327915533
-3.604782245580918e-8	-0.002304551619809569
-3.607339586830794e-8	-0.0023012189568490746
-3.608021025719999e-8	-0.0022978959169931133
-3.6110605111844277e-8	-0.0022945824712177943
-3.60852665516942e-8	-0.0022912785175179004
-3.609055885037682e-8	-0.0022879840790832762
-3.6107927613893145e-8	-0.002284699103265252
-3.611416766758913e-8	-0.002281423540996297
-3.612071660051286e-8	-0.0022781573372407057
-3.609977294156131e-8	-0.0022749004640984782
-3.610670374227798e-8	-0.00227165288093279
-3.61412709573683e-8	-0.002268414556738779
-3.6148418240194994e-8	-0.0022651854512691976
-3.6155866947062966e-8	-0.0022619655372260474
-3.615246188494181e-8	-0.0022587547610392724
-3.616087434187843e-8	-0.002255553075697323
-3.619878304124136e-8	-0.002252360431368409
-3.618294125067867e-8	-0.002249176851581285
-3.6189819192339325e-8	-0.002246002239638478
-3.617892749444574e-8	-0.0022428365697364167
-3.618149570445151e-8	-0.002239679818220733
-3.6199864929820084e-8	-0.002236531939567266
-3.62012815460222e-8	-0.0022333928878232783
-3.621644205904495e-8	-0.0022302626450796145
-3.6241642017298404e-8	-0.0022271411643397655
-3.6230812595600126e-8	-0.0022240284313520026
-3.623266707310502e-8	-0.002220924374800469
-3.6233863102702604e-8	-0.0022178289743029138
-3.625686473294754e-8	-0.002214742206790085
-3.626655464486484e-8	-0.0022116640082400617
-3.626270361188344e-8	-0.0022085943648954666
-3.627792918634021e-8	-0.0022055332436060416
-3.6277922817179454e-8	-0.0022024806117702024
-3.627944129063754e-8	-0.0021994364030109457
-3.6283176858309396e-8	-0.0021964006089023806
-3.630063938205308e-8	-0.0021933732074142596
-3.631692596444136e-8	-0.002190354169473014
-3.630740949714939e-8	-0.002187343420623237
-3.6308192178402534e-8	-0.0021843409347652035
-3.6319521485400634e-8	-0.0021813466940698223
-3.633341306801263e-8	-0.002178360682820485
-3.634931286686238e-8	-0.0021753828408827107
-3.633511660053879e-8	-0.0021724131634250927
-3.6341904573838906e-8	-0.0021694515913370347
-3.6353576860231884e-8	-0.0021664980798476487
-3.635095041280012e-8	-0.0021635526331717924
-3.6379769575600744e-8	-0.0021606152044691216
-3.638102123039167e-8	-0.0021576857774684858
-3.6369378784045785e-8	-0.0021547642923121016
-3.638075187260559e-8	-0.0021518507260756487
-3.639192839220984e-8	-0.002148945060140014
-3.6398193310133164e-8	-0.002146047263629975
-3.64127570542383e-8	-0.002143157291444679
-3.6414666429929186e-8	-0.0021402751464816645
-3.6423682942238194e-8	-0.002137400764255045
-3.641388411378954e-8	-0.0021345341445213784
-3.642552637908026e-8	-0.0021316751963110893
-3.643853787593798e-8	-0.002128823947849748
-3.6442763278915494e-8	-0.0021259803998817275
-3.6446741558976427e-8	-0.0021231444646466822
-3.64502686262147e-8	-0.0021203161178179283
-3.6441202752629524e-8	-0.0021174953586634657
-3.6456704126985874e-8	-0.0021146821477694396
-3.646876818763634e-8	-0.0021118764640852177
-3.649042042196405e-8	-0.00210907829317645
-3.64955005049572e-8	-0.002106287592207279
-3.6484525558488914e-8	-0.002103504332172985
-3.647850818061516e-8	-0.0021007284825729383
-3.650186772304887e-8	-0.0020979600518843426
-3.651245065364739e-8	-0.002095198985464023
-3.650242460792042e-8	-0.002092445308286128
-3.6513577899971454e-8	-0.0020896989415592196
-3.6514463712011836e-8	-0.0020869598898093757
-3.652654732641536e-8	-0.002084228131403819
-3.6537086585108905e-8	-0.002081503635394179
-3.653911565795753e-8	-0.002078786413487599
-3.655976726535948e-8	-0.0020760764484439864
-3.655848567784559e-8	-0.0020733737162912055
-3.654922358709567e-8	-0.0020706781838458425
-3.655419942618643e-8	-0.002067989839121554
-3.657669389526275e-8	-0.0020653087205471346
-3.659100694420325e-8	-0.002062634800648187
-3.658440722197343e-8	-0.0020599680671276434
-3.6590944140185715e-8	-0.0020573085402782417
-3.659183835664215e-8	-0.0020546561963625132
-3.6594932607836305e-8	-0.002052011078109261
-3.661438829436481e-8	-0.0020493731878689987
-3.6628712269271004e-8	-0.002046742573393723
-3.6634310542299486e-8	-0.00204411926798418
-3.6624994904499444e-8	-0.002041503272357864
-3.664381081281976e-8	-0.002038894698645282
-3.665965622910994e-8	-0.0020362936270701907
-3.6684998301689253e-8	-0.00203370016700965
-3.668707067527866e-8	-0.002031114438489895
-3.6700093611552465e-8	-0.0020285366088278176
-3.6702089186307906e-8	-0.0020259668956435547
-3.6727174029471675e-8	-0.002023405622746362
-3.674986829421134e-8	-0.00202085313813799
-3.676789336199415e-8	-0.0020183099943038895
-3.679425877431974e-8	-0.0020157768230523745
-3.6816271101536295e-8	-0.002013254572095466
-3.6857628227504605e-8	-0.002010744518499179
-3.692092574721917e-8	-0.0020082484665399354
-3.702446227429324e-8	-0.0020057689904420077
-3.717449168246789e-8	-0.002003309704305677
-3.7365971479763616e-8	-0.0020008755214918606
-3.7675338523346374e-8	-0.0019984718117601954
-3.8197138685591716e-8	-0.0019960977190838455
-3.896654391088994e-8	-0.0019937074429423217
-3.936066072707245e-8	-0.0019909883234103237
-3.935858569782402e-8	-0.001987050827150786
-3.8963277903780735e-8	-0.001984349437862509
-3.820126478594754e-8	-0.0019819873792792657
-3.769015007755727e-8	-0.0019796524471654238
-3.739184951951913e-8	-0.0019772995380032046
-3.7211234179146406e-8	-0.0019749281701059726
-3.707257411221243e-8	-0.001972543901442848
-3.6980112282108956e-8	-0.0019701517429061475
-3.69271738839494e-8	-0.001967755362801546
-3.689572536398345e-8	-0.001965357366448137
-3.688298561987935e-8	-0.0019629595779101713
-3.686630504526334e-8	-0.0019605632880130837
-3.685766568405913e-8	-0.0019581694530633937
-3.684479076214165e-8	-0.0019557787154451762
-3.682986182638182e-8	-0.001953391631250223
-3.6836492567704495e-8	-0.0019510085564429858
-3.68329444908666e-8	-0.0019486298177293908
-3.6839508726382864e-8	-0.001946255638069588
-3.6824836368093415e-8	-0.0019438861901322712
-3.6818965904267254e-8	-0.0019415216002277049
-3.6810518031005214e-8	-0.0019391619824855966
-3.6827460139204906e-8	-0.0019368074225153311
-3.6830950667171574e-8	-0.0019344580326459654
-3.6826691078323264e-8	-0.0019321138238056882
-3.68179770021182e-8	-0.001929774835417547
-3.6823793754769966e-8	-0.0019274411187212607
-3.683152476739449e-8	-0.0019251126840408857
-3.683430286354761e-8	-0.001922789576552047
-3.684848815422859e-8	-0.0019204717827540393
-3.684453168819046e-8	-0.0019181593272617357
-3.683363131387618e-8	-0.0019158522060753087
-3.683784962356662e-8	-0.0019135504021600392
-3.685416923466245e-8	-0.001911253954686944
-3.686362133066279e-8	-0.0019089628592582114
-3.685456304494128e-8	-0.0019066770935714744
-3.6861230474249944e-8	-0.001904396643324213
-3.686078561467854e-8	-0.0019021214999524192
-3.685910718885799e-8	-0.001899851678906127
-3.68667238804965e-8	-0.0018975871599886133
-3.68658818946932e-8	-0.0018953279308955566
-3.6882382785180525e-8	-0.0018930740007680755
-3.688201898707222e-8	-0.0018908253107183626
-3.687137021444187e-8	-0.0018885818867627009
-3.688450036166136e-8	-0.0018863436901983058
-3.69015167905995e-8	-0.001884110733465742
-3.690560905635354e-8	-0.001881882997562202
-3.6896576239936475e-8	-0.001879660464888855
-3.6895235056594314e-8	-0.0018774431071450026
-3.689125069083477e-8	-0.0018752309187229934
-3.690652655972682e-8	-0.001873023888811379
-3.69119104472182e-8	-0.0018708219924042017
-3.6916935326108957e-8	-0.001868625234735554
-3.6921759141356204e-8	-0.0018664336026481424
-3.691985693539124e-8	-0.001864247034564549
-3.691905672164042e-8	-0.0018620655373650125
-3.693454630200321e-8	-0.0018598891384618082
-3.693574208949446e-8	-0.001857717774749825
-3.694229735520249e-8	-0.0018555514522671118
-3.6939387344048225e-8	-0.0018533901288614904
-3.6942708575948835e-8	-0.0018512338131004779
-3.6942409988888204e-8	-0.0018490824777907704
-3.694200963043071e-8	-0.0018469361065947371
-3.695848696289583e-8	-0.0018447946923347265
-3.696545728110179e-8	-0.0018426582246947177
-3.695244435740763e-8	-0.00184052666669999
-3.696225201032522e-8	-0.0018384000133757018
-3.6961754801623224e-8	-0.0018362782377983528
-3.696478562921768e-8	-0.0018341613498664825
-3.6982715595762496e-8	-0.001832049324388559
-3.697926103257143e-8	-0.0018299421264260317
-3.697729301969099e-8	-0.0018278397597321673
-3.6977176907670994e-8	-0.0018257421892135621
-3.6984435238268666e-8	-0.0018236494112350322
-3.69987868616084e-8	-0.0018215614206504107
-3.699527339187658e-8	-0.001819478206595045
-3.6991031932370746e-8	-0.001817399725183917
-3.699622670988445e-8	-0.0018153259642123038
-3.70029134501626e-8	-0.0018132569163733195
-3.701060194359895e-8	-0.0018111925835685072
-3.7008031669466535e-8	-0.0018091329286441785
-3.70182643254946e-8	-0.0018070779376273137
-3.70194386328071e-8	-0.0018050275963492415
-3.7011841420719895e-8	-0.0018029819036279456
-3.7018703629509986e-8	-0.0018009408251293054
-3.702510685683613e-8	-0.0017989043538971718
-3.7039740712213614e-8	-0.0017968724847517224
-3.703093289812998e-8	-0.0017948451795118012
-3.702872108533595e-8	-0.0017928224374329112
-3.703538708604848e-8	-0.001790804236678977
-3.703120777980851e-8	-0.001788790574306832
-3.7037143668777754e-8	-0.001786781429521091
-3.705156150779487e-8	-0.0017847767821117136
-3.7054705703415406e-8	-0.0017827766259132806
-3.707206486990855e-8	-0.0017807809534392761
-3.705584878063162e-8	-0.0017787897131478507
-3.7058094537861796e-8	-0.0017768029288480077
-3.706763481144959e-8	-0.001774820578597424
-3.7070468071981334e-8	-0.0017728426425201382
-3.707349554801232e-8	-0.0017708690970463117
-3.705990172382934e-8	-0.0017688999349211262
-3.706316184299285e-8	-0.0017669351411233178
-3.7083166283408134e-8	-0.001764974706402935
-3.708658357268191e-8	-0.001763018615833396
-3.709018903707562e-8	-0.0017610668622748962
-3.708721855454345e-8	-0.0017591194225948144
-3.709142150885581e-8	-0.0017571762775488492
-3.711355150873841e-8	-0.0017552374060942118
-3.710303710645624e-8	-0.0017533028316964268
-3.710633358028903e-8	-0.001751372504717849
-3.709882080619176e-8	-0.001749446418512363
-3.709949868136997e-8	-0.001747524567688543
-3.71098082288579e-8	-0.0017456069334848682
-3.7109798097001433e-8	-0.0017436934967975544
-3.711817518942673e-8	-0.0017417842555561608
-3.713269435625666e-8	-0.0017398791898880167
-3.712522451131406e-8	-0.0017379782998471
-3.712550126750425e-8	-0.001736081550575237
-3.712537866843446e-8	-0.0017341889382467863
-3.713860242282041e-8	-0.0017323004573522472
-3.714369347948554e-8	-0.0017304160772588627
-3.714049760294991e-8	-0.0017285357980266925
-3.714899510184888e-8	-0.0017266596077969627
-3.7148161072891875e-8	-0.0017247874949858492
-3.714826477627109e-8	-0.0017229194272198704
-3.714973380169462e-8	-0.0017210554076109276
-3.715964199813571e-8	-0.0017191954308860252
-3.7168840793683214e-8	-0.001717339487403158
-3.716217751166817e-8	-0.0017154875395398585
-3.716185003779793e-8	-0.0017136395793256793
-3.7168020305272665e-8	-0.0017117956038391598
-3.717578000143052e-8	-0.00170995561142365
-3.7184791596928114e-8	-0.00170811957299622
-3.717524231544034e-8	-0.0017062874935039067
-3.717864148479189e-8	-0.001704459344361551
-3.718506490650309e-8	-0.0017026351057471375
-3.718265802957754e-8	-0.0017008147880514977
-3.7199701323631374e-8	-0.0016989983700756218
-3.719970522564897e-8	-0.0016971858494665287
-3.719172684675809e-8	-0.0016953771968459695
-3.71980033303132e-8	-0.001693572405626064
-3.720416567510321e-8	-0.0016917714718444803
-3.7207291737134664e-8	-0.001689974383901247
-3.7215574834298386e-8	-0.0016881811213133003
-3.721601051001611e-8	-0.0016863916933323676
-3.722086425956839e-8	-0.0016846060673340773
-3.721402793498419e-8	-0.0016828242505367804
-3.722052490126582e-8	-0.0016810461937064173
-3.7227883313362135e-8	-0.001679271921666592
-3.7229780005004766e-8	-0.0016775014421571957
-3.723152804139263e-8	-0.0016757347077543305
-3.723299881349118e-8	-0.0016739717104586106
-3.7226616510416254e-8	-0.0016722124569414768
-3.7235564606175056e-8	-0.0016704569297229484
-3.724237815952991e-8	-0.0016687051227272608
-3.7255192792895465e-8	-0.001666957033973137
-3.725766467274072e-8	-0.001665212643697704
-3.725008989695078e-8	-0.001663471940713816
-3.724561891688683e-8	-0.0016617349128557795
-3.7259540372563964e-8	-0.0016600015723200585
-3.726547400892955e-8	-0.001658271891746755
-3.725850860866742e-8	-0.0016565458936113363
-3.726479657533144e-8	-0.0016548235353303134
-3.726466139294949e-8	-0.001653104826482787
-3.727156095927331e-8	-0.0016513897602286043
-3.72775001459047e-8	-0.0016496783238341348
-3.727809639626489e-8	-0.0016479705313308082
-3.7290410239909645e-8	-0.0016462663785488235
-3.7288935079154984e-8	-0.0016445658570497898
-3.7282435906388356e-8	-0.0016428689525550752
-3.7284900898792994e-8	-0.0016411756640863037
-3.729841479271912e-8	-0.0016394860224204404
-3.730678395444387e-8	-0.001637800016812849
-3.730196762800619e-8	-0.001636117646050655
-3.7305440174173476e-8	-0.0016344389294726256
-3.730535604951624e-8	-0.0016327638586208914
-3.730666480087908e-8	-0.001631092467007957
-3.731832137428004e-8	-0.0016294247626596843
-3.732674633518673e-8	-0.0016277607823221981
-3.732965772608732e-8	-0.0016261005536490232
-3.7323128544036746e-8	-0.0016244440836895697
-3.7334419935786125e-8	-0.0016227914500911624
-3.734384308152206e-8	-0.0016211427104080788
-3.7359301084644026e-8	-0.0016194979407870155
-3.736000900003145e-8	-0.0016178572242648032
-3.736767221039217e-8	-0.001616220674062602
-3.736833866496148e-8	-0.0016145884355681273
-3.7383686438619e-8	-0.0016129607219480342
-3.7397530610078224e-8	-0.0016113377621688881
-3.7408419495299496e-8	-0.0016097199157631813
-3.742463050211975e-8	-0.001608107593473605
-3.743808768937318e-8	-0.0016065014080820083
-3.7463888901317914e-8	-0.0016049021834940163
-3.750370811935744e-8	-0.001603311081432447
-3.756924106218529e-8	-0.0016017297571441031
-3.766451987055608e-8	-0.0016001605329363064
-3.7786366838921114e-8	-0.0015986065654864702
-3.798366164038392e-8	-0.0015970713093773658
-3.831695915703093e-8	-0.0015955542460459441
-3.8808961335279335e-8	-0.0015940261094685134
-3.906130237356642e-8	-0.0015922868072747085
-3.9060240315247357e-8	-0.001589766511793846
-3.880728897052155e-8	-0.0015880362874663623
-3.8319072413883774e-8	-0.0015865225981902503
-3.7991244710061656e-8	-0.0015850255848165295
-3.779961487521133e-8	-0.0015835163380623506
-3.7683331036514337e-8	-0.0015819945308578524
-3.759387303925443e-8	-0.0015804637139295325
-3.753401012923097e-8	-0.001578927093636783
-3.7499493741205424e-8	-0.00157738701973737
-3.7478764590576086e-8	-0.0015758451630565613
-3.7470053535199056e-8	-0.0015743026950600823
-3.7458798509037995e-8	-0.001572760446268986
-3.745271339503642e-8	-0.0015712190333925951
-3.744389515478175e-8	-0.001569678872071829
-3.743374434493907e-8	-0.0015681403231262484
-3.743748968857985e-8	-0.0015666036189945127
-3.743467439817905e-8	-0.0015650689736828574
-3.7438383870574965e-8	-0.0015635365346237473
-3.742838285880068e-8	-0.001562006417042451
-3.742406206882487e-8	-0.0015604787064184289
-3.741807052808355e-8	-0.0015589534805124756
-3.7428501624986457e-8	-0.0015574307987697748
-3.743023281351787e-8	-0.0015559107380401318
-3.74269528476634e-8	-0.0015543933096428468
-3.742078526218773e-8	-0.0015528785433714903
