-3.746580427845259e-8	0.0015528785419952347
-3.747514364511595e-8	0.0015543933128412833
-3.7471659487081644e-8	0.0015559107406404146
-3.747388467150725e-8	0.0015574308048307548
-3.7470047411530814e-8	0.0015589534734196987
-3.7472841938712696e-8	0.001560478704669481
-3.7471221087459486e-8	0.0015620064149286675
-3.7481974359104835e-8	0.0015635365377066703
-3.747917767729092e-8	0.0015650689805230445
-3.7490465062328674e-8	0.0015666036155819688
-3.748405581118219e-8	0.0015681403185569109
-3.7484835524270736e-8	0.0015696788701975288
-3.7499047119410326e-8	0.0015712190330095899
-3.750408865819122e-8	0.001572760455619438
-3.751826314886686e-8	0.0015743026946704198
-3.752338647201592e-8	0.0015758451626071669
-3.7542935857554086e-8	0.0015773870163593008
-3.7581816831439024e-8	0.0015789270883314924
-3.7642031461393445e-8	0.0015804637160113163
-3.772665782034723e-8	0.0015819945313811962
-3.785062176877574e-8	0.0015835163392751645
-3.8040249116133576e-8	0.0015850255827459022
-3.836233808539036e-8	0.0015865225973920355
-3.885198199685691e-8	0.0015880362920295797
-3.9106043464598455e-8	0.0015897665097964508
-3.9107106589497676e-8	0.0015922868092761338
-3.8853650832226804e-8	0.0015940261048778663
-3.8360204585663474e-8	0.0015955542468521365
-3.803271854863066e-8	0.0015970713114771733
-3.783747771793356e-8	0.0015986065642516006
-3.770780324782175e-8	0.0016001605324012865
-3.7617475307455405e-8	0.0016017297550075373
-3.755159176528911e-8	0.001603311086899264
-3.750726750609834e-8	0.0016049021869888901
-3.748268411420952e-8	0.001606501408548801
-3.747296576013248e-8	0.0016081075938799644
-3.745371015505539e-8	0.0016097199059726859
-3.7443918370044794e-8	0.0016113377625715229
-3.742438612143184e-8	0.0016129607239263237
-3.7418950550194284e-8	0.0016145884404102384
-3.7421139705345884e-8	0.001616220677693368
-3.7404459351708666e-8	0.0016178572169580684
-3.740276915710217e-8	0.0016194979374805872
-3.73864938726598e-8	0.0016211427126841997
-3.7383483703878896e-8	0.0016227914519818983
-3.737567766707306e-8	0.0016244440913882943
-3.7375050087579135e-8	0.0016261005470438218
-3.736781022992131e-8	0.0016277607794770912
-3.736679909712715e-8	0.0016294247591460923
-3.73516570199961e-8	0.0016310924685259125
-3.7352703090776096e-8	0.001632763863239795
-3.7352949386643135e-8	0.0016344389275967626
-3.7353820826357965e-8	0.001636117645611012
-3.734916234988672e-8	0.0016378000130104426
-3.734158473617799e-8	0.0016394860265476294
-3.7338497956801445e-8	0.001641175668897201
-3.732883437054247e-8	0.0016428689468969012
-3.734000324669418e-8	0.0016445658569821937
-3.7331956853847717e-8	0.0016462663793908316
-3.733105439084894e-8	0.0016479705313826793
-3.7318016385656796e-8	0.0016496783272865398
-3.73118310389331e-8	0.0016513897614552726
-3.731181155979257e-8	0.0016531048285078683
-3.731526488223169e-8	0.0016548235254116987
-3.7316128186493106e-8	0.0016565458855147448
-3.730986933683789e-8	0.0016582718916421965
-3.7309209442581985e-8	0.0016600015791673201
-3.729240217974495e-8	0.0016617349222924419
-3.729936996117456e-8	0.0016634719412253458
-3.730088890571693e-8	0.0016652126435365614
-3.7296624325661165e-8	0.0016669570212181888
-3.7289618835412154e-8	0.0016687051206895685
-3.728116652423896e-8	0.001670456937234505
-3.727912952804502e-8	0.0016722124622889193
-3.7285120172997345e-8	0.001673971709576813
-3.727997212970569e-8	0.0016757346966370264
-3.727504609598587e-8	0.0016775014382764799
-3.726739591153328e-8	0.0016792719343185283
-3.7270283446688704e-8	0.0016810461953399734
-3.7262392501963284e-8	0.001682824243862514
-3.7271840562430605e-8	0.0016846060667494336
-3.726472989116214e-8	0.0016863916896062566
-3.7260114540127454e-8	0.0016881811179788404
-3.72477896290746e-8	0.0016899743870802326
-3.7253019857741434e-8	0.001691771479433939
-3.725718347987739e-8	0.0016935724145166358
-3.7245670104840704e-8	0.0016953771909783467
-3.7232688860916466e-8	0.0016971858350786025
-3.723562154177573e-8	0.0016989983708865684
-3.724080716599465e-8	0.0017008147967246768
-3.723101187745881e-8	0.001702635110578462
-3.723134343317502e-8	0.0017044593355452322
-3.7227501474651486e-8	0.0017062874889650567
-3.722032704973066e-8	0.0017081195777806217
-3.7216060893380254e-8	0.0017099556094609415
-3.722027479171053e-8	0.001711795610436187
-3.721651515825042e-8	0.001713639582961223
-3.721509016814673e-8	0.0017154875331287002
-3.7204300402993166e-8	0.0017173394784090153
-3.720536134173003e-8	0.0017191954286876958
-3.7199999887488345e-8	0.001721055418174063
-3.7197324836446554e-8	0.0017229194272421365
-3.7194347395419494e-8	0.001724787490989858
-3.719814235201846e-8	0.0017266596084612505
-3.718910608989656e-8	0.0017285357979470325
-3.718018681644342e-8	0.0017304160780694006
-3.7183124051243246e-8	0.0017323004522983936
-3.718572029363654e-8	0.0017341889411361798
-3.718112019420739e-8	0.0017360815527213082
-3.71690460327867e-8	0.0017379782936208174
-3.716848894541047e-8	0.0017398791951153908
-3.716562076806485e-8	0.0017417842552161795
-3.7156952190764424e-8	0.0017436934968240525
-3.715237438366992e-8	0.0017456069295338189
-3.715897436379345e-8	0.00174752456778509
-3.7153797866618104e-8	0.0017494464222111018
-3.71455116184638e-8	0.0017513724979947977
-3.714651300541494e-8	0.0017533028330614852
-3.714958561434889e-8	0.0017552374226589614
-3.7152351054858814e-8	0.001757176273999085
-3.7140508007449394e-8	0.001759119415596678
-3.712625871763464e-8	0.0017610668555795297
-3.712573937517672e-8	0.0017630186178744724
-3.712702901692566e-8	0.001764974713518904
-3.712213241943707e-8	0.0017669351417752713
-3.711890275197027e-8	0.0017688999342677072
-3.711734881289841e-8	0.001770869089882767
-3.710955547870931e-8	0.0017728426404562674
-3.710356013443272e-8	0.0017748205853977564
-3.71115457637905e-8	0.0017768029359874653
-3.7117165506439514e-8	0.0017787897167853995
-3.710782806694013e-8	0.0017807809363891277
-3.7098120497014447e-8	0.0017827766245019287
-3.7090504696168927e-8	0.0017847767890935445
-3.7092538845334704e-8	0.0017867814256628976
-3.7091361495095175e-8	0.001788790574205697
-3.707781100958929e-8	0.0017908042408371903
-3.70759822772404e-8	0.001792822437404906
-3.707851240065119e-8	0.0017948451798728148
-3.707490405424618e-8	0.001796872479176442
-3.706882443316184e-8	0.0017989043605673815
-3.707510915408885e-8	0.001800940822819915
-3.707340113232594e-8	0.0018029819005048703
-3.7063895334049634e-8	0.001805027601836184
-3.70539623360977e-8	0.001807077936743422
-3.705695768654871e-8	0.0018091329287314674
-3.70601370121515e-8	0.0018111925828376394
-3.7049195149840845e-8	0.0018132569207895868
-3.704570297686227e-8	0.0018153259641875623
-3.704187167856143e-8	0.0018173997134056307
-3.704104554952403e-8	0.0018194782090571716
-3.7033019048099415e-8	0.0018215614307687893
-3.703834031114073e-8	0.0018236494184796514
-3.703310956665873e-8	0.0018257421850870331
-3.7030524792630585e-8	0.0018278397522108062
-3.701881620233327e-8	0.0018299421286736624
-3.701678658502017e-8	0.0018320493188851055
-3.7018129652444114e-8	0.0018341613551107862
-3.701564866518403e-8	0.001836278248030375
-3.700830962655721e-8	0.0018384000077435415
-3.701279362897103e-8	0.0018405266565441189
-3.699972864252277e-8	0.0018426582237409193
-3.6989239864226864e-8	0.001844794709332958
-3.6997570380309376e-8	0.001846936113557776
-3.7004258925243954e-8	0.0018490824671933298
-3.699226810967571e-8	0.0018512338040136168
-3.6978916273450184e-8	0.0018533901250382798
-3.6986683208584114e-8	0.001855551456295195
-3.698519559777736e-8	0.0018577177792711188
-3.698676924406286e-8	0.001859889139174362
-3.696811323140037e-8	0.0018620655455360566
-3.697064449766363e-8	0.0018642470325557139
-3.695991525763387e-8	0.001866433587020209
-3.696219822280633e-8	0.0018686252395505056
-3.696113394534573e-8	0.001870822006259439
-3.696037106640238e-8	0.0018730238899152775
-3.694562597034712e-8	0.0018752309119989018
-3.694092184108322e-8	0.0018774430976574415
-3.6944343928263516e-8	0.0018796604674740853
-3.694598486002621e-8	0.0018818830138166995
-3.6944165460395255e-8	0.001884110733672024
-3.6934923807235844e-8	0.0018863436895405535
-3.691859192940794e-8	0.0018885818745748672
-3.693299317922283e-8	0.0018908253018352927
-3.6926510151347185e-8	0.001893074000904314
-3.692731396131022e-8	0.001895327941493582
-3.6918825683324165e-8	0.0018975871730296675
-3.690685728789389e-8	0.0018998516762316457
-3.689941968326727e-8	0.0019021214983251445
-3.6900162829384134e-8	0.0019043966387237892
-3.691012029093943e-8	0.0019066770935020879
-3.6903882063976656e-8	0.0019089628581261161
-3.690726646543019e-8	0.001911253954778226
-3.688464713280659e-8	0.001913550409835678
-3.689024470136526e-8	0.0019158521995197946
-3.688692379926195e-8	0.0019181593216127482
-3.688977905328961e-8	0.0019204717879818425
-3.688866095813981e-8	0.0019227895771591994
-3.6879897455049936e-8	0.0019251126866431673
-3.68719543369811e-8	0.0019274411122850738
-3.6862854445185446e-8	0.001929774833292878
-3.687646724218619e-8	0.001932113828745713
-3.6870276606731924e-8	0.001934458036664093
-3.687289981074149e-8	0.0019368074318856139
-3.68661567067663e-8	0.0019391619715149815
-3.686966221421173e-8	0.0019415215975213428
-3.68663363526589e-8	0.0019438861868596626
-3.688217210837674e-8	0.0019462556428449201
-3.687702116363934e-8	0.0019486298283296834
-3.689370427798489e-8	0.001951008551151988
-3.6882947028737955e-8	0.001953391624162207
-3.688333618424022e-8	0.0019557787125362835
-3.690458215862558e-8	0.0019581694524687
-3.6911601189870695e-8	0.001960563302538709
-3.693281924758707e-8	0.0019629595773045776
-3.69399824035499e-8	0.0019653573657493683
-3.696959497074271e-8	0.0019677553575461423
-3.702932549747295e-8	0.001970151734648444
-3.712233700339796e-8	0.001972543904684726
-3.7253471340575885e-8	0.0019749281709214145
-3.744605708554394e-8	0.0019772995398937895
-3.7741239013022735e-8	0.0019796524439360734
-3.82434020680611e-8	0.0019819873780338
-3.9007641907273794e-8	0.0019843494449862907
-3.9404683217658664e-8	0.0019870508240309704
-3.940676027474055e-8	0.001990988326537969
-3.9010901032998646e-8	0.001993707435764933
-3.823923643898053e-8	0.0019960977203449942
-3.7726529993625806e-8	0.0019984718150465415
-3.7420382177133505e-8	0.002000875519558293
-3.721664405335612e-8	0.002003309703467479
-3.7074373257123265e-8	0.0020057689870930638
-3.6970289257381995e-8	0.002008248475113108
-3.6899925240774236e-8	0.0020107445239827336
-3.686047840772422e-8	0.0020132545728282626
-3.684433785232644e-8	0.0020157768236905922
-3.6813190472512196e-8	0.0020183099789186907
-3.679689033972422e-8	0.0020208531387710753
-3.6765249307912916e-8	0.0020234056258583858
-3.675576128035485e-8	0.0020259669032644907
-3.675826675852423e-8	0.002028536614545176
-3.673104394525395e-8	0.0020311144269780784
-3.6727422481930285e-8	0.0020337001617976363
-3.670078995531845e-8	0.002036293630659977
-3.669506187844452e-8	0.0020388947016288543
-3.668175176546051e-8	0.0020415032845126665
-3.66797684236031e-8	0.0020441192575504055
-3.666732928369609e-8	0.002046742568897133
-3.6664725188578776e-8	0.0020493731823130108
-3.6639757685391626e-8	0.00205201108051084
-3.664039079389614e-8	0.0020546562036740297
-3.663975513671369e-8	0.0020573085373071865
-3.6640103811491636e-8	0.0020599680664309954
-3.66316868567973e-8	0.0020626347946195523
-3.661862701153651e-8	0.002065308727094213
-3.661268058168799e-8	0.002067989846757404
-3.659628016165484e-8	0.002070678174860389
-3.661296285996652e-8	0.002073373716183756
-3.659911249862535e-8	0.0020760764497826096
-3.659660880538929e-8	0.0020787864135700268
-3.6574785565224314e-8	0.0020815036408885603
-3.656385023530495e-8	0.002084228133357095
-3.656272367006941e-8	0.002086959893035753
-3.6567128847780904e-8	0.002089698925748143
-3.6567386027375195e-8	0.002092445295372492
-3.655631926298142e-8	0.0020951989852971468
-3.655415615963498e-8	0.0020979600628173805
-3.652619017180392e-8	0.002100728497648817
-3.653619991506596e-8	0.0021035043329906463
-3.653749302022225e-8	0.0021062875919495767
-3.6529542365931756e-8	0.0021090782727655735
-3.651718787824332e-8	0.002111876460822595
-3.650250026123736e-8	0.0021146821598031617
-3.649807709077968e-8	0.0021174953672349456
-3.650652129909005e-8	0.0021203161164036733
-3.649709943729929e-8	0.002123144446806573
-3.64880213440999e-8	0.002125980393650826
-3.6474552798210216e-8	0.00212882396817539
-3.6478005754742026e-8	0.0021316751989369394
-3.646412560386892e-8	0.002134534133786826
-3.647813020222213e-8	0.002137400763314245
-3.6465484856734735e-8	0.0021402751404819387
-3.645684476552558e-8	0.0021431572860725534
-3.643576484433919e-8	0.0021460472687545563
-3.6442973750039355e-8	0.0021489450723813754
-3.6448465354405046e-8	0.0021518507404238696
-3.6428648626529726e-8	0.002154764282837074
-3.6406433935243234e-8	0.002157685754221363
-3.640991826036055e-8	0.0021606152057802035
-3.641704810796176e-8	0.0021635526472016087
-3.639993677652665e-8	0.00216649808766733
-3.639920483829995e-8	0.002169451577058975
-3.639170637360634e-8	0.0021724131560700885
-3.6378793499158846e-8	0.002175382848640061
-3.6370583184458515e-8	0.002178360679636373
-3.6376123644388246e-8	0.0021813467047787976
-3.6368716504631136e-8	0.002184340940670358
-3.636509473615712e-8	0.0021873434102036623
-3.634623652504776e-8	0.002190354154846761
-3.634663467706467e-8	0.0021933732038371817
-3.6336575259343644e-8	0.0021964006261005653
-3.633087983860306e-8	0.0021994364030472353
-3.632468061598449e-8	0.002202480605256397
-3.632951736594614e-8	0.002205533244689487
-3.631341628655416e-8	0.0022085943647654166
-3.629748614548123e-8	0.0022116640095636896
-3.630090596238311e-8	0.00221474219853195
-3.630376948894898e-8	0.002217828979027132
-3.6294862066549305e-8	0.002220924378311518
-3.627370546629982e-8	0.0022240284211595706
-3.627138524392448e-8	0.002227141172902237
-3.626527190357942e-8	0.0022302626445223576
-3.624963555557415e-8	0.0022333928878667387
-3.624069187588841e-8	0.0022365319330834663
-3.62500861092685e-8	0.0022396798183792
-3.624014078655868e-8	0.002242836575813715
-3.6225067470729845e-8	0.002246002228585233
-3.62252537630281e-8	0.0022491768538270055
-3.622884348751243e-8	0.0022523604586361886
-3.623193214691845e-8	0.002255553069850293
-3.6210943489245473e-8	0.002258754749504926
-3.618595739336428e-8	0.002261965526183842
-3.6183592065625046e-8	0.0022651854546375254
-3.6184211033896134e-8	0.0022684145684894836
-3.617460597112876e-8	0.002271652882010087
-3.616773989517652e-8	0.002274900463018115
-3.6163636554226166e-8	0.002278157325388872
-3.6149196143547836e-8	0.00228142353757946
-3.61377112662431e-8	0.002284699114530554
-3.61493842745364e-8	0.0022879840909180247
-3.61571472870248e-8	0.002291278523551551
-3.614008974628935e-8	0.002294582442918309
-3.6122392860593604e-8	0.002297895914649104
-3.610814496271542e-8	0.002301218968452394
-3.610992456965501e-8	0.002304551613393292
-3.610635952159269e-8	0.0023078939326232934
-3.608218119847129e-8	0.002311245953119394
-3.6077502805059726e-8	0.0023146077114988817
-3.608008158775822e-8	0.00231797925135849
-3.6072423429883706e-8	0.0023213606080438316
-3.606061484111578e-8	0.002324751840909587
-3.606945193373456e-8	0.002328152965262405
-3.606493425410973e-8	0.002331564056307903
-3.604734912392438e-8	0.002334985145378893
-3.6029047389513073e-8	0.0023384162668016128
-3.603236205037552e-8	0.002341857477729219
-3.603598731791724e-8	0.0023453088045553897
-3.601592684080446e-8	0.0023487703017504233
-3.60083418671997e-8	0.0023522420237443507
-3.600017293209357e-8	0.002355723989484598
-3.599704146677319e-8	0.0023592162856226834
-3.598178776520467e-8	0.0023627188964945463
-3.5988977958240076e-8	0.002366231907924441
-3.597840247733797e-8	0.0023697553604519
-3.5972267833744855e-8	0.0023732893094466257
-3.5950732473011285e-8	0.002376833788873465
-3.594550256796891e-8	0.002380388825367881
-3.594595639486165e-8	0.002383954492701314
-3.593994222507724e-8	0.002387530828395479
-3.5925703902983664e-8	0.0023911178691173726
-3.593144966441697e-8	0.0023947156722984395
-3.5907479886060357e-8	0.0023983243074301125
-3.588783714676969e-8	0.002401943794555535
-3.590008337146511e-8	0.002405574154202222
-3.5909551842311375e-8	0.0024092154587952155
-3.58873079582378e-8	0.002412867786100705
-3.586271666983776e-8	0.0024165311584466134
-3.5874005565889046e-8	0.0024202056407839267
-3.5869553858064456e-8	0.0024238912224678337
-3.5870306135310504e-8	0.0024275880013752897
-3.583657589028011e-8	0.002431296014880612
-3.583893123372262e-8	0.0024350153425647192
-3.5818653705455006e-8	0.0024387459833366504
-3.582056508791287e-8	0.002442488011001686
-3.5816757659873356e-8	0.0024462414747985725
-3.581345551486592e-8	0.002450006401317344
-3.578621071088639e-8	0.0024537828492761414
-3.5776119133196226e-8	0.002457570883873105
-3.577994364670767e-8	0.0024613705626972287
-3.578071235019742e-8	0.002465181895130191
-3.577553718022708e-8	0.0024690048985375316
-3.575759750933383e-8	0.0024728397029157826
-3.572744035644782e-8	0.002476686319441687
-3.57501084609968e-8	0.0024805447936085754
-3.573685017196349e-8	0.0024844151995134967
-3.573612037717777e-8	0.00248829750833904
-3.571936681518451e-8	0.0024921918286758137
-3.569657505709256e-8	0.0024960981508873087
-3.568157034843367e-8	0.0025000165802005966
-3.5680678207999916e-8	0.002503947139548061
-3.56957148588799e-8	0.00250788984618796
-3.5682736954006926e-8	0.0025118447163993145
-3.5686405019697e-8	0.0025158118128197978
-3.5644994500932946e-8	0.002519791205577231
-3.5652470838104523e-8	0.0025237828780280114
-3.564446715200731e-8	0.0025277868509330534
-3.564717985071742e-8	0.002531803169623809
-3.564298288972201e-8	0.0025358318216286008
-3.562546796618271e-8	0.0025398728274719476
-3.560935260735199e-8	0.002543926204898107
-3.5591190206601955e-8	0.0025479919427256795
-3.561261331037069e-8	0.002552070029537806
-3.559949550968056e-8	0.0025561603822368134
-3.560174932039639e-8	0.002560262981808984
-3.5587627029509686e-8	0.0025643777781972584
-3.5591410235041865e-8	0.002568504694730733
-3.5583229643948446e-8	0.002572643540672089
-3.5608613613713484e-8	0.0025767941708893295
-3.5597225433359195e-8	0.0025809563688484233
-3.562413600104453e-8	0.002585129820772103
-3.5602883625396325e-8	0.0025893142207016697
-3.560118835153614e-8	0.0025935090020800878
-3.563618381241529e-8	0.0025977135455447402
-3.5646176171705295e-8	0.0026019269169691504
-3.568120477875359e-8	0.0026061479253854506
-3.5691496541101486e-8	0.0026103749780861446
-3.574142699948047e-8	0.0026146057722870072
-3.5844641616511464e-8	0.002618837100694293
-3.6006864495075063e-8	0.0026230643763705086
-3.6236810708151216e-8	0.0026272810430226713
-3.657595675854997e-8	0.00263147822613912
-3.709750955603331e-8	0.0026356460039815913
-3.798709032604708e-8	0.00263978517639688
-3.9343433030769596e-8	0.002643975742083808
-4.004956433110163e-8	0.0026487725265244458
-4.005448830164404e-8	0.0026557718898678785
-3.9351158913825125e-8	0.0026606107015863275
-3.797721678250321e-8	0.002664868154395717
-3.706264297250739e-8	0.002669100154428895
-3.6515095683625767e-8	0.002673388353549524
-3.614950913871096e-8	0.00267773444126168
-3.5893160128158686e-8	0.0026821289435646723
-3.570468431494667e-8	0.0026865632211616657
-3.5576254796410025e-8	0.00269103084684236
-3.5503001188097464e-8	0.0026955273117762494
-3.547141474881666e-8	0.002700049460152979
-3.5412832683007214e-8	0.002704595023541731
-3.538081783989733e-8	0.0027091624407006676
-3.532115614540144e-8	0.0027137505449225724
-3.5301252603398e-8	0.002718358418361626
-3.530291236114591e-8	0.0027229854651474794
-3.52509746854357e-8	0.0027276311301765743
-3.5241525962853575e-8	0.0027322951342819033
-3.519049687826792e-8	0.0027369771800838764
-3.517715747972661e-8	0.0027416770711881887
-3.515007127404823e-8	0.0027463946860910183
-3.51434400055195e-8	0.0027511298457543764
-3.511784153935605e-8	0.0027558824972804576
-3.51100327441567e-8	0.0027606526159454766
-3.5061598342600585e-8	0.002765440211405456
-3.505959156098748e-8	0.0027702452161188517
-3.505526902225498e-8	0.002775067644789196
-3.50527248185073e-8	0.0027799075113465696
-3.503419429514154e-8	0.0027847648636328878
-3.500715684952027e-8	0.0027896397527191062
-3.49930479823124e-8	0.0027945321891703788
-3.495980520917263e-8	0.002799442253715331
-3.498699813093143e-8	0.002804369997306715
-3.4958343475605117e-8	0.0028093154240426627
-3.4950418197710056e-8	0.0028142786459318834
-3.490703917224947e-8	0.0028192597670669917
-3.488355887607542e-8	0.0028242588337445075
-3.487805012365453e-8	0.0028292758932962282
-3.4882697405880237e-8	0.0028343110002027358
-3.4879709129964634e-8	0.0028393643160689853
-3.4855842641001726e-8	0.002844435854853747
-3.484834612991761e-8	0.0028495257853685175
-3.479319426324956e-8	0.0028546340969796877
-3.4808096166089047e-8	0.0028597609148499252
-3.480691579763606e-8	0.0028649063275097406
-3.478858648089389e-8	0.0028700703778310236
-3.4762065889404336e-8	0.0028752532704114176
-3.473115655260872e-8	0.002880455059127347
-3.4719238347119546e-8	0.002885675786693846
-3.4731203301496815e-8	0.0028909155624993097
-3.4709945321320655e-8	0.0028961745079657823
-3.468928055325726e-8	0.002901452737053918
-3.466038421622297e-8	0.002906750319550584
-3.466299206341117e-8	0.002912067357881983
-3.463322605273822e-8	0.0029174039909641244
-3.465552141783679e-8	0.0029227602512722343
-3.4627982833490556e-8	0.0029281362881830855
-3.4607884005755097e-8	0.002933532191445257
-3.456441185234471e-8	0.002938948141002911
-3.457393791897468e-8	0.0029443841583968286
-3.4580248380366996e-8	0.0029498403773130363
-3.453896631063214e-8	0.002955316869003751
-3.449307978576899e-8	0.0029608137891127175
-3.4495518364102696e-8	0.002966331287566473
-3.4504828873010986e-8	0.0029718694366518924
-3.446837723911078e-8	0.002977428308050284
-3.4462799499429546e-8	0.0029830080507366923
-3.4444400422606326e-8	0.0029886087969521104
-3.441569767850816e-8	0.002994230647822727
-3.4395841143153304e-8	0.0029998737067079293
-3.440203398151209e-8	0.003005538136015729
-3.4383632046797175e-8	0.0030112240245663067
-3.43723786267236e-8	0.0030169314735798286
-3.433208504293739e-8	0.0030226606201221866
-3.4328396433824794e-8	0.00302841157859366
-3.430473999603834e-8	0.0030341845396514655
-3.428935664567812e-8	0.0030399795276793927
-3.4272968305970596e-8	0.0030457967377170068
-3.427765757009205e-8	0.003051636253500241
-3.424223058673959e-8	0.0030574982194610015
-3.420704264138763e-8	0.003063382781982254
-3.420892487263072e-8	0.0030692900408442014
-3.420973108692049e-8	0.0030752201499701162
-3.418787700489312e-8	0.0030811732253482322
-3.414237019857547e-8	0.0030871493787445916
-3.4133079259424103e-8	0.00309314880068835
-3.4116433709247e-8	0.0030991715776902116
-3.408133437541317e-8	0.0031052178756778175
-3.4059097086724946e-8	0.0031112878194022283
-3.4072318799366345e-8	0.00311738154983818
-3.404805827644242e-8	0.0031234991967370937
-3.401377777505488e-8	0.0031296408732926135
-3.4009064446083315e-8	0.003135806798090841
-3.401094955999273e-8	0.00314199705450676
-3.401185050486144e-8	0.003148211764810409
-3.3965795608931204e-8	0.003154451120527048
-3.3911823510501813e-8	0.0031607152488175704
-3.39019226587467e-8	0.00316700432863177
-3.389782489987559e-8	0.003173318498464774
-3.387368105203792e-8	0.0031796578596184266
-3.385484174215914e-8	0.0031860226189362397
-3.3841369702564126e-8	0.003192412878384351
-3.380753570350614e-8	0.003198828847754381
-3.3779428860925e-8	0.0032052706325765685
-3.379686673594118e-8	0.0032117383778263397
-3.380661680003616e-8	0.003218232272888999
-3.3767368931370005e-8	0.0032247524561318246
-3.3726750948659406e-8	0.003231299136127479
-3.3692850080485614e-8	0.003237872451409561
-3.3690617694948076e-8	0.0032444725003331694
-3.367776307436898e-8	0.003251099528795524
-3.3623919899700153e-8	0.003257753672349299
-3.3608711359567336e-8	0.003264435086452072
-3.360790549370441e-8	0.00327114394128599
-3.358667702668683e-8	0.0032778803914812393
-3.355709970794818e-8	0.003284644640415854
-3.356869056465595e-8	0.0032914368045140812
-3.355357606091292e-8	0.0032982571206900454
-3.3512265953905554e-8	0.003305105739221829
-3.3469347952280736e-8	0.003311982817174041
-3.3469741718283875e-8	0.003318888558357368
-3.34707495424802e-8	0.003325823105794443
-3.3424065117182435e-8	0.0033327866598338975
-3.340239020617198e-8	0.0033397794218133054
-3.337947157737165e-8	0.003346801522562017
-3.336665717469933e-8	0.0033538532304462124
-3.332927438846611e-8	0.0033609346082782068
-3.333724395611082e-8	0.0033680459248517764
-3.330918581267439e-8	0.003375187358551676
-3.329006049163086e-8	0.003382359118889682
-3.3239557102754394e-8	0.003389561372997945
-3.322210020019756e-8	0.0033967942740323687
-3.321617152209911e-8	0.003404058072119475
-3.319701104664286e-8	0.0034113529447673103
-3.31609729878446e-8	0.0034186790687471174
-3.316572435673182e-8	0.0034260366643327623
-3.310958279566512e-8	0.003433425977745458
-3.3062154751273277e-8	0.0034408471551334793
-3.3080097487919734e-8	0.0034483003444992473
-3.309235733715554e-8	0.0034557858014791472
-3.3039312309646184e-8	0.0034633037941518056
-3.29812664681739e-8	0.003470854477768539
-3.299714835132695e-8	0.0034784380965313107
-3.2980507707036646e-8	0.0034860547397119242
-3.297457734599552e-8	0.003493704721877682
-3.2897115509644696e-8	0.003501388233931133
-3.289435229053006e-8	0.003509105555537416
-3.2844504670753726e-8	0.0035168568002443283
-3.284070035122211e-8	0.0035246422382512648
-3.282494534022074e-8	0.00353246209011547
-3.2810181298381645e-8	0.003540316530413611
-3.2745306466064326e-8	0.003548205801952542
-3.271614058124039e-8	0.003556130162543559
-3.27160490196099e-8	0.003564089855574289
-3.2709522390511616e-8	0.0035720850246901727
-3.269046509373763e-8	0.003580115831220657
-3.264446167706159e-8	0.003588182674607339
-3.257255217541944e-8	0.0035962857061521583
-3.2611940040389034e-8	0.0036044251505603564
-3.257546618930518e-8	0.0036126012943846647
-3.256539441766626e-8	0.0036208142080322867
-3.252129863374753e-8	0.003629064253732483
-3.24642385313656e-8	0.0036373515448839605
-3.242354700530026e-8	0.003645676439856982
-3.241276921849834e-8	0.0036540391239711987
-3.243590178027001e-8	0.0036624397716220163
-3.2399255966808485e-8	0.0036708785562351498
-3.239808042687087e-8	0.0036793557514891674
-3.2300337547941375e-8	0.003687871648810987
-3.2307136654519123e-8	0.0036964263553247714
-3.228068149992436e-8	0.0037050200592505704
-3.2277180464929115e-8	0.003713653002865556
-3.225875797172595e-8	0.003722325305463437
-3.221152492224322e-8	0.0037310371583363904
-3.216714783238484e-8	0.003739788748037861
-3.211818759275564e-8	0.0037485801996421497
-3.2154848946652774e-8	0.0037574116387034872
-3.2116621495725805e-8	0.0037662830359330023
-3.2111671744033954e-8	0.0037751945012877756
-3.2071026179947284e-8	0.003784146077883337
-3.2069279074853354e-8	0.003793137751135281
-3.2041369583268863e-8	0.003802169257310692
-3.2086771374234546e-8	0.0038112404308582215
-3.2051725459275594e-8	0.003820350948811989
-3.210058485923484e-8	0.003829500272847897
-3.2043722200969515e-8	0.0038386878784660286
-3.2029706073555264e-8	0.0038479126642464493
-3.209650709535273e-8	0.0038571734053667074
-3.210828533701804e-8	0.0038664681741290723
-3.2175448644089504e-8	0.003875794462409892
-3.218800165183944e-8	0.0038851488559488397
-3.2288521302858975e-8	0.00389452634283923
-3.2507752693172744e-8	0.003903919868383584
-3.285901871039054e-8	0.003913319260736045
-3.336239259207896e-8	0.003922709890428889
-3.411125803790549e-8	0.003932071854461727
-3.5270573074830396e-8	0.0039413827754561075
-3.7258274934642845e-8	0.003950644148989883
-4.030007147854953e-8	0.003960035220328235
-4.189030665299187e-8	0.0039708038244464705
-4.1906926106638486e-8	0.003986551379511031
-4.0326147882918666e-8	0.003997461827421779
-3.722495400045878e-8	0.004007078651414871
-3.515288888432111e-8	0.004016653342083005
-3.390582288634314e-8	0.004026370736475708
-3.30676884251091e-8	0.0040362353492755495
-3.2475152631011865e-8	0.004046226334915031
-3.2035210196851293e-8	0.004056324609122507
-3.173078255000461e-8	0.004066516007141204
-3.155143132557714e-8	0.00407679065395778
-3.1466870530438844e-8	0.004087141706064829
-3.132002957202396e-8	0.0040975643091018
-3.123371105072659e-8	0.004108055200842794
-3.108339939359439e-8	0.004118612005088297
-3.102422714075792e-8	0.00412923290334947
-3.101464211159866e-8	0.004139916808626264
-3.088091474716115e-8	0.004150662720894955
-3.0845208316548914e-8	0.004161470273185025
-3.0712737466237484e-8	0.004172339053865881
-3.066747242820856e-8	0.004183268883620823
-3.058995392981045e-8	0.004194259756696705
-3.05598948287078e-8	0.004205311533136285
-3.0485303682808994e-8	0.004216424367357371
-3.045210557260369e-8	0.00422759848117127
-3.032332769371537e-8	0.004238834178962103
-3.030328231239943e-8	0.004250131585915454
-3.0277666012096253e-8	0.0042614910222186645
-3.0256110654997004e-8	0.004272912808802915
-3.0196608554988735e-8	0.004284397349424933
-3.0116670814478445e-8	0.004295945058714
-3.006709901350324e-8	0.0043075562583834385
-2.997176017083825e-8	0.004319231439737863
-3.00201200701844e-8	0.00433097102699349
-2.9935203177478e-8	0.004342775335838355
-2.9899531608329476e-8	0.004354644942846676
-2.9778652850309674e-8	0.004366580410219156
-2.9705072623337217e-8	0.004378582165793621
-2.967443276899462e-8	0.00439065064339289
-2.9668126351101167e-8	0.004402786297628165
-2.9643294806125376e-8	0.004414989845773895
-2.956774901745063e-8	0.0044272616533269195
-2.953158376275411e-8	0.004439602464628147
-2.937934369610651e-8	0.0044520125937466334
-2.9397135815611987e-8	0.004464492688291649
-2.9375689336941237e-8	0.004477043311764531
-2.9312149613258676e-8	0.0044896649206874915
-2.922822288972671e-8	0.004502358371866956
-2.9133121953678345e-8	0.004515124159001073
-2.9084327787098907e-8	0.004527962752490599
-2.9094190001816012e-8	0.0045408747911996105
-2.9021924305550062e-8	0.004553860949147517
-2.8950771670860353e-8	0.0045669218876013265
-2.8858836151846036e-8	0.004580058163830145
-2.8844827473867297e-8	0.0045932704210824805
-2.875000421878049e-8	0.0046065593991067195
-2.8784774335416375e-8	0.004619925578146284
-2.8694887567037865e-8	0.004633369735283452
-2.862322386054661e-8	0.004646892504764198
-2.849242766388427e-8	0.004660494753155238
-2.8494545041318765e-8	0.004674176955501392
-2.8488491877726176e-8	0.004687939874241706
-2.836191704759239e-8	0.004701784120559848
-2.8223049080544627e-8	0.004715710525116188
-2.8206340672232158e-8	0.004729719911440933
-2.820700389454811e-8	0.0047438129126535136
-2.8090771450756113e-8	0.0047579901660340365
-2.8052959847646444e-8	0.004772252512412814
-2.7982030014600537e-8	0.004786600757321822
-2.7884234438618762e-8	0.00480103563365061
-2.7808716251376267e-8	0.004815557886743031
-2.780005799323804e-8	0.004830168421267691
-2.7727633956076138e-8	0.004844867959773789
-2.7673358081281577e-8	0.004859657263665392
-2.754325331912333e-8	0.004874537194639247
-2.750787688386436e-8	0.004889508563356578
-2.7420102024672266e-8	0.004904572387289708
-2.7353505758348497e-8	0.0049197292580971655
-2.7283889319873468e-8	0.004934980220955772
-2.7269321630696286e-8	0.004950326038126433
-2.714881735050301e-8	0.004965767639204933
-2.7028291120045902e-8	0.004981305967845618
-2.7005349298053763e-8	0.004996941853274574
-2.697935961957776e-8	0.0050126762765506875
-2.6892826839114425e-8	0.005028510127225353
-2.6742652893985143e-8	0.00504444429223719
-2.6688575985356344e-8	0.005060479877968247
-2.661442482338461e-8	0.005076617722620123
-2.649019160819166e-8	0.005092858886237593
-2.6399938210841524e-8	0.005109204328350516
-2.640499091903781e-8	0.005125655061880913
-2.6308419568182863e-8	0.0051422120794555465
-2.618405067345009e-8	0.0051588763386748665
-2.6139495363153298e-8	0.005175649093829317
-2.611264513253109e-8	0.005192531242714531
-2.6082872935750958e-8	0.005209523798711796
-2.592397360304255e-8	0.005226627975631646
-2.5742364635167326e-8	0.005243844822614986
-2.568132333417017e-8	0.005261175542497647
-2.5635919256461472e-8	0.005278621238664781
-2.5534579916725033e-8	0.005296182922771831
-2.5447358625080296e-8	0.005313861910557233
-2.5374546946854706e-8	0.005331659239104195
-2.5244308094046766e-8	0.005349576257891577
-2.5129325758282973e-8	0.005367614038372926
-2.5141666988753865e-8	0.0053857737742496895
-2.513230705530334e-8	0.0054040567971469985
-2.498427691262628e-8	0.0054224643087686505
-2.4831439704731118e-8	0.005440997722753289
-2.4696747527874762e-8	0.0054596582689698464
-2.465147620033248e-8	0.0054784470760962075
-2.4575476606092383e-8	0.005497365706842823
-2.438143240344193e-8	0.005516415424808293
-2.4297253790911413e-8	0.005535597564695398
-2.425400842654413e-8	0.005554913518419894
-2.4151350671403063e-8	0.0055743646484006084
-2.402377381385268e-8	0.005593952473620258
-2.4015077535155527e-8	0.005613678277241249
-2.392832478069762e-8	0.005633543708281742
-2.3764294057737612e-8	0.0056535501810501656
-2.3594465272969157e-8	0.005673699145828246
-2.3550974627795097e-8	0.005693992207016672
-2.3508911516362253e-8	0.005714430808040342
-2.3325270512147833e-8	0.005735016578641191
-2.321466642157266e-8	0.005755751170424507
-2.3099556826466917e-8	0.005776636044224593
-2.3013804491972545e-8	0.005797673088829575
-2.2853768390507235e-8	0.005818863599300901
-2.2828946891939595e-8	0.005840209505048531
-2.2695192865151982e-8	0.005861712485861359
-2.2587492876396943e-8	0.005883374335706666
-2.2383750397286795e-8	0.005905196741465958
-2.227918431463305e-8	0.00592718136773169
-2.2209024426489422e-8	0.005949330195314424
-2.20977288600821e-8	0.0059716450067036015
-2.193369444610238e-8	0.005994127603854458
-2.1894237255271067e-8	0.006016779944947615
-2.1665975318946318e-8	0.006039604092632292
-2.14631146435329e-8	0.00606260182458179
-2.1462355047241477e-8	0.00608577494625093
-2.14436808907037e-8	0.0061091256218743254
-2.1219976140185448e-8	0.006132656082031668
-2.09788802739197e-8	0.006156368230702878
-2.0969345426741225e-8	0.0061802642766890644
-2.0856574823613362e-8	0.006204345966347225
-2.0776907889197283e-8	0.006228615784127541
-2.0468407746621065e-8	0.006253075852380299
-2.0396645339582076e-8	0.006277728604933271
-2.0173009404883536e-8	0.006302575974017539
-2.0096009963560537e-8	0.006327620421655652
-1.9979645399981207e-8	0.006352864281837886
-1.986549292958828e-8	0.006378309770158056
-1.9587116231417623e-8	0.006403959353704579
-1.9423289601161465e-8	0.006429815581587542
-1.9353475254996202e-8	0.006455880989896197
-1.926177934736817e-8	0.006482157820526999
-1.9127804327290223e-8	0.006508648403874854
-1.8903267203074226e-8	0.00653535589164094
-1.859061039110044e-8	0.006562282653110606
-1.864736912302045e-8	0.006589431335141354
-1.8449872767595245e-8	0.00661680482860494
-1.8339577232379113e-8	0.006644405336908093
-1.8113231770566786e-8	0.00667223607990829
-1.7840945853930813e-8	0.006700299478841331
-1.762210536520037e-8	0.006728598822960471
-1.7503635410925923e-8	0.006757136856903646
-1.7500437481215992e-8	0.006785916326633996
-1.7290965187083397e-8	0.006814940013730404
-1.720234467639248e-8	0.006844211086302923
-1.6777304021187156e-8	0.006873732820054075
-1.671326415526586e-8	0.006903507895630941
-1.6532014502040895e-8	0.00693353931608034
-1.6429765917563846e-8	0.006963830318215568
-1.6273757192381e-8	0.006994383752256799
-1.6014065095060206e-8	0.007025202765106953
-1.57621458224122e-8	0.007056290533137307
-1.5491469073508623e-8	0.00708765006030788
-1.5525673163041542e-8	0.007119284396027094
-1.528988963945821e-8	0.007151196076854008
-1.517233462298151e-8	0.00718338817987004
-1.4923689149443087e-8	0.007215863584766017
-1.481469509087563e-8	0.007248625002813786
-1.4608512904762395e-8	0.007281674270714969
-1.4670355351570353e-8	0.007315013610891794
-1.4434754349246238e-8	0.007348644693799779
-1.4508679388891555e-8	0.007382568409940429
-1.4188220850541722e-8	0.007416785707730294
-1.4025290644681388e-8	0.007451295378520626
-1.4165114929948208e-8	0.0074860957157945425
-1.4097651712019488e-8	0.0075211823095335155
-1.4239894627832151e-8	0.007556548448514306
-1.4174535940186805e-8	0.007592183821181202
-1.4445922939071432e-8	0.007628071775412496
-1.5177404826899332e-8	0.007664187450072787
-1.642718139204802e-8	0.0077004934138836904
-1.828089154298218e-8	0.00773693414120594
-2.1112673434769968e-8	0.007773432377669514
-2.5585380965037487e-8	0.007809899608414463
-3.3374351236348246e-8	0.007846339859887497
-4.542497538334578e-8	0.007883462882224522
-5.1803891304058603e-8	0.007926256043374049
-5.1936846196520836e-8	0.007989244289655086
-4.563360190634747e-8	0.008033172275748623
-3.3107718373909245e-8	0.008072101691556671
-2.4643471100921357e-8	0.008111049513942084
-1.946794280830999e-8	0.008150770761538343
-1.5920584258571902e-8	0.008191294328466376
-1.3351381208953629e-8	0.008232544851188918
-1.1389080349838432e-8	0.008274452704467382
-9.971898125943346e-9	0.008316967342588076
-9.06468663212645e-9	0.00836005515520989
-8.547691822263782e-9	0.008403694602346277
-7.760184075794596e-9	0.008447872110382016
-7.2220799502642486e-9	0.008492580591288195
-6.402770409330572e-9	0.008537816586742145
-5.967485854302401e-9	0.008583578949279342
-5.7422144167818e-9	0.008629869660158789
-4.971743927206784e-9	0.00867669110154872
-4.622571040241441e-9	0.00872404846539559
-3.841418131994567e-9	0.008771946839119745
-3.438219868129311e-9	0.008820392432378341
-2.885654201201238e-9	0.008869392346361318
-2.5394470703210548e-9	0.008918953215452474
-1.9872045405877613e-9	0.008969083130886337
-1.6161651592072613e-9	0.009019790650743476
-8.025768023944835e-10	0.00907108488279364
-4.793165464200833e-10	0.009122974294673158
-1.2571832607166655e-10	0.00917546842751175
2.1386735312156626e-10	0.009228577022415986
7.363208646748998e-10	0.009282310410966672
1.3624190358219047e-9	0.009336679193127922
1.852773331589841e-9	0.00939169375164066
2.568884671771965e-9	0.009447365499427192
2.6031679688232058e-9	0.009503705772597498
3.2842336891381056e-9	0.009560725626034593
3.734709739156017e-9	0.009618437624566357
4.610132204269091e-9	0.009676854540487246
5.264152412126633e-9	0.00973598876621177
5.713994399442202e-9	0.009795852998436848
6.048713437545317e-9	0.009856460321210136
6.482160867976594e-9	0.009917825437915756
7.1799195312527435e-9	0.009979961604680137
7.686694436953579e-9	0.010042884315546625
8.79934316173614e-9	0.010106607211379822
9.046330768941457e-9	0.01017114597510158
9.502660781268714e-9	0.0102365162204941
1.0187941717304527e-8	0.010302733367220061
1.0992141478199935e-8	0.010369815321608711
1.186871052255567e-8	0.010437778488022508
1.2509903385676813e-8	0.010506639539356625
1.2843414018465228e-8	0.0105764164645467
1.3631616692605375e-8	0.01064712788746448
1.4426608925732777e-8	0.010718792824688008
1.5350116023277182e-8	0.010791430191307363
1.5853020733624936e-8	0.010865059856417666
1.6820361522823513e-8	0.010939702736820753
1.7067465221559665e-8	0.011015378812021704
1.8033625752933437e-8	0.011092110270137831
1.8911152575690206e-8	0.011169919054237648
2.0148411848619488e-8	0.011248829033056788
2.0626562072456614e-8	0.011328862412919534
2.116200443330052e-8	0.011410043683910355
2.2427324041440766e-8	0.011492397091786998
2.3789336390789284e-8	0.011575948855597734
2.4433546933350094e-8	0.0116607258706213
2.4983457479743622e-8	0.01174675460850351
2.6266993822532394e-8	0.011834062295497945
2.7085082595956768e-8	0.01192267818369205
2.812743795839734e-8	0.01201263213154889
2.9360528228544738e-8	0.012103954386788752
3.0474482587949934e-8	0.012196676142120498
3.117737708935864e-8	0.01229083052164943
3.231119512044356e-8	0.012386450431783658
3.3347895431590224e-8	0.012483569999092262
3.4910692887246685e-8	0.012582225028264905
3.586777494658522e-8	0.012682452055281977
3.720065881809287e-8	0.012784290123627919
3.8415808452352264e-8	0.012887776556785122
3.967738416836286e-8	0.012992952952574832
4.058024777115477e-8	0.013099860231504168
4.225209988980572e-8	0.013208541772121482
4.396000721903493e-8	0.013319042428185126
4.500003259401697e-8	0.013431407661858252
4.608546376465572e-8	0.013545685502497407
4.764212335743312e-8	0.013661924870771256
4.970862987340175e-8	0.013780176270570653
5.109685667230024e-8	0.01390049353052513
5.2670227423617936e-8	0.014022930247557259
5.466658637486854e-8	0.014147543530160744
5.6444460649196504e-8	0.014274391658308523
5.751199517013417e-8	0.014403535338929189
5.941726035449402e-8	0.014535037230477008
6.159341567563703e-8	0.014668961908444434
6.316978756027992e-8	0.01480537866124586
6.463870596890576e-8	0.014944356332486914
6.616908043826642e-8	0.01508596721277852
6.88347122397015e-8	0.015230287934797755
7.176386523962686e-8	0.015377396565583476
7.37188238926767e-8	0.015527375423844022
7.558714390972776e-8	0.015680309072767087
7.800517487699944e-8	0.015836284482499543
8.036025448962536e-8	0.015995394718583838
8.264703238632377e-8	0.0161577339415006
8.553137085744456e-8	0.01632340291657559
8.835204641097772e-8	0.016492503828636103
9.003325759705528e-8	0.0166651441358689
9.197297384386794e-8	0.016841437016227305
9.533487308775457e-8	0.017021499053780864
9.884335451071924e-8	0.01720545381022347
1.0227183356479874e-7	0.017393428226050497
1.048819949735158e-7	0.01758555361384966
1.0789269683153524e-7	0.01778197147211713
1.1225036932759336e-7	0.017982826359299042
1.1555852647198718e-7	0.018188269989197706
1.1852206458417004e-7	0.018398461500268092
1.2224245750080964e-7	0.0186135669284662
1.2636610501946534e-7	0.01883376170738255
1.2925533891546827e-7	0.019059226741205262
1.3315509041220698e-7	0.019290155713605667
1.3810844050978767e-7	0.01952674880463285
1.4330290358206544e-7	0.019769216298255298
1.4711751736622425e-7	0.02001778067665093
1.510477320006809e-7	0.020272673470562504
1.5693261973828145e-7	0.020534140225931818
1.620786868572477e-7	0.020802439325092358
1.6747452540826213e-7	0.021077840000619116
1.7267389011246803e-7	0.021360631370513528
1.7909873465488114e-7	0.021651109807369433
1.8386262871884498e-7	0.021949596510259007
1.9038122532810677e-7	0.022256426763910094
1.9677641688372606e-7	0.022571956157822478
2.0487413496946274e-7	0.022896558756737056
2.1178422070487482e-7	0.023230629673613532
2.1844212603439607e-7	0.023574591905671766
2.2604135905296975e-7	0.0239288903253037
2.3483490647757123e-7	0.024293996783832445
2.419220467112626e-7	0.024670414483912856
2.5257245117673024e-7	0.02505867963071903
2.6326530552763796e-7	0.02545935724825921
2.708042129714816e-7	0.025873048930808353
2.7902201026648864e-7	0.026300401976626184
2.9152617806395e-7	0.0267421079195862
3.0498889282082886e-7	0.0271988986625738
3.144880193722555e-7	0.027671562307178522
3.26585965486198e-7	0.028160932556406712
3.386068523167918e-7	0.028667917729382267
3.5624668308051336e-7	0.029193484351723482
3.6954201786166266e-7	0.029738677251360385
3.8707329258875213e-7	0.030304608524195528
4.0210338040329585e-7	0.03089248793539078
4.1895470311430486e-7	0.03150361703776655
4.3673316571222756e-7	0.03213939842299442
4.598826456215788e-7	0.03280135555816211
4.813650477321297e-7	0.033491141210342995
5.015550904646061e-7	0.03421054871890154
5.236596278365924e-7	0.03496151911777013
5.48478238511585e-7	0.03574616852806222
5.777999525820643e-7	0.03656683122614333
6.120333751358509e-7	0.0374260348564541
6.36227847476234e-7	0.038326557511006436
6.710714693703102e-7	0.039271457949262685
7.053214679697274e-7	0.04026407735650973
7.466280732199627e-7	0.0413081389171939
7.930596967472837e-7	0.04240772902826412
8.410638599650689e-7	0.04356741371821086
8.886853588836508e-7	0.04479224705484414
9.350462402941351e-7	0.04608786428494186
9.954289916722982e-7	0.04746056955182107
1.055184556860267e-6	0.048917456105072414
1.138694433266635e-6	0.050466517805960925
1.2099903439740878e-6	0.052116756420388405
1.295487983838939e-6	0.053878402530053576
1.3848927201619789e-6	0.055763126072283425
1.4876242849443055e-6	0.05778425561556821
1.6095367942224659e-6	0.059957134966280495
1.745353272095812e-6	0.06229949716233064
1.8995774589837146e-6	0.06483193136817683
2.046217388914934e-6	0.06757850241623563
2.238402087779723e-6	0.07056746180006872
2.4452517969166978e-6	0.07383231343584243
2.6976402214478114e-6	0.07741300571015498
2.9719171299785133e-6	0.08135756384687631
3.304526701601868e-6	0.08572414204714657
3.6538401175207684e-6	0.09058404158219456
4.117424838353906e-6	0.09602548367494014
4.613286829056273e-6	0.10215890321621733
5.2979573020817245e-6	0.1091245962633391
6.101317810500634e-6	0.11710298504292103
7.015658063563107e-6	0.1263305540554623
8.240383996996065e-6	0.1371226961856363
9.741566742082364e-6	0.14990975558687378
1.1827451725105293e-5	0.1652939251338206
1.4479242854971393e-5	0.1841426411595879
1.78704139014924e-5	0.2077505061887157
2.2314133219456046e-5	0.23813239189923915
2.8291867432352558e-5	0.27858926422865987
3.60232277461909e-5	0.33488801720681116
4.3872025599712735e-5	0.41796306703075864
3.407970598093314e-5	0.550950842076501
-0.0001236552419081955	0.7914384375443853
-0.0021272959125483108	1.327259022937065
-0.0021272959125483108	-1.327259022937065
-0.0001236552419081955	-0.7914384375443853
3.407970598093314e-5	-0.550950842076501
4.3872025599712735e-5	-0.41796306703075864
3.60232277461909e-5	-0.33488801720681116
2.8291867432352558e-5	-0.27858926422865987
2.2314133219456046e-5	-0.23813239189923915
1.78704139014924e-5	-0.2077505061887157
1.4479242854971393e-5	-0.1841426411595879
1.1827451725105293e-5	-0.1652939251338206
9.741566742082364e-6	-0.14990975558687378
8.240383996996065e-6	-0.1371226961856363
7.015658063563107e-6	-0.1263305540554623
6.101317810500634e-6	-0.11710298504292103
5.2979573020817245e-6	-0.1091245962633391
4.613286829056273e-6	-0.10215890321621733
4.117424838353906e-6	-0.09602548367494014
3.6538401175207684e-6	-0.09058404158219456
3.304526701601868e-6	-0.08572414204714657
2.9719171299785133e-6	-0.08135756384687631
2.6976402214478114e-6	-0.07741300571015498
2.4452517969166978e-6	-0.07383231343584243
2.238402087779723e-6	-0.07056746180006872
2.046217388914934e-6	-0.06757850241623563
1.8995774589837146e-6	-0.06483193136817683
1.745353272095812e-6	-0.06229949716233064
1.6095367942224659e-6	-0.059957134966280495
1.4876242849443055e-6	-0.05778425561556821
1.3848927201619789e-6	-0.055763126072283425
1.295487983838939e-6	-0.053878402530053576
1.2099903439740878e-6	-0.052116756420388405
1.138694433266635e-6	-0.050466517805960925
1.055184556860267e-6	-0.048917456105072414
9.954289916722982e-7	-0.04746056955182107
9.350462402941351e-7	-0.04608786428494186
8.886853588836508e-7	-0.04479224705484414
8.410638599650689e-7	-0.04356741371821086
7.930596967472837e-7	-0.04240772902826412
7.466280732199627e-7	-0.0413081389171939
7.053214679697274e-7	-0.04026407735650973
6.710714693703102e-7	-0.039271457949262685
6.36227847476234e-7	-0.038326557511006436
6.120333751358509e-7	-0.0374260348564541
5.777999525820643e-7	-0.03656683122614333
5.48478238511585e-7	-0.03574616852806222
5.236596278365924e-7	-0.03496151911777013
5.015550904646061e-7	-0.03421054871890154
4.813650477321297e-7	-0.033491141210342995
4.598826456215788e-7	-0.03280135555816211
4.3673316571222756e-7	-0.03213939842299442
4.1895470311430486e-7	-0.03150361703776655
4.0210338040329585e-7	-0.03089248793539078
3.8707329258875213e-7	-0.030304608524195528
3.6954201786166266e-7	-0.029738677251360385
3.5624668308051336e-7	-0.029193484351723482
3.386068523167918e-7	-0.028667917729382267
3.26585965486198e-7	-0.028160932556406712
3.144880193722555e-7	-0.027671562307178522
3.0498889282082886e-7	-0.0271988986625738
2.9152617806395e-7	-0.0267421079195862
2.7902201026648864e-7	-0.026300401976626184
2.708042129714816e-7	-0.025873048930808353
2.6326530552763796e-7	-0.02545935724825921
2.5257245117673024e-7	-0.02505867963071903
2.419220467112626e-7	-0.024670414483912856
2.3483490647757123e-7	-0.024293996783832445
2.2604135905296975e-7	-0.0239288903253037
2.1844212603439607e-7	-0.023574591905671766
2.1178422070487482e-7	-0.023230629673613532
2.0487413496946274e-7	-0.022896558756737056
1.9677641688372606e-7	-0.022571956157822478
1.9038122532810677e-7	-0.022256426763910094
1.8386262871884498e-7	-0.021949596510259007
1.7909873465488114e-7	-0.021651109807369433
1.7267389011246803e-7	-0.021360631370513528
1.6747452540826213e-7	-0.021077840000619116
1.620786868572477e-7	-0.020802439325092358
1.5693261973828145e-7	-0.020534140225931818
1.510477320006809e-7	-0.020272673470562504
1.4711751736622425e-7	-0.02001778067665093
1.4330290358206544e-7	-0.019769216298255298
1.3810844050978767e-7	-0.01952674880463285
1.3315509041220698e-7	-0.019290155713605667
1.2925533891546827e-7	-0.019059226741205262
1.2636610501946534e-7	-0.01883376170738255
1.2224245750080964e-7	-0.0186135669284662
1.1852206458417004e-7	-0.018398461500268092
1.1555852647198718e-7	-0.018188269989197706
1.1225036932759336e-7	-0.017982826359299042
1.0789269683153524e-7	-0.01778197147211713
1.048819949735158e-7	-0.01758555361384966
1.0227183356479874e-7	-0.017393428226050497
9.884335451071924e-8	-0.01720545381022347
9.533487308775457e-8	-0.017021499053780864
9.197297384386794e-8	-0.016841437016227305
9.003325759705528e-8	-0.0166651441358689
8.835204641097772e-8	-0.016492503828636103
8.553137085744456e-8	-0.01632340291657559
8.264703238632377e-8	-0.0161577339415006
8.036025448962536e-8	-0.015995394718583838
7.800517487699944e-8	-0.015836284482499543
7.558714390972776e-8	-0.015680309072767087
7.37188238926767e-8	-0.015527375423844022
7.176386523962686e-8	-0.015377396565583476
6.88347122397015e-8	-0.015230287934797755
6.616908043826642e-8	-0.01508596721277852
6.463870596890576e-8	-0.014944356332486914
6.316978756027992e-8	-0.01480537866124586
6.159341567563703e-8	-0.014668961908444434
5.941726035449402e-8	-0.014535037230477008
5.751199517013417e-8	-0.014403535338929189
5.6444460649196504e-8	-0.014274391658308523
5.466658637486854e-8	-0.014147543530160744
5.2670227423617936e-8	-0.014022930247557259
5.109685667230024e-8	-0.01390049353052513
4.970862987340175e-8	-0.013780176270570653
4.764212335743312e-8	-0.013661924870771256
4.608546376465572e-8	-0.013545685502497407
4.500003259401697e-8	-0.013431407661858252
4.396000721903493e-8	-0.013319042428185126
4.225209988980572e-8	-0.013208541772121482
4.058024777115477e-8	-0.013099860231504168
3.967738416836286e-8	-0.012992952952574832
3.8415808452352264e-8	-0.012887776556785122
3.720065881809287e-8	-0.012784290123627919
3.586777494658522e-8	-0.012682452055281977
3.4910692887246685e-8	-0.012582225028264905
3.3347895431590224e-8	-0.012483569999092262
3.231119512044356e-8	-0.012386450431783658
3.117737708935864e-8	-0.01229083052164943
3.0474482587949934e-8	-0.012196676142120498
2.9360528228544738e-8	-0.012103954386788752
2.812743795839734e-8	-0.01201263213154889
2.7085082595956768e-8	-0.01192267818369205
2.6266993822532394e-8	-0.011834062295497945
2.4983457479743622e-8	-0.01174675460850351
2.4433546933350094e-8	-0.0116607258706213
2.3789336390789284e-8	-0.011575948855597734
2.2427324041440766e-8	-0.011492397091786998
2.116200443330052e-8	-0.011410043683910355
2.0626562072456614e-8	-0.011328862412919534
2.0148411848619488e-8	-0.011248829033056788
1.8911152575690206e-8	-0.011169919054237648
1.8033625752933437e-8	-0.011092110270137831
1.7067465221559665e-8	-0.011015378812021704
1.6820361522823513e-8	-0.010939702736820753
1.5853020733624936e-8	-0.010865059856417666
1.5350116023277182e-8	-0.010791430191307363
1.4426608925732777e-8	-0.010718792824688008
1.3631616692605375e-8	-0.01064712788746448
1.2843414018465228e-8	-0.0105764164645467
1.2509903385676813e-8	-0.010506639539356625
1.186871052255567e-8	-0.010437778488022508
1.0992141478199935e-8	-0.010369815321608711
1.0187941717304527e-8	-0.010302733367220061
9.502660781268714e-9	-0.0102365162204941
9.046330768941457e-9	-0.01017114597510158
8.79934316173614e-9	-0.010106607211379822
7.686694436953579e-9	-0.010042884315546625
7.1799195312527435e-9	-0.009979961604680137
6.482160867976594e-9	-0.009917825437915756
6.048713437545317e-9	-0.009856460321210136
5.713994399442202e-9	-0.009795852998436848
5.264152412126633e-9	-0.00973598876621177
4.610132204269091e-9	-0.009676854540487246
3.734709739156017e-9	-0.009618437624566357
3.2842336891381056e-9	-0.009560725626034593
2.6031679688232058e-9	-0.009503705772597498
2.568884671771965e-9	-0.009447365499427192
1.852773331589841e-9	-0.00939169375164066
1.3624190358219047e-9	-0.009336679193127922
7.363208646748998e-10	-0.009282310410966672
2.1386735312156626e-10	-0.009228577022415986
-1.2571832607166655e-10	-0.00917546842751175
-4.793165464200833e-10	-0.009122974294673158
-8.025768023944835e-10	-0.00907108488279364
-1.6161651592072613e-9	-0.009019790650743476
-1.9872045405877613e-9	-0.008969083130886337
-2.5394470703210548e-9	-0.008918953215452474
-2.885654201201238e-9	-0.008869392346361318
-3.438219868129311e-9	-0.008820392432378341
-3.841418131994567e-9	-0.008771946839119745
-4.622571040241441e-9	-0.00872404846539559
-4.971743927206784e-9	-0.00867669110154872
-5.7422144167818e-9	-0.008629869660158789
-5.967485854302401e-9	-0.008583578949279342
-6.402770409330572e-9	-0.008537816586742145
-7.2220799502642486e-9	-0.008492580591288195
-7.760184075794596e-9	-0.008447872110382016
-8.547691822263782e-9	-0.008403694602346277
-9.06468663212645e-9	-0.00836005515520989
-9.971898125943346e-9	-0.008316967342588076
-1.1389080349838432e-8	-0.008274452704467382
-1.3351381208953629e-8	-0.008232544851188918
-1.5920584258571902e-8	-0.008191294328466376
-1.946794280830999e-8	-0.008150770761538343
-2.4643471100921357e-8	-0.008111049513942084
-3.3107718373909245e-8	-0.008072101691556671
-4.563360190634747e-8	-0.008033172275748623
-5.1936846196520836e-8	-0.007989244289655086
-5.1803891304058603e-8	-0.007926256043374049
-4.542497538334578e-8	-0.007883462882224522
-3.3374351236348246e-8	-0.007846339859887497
-2.5585380965037487e-8	-0.007809899608414463
-2.1112673434769968e-8	-0.007773432377669514
-1.828089154298218e-8	-0.00773693414120594
-1.642718139204802e-8	-0.0077004934138836904
-1.5177404826899332e-8	-0.007664187450072787
-1.4445922939071432e-8	-0.007628071775412496
-1.4174535940186805e-8	-0.007592183821181202
-1.4239894627832151e-8	-0.007556548448514306
-1.4097651712019488e-8	-0.0075211823095335155
-1.4165114929948208e-8	-0.0074860957157945425
-1.4025290644681388e-8	-0.007451295378520626
-1.4188220850541722e-8	-0.007416785707730294
-1.4508679388891555e-8	-0.007382568409940429
-1.4434754349246238e-8	-0.007348644693799779
-1.4670355351570353e-8	-0.007315013610891794
-1.4608512904762395e-8	-0.007281674270714969
-1.481469509087563e-8	-0.007248625002813786
-1.4923689149443087e-8	-0.007215863584766017
-1.517233462298151e-8	-0.00718338817987004
-1.528988963945821e-8	-0.007151196076854008
-1.5525673163041542e-8	-0.007119284396027094
-1.5491469073508623e-8	-0.00708765006030788
-1.57621458224122e-8	-0.007056290533137307
-1.6014065095060206e-8	-0.007025202765106953
-1.6273757192381e-8	-0.006994383752256799
-1.6429765917563846e-8	-0.006963830318215568
-1.6532014502040895e-8	-0.00693353931608034
-1.671326415526586e-8	-0.006903507895630941
-1.6777304021187156e-8	-0.006873732820054075
-1.720234467639248e-8	-0.006844211086302923
-1.7290965187083397e-8	-0.006814940013730404
-1.7500437481215992e-8	-0.006785916326633996
-1.7503635410925923e-8	-0.006757136856903646
-1.762210536520037e-8	-0.006728598822960471
-1.7840945853930813e-8	-0.006700299478841331
-1.8113231770566786e-8	-0.00667223607990829
-1.8339577232379113e-8	-0.006644405336908093
-1.8449872767595245e-8	-0.00661680482860494
-1.864736912302045e-8	-0.006589431335141354
-1.859061039110044e-8	-0.006562282653110606
-1.8903267203074226e-8	-0.00653535589164094
-1.9127804327290223e-8	-0.006508648403874854
-1.926177934736817e-8	-0.006482157820526999
-1.9353475254996202e-8	-0.006455880989896197
-1.9423289601161465e-8	-0.006429815581587542
-1.9587116231417623e-8	-0.006403959353704579
-1.986549292958828e-8	-0.006378309770158056
-1.9979645399981207e-8	-0.006352864281837886
-2.0096009963560537e-8	-0.006327620421655652
-2.0173009404883536e-8	-0.006302575974017539
-2.0396645339582076e-8	-0.006277728604933271
-2.0468407746621065e-8	-0.006253075852380299
-2.0776907889197283e-8	-0.006228615784127541
-2.0856574823613362e-8	-0.006204345966347225
-2.0969345426741225e-8	-0.0061802642766890644
-2.09788802739197e-8	-0.006156368230702878
-2.1219976140185448e-8	-0.006132656082031668
-2.14436808907037e-8	-0.0061091256218743254
-2.1462355047241477e-8	-0.00608577494625093
-2.14631146435329e-8	-0.00606260182458179
-2.1665975318946318e-8	-0.006039604092632292
-2.1894237255271067e-8	-0.006016779944947615
-2.193369444610238e-8	-0.005994127603854458
-2.20977288600821e-8	-0.0059716450067036015
-2.2209024426489422e-8	-0.005949330195314424
-2.227918431463305e-8	-0.00592718136773169
-2.2383750397286795e-8	-0.005905196741465958
-2.2587492876396943e-8	-0.005883374335706666
-2.2695192865151982e-8	-0.005861712485861359
-2.2828946891939595e-8	-0.005840209505048531
-2.2853768390507235e-8	-0.005818863599300901
-2.3013804491972545e-8	-0.005797673088829575
-2.3099556826466917e-8	-0.005776636044224593
-2.321466642157266e-8	-0.005755751170424507
-2.3325270512147833e-8	-0.005735016578641191
-2.3508911516362253e-8	-0.005714430808040342
-2.3550974627795097e-8	-0.005693992207016672
-2.3594465272969157e-8	-0.005673699145828246
-2.3764294057737612e-8	-0.0056535501810501656
-2.392832478069762e-8	-0.005633543708281742
-2.4015077535155527e-8	-0.005613678277241249
-2.402377381385268e-8	-0.005593952473620258
-2.4151350671403063e-8	-0.0055743646484006084
-2.425400842654413e-8	-0.005554913518419894
-2.4297253790911413e-8	-0.005535597564695398
-2.438143240344193e-8	-0.005516415424808293
-2.4575476606092383e-8	-0.005497365706842823
-2.465147620033248e-8	-0.0054784470760962075
-2.4696747527874762e-8	-0.0054596582689698464
-2.4831439704731118e-8	-0.005440997722753289
-2.498427691262628e-8	-0.0054224643087686505
-2.513230705530334e-8	-0.0054040567971469985
-2.5141666988753865e-8	-0.0053857737742496895
-2.5129325758282973e-8	-0.005367614038372926
-2.5244308094046766e-8	-0.005349576257891577
-2.5374546946854706e-8	-0.005331659239104195
-2.5447358625080296e-8	-0.005313861910557233
-2.5534579916725033e-8	-0.005296182922771831
-2.5635919256461472e-8	-0.005278621238664781
-2.568132333417017e-8	-0.005261175542497647
-2.5742364635167326e-8	-0.005243844822614986
-2.592397360304255e-8	-0.005226627975631646
-2.6082872935750958e-8	-0.005209523798711796
-2.611264513253109e-8	-0.005192531242714531
-2.6139495363153298e-8	-0.005175649093829317
-2.618405067345009e-8	-0.0051588763386748665
-2.6308419568182863e-8	-0.0051422120794555465
-2.640499091903781e-8	-0.005125655061880913
-2.6399938210841524e-8	-0.005109204328350516
-2.649019160819166e-8	-0.005092858886237593
-2.661442482338461e-8	-0.005076617722620123
-2.6688575985356344e-8	-0.005060479877968247
-2.6742652893985143e-8	-0.00504444429223719
-2.6892826839114425e-8	-0.005028510127225353
-2.697935961957776e-8	-0.0050126762765506875
-2.7005349298053763e-8	-0.004996941853274574
-2.7028291120045902e-8	-0.004981305967845618
-2.714881735050301e-8	-0.004965767639204933
-2.7269321630696286e-8	-0.004950326038126433
-2.7283889319873468e-8	-0.004934980220955772
-2.7353505758348497e-8	-0.0049197292580971655
-2.7420102024672266e-8	-0.004904572387289708
-2.750787688386436e-8	-0.004889508563356578
-2.754325331912333e-8	-0.004874537194639247
-2.7673358081281577e-8	-0.004859657263665392
-2.7727633956076138e-8	-0.004844867959773789
-2.780005799323804e-8	-0.004830168421267691
-2.7808716251376267e-8	-0.004815557886743031
-2.7884234438618762e-8	-0.00480103563365061
-2.7982030014600537e-8	-0.004786600757321822
-2.8052959847646444e-8	-0.004772252512412814
-2.8090771450756113e-8	-0.0047579901660340365
-2.820700389454811e-8	-0.0047438129126535136
-2.8206340672232158e-8	-0.004729719911440933
-2.8223049080544627e-8	-0.004715710525116188
-2.836191704759239e-8	-0.004701784120559848
-2.8488491877726176e-8	-0.004687939874241706
-2.8494545041318765e-8	-0.004674176955501392
-2.849242766388427e-8	-0.004660494753155238
-2.862322386054661e-8	-0.004646892504764198
-2.8694887567037865e-8	-0.004633369735283452
-2.8784774335416375e-8	-0.004619925578146284
-2.875000421878049e-8	-0.0046065593991067195
-2.8844827473867297e-8	-0.0045932704210824805
-2.8858836151846036e-8	-0.004580058163830145
-2.8950771670860353e-8	-0.0045669218876013265
-2.9021924305550062e-8	-0.004553860949147517
-2.9094190001816012e-8	-0.0045408747911996105
-2.9084327787098907e-8	-0.004527962752490599
-2.9133121953678345e-8	-0.004515124159001073
-2.922822288972671e-8	-0.004502358371866956
-2.9312149613258676e-8	-0.0044896649206874915
-2.9375689336941237e-8	-0.004477043311764531
-2.9397135815611987e-8	-0.004464492688291649
-2.937934369610651e-8	-0.0044520125937466334
-2.953158376275411e-8	-0.004439602464628147
-2.956774901745063e-8	-0.0044272616533269195
-2.9643294806125376e-8	-0.004414989845773895
-2.9668126351101167e-8	-0.004402786297628165
-2.967443276899462e-8	-0.00439065064339289
-2.9705072623337217e-8	-0.004378582165793621
-2.9778652850309674e-8	-0.004366580410219156
-2.9899531608329476e-8	-0.004354644942846676
-2.9935203177478e-8	-0.004342775335838355
-3.00201200701844e-8	-0.00433097102699349
-2.997176017083825e-8	-0.004319231439737863
-3.006709901350324e-8	-0.0043075562583834385
-3.0116670814478445e-8	-0.004295945058714
-3.0196608554988735e-8	-0.004284397349424933
-3.0256110654997004e-8	-0.004272912808802915
-3.0277666012096253e-8	-0.0042614910222186645
-3.030328231239943e-8	-0.004250131585915454
-3.032332769371537e-8	-0.004238834178962103
-3.045210557260369e-8	-0.00422759848117127
-3.0485303682808994e-8	-0.004216424367357371
-3.05598948287078e-8	-0.004205311533136285
-3.058995392981045e-8	-0.004194259756696705
-3.066747242820856e-8	-0.004183268883620823
-3.0712737466237484e-8	-0.004172339053865881
-3.0845208316548914e-8	-0.004161470273185025
-3.088091474716115e-8	-0.004150662720894955
-3.101464211159866e-8	-0.004139916808626264
-3.102422714075792e-8	-0.00412923290334947
-3.108339939359439e-8	-0.004118612005088297
-3.123371105072659e-8	-0.004108055200842794
-3.132002957202396e-8	-0.0040975643091018
-3.1466870530438844e-8	-0.004087141706064829
-3.155143132557714e-8	-0.00407679065395778
-3.173078255000461e-8	-0.004066516007141204
-3.2035210196851293e-8	-0.004056324609122507
-3.2475152631011865e-8	-0.004046226334915031
-3.30676884251091e-8	-0.0040362353492755495
-3.390582288634314e-8	-0.004026370736475708
-3.515288888432111e-8	-0.004016653342083005
-3.722495400045878e-8	-0.004007078651414871
-4.0326147882918666e-8	-0.003997461827421779
-4.1906926106638486e-8	-0.003986551379511031
-4.189030665299187e-8	-0.0039708038244464705
-4.030007147854953e-8	-0.003960035220328235
-3.7258274934642845e-8	-0.003950644148989883
-3.5270573074830396e-8	-0.0039413827754561075
-3.411125803790549e-8	-0.003932071854461727
-3.336239259207896e-8	-0.003922709890428889
-3.285901871039054e-8	-0.003913319260736045
-3.2507752693172744e-8	-0.003903919868383584
-3.2288521302858975e-8	-0.00389452634283923
-3.218800165183944e-8	-0.0038851488559488397
-3.2175448644089504e-8	-0.003875794462409892
-3.210828533701804e-8	-0.0038664681741290723
-3.209650709535273e-8	-0.0038571734053667074
-3.2029706073555264e-8	-0.0038479126642464493
-3.2043722200969515e-8	-0.0038386878784660286
-3.210058485923484e-8	-0.003829500272847897
-3.2051725459275594e-8	-0.003820350948811989
-3.2086771374234546e-8	-0.0038112404308582215
-3.2041369583268863e-8	-0.003802169257310692
-3.2069279074853354e-8	-0.003793137751135281
-3.2071026179947284e-8	-0.003784146077883337
-3.2111671744033954e-8	-0.0037751945012877756
-3.2116621495725805e-8	-0.0037662830359330023
-3.2154848946652774e-8	-0.0037574116387034872
-3.211818759275564e-8	-0.0037485801996421497
-3.216714783238484e-8	-0.003739788748037861
-3.221152492224322e-8	-0.0037310371583363904
-3.225875797172595e-8	-0.003722325305463437
-3.2277180464929115e-8	-0.003713653002865556
-3.228068149992436e-8	-0.0037050200592505704
-3.2307136654519123e-8	-0.0036964263553247714
-3.2300337547941375e-8	-0.003687871648810987
-3.239808042687087e-8	-0.0036793557514891674
-3.2399255966808485e-8	-0.0036708785562351498
-3.243590178027001e-8	-0.0036624397716220163
-3.241276921849834e-8	-0.0036540391239711987
-3.242354700530026e-8	-0.003645676439856982
-3.24642385313656e-8	-0.0036373515448839605
-3.252129863374753e-8	-0.003629064253732483
-3.256539441766626e-8	-0.0036208142080322867
-3.257546618930518e-8	-0.0036126012943846647
-3.2611940040389034e-8	-0.0036044251505603564
-3.257255217541944e-8	-0.0035962857061521583
-3.264446167706159e-8	-0.003588182674607339
-3.269046509373763e-8	-0.003580115831220657
-3.2709522390511616e-8	-0.0035720850246901727
-3.27160490196099e-8	-0.003564089855574289
-3.271614058124039e-8	-0.003556130162543559
-3.2745306466064326e-8	-0.003548205801952542
-3.2810181298381645e-8	-0.003540316530413611
-3.282494534022074e-8	-0.00353246209011547
-3.284070035122211e-8	-0.0035246422382512648
-3.2844504670753726e-8	-0.0035168568002443283
-3.289435229053006e-8	-0.003509105555537416
-3.2897115509644696e-8	-0.003501388233931133
-3.297457734599552e-8	-0.003493704721877682
-3.2980507707036646e-8	-0.0034860547397119242
-3.299714835132695e-8	-0.0034784380965313107
-3.29812664681739e-8	-0.003470854477768539
-3.3039312309646184e-8	-0.0034633037941518056
-3.309235733715554e-8	-0.0034557858014791472
-3.3080097487919734e-8	-0.0034483003444992473
-3.3062154751273277e-8	-0.0034408471551334793
-3.310958279566512e-8	-0.003433425977745458
-3.316572435673182e-8	-0.0034260366643327623
-3.31609729878446e-8	-0.0034186790687471174
-3.319701104664286e-8	-0.0034113529447673103
-3.321617152209911e-8	-0.003404058072119475
-3.322210020019756e-8	-0.0033967942740323687
-3.3239557102754394e-8	-0.003389561372997945
-3.329006049163086e-8	-0.003382359118889682
-3.330918581267439e-8	-0.003375187358551676
-3.333724395611082e-8	-0.0033680459248517764
-3.332927438846611e-8	-0.0033609346082782068
-3.336665717469933e-8	-0.0033538532304462124
-3.337947157737165e-8	-0.003346801522562017
-3.340239020617198e-8	-0.0033397794218133054
-3.3424065117182435e-8	-0.0033327866598338975
-3.34707495424802e-8	-0.003325823105794443
-3.3469741718283875e-8	-0.003318888558357368
-3.3469347952280736e-8	-0.003311982817174041
-3.3512265953905554e-8	-0.003305105739221829
-3.355357606091292e-8	-0.0032982571206900454
-3.356869056465595e-8	-0.0032914368045140812
-3.355709970794818e-8	-0.003284644640415854
-3.358667702668683e-8	-0.0032778803914812393
-3.360790549370441e-8	-0.00327114394128599
-3.3608711359567336e-8	-0.003264435086452072
-3.3623919899700153e-8	-0.003257753672349299
-3.367776307436898e-8	-0.003251099528795524
-3.3690617694948076e-8	-0.0032444725003331694
-3.3692850080485614e-8	-0.003237872451409561
-3.3726750948659406e-8	-0.003231299136127479
-3.3767368931370005e-8	-0.0032247524561318246
-3.380661680003616e-8	-0.003218232272888999
-3.379686673594118e-8	-0.0032117383778263397
-3.3779428860925e-8	-0.0032052706325765685
-3.380753570350614e-8	-0.003198828847754381
-3.3841369702564126e-8	-0.003192412878384351
-3.385484174215914e-8	-0.0031860226189362397
-3.387368105203792e-8	-0.0031796578596184266
-3.389782489987559e-8	-0.003173318498464774
-3.39019226587467e-8	-0.00316700432863177
-3.3911823510501813e-8	-0.0031607152488175704
-3.3965795608931204e-8	-0.003154451120527048
-3.401185050486144e-8	-0.003148211764810409
-3.401094955999273e-8	-0.00314199705450676
-3.4009064446083315e-8	-0.003135806798090841
-3.401377777505488e-8	-0.0031296408732926135
-3.404805827644242e-8	-0.0031234991967370937
-3.4072318799366345e-8	-0.00311738154983818
-3.4059097086724946e-8	-0.0031112878194022283
-3.408133437541317e-8	-0.0031052178756778175
-3.4116433709247e-8	-0.0030991715776902116
-3.4133079259424103e-8	-0.00309314880068835
-3.414237019857547e-8	-0.0030871493787445916
-3.418787700489312e-8	-0.0030811732253482322
-3.420973108692049e-8	-0.0030752201499701162
-3.420892487263072e-8	-0.0030692900408442014
-3.420704264138763e-8	-0.003063382781982254
-3.424223058673959e-8	-0.0030574982194610015
-3.427765757009205e-8	-0.003051636253500241
-3.4272968305970596e-8	-0.0030457967377170068
-3.428935664567812e-8	-0.0030399795276793927
-3.430473999603834e-8	-0.0030341845396514655
-3.4328396433824794e-8	-0.00302841157859366
-3.433208504293739e-8	-0.0030226606201221866
-3.43723786267236e-8	-0.0030169314735798286
-3.4383632046797175e-8	-0.0030112240245663067
-3.440203398151209e-8	-0.003005538136015729
-3.4395841143153304e-8	-0.0029998737067079293
-3.441569767850816e-8	-0.002994230647822727
-3.4444400422606326e-8	-0.0029886087969521104
-3.4462799499429546e-8	-0.0029830080507366923
-3.446837723911078e-8	-0.002977428308050284
-3.4504828873010986e-8	-0.0029718694366518924
-3.4495518364102696e-8	-0.002966331287566473
-3.449307978576899e-8	-0.0029608137891127175
-3.453896631063214e-8	-0.002955316869003751
-3.4580248380366996e-8	-0.0029498403773130363
-3.457393791897468e-8	-0.0029443841583968286
-3.456441185234471e-8	-0.002938948141002911
-3.4607884005755097e-8	-0.002933532191445257
-3.4627982833490556e-8	-0.0029281362881830855
-3.465552141783679e-8	-0.0029227602512722343
-3.463322605273822e-8	-0.0029174039909641244
-3.466299206341117e-8	-0.002912067357881983
-3.466038421622297e-8	-0.002906750319550584
-3.468928055325726e-8	-0.002901452737053918
-3.4709945321320655e-8	-0.0028961745079657823
-3.4731203301496815e-8	-0.0028909155624993097
-3.4719238347119546e-8	-0.002885675786693846
-3.473115655260872e-8	-0.002880455059127347
-3.4762065889404336e-8	-0.0028752532704114176
-3.478858648089389e-8	-0.0028700703778310236
-3.480691579763606e-8	-0.0028649063275097406
-3.4808096166089047e-8	-0.0028597609148499252
-3.479319426324956e-8	-0.0028546340969796877
-3.484834612991761e-8	-0.0028495257853685175
-3.4855842641001726e-8	-0.002844435854853747
-3.4879709129964634e-8	-0.0028393643160689853
-3.4882697405880237e-8	-0.0028343110002027358
-3.487805012365453e-8	-0.0028292758932962282
-3.488355887607542e-8	-0.0028242588337445075
-3.490703917224947e-8	-0.0028192597670669917
-3.4950418197710056e-8	-0.0028142786459318834
-3.4958343475605117e-8	-0.0028093154240426627
-3.498699813093143e-8	-0.002804369997306715
-3.495980520917263e-8	-0.002799442253715331
-3.49930479823124e-8	-0.0027945321891703788
-3.500715684952027e-8	-0.0027896397527191062
-3.503419429514154e-8	-0.0027847648636328878
-3.50527248185073e-8	-0.0027799075113465696
-3.505526902225498e-8	-0.002775067644789196
-3.505959156098748e-8	-0.0027702452161188517
-3.5061598342600585e-8	-0.002765440211405456
-3.51100327441567e-8	-0.0027606526159454766
-3.511784153935605e-8	-0.0027558824972804576
-3.51434400055195e-8	-0.0027511298457543764
-3.515007127404823e-8	-0.0027463946860910183
-3.517715747972661e-8	-0.0027416770711881887
-3.519049687826792e-8	-0.0027369771800838764
-3.5241525962853575e-8	-0.0027322951342819033
-3.52509746854357e-8	-0.0027276311301765743
-3.530291236114591e-8	-0.0027229854651474794
-3.5301252603398e-8	-0.002718358418361626
-3.532115614540144e-8	-0.0027137505449225724
-3.538081783989733e-8	-0.0027091624407006676
-3.5412832683007214e-8	-0.002704595023541731
-3.547141474881666e-8	-0.002700049460152979
-3.5503001188097464e-8	-0.0026955273117762494
-3.5576254796410025e-8	-0.00269103084684236
-3.570468431494667e-8	-0.0026865632211616657
-3.5893160128158686e-8	-0.0026821289435646723
-3.614950913871096e-8	-0.00267773444126168
-3.6515095683625767e-8	-0.002673388353549524
-3.706264297250739e-8	-0.002669100154428895
-3.797721678250321e-8	-0.002664868154395717
-3.9351158913825125e-8	-0.0026606107015863275
-4.005448830164404e-8	-0.0026557718898678785
-4.004956433110163e-8	-0.0026487725265244458
-3.9343433030769596e-8	-0.002643975742083808
-3.798709032604708e-8	-0.00263978517639688
-3.709750955603331e-8	-0.0026356460039815913
-3.657595675854997e-8	-0.00263147822613912
-3.6236810708151216e-8	-0.0026272810430226713
-3.6006864495075063e-8	-0.0026230643763705086
-3.5844641616511464e-8	-0.002618837100694293
-3.574142699948047e-8	-0.0026146057722870072
-3.5691496541101486e-8	-0.0026103749780861446
-3.568120477875359e-8	-0.0026061479253854506
-3.5646176171705295e-8	-0.0026019269169691504
-3.563618381241529e-8	-0.0025977135455447402
-3.560118835153614e-8	-0.0025935090020800878
-3.5602883625396325e-8	-0.0025893142207016697
-3.562413600104453e-8	-0.002585129820772103
-3.5597225433359195e-8	-0.0025809563688484233
-3.5608613613713484e-8	-0.0025767941708893295
-3.5583229643948446e-8	-0.002572643540672089
-3.5591410235041865e-8	-0.002568504694730733
-3.5587627029509686e-8	-0.0025643777781972584
-3.560174932039639e-8	-0.002560262981808984
-3.559949550968056e-8	-0.0025561603822368134
-3.561261331037069e-8	-0.002552070029537806
-3.5591190206601955e-8	-0.0025479919427256795
-3.560935260735199e-8	-0.002543926204898107
-3.562546796618271e-8	-0.0025398728274719476
-3.564298288972201e-8	-0.0025358318216286008
-3.564717985071742e-8	-0.002531803169623809
-3.564446715200731e-8	-0.0025277868509330534
-3.5652470838104523e-8	-0.0025237828780280114
-3.5644994500932946e-8	-0.002519791205577231
-3.5686405019697e-8	-0.0025158118128197978
-3.5682736954006926e-8	-0.0025118447163993145
-3.56957148588799e-8	-0.00250788984618796
-3.5680678207999916e-8	-0.002503947139548061
-3.568157034843367e-8	-0.0025000165802005966
-3.569657505709256e-8	-0.0024960981508873087
-3.571936681518451e-8	-0.0024921918286758137
-3.573612037717777e-8	-0.00248829750833904
-3.573685017196349e-8	-0.0024844151995134967
-3.57501084609968e-8	-0.0024805447936085754
-3.572744035644782e-8	-0.002476686319441687
-3.575759750933383e-8	-0.0024728397029157826
-3.577553718022708e-8	-0.0024690048985375316
-3.578071235019742e-8	-0.002465181895130191
-3.577994364670767e-8	-0.0024613705626972287
-3.5776119133196226e-8	-0.002457570883873105
-3.578621071088639e-8	-0.0024537828492761414
-3.581345551486592e-8	-0.002450006401317344
-3.5816757659873356e-8	-0.0024462414747985725
-3.582056508791287e-8	-0.002442488011001686
-3.5818653705455006e-8	-0.0024387459833366504
-3.583893123372262e-8	-0.0024350153425647192
-3.583657589028011e-8	-0.002431296014880612
-3.5870306135310504e-8	-0.0024275880013752897
-3.5869553858064456e-8	-0.0024238912224678337
-3.5874005565889046e-8	-0.0024202056407839267
-3.586271666983776e-8	-0.0024165311584466134
-3.58873079582378e-8	-0.002412867786100705
-3.5909551842311375e-8	-0.0024092154587952155
-3.590008337146511e-8	-0.002405574154202222
-3.588783714676969e-8	-0.002401943794555535
-3.5907479886060357e-8	-0.0023983243074301125
-3.593144966441697e-8	-0.0023947156722984395
-3.5925703902983664e-8	-0.0023911178691173726
-3.593994222507724e-8	-0.002387530828395479
-3.594595639486165e-8	-0.002383954492701314
-3.594550256796891e-8	-0.002380388825367881
-3.5950732473011285e-8	-0.002376833788873465
-3.5972267833744855e-8	-0.0023732893094466257
-3.597840247733797e-8	-0.0023697553604519
-3.5988977958240076e-8	-0.002366231907924441
-3.598178776520467e-8	-0.0023627188964945463
-3.599704146677319e-8	-0.0023592162856226834
-3.600017293209357e-8	-0.002355723989484598
-3.60083418671997e-8	-0.0023522420237443507
-3.601592684080446e-8	-0.0023487703017504233
-3.603598731791724e-8	-0.0023453088045553897
-3.603236205037552e-8	-0.002341857477729219
-3.6029047389513073e-8	-0.0023384162668016128
-3.604734912392438e-8	-0.002334985145378893
-3.606493425410973e-8	-0.002331564056307903
-3.606945193373456e-8	-0.002328152965262405
-3.606061484111578e-8	-0.002324751840909587
-3.6072423429883706e-8	-0.0023213606080438316
-3.608008158775822e-8	-0.00231797925135849
-3.6077502805059726e-8	-0.0023146077114988817
-3.608218119847129e-8	-0.002311245953119394
-3.610635952159269e-8	-0.0023078939326232934
-3.610992456965501e-8	-0.002304551613393292
-3.610814496271542e-8	-0.002301218968452394
-3.6122392860593604e-8	-0.002297895914649104
-3.614008974628935e-8	-0.002294582442918309
-3.61571472870248e-8	-0.002291278523551551
-3.61493842745364e-8	-0.0022879840909180247
-3.61377112662431e-8	-0.002284699114530554
-3.6149196143547836e-8	-0.00228142353757946
-3.6163636554226166e-8	-0.002278157325388872
-3.616773989517652e-8	-0.002274900463018115
-3.617460597112876e-8	-0.002271652882010087
-3.6184211033896134e-8	-0.0022684145684894836
-3.6183592065625046e-8	-0.0022651854546375254
-3.618595739336428e-8	-0.002261965526183842
-3.6210943489245473e-8	-0.002258754749504926
-3.623193214691845e-8	-0.002255553069850293
-3.622884348751243e-8	-0.0022523604586361886
-3.62252537630281e-8	-0.0022491768538270055
-3.6225067470729845e-8	-0.002246002228585233
-3.624014078655868e-8	-0.002242836575813715
-3.62500861092685e-8	-0.0022396798183792
-3.624069187588841e-8	-0.0022365319330834663
-3.624963555557415e-8	-0.0022333928878667387
-3.626527190357942e-8	-0.0022302626445223576
-3.627138524392448e-8	-0.002227141172902237
-3.627370546629982e-8	-0.0022240284211595706
-3.6294862066549305e-8	-0.002220924378311518
-3.630376948894898e-8	-0.002217828979027132
-3.630090596238311e-8	-0.00221474219853195
-3.629748614548123e-8	-0.0022116640095636896
-3.631341628655416e-8	-0.0022085943647654166
-3.632951736594614e-8	-0.002205533244689487
-3.632468061598449e-8	-0.002202480605256397
-3.633087983860306e-8	-0.0021994364030472353
-3.6336575259343644e-8	-0.0021964006261005653
-3.634663467706467e-8	-0.0021933732038371817
-3.634623652504776e-8	-0.002190354154846761
-3.636509473615712e-8	-0.0021873434102036623
-3.6368716504631136e-8	-0.002184340940670358
-3.6376123644388246e-8	-0.0021813467047787976
-3.6370583184458515e-8	-0.002178360679636373
-3.6378793499158846e-8	-0.002175382848640061
-3.639170637360634e-8	-0.0021724131560700885
-3.639920483829995e-8	-0.002169451577058975
-3.639993677652665e-8	-0.00216649808766733
-3.641704810796176e-8	-0.0021635526472016087
-3.640991826036055e-8	-0.0021606152057802035
-3.6406433935243234e-8	-0.002157685754221363
-3.6428648626529726e-8	-0.002154764282837074
-3.6448465354405046e-8	-0.0021518507404238696
-3.6442973750039355e-8	-0.0021489450723813754
-3.643576484433919e-8	-0.0021460472687545563
-3.645684476552558e-8	-0.0021431572860725534
-3.6465484856734735e-8	-0.0021402751404819387
-3.647813020222213e-8	-0.002137400763314245
-3.646412560386892e-8	-0.002134534133786826
-3.6478005754742026e-8	-0.0021316751989369394
-3.6474552798210216e-8	-0.00212882396817539
-3.64880213440999e-8	-0.002125980393650826
-3.649709943729929e-8	-0.002123144446806573
-3.650652129909005e-8	-0.0021203161164036733
-3.649807709077968e-8	-0.0021174953672349456
-3.650250026123736e-8	-0.0021146821598031617
-3.651718787824332e-8	-0.002111876460822595
-3.6529542365931756e-8	-0.0021090782727655735
-3.653749302022225e-8	-0.0021062875919495767
-3.653619991506596e-8	-0.0021035043329906463
-3.652619017180392e-8	-0.002100728497648817
-3.655415615963498e-8	-0.0020979600628173805
-3.655631926298142e-8	-0.0020951989852971468
-3.6567386027375195e-8	-0.002092445295372492
-3.6567128847780904e-8	-0.002089698925748143
-3.656272367006941e-8	-0.002086959893035753
-3.656385023530495e-8	-0.002084228133357095
-3.6574785565224314e-8	-0.0020815036408885603
-3.659660880538929e-8	-0.0020787864135700268
-3.659911249862535e-8	-0.0020760764497826096
-3.661296285996652e-8	-0.002073373716183756
-3.659628016165484e-8	-0.002070678174860389
-3.661268058168799e-8	-0.002067989846757404
-3.661862701153651e-8	-0.002065308727094213
-3.66316868567973e-8	-0.0020626347946195523
-3.6640103811491636e-8	-0.0020599680664309954
-3.663975513671369e-8	-0.0020573085373071865
-3.664039079389614e-8	-0.0020546562036740297
-3.6639757685391626e-8	-0.00205201108051084
-3.6664725188578776e-8	-0.0020493731823130108
-3.666732928369609e-8	-0.002046742568897133
-3.66797684236031e-8	-0.0020441192575504055
-3.668175176546051e-8	-0.0020415032845126665
-3.669506187844452e-8	-0.0020388947016288543
-3.670078995531845e-8	-0.002036293630659977
-3.6727422481930285e-8	-0.0020337001617976363
-3.673104394525395e-8	-0.0020311144269780784
-3.675826675852423e-8	-0.002028536614545176
-3.675576128035485e-8	-0.0020259669032644907
-3.6765249307912916e-8	-0.0020234056258583858
-3.679689033972422e-8	-0.0020208531387710753
-3.6813190472512196e-8	-0.0020183099789186907
-3.684433785232644e-8	-0.0020157768236905922
-3.686047840772422e-8	-0.0020132545728282626
-3.6899925240774236e-8	-0.0020107445239827336
-3.6970289257381995e-8	-0.002008248475113108
-3.7074373257123265e-8	-0.0020057689870930638
-3.721664405335612e-8	-0.002003309703467479
-3.7420382177133505e-8	-0.002000875519558293
-3.7726529993625806e-8	-0.0019984718150465415
-3.823923643898053e-8	-0.0019960977203449942
-3.9010901032998646e-8	-0.001993707435764933
-3.940676027474055e-8	-0.001990988326537969
-3.9404683217658664e-8	-0.0019870508240309704
-3.9007641907273794e-8	-0.0019843494449862907
-3.82434020680611e-8	-0.0019819873780338
-3.7741239013022735e-8	-0.0019796524439360734
-3.744605708554394e-8	-0.0019772995398937895
-3.7253471340575885e-8	-0.0019749281709214145
-3.712233700339796e-8	-0.001972543904684726
-3.702932549747295e-8	-0.001970151734648444
-3.696959497074271e-8	-0.0019677553575461423
-3.69399824035499e-8	-0.0019653573657493683
-3.693281924758707e-8	-0.0019629595773045776
-3.6911601189870695e-8	-0.001960563302538709
-3.690458215862558e-8	-0.0019581694524687
-3.688333618424022e-8	-0.0019557787125362835
-3.6882947028737955e-8	-0.001953391624162207
-3.689370427798489e-8	-0.001951008551151988
-3.687702116363934e-8	-0.0019486298283296834
-3.688217210837674e-8	-0.0019462556428449201
-3.68663363526589e-8	-0.0019438861868596626
-3.686966221421173e-8	-0.0019415215975213428
-3.68661567067663e-8	-0.0019391619715149815
-3.687289981074149e-8	-0.0019368074318856139
-3.6870276606731924e-8	-0.001934458036664093
-3.687646724218619e-8	-0.001932113828745713
-3.6862854445185446e-8	-0.001929774833292878
-3.68719543369811e-8	-0.0019274411122850738
-3.6879897455049936e-8	-0.0019251126866431673
-3.688866095813981e-8	-0.0019227895771591994
-3.688977905328961e-8	-0.0019204717879818425
-3.688692379926195e-8	-0.0019181593216127482
-3.689024470136526e-8	-0.0019158521995197946
-3.688464713280659e-8	-0.001913550409835678
-3.690726646543019e-8	-0.001911253954778226
-3.6903882063976656e-8	-0.0019089628581261161
-3.691012029093943e-8	-0.0019066770935020879
-3.6900162829384134e-8	-0.0019043966387237892
-3.689941968326727e-8	-0.0019021214983251445
-3.690685728789389e-8	-0.0018998516762316457
-3.6918825683324165e-8	-0.0018975871730296675
-3.692731396131022e-8	-0.001895327941493582
-3.6926510151347185e-8	-0.001893074000904314
-3.693299317922283e-8	-0.0018908253018352927
-3.691859192940794e-8	-0.0018885818745748672
-3.6934923807235844e-8	-0.0018863436895405535
-3.6944165460395255e-8	-0.001884110733672024
-3.694598486002621e-8	-0.0018818830138166995
-3.6944343928263516e-8	-0.0018796604674740853
-3.694092184108322e-8	-0.0018774430976574415
-3.694562597034712e-8	-0.0018752309119989018
-3.696037106640238e-8	-0.0018730238899152775
-3.696113394534573e-8	-0.001870822006259439
-3.696219822280633e-8	-0.0018686252395505056
-3.695991525763387e-8	-0.001866433587020209
-3.697064449766363e-8	-0.0018642470325557139
-3.696811323140037e-8	-0.0018620655455360566
-3.698676924406286e-8	-0.001859889139174362
-3.698519559777736e-8	-0.0018577177792711188
-3.6986683208584114e-8	-0.001855551456295195
-3.6978916273450184e-8	-0.0018533901250382798
-3.699226810967571e-8	-0.0018512338040136168
-3.7004258925243954e-8	-0.0018490824671933298
-3.6997570380309376e-8	-0.001846936113557776
-3.6989239864226864e-8	-0.001844794709332958
-3.699972864252277e-8	-0.0018426582237409193
-3.701279362897103e-8	-0.0018405266565441189
-3.700830962655721e-8	-0.0018384000077435415
-3.701564866518403e-8	-0.001836278248030375
-3.7018129652444114e-8	-0.0018341613551107862
-3.701678658502017e-8	-0.0018320493188851055
-3.701881620233327e-8	-0.0018299421286736624
-3.7030524792630585e-8	-0.0018278397522108062
-3.703310956665873e-8	-0.0018257421850870331
-3.703834031114073e-8	-0.0018236494184796514
-3.7033019048099415e-8	-0.0018215614307687893
-3.704104554952403e-8	-0.0018194782090571716
-3.704187167856143e-8	-0.0018173997134056307
-3.704570297686227e-8	-0.0018153259641875623
-3.7049195149840845e-8	-0.0018132569207895868
-3.70601370121515e-8	-0.0018111925828376394
-3.705695768654871e-8	-0.0018091329287314674
-3.70539623360977e-8	-0.001807077936743422
-3.7063895334049634e-8	-0.001805027601836184
-3.707340113232594e-8	-0.0018029819005048703
-3.707510915408885e-8	-0.001800940822819915
-3.706882443316184e-8	-0.0017989043605673815
-3.707490405424618e-8	-0.001796872479176442
-3.707851240065119e-8	-0.0017948451798728148
-3.70759822772404e-8	-0.001792822437404906
-3.707781100958929e-8	-0.0017908042408371903
-3.7091361495095175e-8	-0.001788790574205697
-3.7092538845334704e-8	-0.0017867814256628976
-3.7090504696168927e-8	-0.0017847767890935445
-3.7098120497014447e-8	-0.0017827766245019287
-3.710782806694013e-8	-0.0017807809363891277
-3.7117165506439514e-8	-0.0017787897167853995
-3.71115457637905e-8	-0.0017768029359874653
-3.710356013443272e-8	-0.0017748205853977564
-3.710955547870931e-8	-0.0017728426404562674
-3.711734881289841e-8	-0.001770869089882767
-3.711890275197027e-8	-0.0017688999342677072
-3.712213241943707e-8	-0.0017669351417752713
-3.712702901692566e-8	-0.001764974713518904
-3.712573937517672e-8	-0.0017630186178744724
-3.712625871763464e-8	-0.0017610668555795297
-3.7140508007449394e-8	-0.001759119415596678
-3.7152351054858814e-8	-0.001757176273999085
-3.714958561434889e-8	-0.0017552374226589614
-3.714651300541494e-8	-0.0017533028330614852
-3.71455116184638e-8	-0.0017513724979947977
-3.7153797866618104e-8	-0.0017494464222111018
-3.715897436379345e-8	-0.00174752456778509
-3.715237438366992e-8	-0.0017456069295338189
-3.7156952190764424e-8	-0.0017436934968240525
-3.716562076806485e-8	-0.0017417842552161795
-3.716848894541047e-8	-0.0017398791951153908
-3.71690460327867e-8	-0.0017379782936208174
-3.718112019420739e-8	-0.0017360815527213082
-3.718572029363654e-8	-0.0017341889411361798
-3.7183124051243246e-8	-0.0017323004522983936
-3.718018681644342e-8	-0.0017304160780694006
-3.718910608989656e-8	-0.0017285357979470325
-3.719814235201846e-8	-0.0017266596084612505
-3.7194347395419494e-8	-0.001724787490989858
-3.7197324836446554e-8	-0.0017229194272421365
-3.7199999887488345e-8	-0.001721055418174063
-3.720536134173003e-8	-0.0017191954286876958
-3.7204300402993166e-8	-0.0017173394784090153
-3.721509016814673e-8	-0.0017154875331287002
-3.721651515825042e-8	-0.001713639582961223
-3.722027479171053e-8	-0.001711795610436187
-3.7216060893380254e-8	-0.0017099556094609415
-3.722032704973066e-8	-0.0017081195777806217
-3.7227501474651486e-8	-0.0017062874889650567
-3.723134343317502e-8	-0.0017044593355452322
-3.723101187745881e-8	-0.001702635110578462
-3.724080716599465e-8	-0.0017008147967246768
-3.723562154177573e-8	-0.0016989983708865684
-3.7232688860916466e-8	-0.0016971858350786025
-3.7245670104840704e-8	-0.0016953771909783467
-3.725718347987739e-8	-0.0016935724145166358
-3.7253019857741434e-8	-0.001691771479433939
-3.72477896290746e-8	-0.0016899743870802326
-3.7260114540127454e-8	-0.0016881811179788404
-3.726472989116214e-8	-0.0016863916896062566
-3.7271840562430605e-8	-0.0016846060667494336
-3.7262392501963284e-8	-0.001682824243862514
-3.7270283446688704e-8	-0.0016810461953399734
-3.726739591153328e-8	-0.0016792719343185283
-3.727504609598587e-8	-0.0016775014382764799
-3.727997212970569e-8	-0.0016757346966370264
-3.7285120172997345e-8	-0.001673971709576813
-3.727912952804502e-8	-0.0016722124622889193
-3.728116652423896e-8	-0.001670456937234505
-3.7289618835412154e-8	-0.0016687051206895685
-3.7296624325661165e-8	-0.0016669570212181888
-3.730088890571693e-8	-0.0016652126435365614
-3.729936996117456e-8	-0.0016634719412253458
-3.729240217974495e-8	-0.0016617349222924419
-3.7309209442581985e-8	-0.0016600015791673201
-3.730986933683789e-8	-0.0016582718916421965
-3.7316128186493106e-8	-0.0016565458855147448
-3.731526488223169e-8	-0.0016548235254116987
-3.731181155979257e-8	-0.0016531048285078683
-3.73118310389331e-8	-0.0016513897614552726
-3.7318016385656796e-8	-0.0016496783272865398
-3.733105439084894e-8	-0.0016479705313826793
-3.7331956853847717e-8	-0.0016462663793908316
-3.734000324669418e-8	-0.0016445658569821937
-3.732883437054247e-8	-0.0016428689468969012
-3.7338497956801445e-8	-0.001641175668897201
-3.734158473617799e-8	-0.0016394860265476294
-3.734916234988672e-8	-0.0016378000130104426
-3.7353820826357965e-8	-0.001636117645611012
-3.7352949386643135e-8	-0.0016344389275967626
-3.7352703090776096e-8	-0.001632763863239795
-3.73516570199961e-8	-0.0016310924685259125
-3.736679909712715e-8	-0.0016294247591460923
-3.736781022992131e-8	-0.0016277607794770912
-3.7375050087579135e-8	-0.0016261005470438218
-3.737567766707306e-8	-0.0016244440913882943
-3.7383483703878896e-8	-0.0016227914519818983
-3.73864938726598e-8	-0.0016211427126841997
-3.740276915710217e-8	-0.0016194979374805872
-3.7404459351708666e-8	-0.0016178572169580684
-3.7421139705345884e-8	-0.001616220677693368
-3.7418950550194284e-8	-0.0016145884404102384
-3.742438612143184e-8	-0.0016129607239263237
-3.7443918370044794e-8	-0.0016113377625715229
-3.745371015505539e-8	-0.0016097199059726859
-3.747296576013248e-8	-0.0016081075938799644
-3.748268411420952e-8	-0.001606501408548801
-3.750726750609834e-8	-0.0016049021869888901
-3.755159176528911e-8	-0.001603311086899264
-3.7617475307455405e-8	-0.0016017297550075373
-3.770780324782175e-8	-0.0016001605324012865
-3.783747771793356e-8	-0.0015986065642516006
-3.803271854863066e-8	-0.0015970713114771733
-3.8360204585663474e-8	-0.0015955542468521365
-3.8853650832226804e-8	-0.0015940261048778663
-3.9107106589497676e-8	-0.0015922868092761338
-3.9106043464598455e-8	-0.0015897665097964508
-3.885198199685691e-8	-0.0015880362920295797
-3.836233808539036e-8	-0.0015865225973920355
-3.8040249116133576e-8	-0.0015850255827459022
-3.785062176877574e-8	-0.0015835163392751645
-3.772665782034723e-8	-0.0015819945313811962
-3.7642031461393445e-8	-0.0015804637160113163
-3.7581816831439024e-8	-0.0015789270883314924
-3.7542935857554086e-8	-0.0015773870163593008
-3.752338647201592e-8	-0.0015758451626071669
-3.751826314886686e-8	-0.0015743026946704198
-3.750408865819122e-8	-0.001572760455619438
-3.7499047119410326e-8	-0.0015712190330095899
-3.7484835524270736e-8	-0.0015696788701975288
-3.748405581118219e-8	-0.0015681403185569109
-3.7490465062328674e-8	-0.0015666036155819688
-3.747917767729092e-8	-0.0015650689805230445
-3.7481974359104835e-8	-0.0015635365377066703
-3.7471221087459486e-8	-0.0015620064149286675
-3.7472841938712696e-8	-0.001560478704669481
-3.7470047411530814e-8	-0.0015589534734196987
-3.747388467150725e-8	-0.0015574308048307548
-3.7471659487081644e-8	-0.0015559107406404146
-3.747514364511595e-8	-0.0015543933128412833
-3.746580427845259e-8	-0.0015528785419952347
