-3.6983867125478524e-8	0.0015528785455098879
-3.698757307954992e-8	0.0015543933061071538
-3.697843939265422e-8	0.0015559107409562419
-3.697803275615197e-8	0.0015574308001108743
-3.698504308449202e-8	0.0015589534883884545
-3.698053536956847e-8	0.0015604787067325617
-3.6995134233613895e-8	0.0015620064098572559
-3.698583693603763e-8	0.0015635365310155158
-3.698796155013895e-8	0.0015650689777893794
-3.699208324501324e-8	0.0015666036277889863
-3.700084731782516e-8	0.0015681403285389404
-3.7004431828280286e-8	0.0015696788685104972
-3.70048167310566e-8	0.0015712190211061752
-3.7007316640025324e-8	0.0015727604524626282
-3.7020949555471863e-8	0.0015743027078016063
-3.7043413361703694e-8	0.0015758451704444316
-3.7063269176390583e-8	0.0015773870110366113
-3.7089021891589804e-8	0.0015789270804058106
-3.7139639348998665e-8	0.0015804637121560354
-3.723834279257821e-8	0.0015819945408047226
-3.737192507763942e-8	0.0015835163351789628
-3.7556798750315594e-8	0.0015850255617259465
-3.788378413882021e-8	0.0015865225567313996
-3.837690050165765e-8	0.001588036180915089
-3.8605681055536856e-8	0.0015897666084098612
-3.8606726428391805e-8	0.0015922867104654034
-3.837866810975088e-8	0.0015940262166608088
-3.788178067998249e-8	0.0015955542879212959
-3.7549381599422115e-8	0.0015970713327933884
-3.735901345096049e-8	0.0015986065684221945
-3.721955898322027e-8	0.0016001605227682213
-3.711479630036929e-8	0.0016017297589643162
-3.705875733154285e-8	0.0016033110950662015
-3.7028009850004205e-8	0.0016049021924956076
-3.700315721238967e-8	0.001606501400408056
-3.697540276175193e-8	0.0016081075801856963
-3.695668991584023e-8	0.001609719909278062
-3.6949547910908325e-8	0.0016113377750850682
-3.694459779874371e-8	0.0016129607257069128
-3.6936236886708774e-8	0.0016145884298322704
-3.6922317669790816e-8	0.0016162206647057054
-3.69132624154056e-8	0.0016178572198782021
-3.6906295366812e-8	0.00161949794465681
-3.691159037149672e-8	0.0016211427181450089
-3.689111151967684e-8	0.0016227914497515099
-3.689122808722134e-8	0.0016244440751406175
-3.687880718581393e-8	0.0016261005521874528
-3.687442794635398e-8	0.0016277607791314972
-3.6879615478363495e-8	0.0016294247665438175
-3.687070407946691e-8	0.0016310924646494227
-3.6857526664912935e-8	0.0016327638525910242
-3.6861971395768525e-8	0.0016344389276171396
-3.686855781382392e-8	0.0016361176514641433
-3.685907033817437e-8	0.001637800018574931
-3.6852635557105274e-8	0.0016394860180763999
-3.684313243069726e-8	0.001641175667482757
-3.684815638847483e-8	0.0016428689560914382
-3.6847174255205675e-8	0.0016445658502501931
-3.684277217811394e-8	0.0016462663613129275
-3.68336056835894e-8	0.0016479705402070203
-3.6830158076184284e-8	0.0016496783402355241
-3.683099961331871e-8	0.001651389750202766
-3.6837552361584923e-8	0.0016531048161787774
-3.682058314320447e-8	0.0016548235350970252
-3.681132155335942e-8	0.0016565458947948187
-3.6815390815830855e-8	0.0016582719046550108
-3.681635898794e-8	0.001660001570463237
-3.681807926985692e-8	0.0016617349071018108
-3.681120815218764e-8	0.0016634719286262708
-3.680181731428589e-8	0.0016652126425411493
-3.6808999210741214e-8	0.0016669570407603054
-3.680717201954842e-8	0.001668705124876465
-3.679889226617661e-8	0.0016704569231919078
-3.678421719445213e-8	0.001672212459852983
-3.6787227560097784e-8	0.0016739717189500137
-3.679303345333063e-8	0.001675734697111111
-3.678703848687959e-8	0.0016775014333470907
-3.677830551689909e-8	0.0016792719350737088
-3.677873970282519e-8	0.0016810461976604595
-3.6779283894833315e-8	0.0016828242351092705
-3.677916215096833e-8	0.0016846060669284883
-3.6778981794249876e-8	0.001686391688646656
-3.676812038030941e-8	0.0016881811277192256
-3.675650600854508e-8	0.0016899743892543702
-3.676252852520268e-8	0.0016917714740370044
-3.6771452222655876e-8	0.0016935723994136098
-3.6759626867999275e-8	0.0016953771903517607
-3.674254793987197e-8	0.0016971858372759067
-3.674709318967073e-8	0.0016989983856292527
-3.675286928271904e-8	0.0017008147994240588
-3.674438762613086e-8	0.0017026350997217962
-3.6736284096700044e-8	0.001704459331489716
-3.6732304854403264e-8	0.0017062874953090654
-3.673500314606004e-8	0.0017081195811501516
-3.673048006697655e-8	0.0017099556099068804
-3.6737544859322126e-8	0.001711795602515528
-3.6724694828299544e-8	0.001713639576996526
-3.671302864239334e-8	0.00171548753792214
-3.6723454022102865e-8	0.0017173394807293279
-3.672085027996985e-8	0.0017191954366721281
-3.6709461480727295e-8	0.0017210554093432672
-3.670418961322364e-8	0.0017229194229145223
-3.6705854999635744e-8	0.0017247874957497876
-3.6709598840695136e-8	0.0017266596093314837
-3.67019316941053e-8	0.0017285357958445751
-3.669391405135003e-8	0.001730416076263853
-3.669386952100951e-8	0.0017323004565016067
-3.6689731323719115e-8	0.001734188940123328
-3.6690977390330117e-8	0.0017360815490519675
-3.668655481954275e-8	0.00173797829239108
-3.6679731139344085e-8	0.0017398791923981165
-3.6674043836470994e-8	0.0017417842592762978
-3.667066899769589e-8	0.0017436934964424528
-3.6672211934252185e-8	0.0017456069357736105
-3.6665665289092876e-8	0.0017475245601942804
-3.66533446859052e-8	0.0017494464197714515
-3.665588405754039e-8	0.001751372508398727
-3.666692025165452e-8	0.0017533028350337507
-3.666531929168993e-8	0.0017552374121905634
-3.665904521211183e-8	0.0017571762731562856
-3.66417869847091e-8	0.0017591194137106477
-3.6650596511467185e-8	0.001761066860608984
-3.664551211333134e-8	0.0017630186262821
-3.66268993547747e-8	0.0017649747040691208
-3.6631973620621095e-8	0.0017669351377875985
-3.662874693244889e-8	0.001768899938264252
-3.661716141725724e-8	0.001770869099395748
-3.662945409255714e-8	0.0017728426319547808
-3.6628146113604213e-8	0.0017748205802894969
-3.661267885837205e-8	0.0017768029379115818
-3.662381491719158e-8	0.0017787897176490526
-3.662377363281011e-8	0.001780780947164309
-3.661893117348214e-8	0.0017827766224628601
-3.6600949103215986e-8	0.0017847767782891435
-3.659169953504904e-8	0.0017867814282077651
-3.659796589810527e-8	0.0017887905821590082
-3.659824282213342e-8	0.0017908042342702584
-3.65899968996386e-8	0.0017928224378083112
-3.6586930557569456e-8	0.00179484517556167
-3.658632858305477e-8	0.0017968724820745395
-3.6586975411362355e-8	0.0017989043618848123
-3.658506942567641e-8	0.0018009408267683988
-3.657704895000946e-8	0.0018029819015996649
-3.657483299104869e-8	0.0018050275972728274
-3.656816252212148e-8	0.0018070779387123655
-3.657019562039454e-8	0.0018091329310344403
-3.657188965892622e-8	0.0018111925818801028
-3.656101879312979e-8	0.0018132569155290313
-3.655238744627032e-8	0.0018153259689915604
-3.6551443583937585e-8	0.001817399723252332
-3.655737289170458e-8	0.0018194782001145502
-3.655350399335844e-8	0.0018215614281584596
-3.6534905339741245e-8	0.0018236494130630392
-3.654124561283112e-8	0.00182574219185724
-3.654902325219145e-8	0.0018278397612412189
-3.653409439915434e-8	0.0018299421281630182
-3.653239053252322e-8	0.00183204931500912
-3.6522358074192466e-8	0.0018341613477807798
-3.652001735809374e-8	0.0018362782527371058
-3.652249313658706e-8	0.0018384000203997557
-3.65254642556101e-8	0.0018405266533832764
-3.6511723380078246e-8	0.0018426582064009257
-3.6499345051149715e-8	0.0018447947067369778
-3.6512545387407116e-8	0.0018469361143013416
-3.651963469480935e-8	0.0018490824851958938
-3.6501975297209554e-8	0.0018512338104753863
-3.648767598473657e-8	0.0018533901224235887
-3.6494585700569404e-8	0.001855551444528598
-3.650067445745697e-8	0.0018577177804354997
-3.649383240095783e-8	0.0018598891389561335
-3.648688593970162e-8	0.0018620655562523183
-3.6479090097013556e-8	0.0018642470297021135
-3.647139107242348e-8	0.0018664335860873534
-3.647503075802083e-8	0.0018686252456666125
-3.64753180022881e-8	0.0018708220056686301
-3.646086784818703e-8	0.0018730238781814615
-3.6449834504470594e-8	0.001875230915061963
-3.646107382862529e-8	0.0018774431153940883
-3.646432904116925e-8	0.0018796604621621935
-3.645942219580034e-8	0.0018818829889127504
-3.644297255356866e-8	0.0018841107349462389
-3.6447715291487716e-8	0.0018863437057402956
-3.644927610617077e-8	0.001888581894194211
-3.643974044936216e-8	0.0018908253131272265
-3.6431128009861705e-8	0.0018930739839470698
-3.6418395475229515e-8	0.0018953279293464494
-3.6423141523955764e-8	0.001897587160295343
-3.643812615722331e-8	0.0018998516925145211
-3.642207173225054e-8	0.0019021215132526675
-3.6413514665356584e-8	0.001904396621468847
-3.6410657062524446e-8	0.0019066770816907174
-3.641549411971812e-8	0.0019089628824317797
-3.6413970743992555e-8	0.0019112539638698495
-3.6407826950768386e-8	0.0019135503973626994
-3.639347646359759e-8	0.0019158522014471428
-3.639891428784958e-8	0.0019181593332076522
-3.6400213901960354e-8	0.0019204717803313974
-3.640577349978136e-8	0.0019227895690758258
-3.638912061836308e-8	0.0019251126866148924
-3.637533042205599e-8	0.001927441127123608
-3.638611613728804e-8	0.001929774838718769
-3.639103495824969e-8	0.0019321138183446519
-3.637611723077417e-8	0.0019344580371521251
-3.637467035749742e-8	0.0019368074245887177
-3.63847024049957e-8	0.0019391619946676638
-3.6376912690777584e-8	0.0019415216007138611
-3.6398697852030316e-8	0.001943886179008019
-3.6383487498270475e-8	0.0019462556324805857
-3.6385959677837086e-8	0.0019486298240933282
-3.6391532911450586e-8	0.0019510085700784807
-3.6404307446025185e-8	0.0019533916396464227
-3.640905580434839e-8	0.0019557787099181204
-3.640884124456179e-8	0.0019581694339861075
-3.64119098614224e-8	0.0019605632976346936
-3.6432282200504764e-8	0.0019629595977133877
-3.64664051422603e-8	0.001965357377936217
-3.649650323917508e-8	0.001967755349265338
-3.653580849667382e-8	0.0019701517223119974
-3.661387348408707e-8	0.0019725438986809233
-3.676693225408423e-8	0.0019749281856037597
-3.697451370259231e-8	0.0019772995335085365
-3.726229174718654e-8	0.001979652411153489
-3.7772101256516865e-8	0.0019819873145882037
-3.854177215696364e-8	0.00198434927152046
-3.889933935521395e-8	0.001987050978057671
-3.890138177210512e-8	0.001990988172125839
-3.854522416404382e-8	0.001993707610536369
-3.7768189623105244e-8	0.0019960977845884425
-3.7247804258561116e-8	0.0019984718484077667
-3.694929274997705e-8	0.002000875526088793
-3.673024318998075e-8	0.0020033096883758394
-3.6565349386391555e-8	0.0020057689932951664
-3.64766950856299e-8	0.0020082484879208468
-3.642763246340386e-8	0.0020107445326229974
-3.6387772742774165e-8	0.002013254560048658
-3.6343313618253385e-8	0.0020157768021819367
-3.631301428310696e-8	0.0020183099841129056
-3.6300875799955e-8	0.0020208531584455336
-3.629217102055216e-8	0.002023405628659339
-3.627808842318059e-8	0.0020259668866160776
-3.625523534979136e-8	0.0020285365940936836
-3.624001995489179e-8	0.002031114431578712
-3.6228080706213195e-8	0.0020337001731096493
-3.623546361529173e-8	0.002036293639272454
-3.620218411179432e-8	0.0020388946981093332
-3.620138147911734e-8	0.0020415032588608707
-3.618077493103833e-8	0.0020441192656754565
-3.617285293691097e-8	0.002046742568350998
-3.6180049158801574e-8	0.0020493731940109832
-3.6164942972349845e-8	0.002052011074377783
-3.614306965704639e-8	0.002054656186817488
-3.6149080425723624e-8	0.0020573085373394697
-3.615848574122227e-8	0.0020599680757060986
-3.614241771890403e-8	0.002062634803441961
-3.613117198577043e-8	0.0020653087136559825
-3.6115043752582566e-8	0.0020679898445124427
-3.6121964475149815e-8	0.0020706781894617365
-3.611934972275188e-8	0.0020733737054873533
-3.6111291800960954e-8	0.002076076421043104
-3.609564517720876e-8	0.0020787864276062065
-3.608907973929321e-8	0.0020815036614965417
-3.608933669823067e-8	0.002084228115439256
-3.609869032731306e-8	0.0020869598733929354
-3.6070555413086904e-8	0.002089698941187306
-3.6054661064327535e-8	0.0020924453101737305
-3.606006454048294e-8	0.002095199006063338
-3.606049835209735e-8	0.002097960048919583
-3.6062130462721775e-8	0.002100728473380504
-3.6050034375922916e-8	0.002103504312851536
-3.603388184005296e-8	0.002106287590357559
-3.604424154772801e-8	0.002109078304037608
-3.604018164797829e-8	0.002111876467526322
-3.6025778548953725e-8	0.0021146821373065772
-3.600110585151306e-8	0.002117495363330388
-3.60047672081365e-8	0.002120316131436539
-3.601291751467173e-8	0.002123144447567303
-3.6002127241352434e-8	0.002125980385736059
-3.598692234326184e-8	0.0021288239693886164
-3.5986433874735105e-8	0.0021316752026670147
-3.5986120293735046e-8	0.002134534119708628
-3.598473226027466e-8	0.002137400763602387
-3.598324486888127e-8	0.002140275138936805
-3.5964547036754225e-8	0.0021431573017653346
-3.594461210522093e-8	0.0021460472722592884
-3.5953099121632806e-8	0.0021489450636764467
-3.596627381077244e-8	0.002151850716049635
-3.594595866456829e-8	0.0021547642818252493
-3.591712826154225e-8	0.0021576857577716526
-3.592322086636291e-8	0.002160615229614255
-3.593130865022776e-8	0.0021635526515681935
-3.591632687788282e-8	0.0021664980700952575
-3.590193890312121e-8	0.0021694515704911
-3.589421461202558e-8	0.0021724131663502203
-3.5897305817106375e-8	0.002175382854103429
-3.5888684545576366e-8	0.0021783606803597927
-3.589885856784547e-8	0.002181346691921141
-3.5876694580827544e-8	0.0021843409309820565
-3.585642824122659e-8	0.0021873434179940946
-3.587205975298935e-8	0.0021903541586200874
-3.5866505213710824e-8	0.0021933732168291837
-3.584663925507714e-8	0.0021964006117228332
-3.5836714252862615e-8	0.0021994363959971053
-3.583808166920388e-8	0.0022024806130155486
-3.584283795152188e-8	0.0022055332461089544
-3.5828974248097725e-8	0.0022085943613341084
-3.5814520787624815e-8	0.0022116640066152052
-3.581307347627072e-8	0.002214742205400089
-3.580492834036609e-8	0.0022178289773710533
-3.5805580844616715e-8	0.002220924372308462
-3.579695130633276e-8	0.0022240284191464687
-3.578437536532753e-8	0.0022271411684513377
-3.577364417124418e-8	0.0022302626511769286
-3.5766689588301316e-8	0.002233392887240856
-3.5767795513474976e-8	0.00223653194332319
-3.5755613873017514e-8	0.0022396798059148436
-3.5733928507325485e-8	0.002242836571805163
-3.5736644279293904e-8	0.0022460022456901973
-3.5753340809452364e-8	0.0022491768570715837
-3.574924941828761e-8	0.0022523604414037943
-3.573745596512357e-8	0.0022555530684620776
-3.570754015739808e-8	0.0022587547463964017
-3.572057595863654e-8	0.0022619655344785564
-3.5710693493412606e-8	0.0022651854685123833
-3.5678459056820434e-8	0.002268414552884888
-3.5685320476830376e-8	0.0022716528754210302
-3.5678460713356455e-8	0.002274900469626035
-3.5657761891400024e-8	0.002278157341127796
-3.567656513216444e-8	0.002281423523505042
-3.56728573268128e-8	0.0022846991060682647
-3.56456708736741e-8	0.002287984094107448
-3.566257601144707e-8	0.00229127852498408
-3.566094605611525e-8	0.002294582460802764
-3.565133738233639e-8	0.002297895911262447
-3.561987473766348e-8	0.002301218950496213
-3.5602891489122656e-8	0.002304551617625404
-3.561170337302855e-8	0.0023078939458583544
-3.5610548159442645e-8	0.0023112459421842342
-3.559518998558775e-8	0.0023146077121711257
-3.5588443399975356e-8	0.002317979244170289
-3.558580122165478e-8	0.0023213606128792306
-3.558522607771675e-8	0.0023247518431091115
-3.558038983944578e-8	0.0023281529718590208
-3.55653207492701e-8	0.0023315640581381917
-3.555992533449404e-8	0.0023349851377448246
-3.5547087848158964e-8	0.0023384162700976693
-3.5548796982287636e-8	0.002341857481587036
-3.554993784620209e-8	0.0023453088029503316
-3.553000009801077e-8	0.0023487702929264782
-3.5513792727209783e-8	0.0023522420318079777
-3.5510471647509644e-8	0.002355724006023498
-3.5518695773800736e-8	0.002359216270592002
-3.55104437987086e-8	0.0023627188921041395
-3.5477388821625326e-8	0.002366231898807865
-3.548628777931828e-8	0.002369755371854506
-3.549761722451695e-8	0.0023732893246661974
-3.547066234832475e-8	0.002376833788012292
-3.5465990084171396e-8	0.0023803888188264313
-3.5447240555475105e-8	0.002383954480321947
-3.5441458460089285e-8	0.002387530836349972
-3.5443814069774375e-8	0.002391117890521469
-3.54470061423473e-8	0.002394715666949142
-3.542189665465268e-8	0.002398324278064006
-3.539905571510183e-8	0.002401943790156022
-3.5419562769412054e-8	0.002405574155463288
-3.5429719068652556e-8	0.002409215489347735
-3.539785635957027e-8	0.002412867797074873
-3.537165626686378e-8	0.0024165311540029345
-3.538148756179194e-8	0.00242020562077222
-3.538992960743781e-8	0.002423891224449502
-3.537635718296461e-8	0.0024275880010035697
-3.536258248538204e-8	0.002431296033145032
-3.534733663879131e-8	0.002435015337697631
-3.533223104428829e-8	0.0024387459817445485
-3.5336463404800346e-8	0.0024424880214482096
-3.5334971452249955e-8	0.0024462414737887257
-3.530826411306531e-8	0.0024500063812465185
-3.52873629547501e-8	0.0024537828545192764
-3.5304577136074935e-8	0.0024575709142559436
-3.530813018141621e-8	0.002461370553591246
-3.529768054723603e-8	0.002465181852407287
-3.5267394921240095e-8	0.002469004900725047
-3.527346858145375e-8	0.0024728397307474535
-3.527407970080887e-8	0.002476686353173172
-3.525559092641961e-8	0.002480544813037134
-3.523866388392416e-8	0.002484415170315692
-3.521460421775369e-8	0.002488297487407876
-3.522064974335049e-8	0.0024921918067166214
-3.524436558825506e-8	0.002496098178986783
-3.521450912461477e-8	0.0025000166059805083
-3.519756181198375e-8	0.0025039471097262566
-3.519043975566683e-8	0.0025078898257587983
-3.519662179712335e-8	0.002511844758470414
-3.5191792541189316e-8	0.002515811828568602
-3.517894080208861e-8	0.0025197911839547078
-3.515182922761429e-8	0.002523782881371743
-3.5159025426290125e-8	0.0025277868710640856
-3.5159039840659825e-8	0.002531803156330883
-3.516645708767086e-8	0.002535831807572582
-3.513522453058027e-8	0.002539872827422738
-3.510892713868286e-8	0.002543926230740166
-3.512541660414814e-8	0.0025479919521825514
-3.5131695140289136e-8	0.0025520700113955933
-3.5103351307036456e-8	0.0025561603830887404
-3.509849110543417e-8	0.0025602629690613626
-3.5113688675597614e-8	0.002564377818676613
-3.5097721977539464e-8	0.002568504700316882
-3.513351217209748e-8	0.0025726435269229223
-3.5104520591189294e-8	0.0025767941527256376
-3.510649259664267e-8	0.002580956361418258
-3.5113902653977073e-8	0.0025851298539937544
-3.5133973605216976e-8	0.002589314247902817
-3.5139960309532596e-8	0.0025935089974770246
-3.5137219878467186e-8	0.0025977135130243003
-3.5140249839765715e-8	0.0026019269083335395
-3.517377630878893e-8	0.002606147961353033
-3.523160644763879e-8	0.00261037499958118
-3.5282419629822924e-8	0.0026146057576695836
-3.534957629065527e-8	0.0026188370789000477
-3.548536933829505e-8	0.002623064365755247
-3.575408729898921e-8	0.0026272810690038256
-3.6119798019562666e-8	0.002631478214830768
-3.662825681465809e-8	0.002635645945875686
-3.75314202341992e-8	0.002639785063849027
-3.8897434918350183e-8	0.002643975434112889
-3.9533463572816175e-8	0.002648772800210459
-3.953830540182057e-8	0.00265577161526815
-3.89056180337577e-8	0.0026606110126520264
-3.752214873871118e-8	0.0026648682688348727
-3.6593915325833226e-8	0.002669100213906435
-3.606001306221685e-8	0.0026733883652021477
-3.566711341070339e-8	0.002677734414310354
-3.537033660463429e-8	0.002682128954649938
-3.520943608856242e-8	0.0026865632440732754
-3.511914160204688e-8	0.002691030862311931
-3.504517757220161e-8	0.0026955272888759293
-3.496283115649868e-8	0.002700049421577456
-3.490575661025952e-8	0.0027045950328654905
-3.488120502195824e-8	0.0027091624760472986
-3.486277884640066e-8	0.0027137505499591963
-3.4834635227604106e-8	0.0027183583883995674
-3.479063920046044e-8	0.002722985428308877
-3.476033080255236e-8	0.0027276311384708467
-3.4735874034591555e-8	0.002732295154693585
-3.474626464000097e-8	0.0027369771956381747
-3.468316495920387e-8	0.002741677064826402
-3.467870509745175e-8	0.002746394639681845
-3.463836869915804e-8	0.002751129860467267
-3.4620945068641884e-8	0.0027558824962905966
-3.46309096003472e-8	0.0027606526371660323
-3.4600391051936574e-8	0.0027654402002699565
-3.4557510793237217e-8	0.002770245185485533
-3.456526803869431e-8	0.002775067644847899
-3.4579213473406866e-8	0.0027799075282326203
-3.454675730503176e-8	0.0027847648797092997
-3.452303229716791e-8	0.0027896397282095435
-3.449034283016794e-8	0.0027945321850721184
-3.4499702457307935e-8	0.0027994422803950423
-3.449163132722699e-8	0.0028043699777441414
-3.4473576553339935e-8	0.002809315371432963
-3.444157626006917e-8	0.0028142786716497383
-3.4426163307232914e-8	0.0028192598048611753
-3.4423238139930094e-8	0.002824258800853413
-3.443701443137104e-8	0.00282927585720507
-3.4381864756927177e-8	0.002834311028596684
-3.434913584036137e-8	0.002839364343315365
-3.435557971197545e-8	0.0028444358931163185
-3.435286441148544e-8	0.0028495257597371537
-3.435234759159855e-8	0.0028546340521797575
-3.4326450888422236e-8	0.0028597608776372227
-3.429301354870851e-8	0.0028649063245652657
-3.430856088142975e-8	0.0028700704357250695
-3.4297421817786056e-8	0.0028752532828340152
-3.4267066009802116e-8	0.0028804550173993806
-3.421757800236014e-8	0.002885675779444438
-3.42206444343407e-8	0.0028909155904371033
-3.4232056557148563e-8	0.0028961745093809155
-3.420821687029063e-8	0.002901452722316145
-3.417609438822189e-8	0.0029067503218118134
-3.417135573972052e-8	0.0029120673648412336
-3.4166925657863613e-8	0.002917403964672527
-3.416047124355504e-8	0.0029227602518108824
-3.4153808218256866e-8	0.0029281362852918882
-3.411488754416214e-8	0.002933532220839123
-3.407356071172263e-8	0.002938948147574014
-3.408548618444307e-8	0.0029443841420591526
-3.410623386738698e-8	0.0029498403315210875
-3.406403207308895e-8	0.002955316867100918
-3.4005708307888184e-8	0.002960813795796025
-3.401306605393395e-8	0.0029663313324790105
-3.402419270883139e-8	0.0029718694448885113
-3.3991773179686825e-8	0.0029774282748703407
-3.39603987801862e-8	0.002983008038322463
-3.394156124565395e-8	0.002988608816402928
-3.39431589942929e-8	0.002994230658170537
-3.3922542840381097e-8	0.002999873708079501
-3.393754873752819e-8	0.003005538111612631
-3.389113818800804e-8	0.0030112240061594708
-3.3848227559885035e-8	0.003016931488396344
-3.38735640157406e-8	0.0030226606273061054
-3.385856491512907e-8	0.003028411603354716
-3.3816221597154917e-8	0.0030341845122205313
-3.3792763347517684e-8	0.0030399795142144054
-3.3790836309088856e-8	0.003045796752551764
-3.379538155994233e-8	0.003051636256217026
-3.3764251181483963e-8	0.0030574982128867226
-3.3731909972817275e-8	0.0030633827763270533
-3.3724464488826824e-8	0.0030692900540317068
-3.370411793012229e-8	0.003075220146786825
-3.370064409176088e-8	0.003081173213796948
-3.367927289950612e-8	0.0030871493748666707
-3.365023566773706e-8	0.0030931487921052156
-3.362468473332436e-8	0.003099171590536936
-3.360636372818915e-8	0.0031052178744681988
-3.360358796329344e-8	0.003111287839213429
-3.357505958687113e-8	0.0031173815256961565
-3.3528028549473234e-8	0.0031234991889645346
-3.352824794081166e-8	0.0031296409064962743
-3.3555626105535864e-8	0.0031358068043961253
-3.35426101028824e-8	0.0031419970209811176
-3.3514551420399384e-8	0.0031482117621066314
-3.3451083259916635e-8	0.0031544511144658547
-3.3471306248844536e-8	0.0031607152650094715
-3.344677255046058e-8	0.0031670043557470986
-3.337843849089972e-8	0.003173318467934399
-3.3386516177214e-8	0.0031796578467123016
-3.336769423678554e-8	0.003186022631894147
-3.33216466744779e-8	0.003192412909283288
-3.335311981980671e-8	0.0031988288200913884
-3.334035912981315e-8	0.0032052706159249535
-3.3281303503290837e-8	0.003211738384109661
-3.3309056769381674e-8	0.0032182322757144145
-3.3300265520697095e-8	0.003224752491446916
-3.32756660391953e-8	0.0032312991294322735
-3.3207740164253875e-8	0.0032378724158694644
-3.3168334880506747e-8	0.003244472508719536
-3.3179998943638765e-8	0.0032510995550531934
-3.3171879132476435e-8	0.003257753650628859
-3.313547906183545e-8	0.003264435087788861
-3.3116127839216694e-8	0.0032711439269738954
-3.3104898031571795e-8	0.00327788040112033
-3.3097752627769817e-8	0.0032846446448057784
-3.308205958639787e-8	0.0032914368176958633
-3.304584095226715e-8	0.003298257124351843
-3.3028928528999744e-8	0.0033051057239299243
-3.299697936651747e-8	0.0033119828237844653
-3.2994172673089794e-8	0.003318888566103863
-3.2990205191874015e-8	0.003325823102567515
-3.294378136777243e-8	0.003332786642071613
-3.290474213565875e-8	0.003339779438065317
-3.2891598722489814e-8	0.003346801555937131
-3.290173284555831e-8	0.0033538532000768366
-3.287854805228974e-8	0.0033609345993961984
-3.280504927278827e-8	0.003368045906385448
-3.281643648653243e-8	0.0033751873816775468
-3.283277391897821e-8	0.003382359149796123
-3.277129461413675e-8	0.0033895613712468754
-3.2755002631562613e-8	0.0033967942607147274
-3.270995954033351e-8	0.003404058046884337
-3.2691253812905384e-8	0.003411352961003244
-3.2689110932765385e-8	0.0034186791124914237
-3.268866192837061e-8	0.003426036653385978
-3.2630203733574615e-8	0.003433425917573143
-3.257622980301078e-8	0.003440847146107028
-3.261115079972177e-8	0.0034483003470899562
-3.262485524714864e-8	0.0034557858643285678
-3.255202889646536e-8	0.003463303816756418
-3.249067046007803e-8	0.0034708544686032094
-3.250354319372373e-8	0.003478438055201673
-3.251356435005626e-8	0.0034860547438100437
-3.2478003342029104e-8	0.0034937047211079683
-3.244191400431085e-8	0.0035013882718037226
-3.2402653211022206e-8	0.003509105545431592
-3.236355858921014e-8	0.0035168567969340587
-3.236460093214988e-8	0.0035246422600009697
-3.2353694250059076e-8	0.0035324620880100898
-3.229009502302427e-8	0.003540316488511845
-3.2238442737209106e-8	0.0035482058129136782
-3.22664188512678e-8	0.0035561302261485224
-3.226581599036216e-8	0.0035640898364850573
-3.2235796485363676e-8	0.003572084935003812
-3.216397715529729e-8	0.003580115835819142
-3.216847587719229e-8	0.003588182733196609
-3.216145044838692e-8	0.0035962857772611025
-3.211406703443887e-8	0.003604425191575109
-3.2069828190384174e-8	0.0036126012326590322
-3.201034565656902e-8	0.0036208141637199603
-3.201449504279252e-8	0.003629064207177171
-3.205615401494777e-8	0.003637351604542453
-3.198400507588017e-8	0.0036456764946694253
-3.193911702693009e-8	0.003654039060473484
-3.191502589085515e-8	0.0036624397280605116
-3.191925200903278e-8	0.0036708786460748883
-3.189992134737807e-8	0.0036793557851686654
-3.186333248117457e-8	0.0036878716025024903
-3.179602649211466e-8	0.003696426362496498
-3.180219176967536e-8	0.0037050201024922025
-3.1792905470579006e-8	0.003713652974269978
-3.1799515344504983e-8	0.0037223252751813632
-3.172273311289331e-8	0.003731037158230221
-3.165635817183321e-8	0.0037397888038788953
-3.1682359368639946e-8	0.003748580220107696
-3.168628079238678e-8	0.003757411599382365
-3.1615037448112786e-8	0.003766283037782354
-3.159460651874779e-8	0.003775194473574504
-3.161776040992437e-8	0.003784146166019867
-3.157300413780262e-8	0.0037931377633167373
-3.16411209092482e-8	0.003802169227282051
-3.156772214110704e-8	0.003811240391126823
-3.156190317146757e-8	0.0038203509325338125
-3.156797633389053e-8	0.0038295003457441816
-3.160186476126037e-8	0.0038386879382455003
-3.1604835982168565e-8	0.003847912654114539
-3.158854889102614e-8	0.0038571733336713594
-3.1584927074862494e-8	0.003866468155060519
-3.164871736371922e-8	0.0038757945419575124
-3.176652044378781e-8	0.0038851489035643862
-3.1869111146481945e-8	0.0038945263104068623
-3.20083262745019e-8	0.0039039198199496464
-3.2300748457853024e-8	0.003913319237107139
-3.289045736825092e-8	0.003922709948355112
-3.369867883524225e-8	0.003932071829208111
-3.4828833920236284e-8	0.003941382645481445
-3.68470502822571e-8	0.003950643896821327
-3.991068601993941e-8	0.00396003452916408
-4.134350145525989e-8	0.003970804439687043
-4.1359843713073556e-8	0.0039865507611867275
-3.9938305547826405e-8	0.003997462529030933
-3.681576136769227e-8	0.004007078909966863
-3.471292206794763e-8	0.004016653476687344
-3.349687608112939e-8	0.004026370762891648
-3.2596859259897973e-8	0.0040362352880740585
-3.1912397809436e-8	0.004046226360130847
-3.1535166172741435e-8	0.004056324661328829
-3.1317768395972e-8	0.0040665160424511685
-3.1136928828329196e-8	0.004076790601596297
-3.0936237794304543e-8	0.004087141617708768
-3.079278740733549e-8	0.004097564330494954
-3.072356043004043e-8	0.004108055282087102
-3.0668162778529905e-8	0.004118612016685234
-3.0590118715406736e-8	0.004129232834238151
-3.0475137579022426e-8	0.004139916723502326
-3.039139313770756e-8	0.004150662740094846
-3.032088659910004e-8	0.0041614703205197804
-3.03310456828243e-8	0.004172339090001235
-3.017016802454586e-8	0.004183268868814417
-3.0145394807040706e-8	0.0041942596484885845
-3.003669066203307e-8	0.004205311567503622
-2.998117168551695e-8	0.004216424365040949
-2.998961912563103e-8	0.004227598530921807
-2.9902975344670016e-8	0.004238834152807096
-2.978688070801594e-8	0.004250131513830726
-2.9789696498905284e-8	0.004261491022357137
-2.980709550211569e-8	0.0042729128486869335
-2.9714719783308086e-8	0.004284397387468087
-2.964265350738904e-8	0.00429594500060483
-2.9548979142079992e-8	0.004307556248648525
-2.9554979020818275e-8	0.004319231503232959
-2.9519396268223863e-8	0.004330970980347403
-2.94597852683709e-8	0.004342775210151244
-2.936651722113548e-8	0.004354645004406736
-2.9312629314076634e-8	0.004366580500861444
-2.9288492564588655e-8	0.004378582086756518
-2.9304432129928506e-8	0.004390650556496215
-2.915410829705256e-8	0.0044027863661269175
-2.905734286511863e-8	0.004414989911634095
-2.905502146110517e-8	0.004427261745999372
-2.903041709071963e-8	0.004439602402424692
-2.9011014165769568e-8	0.004452012484806346
-2.892964425937894e-8	0.004464492597619054
-2.882948977573352e-8	0.004477043304575436
-2.884871797121935e-8	0.004489665062325169
-2.8802556279483584e-8	0.004502358402320719
-2.8708950168665482e-8	0.0045151240564954755
-2.8567813536256593e-8	0.004527962734645599
-2.855567411042537e-8	0.004540874860113135
-2.856406492074415e-8	0.004553860952645422
-2.8485118416110568e-8	0.004566921851096395
-2.8385229256755462e-8	0.004580058169443023
-2.8352984621587976e-8	0.004593270438393069
-2.832131513760827e-8	0.004606559333569948
-2.8284402184591828e-8	0.004619925579491783
-2.8246755104421874e-8	0.004633369728045713
-2.812796587771671e-8	0.004646892578505312
-2.8002555087552895e-8	0.004660494769675967
-2.8010721580373766e-8	0.004674176914337036
-2.804114061005225e-8	0.004687939758612533
-2.7912334948454465e-8	0.004701784115744537
-2.7742015958048817e-8	0.004715710542066554
-2.7737834346069912e-8	0.004729720025600427
-2.7743175182659563e-8	0.004743812933636089
-2.763729925536751e-8	0.004757990081320341
-2.753356203994417e-8	0.0047722524806459365
-2.7461444753223985e-8	0.004786600807206791
-2.7441470160854966e-8	0.004801035660249455
-2.7364106035354666e-8	0.004815557890276693
-2.7378312477754907e-8	0.004830168358253163
-2.723355760060886e-8	0.004844867912133512
-2.7097151677912823e-8	0.0048596573021019995
-2.713750100359902e-8	0.004874537213318814
-2.7072846591552624e-8	0.004889508627890711
-2.693638700730361e-8	0.004904572315629592
-2.6848664578332795e-8	0.00491972922283849
-2.6816973941140577e-8	0.004934980259893532
-2.68020859223006e-8	0.004950326045274235
-2.6692971156333513e-8	0.004965767621866512
-2.65800565756813e-8	0.004981305952895171
-2.6532500455228593e-8	0.004996941888222087
-2.6450363839447544e-8	0.005012676268094358
-2.6412685803478555e-8	0.005028510096464409
-2.6326970529183538e-8	0.005044444281885111
-2.6220237253560264e-8	0.0050604798549986375
-2.6122252625249144e-8	0.005076617757084792
-2.6043142195691927e-8	0.005092858882984477
-2.6005472389645236e-8	0.005109204381765555
-2.5897919422296358e-8	0.0051256549966253485
-2.5739604135888163e-8	0.005142212058393057
-2.5708765655596546e-8	0.005158876428880558
-2.575165938206725e-8	0.00517564911100301
-2.568438533421813e-8	0.00519253115116593
-2.5575491970336596e-8	0.005209523791309522
-2.5368753888216355e-8	0.0052266279589942965
-2.5391167886357202e-8	0.005243844867176021
-2.5290119013465784e-8	0.005261175617316713
-2.506726465910658e-8	0.005278621154199898
-2.5055100804283195e-8	0.005296182886971011
-2.4967959890453973e-8	0.005313861946597515
-2.480433371941926e-8	0.005331659325275284
-2.4856503164960576e-8	0.005349576180536425
-2.4784831734309123e-8	0.005367613991683059
-2.458250672496276e-8	0.005385773791915882
-2.4623717443217343e-8	0.005404056805112772
-2.4561742940648612e-8	0.005422464408606529
-2.4454507881083167e-8	0.00544099770377311
-2.4223408595375196e-8	0.005459658167936262
-2.40722164645546e-8	0.0054784471000038455
-2.406606377767795e-8	0.005497365781908828
-2.400305401978886e-8	0.005516415362537314
-2.385827031898824e-8	0.005535597568538935
-2.3761703024793858e-8	0.005554913477153455
-2.368795552893377e-8	0.005574364676273239
-2.3625513084962748e-8	0.005593952486351063
-2.3537734099571274e-8	0.005613678315580056
-2.3389462092743285e-8	0.00563354371896323
-2.3296669525113556e-8	0.005653550136312167
-2.3159096949459946e-8	0.005673699165224957
-2.3106354570323617e-8	0.0056939922298148826
-2.304974580863983e-8	0.005714430798514943
-2.286697379735858e-8	0.005735016526051595
-2.270490345758214e-8	0.005755751218688077
-2.2618856216882756e-8	0.005776636143641306
-2.260170490310798e-8	0.005797672998088919
-2.248446678451699e-8	0.005818863572680609
-2.221509658110188e-8	0.005840209449531065
-2.219991997425286e-8	0.00586171255560442
-2.219949239329888e-8	0.005883374429206702
-2.1962766856831184e-8	0.005905196736151547
-2.18619712291257e-8	0.005927181327186753
-2.167258614085288e-8	0.005949330118241927
-2.1562539490577182e-8	0.005971645056450417
-2.1502554191527024e-8	0.005994127738319954
-2.1447255916778873e-8	0.0060167799111890425
-2.1211971964274492e-8	0.006039603906460171
-2.0988915136649357e-8	0.006062601796562289
-2.104109053918113e-8	0.006085774954319483
-2.102716426167217e-8	0.00610912581826677
-2.0741690907716272e-8	0.0061326561529034505
-2.049021861293965e-8	0.006156368201870231
-2.047119505109163e-8	0.006180264146231602
-2.0442847024809698e-8	0.006204345979327074
-2.02692763792367e-8	0.006228615781681462
-2.0092662749515713e-8	0.0062530759731610356
-1.9904502529055623e-8	0.006277728572592477
-1.9715396621627913e-8	0.0063025759633867345
-1.965413563508878e-8	0.0063276204917484
-1.9553626850626892e-8	0.0063528642750287296
-1.9281206894022906e-8	0.006378309634160515
-1.9045566835190766e-8	0.006403959389407946
-1.906835724572731e-8	0.006429815789512503
-1.8997361134426293e-8	0.006455880927266805
-1.8828801020837062e-8	0.006482157525202733
-1.8520664748217233e-8	0.006508648419072774
-1.846322481397489e-8	0.006535356085992417
-1.836679321468582e-8	0.006562282889870058
-1.8134564488225814e-8	0.006589431472213235
-1.7910939151793983e-8	0.006616804621539464
-1.763408075056705e-8	0.006644405187693164
-1.7569996412125644e-8	0.006672235922541849
-1.7632485229668316e-8	0.006700299681274405
-1.730758557813017e-8	0.006728599009669817
-1.707316157465444e-8	0.0067571366397669655
-1.690808366879848e-8	0.006785916177087279
-1.683908064522566e-8	0.00681494032336795
-1.6687796317788052e-8	0.006844211202842608
-1.647511783447464e-8	0.0068737326591743
-1.6153356195003356e-8	0.006903507920646421
-1.6086072835858057e-8	0.006933539467521665
-1.596366627925616e-8	0.0069638302176591865
-1.5896149706184914e-8	0.006994383645332552
-1.5532160762216085e-8	0.007025202764730528
-1.520196219223502e-8	0.0070562907319485155
-1.519900193179824e-8	0.007087650133477292
-1.5116499319506315e-8	0.007119284254851366
-1.47620242019475e-8	0.007151196083521872
-1.458825605614722e-8	0.007183388079520294
-1.4571225338899652e-8	0.00721586390528395
-1.4305748492837723e-8	0.007248625047305264
-1.4451747042504293e-8	0.007281674160559664
-1.4077343987706215e-8	0.007315013464502177
-1.3949456375189629e-8	0.007348644633557682
-1.3864358940141043e-8	0.007382568680919167
-1.3882080179822288e-8	0.007416785930948075
-1.3783706826175912e-8	0.007451295340516442
-1.3611593024931425e-8	0.007486095445645369
-1.3485551286507303e-8	0.00752118223735291
-1.3614409802770179e-8	0.007556548751018767
-1.3950536613144272e-8	0.007592184003096775
-1.4231127973929336e-8	0.007628071650922831
-1.4655328726415063e-8	0.007664187263283929
-1.5676944278381068e-8	0.007700493322323552
-1.786555965094805e-8	0.007736934366742132
-2.092992840750929e-8	0.007773432278869551
-2.5289500374336973e-8	0.007809899097439143
-3.319998037457639e-8	0.007846338863667214
-4.5338874847322685e-8	0.007883460138219488
-5.109172296502429e-8	0.007926258498106131
-5.1222460071098657e-8	0.007989241810252689
-4.555984759297971e-8	0.00803317510332161
-3.294960759692711e-8	0.008072102738856272
-2.4361775662573584e-8	0.00811105006197075
-1.9314279054244433e-8	0.008150770869644263
-1.5514111009196086e-8	0.008191294076698923
-1.2565210733755938e-8	0.008232544955464804
-1.086205310614763e-8	0.008274452921500213
-9.808410357819985e-9	0.008316967490160901
-8.89670664449005e-9	0.00836005493519753
-7.890865540638448e-9	0.008403694229082213
-7.116857602051941e-9	0.008447872201251143
-6.650915817452141e-9	0.008492580938278578
-6.238784447365476e-9	0.008537816636546574
-5.723829661458124e-9	0.008583578650813927
-5.042225197782191e-9	0.008629869290470854
-4.488876169583822e-9	0.008676691185406525
-3.9868897813821745e-9	0.008724048673318005
-3.835035229299289e-9	0.008771946998763967
-2.920918452098409e-9	0.008820392366584048
-2.603956974911448e-9	0.008869391862703309
-1.905391864231998e-9	0.008918953369972685
-1.4385617756018655e-9	0.008969083120409114
-1.2566718123163679e-9	0.009019790877115576
-6.367622139069607e-10	0.009071084763062976
1.268823262901009e-10	0.009122973962671414
3.494300377493431e-10	0.009175468428153102
5.072728362864876e-10	0.009228577208392234
1.1827327421776168e-9	0.009282310589471592
1.7713779438877088e-9	0.00933667891874488
2.4707799058110158e-9	0.00939169370538025
2.7030474002542882e-9	0.009447365803095797
3.1390774215933616e-9	0.009503705548061587
3.6978238461327085e-9	0.00956072501706594
4.4286904471391165e-9	0.009618437924802369
4.976562367370319e-9	0.009676854985507058
5.385360674076134e-9	0.009735988375560986
5.600904387609296e-9	0.009795852566024837
6.653044050930479e-9	0.009856460664404036
7.450164189087838e-9	0.009917825770168457
7.77926528373607e-9	0.009979962075453624
8.22765678619719e-9	0.01004288399733248
8.656278902791082e-9	0.010106606650118595
9.413264112234643e-9	0.010171145504609694
1.0280054160138885e-8	0.01023651618292075
1.0531685178194472e-8	0.010302734112878414
1.1134517293576175e-8	0.010369815483115049
1.2000504212072994e-8	0.010437777940361178
1.31360622107779e-8	0.010506639443299512
1.3589921288964525e-8	0.010576416838307116
1.3939278810293222e-8	0.010647127906581403
1.4775774879094428e-8	0.010718792623644233
1.5742316517336488e-8	0.01079143022246043
1.6346450524584724e-8	0.0108650599532509
1.6957720193494508e-8	0.010939702367298564
1.760940360722163e-8	0.011015378819669077
1.827665282206903e-8	0.01109211022866758
1.942437361869276e-8	0.01116991948021559
2.0630445353447823e-8	0.01124882912928137
2.107298924854395e-8	0.011328862171157155
2.139203873205431e-8	0.011410042999077231
2.2668454286073338e-8	0.01149239706302411
2.4217790315084198e-8	0.011575948957716785
2.4785326720488943e-8	0.01166072656437127
2.5305332789316017e-8	0.011746754737135807
2.6523308289244653e-8	0.01183406177155012
2.775069081753512e-8	0.011922677985452866
2.8802103332392638e-8	0.012012632445677721
2.954233602087686e-8	0.012103954555819526
3.066525953845934e-8	0.012196676164784327
3.1217315469395105e-8	0.012290830113706864
3.2819546196982686e-8	0.012386450120450374
3.439827292023301e-8	0.012483570252683224
3.483099869289741e-8	0.012582225152698811
3.5979435123906227e-8	0.012682452489383204
3.763928843459885e-8	0.012784289636822578
3.899886041484613e-8	0.01288777631486722
3.999851180671033e-8	0.012992953222438866
4.0901874576926294e-8	0.01309986028155073
4.249139789216927e-8	0.013208541649467683
4.4142255160833926e-8	0.013319042321316935
4.5356815042529866e-8	0.01343140791431506
4.68507471554247e-8	0.013545685440755406
4.8049805434480234e-8	0.013661924643741472
4.963443815023117e-8	0.013780176193329016
5.141363796936083e-8	0.013900493357235704
5.3166872868726236e-8	0.014022930510490772
5.481513007801753e-8	0.014147543505060497
5.617865869134709e-8	0.014274392075194748
5.812645938070293e-8	0.0144035348236952
6.052643512936551e-8	0.014535037062212673
6.195384809550841e-8	0.014668962637688444
6.281312357948599e-8	0.014805378801761894
6.460645163469114e-8	0.014944355574255315
6.679376197158971e-8	0.01508596715070908
6.986723996831867e-8	0.015230287793539797
7.104898018998051e-8	0.015377396948744135
7.333682190389657e-8	0.015527376075478386
7.675942212201359e-8	0.0156803083275088
7.838922675040827e-8	0.01583628416243423
8.074213589507884e-8	0.01599539504511501
8.386141077065258e-8	0.016157734732846412
8.50574824436623e-8	0.016323402196393565
8.745579482160592e-8	0.016492503387871747
9.117256441137922e-8	0.016665144305006055
9.263046562527633e-8	0.016841437093587697
9.51468520665022e-8	0.017021500037514476
9.818930861611453e-8	0.01720545362043963
1.0257904015898989e-7	0.01739342720065931
1.0627775006348262e-7	0.017585553860182207
1.085716357627664e-7	0.017781972257501746
1.1153979580605379e-7	0.017982825697570228
1.154831013386093e-7	0.018188270030690228
1.1902242518463391e-7	0.018398461047574165
1.2242061816840622e-7	0.018613567239244334
1.2580071804769723e-7	0.018833761851693904
1.2958368083496597e-7	0.019059227183142933
1.3420195237944245e-7	0.01929015583884703
1.3831514010936853e-7	0.019526748270920408
1.4311292293140434e-7	0.019769216533756122
1.470296090382628e-7	0.02001778095843777
1.5113228965941139e-7	0.020272673350671233
1.5699845952279468e-7	0.02053413955169578
1.6280879450437104e-7	0.020802439955581283
1.6782226375061106e-7	0.021077841324346758
1.720875059944449e-7	0.02136063013864483
1.7789828533880116e-7	0.021651109438779004
1.860825941464195e-7	0.021949595725969377
1.9092715887899514e-7	0.02225642776949373
1.9574430310453916e-7	0.022571957534266607
2.0430537135952554e-7	0.022896558676829708
2.1113443012306665e-7	0.02323062905069082
2.1963940740083454e-7	0.02357459069526845
2.27234542696092e-7	0.023928891124231234
2.3433473646258807e-7	0.024293998993098354
2.4166496174465314e-7	0.024670413916227582
2.524183434512495e-7	0.025058676425048745
2.6345167413825423e-7	0.025459356754005135
2.7002594203819344e-7	0.025873049076682253
2.781234084603568e-7	0.02630040561762188
2.917663673875692e-7	0.026742109267632812
3.0542502054754506e-7	0.027198898099605396
3.1511293795498664e-7	0.027671559690932015
3.254746641074169e-7	0.028160932823918145
3.394402742758207e-7	0.028667917677542204
3.542140958215312e-7	0.029193486985453546
3.700480046563648e-7	0.029738676525270916
3.8678100243541015e-7	0.030304608278294985
4.0141146343625755e-7	0.03089248960696654
4.178350892085292e-7	0.03150361687022698
4.3958197304828086e-7	0.032139394967954774
4.616881026169029e-7	0.03280135649544138
4.781489318194609e-7	0.03349114685531102
4.98242201561494e-7	0.03421054695896371
5.224475158181085e-7	0.034961510520295315
5.524607014331384e-7	0.03574616898685573
5.766791730957399e-7	0.03656683731588866
6.038101443325505e-7	0.03742604256451135
6.374408783838381e-7	0.03832656215272194
6.732356797734818e-7	0.039271450647632065
7.136801749954347e-7	0.040264071870949936
7.491050094712016e-7	0.04130813287827038
7.82198479019186e-7	0.04240773714793206
8.341253852140685e-7	0.043567421556746554
8.864914184449513e-7	0.04479223749940328
9.401972799258973e-7	0.046087857375915815
9.939960111889857e-7	0.04746058459467074
1.0568557220340614e-6	0.048917462069171636
1.1289612466165777e-6	0.05046650911686397
1.2143889702324718e-6	0.05211675784909926
1.293222349360984e-6	0.053878411695592675
1.3837516481401968e-6	0.05576311960853016
1.4803215119972903e-6	0.0577842482980068
1.6093274906683553e-6	0.0599571349387909
1.751216014704893e-6	0.062299512709328736
1.8833575615126997e-6	0.06483193751176958
2.0392626494848023e-6	0.0675784896467945
2.2424499632137166e-6	0.07056746245210019
2.4555695037186133e-6	0.07383230278508313
2.6820466643033447e-6	0.07741304279146656
2.9746195233537778e-6	0.08135756948414763
3.258325450899602e-6	0.0857241266812518
3.670012165639547e-6	0.09058401896980547
4.116849017182939e-6	0.09602547330342887
4.643318523030466e-6	0.10215895559553914
5.257886703129594e-6	0.10912464511067727
6.039304753360342e-6	0.11710297553790056
7.034074356148707e-6	0.12633047598352112
8.28166766157783e-6	0.13712267177165008
9.795907945668321e-6	0.14990987716372836
1.169785580619982e-5	0.16529401360151397
1.4313247044112394e-5	0.18414256625628447
1.7894311343746535e-5	0.20775036321409968
2.2575762893489886e-5	0.2381322994903882
2.8186030177594907e-5	0.2785895790818886
3.5386093291906294e-5	0.33488781316832433
4.321122531681674e-5	0.417961339655214
3.199955790029529e-5	0.550944305963628
-0.00013097022007787238	0.7913889214143169
-0.0020918117821864027	1.327653741076581
-0.0020918117821864027	-1.327653741076581
-0.00013097022007787238	-0.7913889214143169
3.199955790029529e-5	-0.550944305963628
4.321122531681674e-5	-0.417961339655214
3.5386093291906294e-5	-0.33488781316832433
2.8186030177594907e-5	-0.2785895790818886
2.2575762893489886e-5	-0.2381322994903882
1.7894311343746535e-5	-0.20775036321409968
1.4313247044112394e-5	-0.18414256625628447
1.169785580619982e-5	-0.16529401360151397
9.795907945668321e-6	-0.14990987716372836
8.28166766157783e-6	-0.13712267177165008
7.034074356148707e-6	-0.12633047598352112
6.039304753360342e-6	-0.11710297553790056
5.257886703129594e-6	-0.10912464511067727
4.643318523030466e-6	-0.10215895559553914
4.116849017182939e-6	-0.09602547330342887
3.670012165639547e-6	-0.09058401896980547
3.258325450899602e-6	-0.0857241266812518
2.9746195233537778e-6	-0.08135756948414763
2.6820466643033447e-6	-0.07741304279146656
2.4555695037186133e-6	-0.07383230278508313
2.2424499632137166e-6	-0.07056746245210019
2.0392626494848023e-6	-0.0675784896467945
1.8833575615126997e-6	-0.06483193751176958
1.751216014704893e-6	-0.062299512709328736
1.6093274906683553e-6	-0.0599571349387909
1.4803215119972903e-6	-0.0577842482980068
1.3837516481401968e-6	-0.05576311960853016
1.293222349360984e-6	-0.053878411695592675
1.2143889702324718e-6	-0.05211675784909926
1.1289612466165777e-6	-0.05046650911686397
1.0568557220340614e-6	-0.048917462069171636
9.939960111889857e-7	-0.04746058459467074
9.401972799258973e-7	-0.046087857375915815
8.864914184449513e-7	-0.04479223749940328
8.341253852140685e-7	-0.043567421556746554
7.82198479019186e-7	-0.04240773714793206
7.491050094712016e-7	-0.04130813287827038
7.136801749954347e-7	-0.040264071870949936
6.732356797734818e-7	-0.039271450647632065
6.374408783838381e-7	-0.03832656215272194
6.038101443325505e-7	-0.03742604256451135
5.766791730957399e-7	-0.03656683731588866
5.524607014331384e-7	-0.03574616898685573
5.224475158181085e-7	-0.034961510520295315
4.98242201561494e-7	-0.03421054695896371
4.781489318194609e-7	-0.03349114685531102
4.616881026169029e-7	-0.03280135649544138
4.3958197304828086e-7	-0.032139394967954774
4.178350892085292e-7	-0.03150361687022698
4.0141146343625755e-7	-0.03089248960696654
3.8678100243541015e-7	-0.030304608278294985
3.700480046563648e-7	-0.029738676525270916
3.542140958215312e-7	-0.029193486985453546
3.394402742758207e-7	-0.028667917677542204
3.254746641074169e-7	-0.028160932823918145
3.1511293795498664e-7	-0.027671559690932015
3.0542502054754506e-7	-0.027198898099605396
2.917663673875692e-7	-0.026742109267632812
2.781234084603568e-7	-0.02630040561762188
2.7002594203819344e-7	-0.025873049076682253
2.6345167413825423e-7	-0.025459356754005135
2.524183434512495e-7	-0.025058676425048745
2.4166496174465314e-7	-0.024670413916227582
2.3433473646258807e-7	-0.024293998993098354
2.27234542696092e-7	-0.023928891124231234
2.1963940740083454e-7	-0.02357459069526845
2.1113443012306665e-7	-0.02323062905069082
2.0430537135952554e-7	-0.022896558676829708
1.9574430310453916e-7	-0.022571957534266607
1.9092715887899514e-7	-0.02225642776949373
1.860825941464195e-7	-0.021949595725969377
1.7789828533880116e-7	-0.021651109438779004
1.720875059944449e-7	-0.02136063013864483
1.6782226375061106e-7	-0.021077841324346758
1.6280879450437104e-7	-0.020802439955581283
1.5699845952279468e-7	-0.02053413955169578
1.5113228965941139e-7	-0.020272673350671233
1.470296090382628e-7	-0.02001778095843777
1.4311292293140434e-7	-0.019769216533756122
1.3831514010936853e-7	-0.019526748270920408
1.3420195237944245e-7	-0.01929015583884703
1.2958368083496597e-7	-0.019059227183142933
1.2580071804769723e-7	-0.018833761851693904
1.2242061816840622e-7	-0.018613567239244334
1.1902242518463391e-7	-0.018398461047574165
1.154831013386093e-7	-0.018188270030690228
1.1153979580605379e-7	-0.017982825697570228
1.085716357627664e-7	-0.017781972257501746
1.0627775006348262e-7	-0.017585553860182207
1.0257904015898989e-7	-0.01739342720065931
9.818930861611453e-8	-0.01720545362043963
9.51468520665022e-8	-0.017021500037514476
9.263046562527633e-8	-0.016841437093587697
9.117256441137922e-8	-0.016665144305006055
8.745579482160592e-8	-0.016492503387871747
8.50574824436623e-8	-0.016323402196393565
8.386141077065258e-8	-0.016157734732846412
8.074213589507884e-8	-0.01599539504511501
7.838922675040827e-8	-0.01583628416243423
7.675942212201359e-8	-0.0156803083275088
7.333682190389657e-8	-0.015527376075478386
7.104898018998051e-8	-0.015377396948744135
6.986723996831867e-8	-0.015230287793539797
6.679376197158971e-8	-0.01508596715070908
6.460645163469114e-8	-0.014944355574255315
6.281312357948599e-8	-0.014805378801761894
6.195384809550841e-8	-0.014668962637688444
6.052643512936551e-8	-0.014535037062212673
5.812645938070293e-8	-0.0144035348236952
5.617865869134709e-8	-0.014274392075194748
5.481513007801753e-8	-0.014147543505060497
5.3166872868726236e-8	-0.014022930510490772
5.141363796936083e-8	-0.013900493357235704
4.963443815023117e-8	-0.013780176193329016
4.8049805434480234e-8	-0.013661924643741472
4.68507471554247e-8	-0.013545685440755406
4.5356815042529866e-8	-0.01343140791431506
4.4142255160833926e-8	-0.013319042321316935
4.249139789216927e-8	-0.013208541649467683
4.0901874576926294e-8	-0.01309986028155073
3.999851180671033e-8	-0.012992953222438866
3.899886041484613e-8	-0.01288777631486722
3.763928843459885e-8	-0.012784289636822578
3.5979435123906227e-8	-0.012682452489383204
3.483099869289741e-8	-0.012582225152698811
3.439827292023301e-8	-0.012483570252683224
3.2819546196982686e-8	-0.012386450120450374
3.1217315469395105e-8	-0.012290830113706864
3.066525953845934e-8	-0.012196676164784327
2.954233602087686e-8	-0.012103954555819526
2.8802103332392638e-8	-0.012012632445677721
2.775069081753512e-8	-0.011922677985452866
2.6523308289244653e-8	-0.01183406177155012
2.5305332789316017e-8	-0.011746754737135807
2.4785326720488943e-8	-0.01166072656437127
2.4217790315084198e-8	-0.011575948957716785
2.2668454286073338e-8	-0.01149239706302411
2.139203873205431e-8	-0.011410042999077231
2.107298924854395e-8	-0.011328862171157155
2.0630445353447823e-8	-0.01124882912928137
1.942437361869276e-8	-0.01116991948021559
1.827665282206903e-8	-0.01109211022866758
1.760940360722163e-8	-0.011015378819669077
1.6957720193494508e-8	-0.010939702367298564
1.6346450524584724e-8	-0.0108650599532509
1.5742316517336488e-8	-0.01079143022246043
1.4775774879094428e-8	-0.010718792623644233
1.3939278810293222e-8	-0.010647127906581403
1.3589921288964525e-8	-0.010576416838307116
1.31360622107779e-8	-0.010506639443299512
1.2000504212072994e-8	-0.010437777940361178
1.1134517293576175e-8	-0.010369815483115049
1.0531685178194472e-8	-0.010302734112878414
1.0280054160138885e-8	-0.01023651618292075
9.413264112234643e-9	-0.010171145504609694
8.656278902791082e-9	-0.010106606650118595
8.22765678619719e-9	-0.01004288399733248
7.77926528373607e-9	-0.009979962075453624
7.450164189087838e-9	-0.009917825770168457
6.653044050930479e-9	-0.009856460664404036
5.600904387609296e-9	-0.009795852566024837
5.385360674076134e-9	-0.009735988375560986
4.976562367370319e-9	-0.009676854985507058
4.4286904471391165e-9	-0.009618437924802369
3.6978238461327085e-9	-0.00956072501706594
3.1390774215933616e-9	-0.009503705548061587
2.7030474002542882e-9	-0.009447365803095797
2.4707799058110158e-9	-0.00939169370538025
1.7713779438877088e-9	-0.00933667891874488
1.1827327421776168e-9	-0.009282310589471592
5.072728362864876e-10	-0.009228577208392234
3.494300377493431e-10	-0.009175468428153102
1.268823262901009e-10	-0.009122973962671414
-6.367622139069607e-10	-0.009071084763062976
-1.2566718123163679e-9	-0.009019790877115576
-1.4385617756018655e-9	-0.008969083120409114
-1.905391864231998e-9	-0.008918953369972685
-2.603956974911448e-9	-0.008869391862703309
-2.920918452098409e-9	-0.008820392366584048
-3.835035229299289e-9	-0.008771946998763967
-3.9868897813821745e-9	-0.008724048673318005
-4.488876169583822e-9	-0.008676691185406525
-5.042225197782191e-9	-0.008629869290470854
-5.723829661458124e-9	-0.008583578650813927
-6.238784447365476e-9	-0.008537816636546574
-6.650915817452141e-9	-0.008492580938278578
-7.116857602051941e-9	-0.008447872201251143
-7.890865540638448e-9	-0.008403694229082213
-8.89670664449005e-9	-0.00836005493519753
-9.808410357819985e-9	-0.008316967490160901
-1.086205310614763e-8	-0.008274452921500213
-1.2565210733755938e-8	-0.008232544955464804
-1.5514111009196086e-8	-0.008191294076698923
-1.9314279054244433e-8	-0.008150770869644263
-2.4361775662573584e-8	-0.00811105006197075
-3.294960759692711e-8	-0.008072102738856272
-4.555984759297971e-8	-0.00803317510332161
-5.1222460071098657e-8	-0.007989241810252689
-5.109172296502429e-8	-0.007926258498106131
-4.5338874847322685e-8	-0.007883460138219488
-3.319998037457639e-8	-0.007846338863667214
-2.5289500374336973e-8	-0.007809899097439143
-2.092992840750929e-8	-0.007773432278869551
-1.786555965094805e-8	-0.007736934366742132
-1.5676944278381068e-8	-0.007700493322323552
-1.4655328726415063e-8	-0.007664187263283929
-1.4231127973929336e-8	-0.007628071650922831
-1.3950536613144272e-8	-0.007592184003096775
-1.3614409802770179e-8	-0.007556548751018767
-1.3485551286507303e-8	-0.00752118223735291
-1.3611593024931425e-8	-0.007486095445645369
-1.3783706826175912e-8	-0.007451295340516442
-1.3882080179822288e-8	-0.007416785930948075
-1.3864358940141043e-8	-0.007382568680919167
-1.3949456375189629e-8	-0.007348644633557682
-1.4077343987706215e-8	-0.007315013464502177
-1.4451747042504293e-8	-0.007281674160559664
-1.4305748492837723e-8	-0.007248625047305264
-1.4571225338899652e-8	-0.00721586390528395
-1.458825605614722e-8	-0.007183388079520294
-1.47620242019475e-8	-0.007151196083521872
-1.5116499319506315e-8	-0.007119284254851366
-1.519900193179824e-8	-0.007087650133477292
-1.520196219223502e-8	-0.0070562907319485155
-1.5532160762216085e-8	-0.007025202764730528
-1.5896149706184914e-8	-0.006994383645332552
-1.596366627925616e-8	-0.0069638302176591865
-1.6086072835858057e-8	-0.006933539467521665
-1.6153356195003356e-8	-0.006903507920646421
-1.647511783447464e-8	-0.0068737326591743
-1.6687796317788052e-8	-0.006844211202842608
-1.683908064522566e-8	-0.00681494032336795
-1.690808366879848e-8	-0.006785916177087279
-1.707316157465444e-8	-0.0067571366397669655
-1.730758557813017e-8	-0.006728599009669817
-1.7632485229668316e-8	-0.006700299681274405
-1.7569996412125644e-8	-0.006672235922541849
-1.763408075056705e-8	-0.006644405187693164
-1.7910939151793983e-8	-0.006616804621539464
-1.8134564488225814e-8	-0.006589431472213235
-1.836679321468582e-8	-0.006562282889870058
-1.846322481397489e-8	-0.006535356085992417
-1.8520664748217233e-8	-0.006508648419072774
-1.8828801020837062e-8	-0.006482157525202733
-1.8997361134426293e-8	-0.006455880927266805
-1.906835724572731e-8	-0.006429815789512503
-1.9045566835190766e-8	-0.006403959389407946
-1.9281206894022906e-8	-0.006378309634160515
-1.9553626850626892e-8	-0.0063528642750287296
-1.965413563508878e-8	-0.0063276204917484
-1.9715396621627913e-8	-0.0063025759633867345
-1.9904502529055623e-8	-0.006277728572592477
-2.0092662749515713e-8	-0.0062530759731610356
-2.02692763792367e-8	-0.006228615781681462
-2.0442847024809698e-8	-0.006204345979327074
-2.047119505109163e-8	-0.006180264146231602
-2.049021861293965e-8	-0.006156368201870231
-2.0741690907716272e-8	-0.0061326561529034505
-2.102716426167217e-8	-0.00610912581826677
-2.104109053918113e-8	-0.006085774954319483
-2.0988915136649357e-8	-0.006062601796562289
-2.1211971964274492e-8	-0.006039603906460171
-2.1447255916778873e-8	-0.0060167799111890425
-2.1502554191527024e-8	-0.005994127738319954
-2.1562539490577182e-8	-0.005971645056450417
-2.167258614085288e-8	-0.005949330118241927
-2.18619712291257e-8	-0.005927181327186753
-2.1962766856831184e-8	-0.005905196736151547
-2.219949239329888e-8	-0.005883374429206702
-2.219991997425286e-8	-0.00586171255560442
-2.221509658110188e-8	-0.005840209449531065
-2.248446678451699e-8	-0.005818863572680609
-2.260170490310798e-8	-0.005797672998088919
-2.2618856216882756e-8	-0.005776636143641306
-2.270490345758214e-8	-0.005755751218688077
-2.286697379735858e-8	-0.005735016526051595
-2.304974580863983e-8	-0.005714430798514943
-2.3106354570323617e-8	-0.0056939922298148826
-2.3159096949459946e-8	-0.005673699165224957
-2.3296669525113556e-8	-0.005653550136312167
-2.3389462092743285e-8	-0.00563354371896323
-2.3537734099571274e-8	-0.005613678315580056
-2.3625513084962748e-8	-0.005593952486351063
-2.368795552893377e-8	-0.005574364676273239
-2.3761703024793858e-8	-0.005554913477153455
-2.385827031898824e-8	-0.005535597568538935
-2.400305401978886e-8	-0.005516415362537314
-2.406606377767795e-8	-0.005497365781908828
-2.40722164645546e-8	-0.0054784471000038455
-2.4223408595375196e-8	-0.005459658167936262
-2.4454507881083167e-8	-0.00544099770377311
-2.4561742940648612e-8	-0.005422464408606529
-2.4623717443217343e-8	-0.005404056805112772
-2.458250672496276e-8	-0.005385773791915882
-2.4784831734309123e-8	-0.005367613991683059
-2.4856503164960576e-8	-0.005349576180536425
-2.480433371941926e-8	-0.005331659325275284
-2.4967959890453973e-8	-0.005313861946597515
-2.5055100804283195e-8	-0.005296182886971011
-2.506726465910658e-8	-0.005278621154199898
-2.5290119013465784e-8	-0.005261175617316713
-2.5391167886357202e-8	-0.005243844867176021
-2.5368753888216355e-8	-0.0052266279589942965
-2.5575491970336596e-8	-0.005209523791309522
-2.568438533421813e-8	-0.00519253115116593
-2.575165938206725e-8	-0.00517564911100301
-2.5708765655596546e-8	-0.005158876428880558
-2.5739604135888163e-8	-0.005142212058393057
-2.5897919422296358e-8	-0.0051256549966253485
-2.6005472389645236e-8	-0.005109204381765555
-2.6043142195691927e-8	-0.005092858882984477
-2.6122252625249144e-8	-0.005076617757084792
-2.6220237253560264e-8	-0.0050604798549986375
-2.6326970529183538e-8	-0.005044444281885111
-2.6412685803478555e-8	-0.005028510096464409
-2.6450363839447544e-8	-0.005012676268094358
-2.6532500455228593e-8	-0.004996941888222087
-2.65800565756813e-8	-0.004981305952895171
-2.6692971156333513e-8	-0.004965767621866512
-2.68020859223006e-8	-0.004950326045274235
-2.6816973941140577e-8	-0.004934980259893532
-2.6848664578332795e-8	-0.00491972922283849
-2.693638700730361e-8	-0.004904572315629592
-2.7072846591552624e-8	-0.004889508627890711
-2.713750100359902e-8	-0.004874537213318814
-2.7097151677912823e-8	-0.0048596573021019995
-2.723355760060886e-8	-0.004844867912133512
-2.7378312477754907e-8	-0.004830168358253163
-2.7364106035354666e-8	-0.004815557890276693
-2.7441470160854966e-8	-0.004801035660249455
-2.7461444753223985e-8	-0.004786600807206791
-2.753356203994417e-8	-0.0047722524806459365
-2.763729925536751e-8	-0.004757990081320341
-2.7743175182659563e-8	-0.004743812933636089
-2.7737834346069912e-8	-0.004729720025600427
-2.7742015958048817e-8	-0.004715710542066554
-2.7912334948454465e-8	-0.004701784115744537
-2.804114061005225e-8	-0.004687939758612533
-2.8010721580373766e-8	-0.004674176914337036
-2.8002555087552895e-8	-0.004660494769675967
-2.812796587771671e-8	-0.004646892578505312
-2.8246755104421874e-8	-0.004633369728045713
-2.8284402184591828e-8	-0.004619925579491783
-2.832131513760827e-8	-0.004606559333569948
-2.8352984621587976e-8	-0.004593270438393069
-2.8385229256755462e-8	-0.004580058169443023
-2.8485118416110568e-8	-0.004566921851096395
-2.856406492074415e-8	-0.004553860952645422
-2.855567411042537e-8	-0.004540874860113135
-2.8567813536256593e-8	-0.004527962734645599
-2.8708950168665482e-8	-0.0045151240564954755
-2.8802556279483584e-8	-0.004502358402320719
-2.884871797121935e-8	-0.004489665062325169
-2.882948977573352e-8	-0.004477043304575436
-2.892964425937894e-8	-0.004464492597619054
-2.9011014165769568e-8	-0.004452012484806346
-2.903041709071963e-8	-0.004439602402424692
-2.905502146110517e-8	-0.004427261745999372
-2.905734286511863e-8	-0.004414989911634095
-2.915410829705256e-8	-0.0044027863661269175
-2.9304432129928506e-8	-0.004390650556496215
-2.9288492564588655e-8	-0.004378582086756518
-2.9312629314076634e-8	-0.004366580500861444
-2.936651722113548e-8	-0.004354645004406736
-2.94597852683709e-8	-0.004342775210151244
-2.9519396268223863e-8	-0.004330970980347403
-2.9554979020818275e-8	-0.004319231503232959
-2.9548979142079992e-8	-0.004307556248648525
-2.964265350738904e-8	-0.00429594500060483
-2.9714719783308086e-8	-0.004284397387468087
-2.980709550211569e-8	-0.0042729128486869335
-2.9789696498905284e-8	-0.004261491022357137
-2.978688070801594e-8	-0.004250131513830726
-2.9902975344670016e-8	-0.004238834152807096
-2.998961912563103e-8	-0.004227598530921807
-2.998117168551695e-8	-0.004216424365040949
-3.003669066203307e-8	-0.004205311567503622
-3.0145394807040706e-8	-0.0041942596484885845
-3.017016802454586e-8	-0.004183268868814417
-3.03310456828243e-8	-0.004172339090001235
-3.032088659910004e-8	-0.0041614703205197804
-3.039139313770756e-8	-0.004150662740094846
-3.0475137579022426e-8	-0.004139916723502326
-3.0590118715406736e-8	-0.004129232834238151
-3.0668162778529905e-8	-0.004118612016685234
-3.072356043004043e-8	-0.004108055282087102
-3.079278740733549e-8	-0.004097564330494954
-3.0936237794304543e-8	-0.004087141617708768
-3.1136928828329196e-8	-0.004076790601596297
-3.1317768395972e-8	-0.0040665160424511685
-3.1535166172741435e-8	-0.004056324661328829
-3.1912397809436e-8	-0.004046226360130847
-3.2596859259897973e-8	-0.0040362352880740585
-3.349687608112939e-8	-0.004026370762891648
-3.471292206794763e-8	-0.004016653476687344
-3.681576136769227e-8	-0.004007078909966863
-3.9938305547826405e-8	-0.003997462529030933
-4.1359843713073556e-8	-0.0039865507611867275
-4.134350145525989e-8	-0.003970804439687043
-3.991068601993941e-8	-0.00396003452916408
-3.68470502822571e-8	-0.003950643896821327
-3.4828833920236284e-8	-0.003941382645481445
-3.369867883524225e-8	-0.003932071829208111
-3.289045736825092e-8	-0.003922709948355112
-3.2300748457853024e-8	-0.003913319237107139
-3.20083262745019e-8	-0.0039039198199496464
-3.1869111146481945e-8	-0.0038945263104068623
-3.176652044378781e-8	-0.0038851489035643862
-3.164871736371922e-8	-0.0038757945419575124
-3.1584927074862494e-8	-0.003866468155060519
-3.158854889102614e-8	-0.0038571733336713594
-3.1604835982168565e-8	-0.003847912654114539
-3.160186476126037e-8	-0.0038386879382455003
-3.156797633389053e-8	-0.0038295003457441816
-3.156190317146757e-8	-0.0038203509325338125
-3.156772214110704e-8	-0.003811240391126823
-3.16411209092482e-8	-0.003802169227282051
-3.157300413780262e-8	-0.0037931377633167373
-3.161776040992437e-8	-0.003784146166019867
-3.159460651874779e-8	-0.003775194473574504
-3.1615037448112786e-8	-0.003766283037782354
-3.168628079238678e-8	-0.003757411599382365
-3.1682359368639946e-8	-0.003748580220107696
-3.165635817183321e-8	-0.0037397888038788953
-3.172273311289331e-8	-0.003731037158230221
-3.1799515344504983e-8	-0.0037223252751813632
-3.1792905470579006e-8	-0.003713652974269978
-3.180219176967536e-8	-0.0037050201024922025
-3.179602649211466e-8	-0.003696426362496498
-3.186333248117457e-8	-0.0036878716025024903
-3.189992134737807e-8	-0.0036793557851686654
-3.191925200903278e-8	-0.0036708786460748883
-3.191502589085515e-8	-0.0036624397280605116
-3.193911702693009e-8	-0.003654039060473484
-3.198400507588017e-8	-0.0036456764946694253
-3.205615401494777e-8	-0.003637351604542453
-3.201449504279252e-8	-0.003629064207177171
-3.201034565656902e-8	-0.0036208141637199603
-3.2069828190384174e-8	-0.0036126012326590322
-3.211406703443887e-8	-0.003604425191575109
-3.216145044838692e-8	-0.0035962857772611025
-3.216847587719229e-8	-0.003588182733196609
-3.216397715529729e-8	-0.003580115835819142
-3.2235796485363676e-8	-0.003572084935003812
-3.226581599036216e-8	-0.0035640898364850573
-3.22664188512678e-8	-0.0035561302261485224
-3.2238442737209106e-8	-0.0035482058129136782
-3.229009502302427e-8	-0.003540316488511845
-3.2353694250059076e-8	-0.0035324620880100898
-3.236460093214988e-8	-0.0035246422600009697
-3.236355858921014e-8	-0.0035168567969340587
-3.2402653211022206e-8	-0.003509105545431592
-3.244191400431085e-8	-0.0035013882718037226
-3.2478003342029104e-8	-0.0034937047211079683
-3.251356435005626e-8	-0.0034860547438100437
-3.250354319372373e-8	-0.003478438055201673
-3.249067046007803e-8	-0.0034708544686032094
-3.255202889646536e-8	-0.003463303816756418
-3.262485524714864e-8	-0.0034557858643285678
-3.261115079972177e-8	-0.0034483003470899562
-3.257622980301078e-8	-0.003440847146107028
-3.2630203733574615e-8	-0.003433425917573143
-3.268866192837061e-8	-0.003426036653385978
-3.2689110932765385e-8	-0.0034186791124914237
-3.2691253812905384e-8	-0.003411352961003244
-3.270995954033351e-8	-0.003404058046884337
-3.2755002631562613e-8	-0.0033967942607147274
-3.277129461413675e-8	-0.0033895613712468754
-3.283277391897821e-8	-0.003382359149796123
-3.281643648653243e-8	-0.0033751873816775468
-3.280504927278827e-8	-0.003368045906385448
-3.287854805228974e-8	-0.0033609345993961984
-3.290173284555831e-8	-0.0033538532000768366
-3.2891598722489814e-8	-0.003346801555937131
-3.290474213565875e-8	-0.003339779438065317
-3.294378136777243e-8	-0.003332786642071613
-3.2990205191874015e-8	-0.003325823102567515
-3.2994172673089794e-8	-0.003318888566103863
-3.299697936651747e-8	-0.0033119828237844653
-3.3028928528999744e-8	-0.0033051057239299243
-3.304584095226715e-8	-0.003298257124351843
-3.308205958639787e-8	-0.0032914368176958633
-3.3097752627769817e-8	-0.0032846446448057784
-3.3104898031571795e-8	-0.00327788040112033
-3.3116127839216694e-8	-0.0032711439269738954
-3.313547906183545e-8	-0.003264435087788861
-3.3171879132476435e-8	-0.003257753650628859
-3.3179998943638765e-8	-0.0032510995550531934
-3.3168334880506747e-8	-0.003244472508719536
-3.3207740164253875e-8	-0.0032378724158694644
-3.32756660391953e-8	-0.0032312991294322735
-3.3300265520697095e-8	-0.003224752491446916
-3.3309056769381674e-8	-0.0032182322757144145
-3.3281303503290837e-8	-0.003211738384109661
-3.334035912981315e-8	-0.0032052706159249535
-3.335311981980671e-8	-0.0031988288200913884
-3.33216466744779e-8	-0.003192412909283288
-3.336769423678554e-8	-0.003186022631894147
-3.3386516177214e-8	-0.0031796578467123016
-3.337843849089972e-8	-0.003173318467934399
-3.344677255046058e-8	-0.0031670043557470986
-3.3471306248844536e-8	-0.0031607152650094715
-3.3451083259916635e-8	-0.0031544511144658547
-3.3514551420399384e-8	-0.0031482117621066314
-3.35426101028824e-8	-0.0031419970209811176
-3.3555626105535864e-8	-0.0031358068043961253
-3.352824794081166e-8	-0.0031296409064962743
-3.3528028549473234e-8	-0.0031234991889645346
-3.357505958687113e-8	-0.0031173815256961565
-3.360358796329344e-8	-0.003111287839213429
-3.360636372818915e-8	-0.0031052178744681988
-3.362468473332436e-8	-0.003099171590536936
-3.365023566773706e-8	-0.0030931487921052156
-3.367927289950612e-8	-0.0030871493748666707
-3.370064409176088e-8	-0.003081173213796948
-3.370411793012229e-8	-0.003075220146786825
-3.3724464488826824e-8	-0.0030692900540317068
-3.3731909972817275e-8	-0.0030633827763270533
-3.3764251181483963e-8	-0.0030574982128867226
-3.379538155994233e-8	-0.003051636256217026
-3.3790836309088856e-8	-0.003045796752551764
-3.3792763347517684e-8	-0.0030399795142144054
-3.3816221597154917e-8	-0.0030341845122205313
-3.385856491512907e-8	-0.003028411603354716
-3.38735640157406e-8	-0.0030226606273061054
-3.3848227559885035e-8	-0.003016931488396344
-3.389113818800804e-8	-0.0030112240061594708
-3.393754873752819e-8	-0.003005538111612631
-3.3922542840381097e-8	-0.002999873708079501
-3.39431589942929e-8	-0.002994230658170537
-3.394156124565395e-8	-0.002988608816402928
-3.39603987801862e-8	-0.002983008038322463
-3.3991773179686825e-8	-0.0029774282748703407
-3.402419270883139e-8	-0.0029718694448885113
-3.401306605393395e-8	-0.0029663313324790105
-3.4005708307888184e-8	-0.002960813795796025
-3.406403207308895e-8	-0.002955316867100918
-3.410623386738698e-8	-0.0029498403315210875
-3.408548618444307e-8	-0.0029443841420591526
-3.407356071172263e-8	-0.002938948147574014
-3.411488754416214e-8	-0.002933532220839123
-3.4153808218256866e-8	-0.0029281362852918882
-3.416047124355504e-8	-0.0029227602518108824
-3.4166925657863613e-8	-0.002917403964672527
-3.417135573972052e-8	-0.0029120673648412336
-3.417609438822189e-8	-0.0029067503218118134
-3.420821687029063e-8	-0.002901452722316145
-3.4232056557148563e-8	-0.0028961745093809155
-3.42206444343407e-8	-0.0028909155904371033
-3.421757800236014e-8	-0.002885675779444438
-3.4267066009802116e-8	-0.0028804550173993806
-3.4297421817786056e-8	-0.0028752532828340152
-3.430856088142975e-8	-0.0028700704357250695
-3.429301354870851e-8	-0.0028649063245652657
-3.4326450888422236e-8	-0.0028597608776372227
-3.435234759159855e-8	-0.0028546340521797575
-3.435286441148544e-8	-0.0028495257597371537
-3.435557971197545e-8	-0.0028444358931163185
-3.434913584036137e-8	-0.002839364343315365
-3.4381864756927177e-8	-0.002834311028596684
-3.443701443137104e-8	-0.00282927585720507
-3.4423238139930094e-8	-0.002824258800853413
-3.4426163307232914e-8	-0.0028192598048611753
-3.444157626006917e-8	-0.0028142786716497383
-3.4473576553339935e-8	-0.002809315371432963
-3.449163132722699e-8	-0.0028043699777441414
-3.4499702457307935e-8	-0.0027994422803950423
-3.449034283016794e-8	-0.0027945321850721184
-3.452303229716791e-8	-0.0027896397282095435
-3.454675730503176e-8	-0.0027847648797092997
-3.4579213473406866e-8	-0.0027799075282326203
-3.456526803869431e-8	-0.002775067644847899
-3.4557510793237217e-8	-0.002770245185485533
-3.4600391051936574e-8	-0.0027654402002699565
-3.46309096003472e-8	-0.0027606526371660323
-3.4620945068641884e-8	-0.0027558824962905966
-3.463836869915804e-8	-0.002751129860467267
-3.467870509745175e-8	-0.002746394639681845
-3.468316495920387e-8	-0.002741677064826402
-3.474626464000097e-8	-0.0027369771956381747
-3.4735874034591555e-8	-0.002732295154693585
-3.476033080255236e-8	-0.0027276311384708467
-3.479063920046044e-8	-0.002722985428308877
-3.4834635227604106e-8	-0.0027183583883995674
-3.486277884640066e-8	-0.0027137505499591963
-3.488120502195824e-8	-0.0027091624760472986
-3.490575661025952e-8	-0.0027045950328654905
-3.496283115649868e-8	-0.002700049421577456
-3.504517757220161e-8	-0.0026955272888759293
-3.511914160204688e-8	-0.002691030862311931
-3.520943608856242e-8	-0.0026865632440732754
-3.537033660463429e-8	-0.002682128954649938
-3.566711341070339e-8	-0.002677734414310354
-3.606001306221685e-8	-0.0026733883652021477
-3.6593915325833226e-8	-0.002669100213906435
-3.752214873871118e-8	-0.0026648682688348727
-3.89056180337577e-8	-0.0026606110126520264
-3.953830540182057e-8	-0.00265577161526815
-3.9533463572816175e-8	-0.002648772800210459
-3.8897434918350183e-8	-0.002643975434112889
-3.75314202341992e-8	-0.002639785063849027
-3.662825681465809e-8	-0.002635645945875686
-3.6119798019562666e-8	-0.002631478214830768
-3.575408729898921e-8	-0.0026272810690038256
-3.548536933829505e-8	-0.002623064365755247
-3.534957629065527e-8	-0.0026188370789000477
-3.5282419629822924e-8	-0.0026146057576695836
-3.523160644763879e-8	-0.00261037499958118
-3.517377630878893e-8	-0.002606147961353033
-3.5140249839765715e-8	-0.0026019269083335395
-3.5137219878467186e-8	-0.0025977135130243003
-3.5139960309532596e-8	-0.0025935089974770246
-3.5133973605216976e-8	-0.002589314247902817
-3.5113902653977073e-8	-0.0025851298539937544
-3.510649259664267e-8	-0.002580956361418258
-3.5104520591189294e-8	-0.0025767941527256376
-3.513351217209748e-8	-0.0025726435269229223
-3.5097721977539464e-8	-0.002568504700316882
-3.5113688675597614e-8	-0.002564377818676613
-3.509849110543417e-8	-0.0025602629690613626
-3.5103351307036456e-8	-0.0025561603830887404
-3.5131695140289136e-8	-0.0025520700113955933
-3.512541660414814e-8	-0.0025479919521825514
-3.510892713868286e-8	-0.002543926230740166
-3.513522453058027e-8	-0.002539872827422738
-3.516645708767086e-8	-0.002535831807572582
-3.5159039840659825e-8	-0.002531803156330883
-3.5159025426290125e-8	-0.0025277868710640856
-3.515182922761429e-8	-0.002523782881371743
-3.517894080208861e-8	-0.0025197911839547078
-3.5191792541189316e-8	-0.002515811828568602
-3.519662179712335e-8	-0.002511844758470414
-3.519043975566683e-8	-0.0025078898257587983
-3.519756181198375e-8	-0.0025039471097262566
-3.521450912461477e-8	-0.0025000166059805083
-3.524436558825506e-8	-0.002496098178986783
-3.522064974335049e-8	-0.0024921918067166214
-3.521460421775369e-8	-0.002488297487407876
-3.523866388392416e-8	-0.002484415170315692
-3.525559092641961e-8	-0.002480544813037134
-3.527407970080887e-8	-0.002476686353173172
-3.527346858145375e-8	-0.0024728397307474535
-3.5267394921240095e-8	-0.002469004900725047
-3.529768054723603e-8	-0.002465181852407287
-3.530813018141621e-8	-0.002461370553591246
-3.5304577136074935e-8	-0.0024575709142559436
-3.52873629547501e-8	-0.0024537828545192764
-3.530826411306531e-8	-0.0024500063812465185
-3.5334971452249955e-8	-0.0024462414737887257
-3.5336463404800346e-8	-0.0024424880214482096
-3.533223104428829e-8	-0.0024387459817445485
-3.534733663879131e-8	-0.002435015337697631
-3.536258248538204e-8	-0.002431296033145032
-3.537635718296461e-8	-0.0024275880010035697
-3.538992960743781e-8	-0.002423891224449502
-3.538148756179194e-8	-0.00242020562077222
-3.537165626686378e-8	-0.0024165311540029345
-3.539785635957027e-8	-0.002412867797074873
-3.5429719068652556e-8	-0.002409215489347735
-3.5419562769412054e-8	-0.002405574155463288
-3.539905571510183e-8	-0.002401943790156022
-3.542189665465268e-8	-0.002398324278064006
-3.54470061423473e-8	-0.002394715666949142
-3.5443814069774375e-8	-0.002391117890521469
-3.5441458460089285e-8	-0.002387530836349972
-3.5447240555475105e-8	-0.002383954480321947
-3.5465990084171396e-8	-0.0023803888188264313
-3.547066234832475e-8	-0.002376833788012292
-3.549761722451695e-8	-0.0023732893246661974
-3.548628777931828e-8	-0.002369755371854506
-3.5477388821625326e-8	-0.002366231898807865
-3.55104437987086e-8	-0.0023627188921041395
-3.5518695773800736e-8	-0.002359216270592002
-3.5510471647509644e-8	-0.002355724006023498
-3.5513792727209783e-8	-0.0023522420318079777
-3.553000009801077e-8	-0.0023487702929264782
-3.554993784620209e-8	-0.0023453088029503316
-3.5548796982287636e-8	-0.002341857481587036
-3.5547087848158964e-8	-0.0023384162700976693
-3.555992533449404e-8	-0.0023349851377448246
-3.55653207492701e-8	-0.0023315640581381917
-3.558038983944578e-8	-0.0023281529718590208
-3.558522607771675e-8	-0.0023247518431091115
-3.558580122165478e-8	-0.0023213606128792306
-3.5588443399975356e-8	-0.002317979244170289
-3.559518998558775e-8	-0.0023146077121711257
-3.5610548159442645e-8	-0.0023112459421842342
-3.561170337302855e-8	-0.0023078939458583544
-3.5602891489122656e-8	-0.002304551617625404
-3.561987473766348e-8	-0.002301218950496213
-3.565133738233639e-8	-0.002297895911262447
-3.566094605611525e-8	-0.002294582460802764
-3.566257601144707e-8	-0.00229127852498408
-3.56456708736741e-8	-0.002287984094107448
-3.56728573268128e-8	-0.0022846991060682647
-3.567656513216444e-8	-0.002281423523505042
-3.5657761891400024e-8	-0.002278157341127796
-3.5678460713356455e-8	-0.002274900469626035
-3.5685320476830376e-8	-0.0022716528754210302
-3.5678459056820434e-8	-0.002268414552884888
-3.5710693493412606e-8	-0.0022651854685123833
-3.572057595863654e-8	-0.0022619655344785564
-3.570754015739808e-8	-0.0022587547463964017
-3.573745596512357e-8	-0.0022555530684620776
-3.574924941828761e-8	-0.0022523604414037943
-3.5753340809452364e-8	-0.0022491768570715837
-3.5736644279293904e-8	-0.0022460022456901973
-3.5733928507325485e-8	-0.002242836571805163
-3.5755613873017514e-8	-0.0022396798059148436
-3.5767795513474976e-8	-0.00223653194332319
-3.5766689588301316e-8	-0.002233392887240856
-3.577364417124418e-8	-0.0022302626511769286
-3.578437536532753e-8	-0.0022271411684513377
-3.579695130633276e-8	-0.0022240284191464687
-3.5805580844616715e-8	-0.002220924372308462
-3.580492834036609e-8	-0.0022178289773710533
-3.581307347627072e-8	-0.002214742205400089
-3.5814520787624815e-8	-0.0022116640066152052
-3.5828974248097725e-8	-0.0022085943613341084
-3.584283795152188e-8	-0.0022055332461089544
-3.583808166920388e-8	-0.0022024806130155486
-3.5836714252862615e-8	-0.0021994363959971053
-3.584663925507714e-8	-0.0021964006117228332
-3.5866505213710824e-8	-0.0021933732168291837
-3.587205975298935e-8	-0.0021903541586200874
-3.585642824122659e-8	-0.0021873434179940946
-3.5876694580827544e-8	-0.0021843409309820565
-3.589885856784547e-8	-0.002181346691921141
-3.5888684545576366e-8	-0.0021783606803597927
-3.5897305817106375e-8	-0.002175382854103429
-3.589421461202558e-8	-0.0021724131663502203
-3.590193890312121e-8	-0.0021694515704911
-3.591632687788282e-8	-0.0021664980700952575
-3.593130865022776e-8	-0.0021635526515681935
-3.592322086636291e-8	-0.002160615229614255
-3.591712826154225e-8	-0.0021576857577716526
-3.594595866456829e-8	-0.0021547642818252493
-3.596627381077244e-8	-0.002151850716049635
-3.5953099121632806e-8	-0.0021489450636764467
-3.594461210522093e-8	-0.0021460472722592884
-3.5964547036754225e-8	-0.0021431573017653346
-3.598324486888127e-8	-0.002140275138936805
-3.598473226027466e-8	-0.002137400763602387
-3.5986120293735046e-8	-0.002134534119708628
-3.5986433874735105e-8	-0.0021316752026670147
-3.598692234326184e-8	-0.0021288239693886164
-3.6002127241352434e-8	-0.002125980385736059
-3.601291751467173e-8	-0.002123144447567303
-3.60047672081365e-8	-0.002120316131436539
-3.600110585151306e-8	-0.002117495363330388
-3.6025778548953725e-8	-0.0021146821373065772
-3.604018164797829e-8	-0.002111876467526322
-3.604424154772801e-8	-0.002109078304037608
-3.603388184005296e-8	-0.002106287590357559
-3.6050034375922916e-8	-0.002103504312851536
-3.6062130462721775e-8	-0.002100728473380504
-3.606049835209735e-8	-0.002097960048919583
-3.606006454048294e-8	-0.002095199006063338
-3.6054661064327535e-8	-0.0020924453101737305
-3.6070555413086904e-8	-0.002089698941187306
-3.609869032731306e-8	-0.0020869598733929354
-3.608933669823067e-8	-0.002084228115439256
-3.608907973929321e-8	-0.0020815036614965417
-3.609564517720876e-8	-0.0020787864276062065
-3.6111291800960954e-8	-0.002076076421043104
-3.611934972275188e-8	-0.0020733737054873533
-3.6121964475149815e-8	-0.0020706781894617365
-3.6115043752582566e-8	-0.0020679898445124427
-3.613117198577043e-8	-0.0020653087136559825
-3.614241771890403e-8	-0.002062634803441961
-3.615848574122227e-8	-0.0020599680757060986
-3.6149080425723624e-8	-0.0020573085373394697
-3.614306965704639e-8	-0.002054656186817488
-3.6164942972349845e-8	-0.002052011074377783
-3.6180049158801574e-8	-0.0020493731940109832
-3.617285293691097e-8	-0.002046742568350998
-3.618077493103833e-8	-0.0020441192656754565
-3.620138147911734e-8	-0.0020415032588608707
-3.620218411179432e-8	-0.0020388946981093332
-3.623546361529173e-8	-0.002036293639272454
-3.6228080706213195e-8	-0.0020337001731096493
-3.624001995489179e-8	-0.002031114431578712
-3.625523534979136e-8	-0.0020285365940936836
-3.627808842318059e-8	-0.0020259668866160776
-3.629217102055216e-8	-0.002023405628659339
-3.6300875799955e-8	-0.0020208531584455336
-3.631301428310696e-8	-0.0020183099841129056
-3.6343313618253385e-8	-0.0020157768021819367
-3.6387772742774165e-8	-0.002013254560048658
-3.642763246340386e-8	-0.0020107445326229974
-3.64766950856299e-8	-0.0020082484879208468
-3.6565349386391555e-8	-0.0020057689932951664
-3.673024318998075e-8	-0.0020033096883758394
-3.694929274997705e-8	-0.002000875526088793
-3.7247804258561116e-8	-0.0019984718484077667
-3.7768189623105244e-8	-0.0019960977845884425
-3.854522416404382e-8	-0.001993707610536369
-3.890138177210512e-8	-0.001990988172125839
-3.889933935521395e-8	-0.001987050978057671
-3.854177215696364e-8	-0.00198434927152046
-3.7772101256516865e-8	-0.0019819873145882037
-3.726229174718654e-8	-0.001979652411153489
-3.697451370259231e-8	-0.0019772995335085365
-3.676693225408423e-8	-0.0019749281856037597
-3.661387348408707e-8	-0.0019725438986809233
-3.653580849667382e-8	-0.0019701517223119974
-3.649650323917508e-8	-0.001967755349265338
-3.64664051422603e-8	-0.001965357377936217
-3.6432282200504764e-8	-0.0019629595977133877
-3.64119098614224e-8	-0.0019605632976346936
-3.640884124456179e-8	-0.0019581694339861075
-3.640905580434839e-8	-0.0019557787099181204
-3.6404307446025185e-8	-0.0019533916396464227
-3.6391532911450586e-8	-0.0019510085700784807
-3.6385959677837086e-8	-0.0019486298240933282
-3.6383487498270475e-8	-0.0019462556324805857
-3.6398697852030316e-8	-0.001943886179008019
-3.6376912690777584e-8	-0.0019415216007138611
-3.63847024049957e-8	-0.0019391619946676638
-3.637467035749742e-8	-0.0019368074245887177
-3.637611723077417e-8	-0.0019344580371521251
-3.639103495824969e-8	-0.0019321138183446519
-3.638611613728804e-8	-0.001929774838718769
-3.637533042205599e-8	-0.001927441127123608
-3.638912061836308e-8	-0.0019251126866148924
-3.640577349978136e-8	-0.0019227895690758258
-3.6400213901960354e-8	-0.0019204717803313974
-3.639891428784958e-8	-0.0019181593332076522
-3.639347646359759e-8	-0.0019158522014471428
-3.6407826950768386e-8	-0.0019135503973626994
-3.6413970743992555e-8	-0.0019112539638698495
-3.641549411971812e-8	-0.0019089628824317797
-3.6410657062524446e-8	-0.0019066770816907174
-3.6413514665356584e-8	-0.001904396621468847
-3.642207173225054e-8	-0.0019021215132526675
-3.643812615722331e-8	-0.0018998516925145211
-3.6423141523955764e-8	-0.001897587160295343
-3.6418395475229515e-8	-0.0018953279293464494
-3.6431128009861705e-8	-0.0018930739839470698
-3.643974044936216e-8	-0.0018908253131272265
-3.644927610617077e-8	-0.001888581894194211
-3.6447715291487716e-8	-0.0018863437057402956
-3.644297255356866e-8	-0.0018841107349462389
-3.645942219580034e-8	-0.0018818829889127504
-3.646432904116925e-8	-0.0018796604621621935
-3.646107382862529e-8	-0.0018774431153940883
-3.6449834504470594e-8	-0.001875230915061963
-3.646086784818703e-8	-0.0018730238781814615
-3.64753180022881e-8	-0.0018708220056686301
-3.647503075802083e-8	-0.0018686252456666125
-3.647139107242348e-8	-0.0018664335860873534
-3.6479090097013556e-8	-0.0018642470297021135
-3.648688593970162e-8	-0.0018620655562523183
-3.649383240095783e-8	-0.0018598891389561335
-3.650067445745697e-8	-0.0018577177804354997
-3.6494585700569404e-8	-0.001855551444528598
-3.648767598473657e-8	-0.0018533901224235887
-3.6501975297209554e-8	-0.0018512338104753863
-3.651963469480935e-8	-0.0018490824851958938
-3.6512545387407116e-8	-0.0018469361143013416
-3.6499345051149715e-8	-0.0018447947067369778
-3.6511723380078246e-8	-0.0018426582064009257
-3.65254642556101e-8	-0.0018405266533832764
-3.652249313658706e-8	-0.0018384000203997557
-3.652001735809374e-8	-0.0018362782527371058
-3.6522358074192466e-8	-0.0018341613477807798
-3.653239053252322e-8	-0.00183204931500912
-3.653409439915434e-8	-0.0018299421281630182
-3.654902325219145e-8	-0.0018278397612412189
-3.654124561283112e-8	-0.00182574219185724
-3.6534905339741245e-8	-0.0018236494130630392
-3.655350399335844e-8	-0.0018215614281584596
-3.655737289170458e-8	-0.0018194782001145502
-3.6551443583937585e-8	-0.001817399723252332
-3.655238744627032e-8	-0.0018153259689915604
-3.656101879312979e-8	-0.0018132569155290313
-3.657188965892622e-8	-0.0018111925818801028
-3.657019562039454e-8	-0.0018091329310344403
-3.656816252212148e-8	-0.0018070779387123655
-3.657483299104869e-8	-0.0018050275972728274
-3.657704895000946e-8	-0.0018029819015996649
-3.658506942567641e-8	-0.0018009408267683988
-3.6586975411362355e-8	-0.0017989043618848123
-3.658632858305477e-8	-0.0017968724820745395
-3.6586930557569456e-8	-0.00179484517556167
-3.65899968996386e-8	-0.0017928224378083112
-3.659824282213342e-8	-0.0017908042342702584
-3.659796589810527e-8	-0.0017887905821590082
-3.659169953504904e-8	-0.0017867814282077651
-3.6600949103215986e-8	-0.0017847767782891435
-3.661893117348214e-8	-0.0017827766224628601
-3.662377363281011e-8	-0.001780780947164309
-3.662381491719158e-8	-0.0017787897176490526
-3.661267885837205e-8	-0.0017768029379115818
-3.6628146113604213e-8	-0.0017748205802894969
-3.662945409255714e-8	-0.0017728426319547808
-3.661716141725724e-8	-0.001770869099395748
-3.662874693244889e-8	-0.001768899938264252
-3.6631973620621095e-8	-0.0017669351377875985
-3.66268993547747e-8	-0.0017649747040691208
-3.664551211333134e-8	-0.0017630186262821
-3.6650596511467185e-8	-0.001761066860608984
-3.66417869847091e-8	-0.0017591194137106477
-3.665904521211183e-8	-0.0017571762731562856
-3.666531929168993e-8	-0.0017552374121905634
-3.666692025165452e-8	-0.0017533028350337507
-3.665588405754039e-8	-0.001751372508398727
-3.66533446859052e-8	-0.0017494464197714515
-3.6665665289092876e-8	-0.0017475245601942804
-3.6672211934252185e-8	-0.0017456069357736105
-3.667066899769589e-8	-0.0017436934964424528
-3.6674043836470994e-8	-0.0017417842592762978
-3.6679731139344085e-8	-0.0017398791923981165
-3.668655481954275e-8	-0.00173797829239108
-3.6690977390330117e-8	-0.0017360815490519675
-3.6689731323719115e-8	-0.001734188940123328
-3.669386952100951e-8	-0.0017323004565016067
-3.669391405135003e-8	-0.001730416076263853
-3.67019316941053e-8	-0.0017285357958445751
-3.6709598840695136e-8	-0.0017266596093314837
-3.6705854999635744e-8	-0.0017247874957497876
-3.670418961322364e-8	-0.0017229194229145223
-3.6709461480727295e-8	-0.0017210554093432672
-3.672085027996985e-8	-0.0017191954366721281
-3.6723454022102865e-8	-0.0017173394807293279
-3.671302864239334e-8	-0.00171548753792214
-3.6724694828299544e-8	-0.001713639576996526
-3.6737544859322126e-8	-0.001711795602515528
-3.673048006697655e-8	-0.0017099556099068804
-3.673500314606004e-8	-0.0017081195811501516
-3.6732304854403264e-8	-0.0017062874953090654
-3.6736284096700044e-8	-0.001704459331489716
-3.674438762613086e-8	-0.0017026350997217962
-3.675286928271904e-8	-0.0017008147994240588
-3.674709318967073e-8	-0.0016989983856292527
-3.674254793987197e-8	-0.0016971858372759067
-3.6759626867999275e-8	-0.0016953771903517607
-3.6771452222655876e-8	-0.0016935723994136098
-3.676252852520268e-8	-0.0016917714740370044
-3.675650600854508e-8	-0.0016899743892543702
-3.676812038030941e-8	-0.0016881811277192256
-3.6778981794249876e-8	-0.001686391688646656
-3.677916215096833e-8	-0.0016846060669284883
-3.6779283894833315e-8	-0.0016828242351092705
-3.677873970282519e-8	-0.0016810461976604595
-3.677830551689909e-8	-0.0016792719350737088
-3.678703848687959e-8	-0.0016775014333470907
-3.679303345333063e-8	-0.001675734697111111
-3.6787227560097784e-8	-0.0016739717189500137
-3.678421719445213e-8	-0.001672212459852983
-3.679889226617661e-8	-0.0016704569231919078
-3.680717201954842e-8	-0.001668705124876465
-3.6808999210741214e-8	-0.0016669570407603054
-3.680181731428589e-8	-0.0016652126425411493
-3.681120815218764e-8	-0.0016634719286262708
-3.681807926985692e-8	-0.0016617349071018108
-3.681635898794e-8	-0.001660001570463237
-3.6815390815830855e-8	-0.0016582719046550108
-3.681132155335942e-8	-0.0016565458947948187
-3.682058314320447e-8	-0.0016548235350970252
-3.6837552361584923e-8	-0.0016531048161787774
-3.683099961331871e-8	-0.001651389750202766
-3.6830158076184284e-8	-0.0016496783402355241
-3.68336056835894e-8	-0.0016479705402070203
-3.684277217811394e-8	-0.0016462663613129275
-3.6847174255205675e-8	-0.0016445658502501931
-3.684815638847483e-8	-0.0016428689560914382
-3.684313243069726e-8	-0.001641175667482757
-3.6852635557105274e-8	-0.0016394860180763999
-3.685907033817437e-8	-0.001637800018574931
-3.686855781382392e-8	-0.0016361176514641433
-3.6861971395768525e-8	-0.0016344389276171396
-3.6857526664912935e-8	-0.0016327638525910242
-3.687070407946691e-8	-0.0016310924646494227
-3.6879615478363495e-8	-0.0016294247665438175
-3.687442794635398e-8	-0.0016277607791314972
-3.687880718581393e-8	-0.0016261005521874528
-3.689122808722134e-8	-0.0016244440751406175
-3.689111151967684e-8	-0.0016227914497515099
-3.691159037149672e-8	-0.0016211427181450089
-3.6906295366812e-8	-0.00161949794465681
-3.69132624154056e-8	-0.0016178572198782021
-3.6922317669790816e-8	-0.0016162206647057054
-3.6936236886708774e-8	-0.0016145884298322704
-3.694459779874371e-8	-0.0016129607257069128
-3.6949547910908325e-8	-0.0016113377750850682
-3.695668991584023e-8	-0.001609719909278062
-3.697540276175193e-8	-0.0016081075801856963
-3.700315721238967e-8	-0.001606501400408056
-3.7028009850004205e-8	-0.0016049021924956076
-3.705875733154285e-8	-0.0016033110950662015
-3.711479630036929e-8	-0.0016017297589643162
-3.721955898322027e-8	-0.0016001605227682213
-3.735901345096049e-8	-0.0015986065684221945
-3.7549381599422115e-8	-0.0015970713327933884
-3.788178067998249e-8	-0.0015955542879212959
-3.837866810975088e-8	-0.0015940262166608088
-3.8606726428391805e-8	-0.0015922867104654034
-3.8605681055536856e-8	-0.0015897666084098612
-3.837690050165765e-8	-0.001588036180915089
-3.788378413882021e-8	-0.0015865225567313996
-3.7556798750315594e-8	-0.0015850255617259465
-3.737192507763942e-8	-0.0015835163351789628
-3.723834279257821e-8	-0.0015819945408047226
-3.7139639348998665e-8	-0.0015804637121560354
-3.7089021891589804e-8	-0.0015789270804058106
-3.7063269176390583e-8	-0.0015773870110366113
-3.7043413361703694e-8	-0.0015758451704444316
-3.7020949555471863e-8	-0.0015743027078016063
-3.7007316640025324e-8	-0.0015727604524626282
-3.70048167310566e-8	-0.0015712190211061752
-3.7004431828280286e-8	-0.0015696788685104972
-3.700084731782516e-8	-0.0015681403285389404
-3.699208324501324e-8	-0.0015666036277889863
-3.698796155013895e-8	-0.0015650689777893794
-3.698583693603763e-8	-0.0015635365310155158
-3.6995134233613895e-8	-0.0015620064098572559
-3.698053536956847e-8	-0.0015604787067325617
-3.698504308449202e-8	-0.0015589534883884545
-3.697803275615197e-8	-0.0015574308001108743
-3.697843939265422e-8	-0.0015559107409562419
-3.698757307954992e-8	-0.0015543933061071538
-3.6983867125478524e-8	-0.0015528785455098879
