-2049 0.0 7.767444731143769e-05
-2047 0.0 7.775033827783773e-05
-2045 0.0 7.782637749187415e-05
-2043 0.0 7.790256586304167e-05
-2041 0.0 7.797890339134028e-05
-2039 0.0 7.805539098626468e-05
-2037 0.0 7.813202864781488e-05
-2035 0.0 7.820881728548557e-05
-2033 0.0 7.828575598978205e-05
-2031 0.0 7.836284657969372e-05
-2029 0.0 7.84400890552206e-05
-2027 0.0 7.851748523535207e-05
-2025 0.0 7.859503330109874e-05
-2023 0.0 7.86727341619553e-05
-2021 0.0 7.875058963691117e-05
-2019 0.0 7.882859881647164e-05
-2017 0.0 7.890676351962611e-05
-2015 0.0 7.898508283687988e-05
-2013 0.0 7.906355767772766e-05
-2011 0.0 7.914218895166414e-05
-2009 0.0 7.922097665868932e-05
-2007 0.0 7.929992170829792e-05
-2005 0.0 7.937902410048991e-05
-2003 0.0 7.945828383526532e-05
-2001 0.0 7.953770182211883e-05
-1999 0.0 7.961727988003986e-05
-1997 0.0 7.96970170995337e-05
-1995 0.0 7.977691348060034e-05
-1993 0.0 7.98569708422292e-05
-1991 0.0 7.993718827492557e-05
-1989 0.0 8.001756759767886e-05
-1987 0.0 8.009810881048907e-05
-1985 0.0 8.017881282285089e-05
-1983 0.0 8.025967781577492e-05
-1981 0.0 8.034070742723998e-05
-1979 0.0 8.042190074775135e-05
-1977 0.0 8.050325868680375e-05
-1975 0.0 8.058478124439716e-05
-1973 0.0 8.06664684205316e-05
-1971 0.0 8.074832203419646e-05
-1969 0.0 8.083034117589705e-05
-1967 0.0 8.091252766462276e-05
-1965 0.0 8.09948815003736e-05
-1963 0.0 8.107740268314956e-05
-1961 0.0 8.116009303194005e-05
-1959 0.0 8.124295163725037e-05
-1957 0.0 8.132597940857522e-05
-1955 0.0 8.14091772554093e-05
-1953 0.0 8.149254608724732e-05
-1951 0.0 8.157608499459457e-05
-1949 0.0 8.165979579644045e-05
-1947 0.0 8.174367849278497e-05
-1945 0.0 8.182773399312282e-05
-1943 0.0 8.191196138795931e-05
-1941 0.0 8.199636340577854e-05
-1939 0.0 8.208094004658051e-05
-1937 0.0 8.216569040087052e-05
-1935 0.0 8.225061628763797e-05
-1933 0.0 8.233571770688286e-05
-1931 0.0 8.24209955680999e-05
-1929 0.0 8.250644987128908e-05
-1927 0.0 8.25920815259451e-05
-1925 0.0 8.267789235105738e-05
-1923 0.0 8.27638805276365e-05
-1921 0.0 8.285004787467187e-05
-1919 0.0 8.29363953016582e-05
-1917 0.0 8.302292189910077e-05
-1915 0.0 8.310963039548369e-05
-1913 0.0 8.319651988131227e-05
-1911 0.0 8.32835912660812e-05
-1909 0.0 8.337084454979049e-05
-1907 0.0 8.345828064193483e-05
-1905 0.0 8.354590136150364e-05
-1903 0.0 8.36337057990022e-05
-1901 0.0 8.372169486392522e-05
-1899 0.0 8.38098694657674e-05
-1897 0.0 8.389822960452875e-05
-1895 0.0 8.398677618970396e-05
-1893 0.0 8.407551104028244e-05
-1891 0.0 8.416443233727477e-05
-1889 0.0 8.425354280916508e-05
-1887 0.0 8.434284154645866e-05
-1885 0.0 8.44323303681449e-05
-1883 0.0 8.452200836472912e-05
-1881 0.0 8.46118773552007e-05
-1879 0.0 8.470193824905436e-05
-1877 0.0 8.47921910462901e-05
-1875 0.0 8.488263574690791e-05
-1873 0.0 8.497327326040249e-05
-1871 0.0 8.506410540576326e-05
-1869 0.0 8.51551321829902e-05
-1867 0.0 8.524635359208332e-05
-1865 0.0 8.533777054253733e-05
-1863 0.0 8.542938394384691e-05
-1861 0.0 8.552119379601208e-05
-1859 0.0 8.561320191802224e-05
-1857 0.0 8.570540740038268e-05
-1855 0.0 8.579781206208281e-05
-1853 0.0 8.589041681261733e-05
-1851 0.0 8.598322074249154e-05
-1849 0.0 8.607622567069484e-05
-1847 0.0 8.616943250672193e-05
-1845 0.0 8.626284125057282e-05
-1843 0.0 8.63564528117422e-05
-1841 0.0 8.645026719023008e-05
-1839 0.0 8.654428620502586e-05
-1837 0.0 8.663850985612953e-05
-1835 0.0 8.67329381435411e-05
-1833 0.0 8.682757288624998e-05
-1831 0.0 8.692241499375086e-05
-1829 0.0 8.701746446604375e-05
-1827 0.0 8.711272130312864e-05
-1825 0.0 8.720818732399493e-05
-1823 0.0 8.730386252864264e-05
-1821 0.0 8.739974873606116e-05
-1819 0.0 8.749584503675578e-05
-1817 0.0 8.759215234022122e-05
-1815 0.0 8.768867337494157e-05
-1813 0.0 8.778540632192744e-05
-1811 0.0 8.788235300016822e-05
-1809 0.0 8.797951431915862e-05
-1807 0.0 8.807689118839335e-05
-1805 0.0 8.817448269837769e-05
-1803 0.0 8.827229157759575e-05
-1801 0.0 8.837031782604754e-05
-1799 0.0 8.846856144373305e-05
-1797 0.0 8.856702424964169e-05
-1795 0.0 8.866570533427875e-05
-1793 0.0 8.876460742612835e-05
-1791 0.0 8.886373052519048e-05
-1789 0.0 8.896307554095984e-05
-1787 0.0 8.906264247343643e-05
-1785 0.0 8.916243223211495e-05
-1783 0.0 8.926244663598482e-05
-1781 0.0 8.936268477555132e-05
-1779 0.0 8.946314846980385e-05
-1777 0.0 8.956383862823714e-05
-1775 0.0 8.966475616034586e-05
-1773 0.0 8.976590106613003e-05
-1771 0.0 8.986727334558964e-05
-1769 0.0 8.99688757272088e-05
-1767 0.0 9.00707082109875e-05
-1765 0.0 9.017277170642046e-05
-1763 0.0 9.027506621350767e-05
-1761 0.0 9.037759355123853e-05
-1759 0.0 9.048035371961305e-05
-1757 0.0 9.058334762812592e-05
-1755 0.0 9.068657618627185e-05
-1753 0.0 9.079004121304024e-05
-1751 0.0 9.089374179893639e-05
-1749 0.0 9.09976797629497e-05
-1747 0.0 9.110185601457488e-05
-1745 0.0 9.120627055381192e-05
-1743 0.0 9.131092429015553e-05
-1741 0.0 9.14158199520898e-05
-1739 0.0 9.152095572062535e-05
-1737 0.0 9.162633341475157e-05
-1735 0.0 9.173195485345786e-05
-1733 0.0 9.183782003674423e-05
-1731 0.0 9.194392896461068e-05
-1729 0.0 9.20502843655413e-05
-1727 0.0 9.21568862395361e-05
-1725 0.0 9.226373458659509e-05
-1723 0.0 9.237083122570766e-05
-1721 0.0 9.247817615687381e-05
-1719 0.0 9.258577210857766e-05
-1717 0.0 9.269361817132449e-05
-1715 0.0 9.280171525460901e-05
-1713 0.0 9.291006517742062e-05
-1711 0.0 9.301866884925403e-05
-1709 0.0 9.312752627010923e-05
-1707 0.0 9.323663834948093e-05
-1705 0.0 9.334600690635853e-05
-1703 0.0 9.345563194074202e-05
-1701 0.0 9.356551527162082e-05
-1699 0.0 9.367565689899493e-05
-1697 0.0 9.378605864185374e-05
-1695 0.0 9.389672050019726e-05
-1693 0.0 9.400764429301489e-05
-1691 0.0 9.411883002030663e-05
-1689 0.0 9.423027950106189e-05
-1687 0.0 9.434199273528066e-05
-1685 0.0 9.445397154195234e-05
-1683 0.0 9.456621592107695e-05
-1681 0.0 9.467872769164387e-05
-1679 0.0 9.479150776314782e-05
-1677 0.0 9.490455613558879e-05
-1675 0.0 9.501787553745089e-05
-1673 0.0 9.513146505923942e-05
-1671 0.0 9.524532742943848e-05
-1669 0.0 9.535946173855336e-05
-1667 0.0 9.547387071506819e-05
-1665 0.0 9.558855344948824e-05
-1663 0.0 9.570351267029764e-05
-1661 0.0 9.581874837749638e-05
-1659 0.0 9.593426239007385e-05
-1657 0.0 9.605005561752478e-05
-1655 0.0 9.616612805984914e-05
-1653 0.0 9.628248153603636e-05
-1651 0.0 9.639911695558112e-05
-1649 0.0 9.651603522797814e-05
-1647 0.0 9.66332372627221e-05
-1645 0.0 9.675072396930773e-05
-1643 0.0 9.686849807621911e-05
-1641 0.0 9.698655776446685e-05
-1639 0.0 9.710490667202976e-05
-1637 0.0 9.722354388941312e-05
-1635 0.0 9.734247214510106e-05
-1633 0.0 9.746169143909356e-05
-1631 0.0 9.758120268088533e-05
-1629 0.0 9.770100768946577e-05
-1627 0.0 9.782110737432959e-05
-1625 0.0 9.794150264497148e-05
-1623 0.0 9.806219441088615e-05
-1621 0.0 9.81831835815683e-05
-1619 0.0 9.830447288550204e-05
-1617 0.0 9.842606141319266e-05
-1615 0.0 9.854795189312426e-05
-1613 0.0 9.867014341580216e-05
-1611 0.0 9.879263961920515e-05
-1609 0.0 9.891543868434383e-05
-1607 0.0 9.90385451586917e-05
-1605 0.0 9.916195722325938e-05
-1603 0.0 9.928567760653095e-05
-1601 0.0 9.940970721800113e-05
-1599 0.0 9.953404696716461e-05
-1597 0.0 9.96586986730108e-05
-1595 0.0 9.97836623355397e-05
-1593 0.0 9.990893977374071e-05
-1591 0.0 0.00010003453280660324
-1589 0.0 0.00010016044143412728
-1587 0.0 0.00010028666747530224
-1585 0.0 0.00010041321183962282
-1583 0.0 0.00010054007634607842
-1581 0.0 0.00010066726190416375
-1579 0.0 0.00010079477033286821
-1577 0.0 0.0001009226007226971
-1575 0.0 0.00010105075671162922
-1573 0.0 0.00010117923829966458
-1571 0.0 0.00010130804639629787
-1569 0.0 0.0001014371837300132
-1567 0.0 0.00010156665030081058
-1565 0.0 0.0001016964479276794
-1563 0.0 0.00010182657752011437
-1561 0.0 0.00010195704089710489
-1559 0.0 0.00010208783987764036
-1557 0.0 0.00010221897355222609
-1555 0.0 0.00010235044464934617
-1553 0.0 0.00010248225498799002
-1551 0.0 0.00010261440456815762
-1549 0.0 0.0001027468952088384
-1547 0.0 0.00010287972963851644
-1545 0.0 0.00010301290694769705
-1543 0.0 0.00010314642986486433
-1541 0.0 0.00010328029929951299
-1539 0.0 0.00010341451707063243
-1537 0.0 0.00010354908408771735
-1535 0.0 0.00010368400126026245
-1533 0.0 0.00010381927040725714
-1531 0.0 0.00010395489334769081
-1529 0.0 0.00010409087099105818
-1527 0.0 0.00010422720424685394
-1525 0.0 0.0001043638958435622
-1523 0.0 0.00010450094669067767
-1521 0.0 0.00010463835678820033
-1519 0.0 0.000104776129774109
-1517 0.0 0.00010491426564840367
-1515 0.0 0.00010505276713956846
-1513 0.0 0.00010519163333810866
-1511 0.0 0.00010533086788200308
-1509 0.0 0.00010547047168074641
-1507 0.0 0.00010561044564383337
-1505 0.0 0.00010575079159025336
-1503 0.0 0.00010589151133899577
-1501 0.0 0.00010603260579955531
-1499 0.0 0.00010617407679092139
-1497 0.0 0.0001063159261320834
-1495 0.0 0.00010645815473253606
-1493 0.0 0.00010660076441126876
-1491 0.0 0.0001067437569872709
-1489 0.0 0.00010688713337003719
-1487 0.0 0.00010703089537855703
-1485 0.0 0.00010717504483181983
-1483 0.0 0.00010731958263932029
-1481 0.0 0.0001074645115295425
-1479 0.0 0.00010760983241198119
-1477 0.0 0.00010775554619613104
-1475 0.0 0.00010790165470098145
-1473 0.0 0.00010804816065501655
-1471 0.0 0.00010819506496773101
-1469 0.0 0.00010834236945811426
-1467 0.0 0.0001084900759451557
-1465 0.0 0.00010863818533835001
-1463 0.0 0.00010878669945668662
-1461 0.0 0.00010893562011915492
-1459 0.0 0.00010908494914474431
-1457 0.0 0.00010923468835244421
-1455 0.0 0.00010938483956124401
-1453 0.0 0.00010953540368063841
-1451 0.0 0.00010968638252961682
-1449 0.0 0.00010983777883666335
-1447 0.0 0.00010998959351127269
-1445 0.0 0.00011014182746293955
-1443 0.0 0.00011029448432964273
-1441 0.0 0.00011044756502087694
-1439 0.0 0.00011060107135563157
-1437 0.0 0.00011075500424340134
-1435 0.0 0.00011090936641267035
-1433 0.0 0.000111064159682428
-1431 0.0 0.00011121938587166369
-1429 0.0 0.00011137504679936683
-1427 0.0 0.00011153114246553741
-1425 0.0 0.00011168767832714366
-1423 0.0 0.00011184465256519616
-1421 0.0 0.00011200206972716842
-1419 0.0 0.00011215993072255515
-1417 0.0 0.00011231823646085104
-1415 0.0 0.0001124769896705402
-1413 0.0 0.00011263619308010675
-1411 0.0 0.00011279584759904537
-1409 0.0 0.00011295595504634548
-1407 0.0 0.00011311651815049117
-1405 0.0 0.00011327753782097716
-1403 0.0 0.00011343901769578224
-1401 0.0 0.00011360095686541172
-1399 0.0 0.0001137633607868338
-1397 0.0 0.00011392622855055379
-1395 0.0 0.00011408956379455049
-1393 0.0 0.0001142533674283186
-1391 0.0 0.00011441764308983693
-1389 0.0 0.00011458239077910548
-1387 0.0 0.00011474761413410306
-1385 0.0 0.00011491331497381907
-1383 0.0 0.00011507949511724291
-1381 0.0 0.0001152461554738693
-1379 0.0 0.00011541330059117172
-1377 0.0 0.00011558093046915019
-1375 0.0 0.00011574904783628881
-1373 0.0 0.00011591765542107169
-1371 0.0 0.00011608675504248822
-1369 0.0 0.00011625634851952782
-1367 0.0 0.00011642643858067458
-1365 0.0 0.00011659702613542322
-1363 0.0 0.00011676811482175253
-1361 0.0 0.00011693970736814663
-1359 0.0 0.0001171118037746055
-1357 0.0 0.00011728440767910797
-1355 0.0 0.00011745752090064343
-1353 0.0 0.00011763114616769599
-1351 0.0 0.00011780528529925505
-1349 0.0 0.00011797994102380471
-1347 0.0 0.00011815511606982909
-1345 0.0 0.00011833081134682288
-1343 0.0 0.0001185070295832702
-1341 0.0 0.00011868377441714983
-1339 0.0 0.0001188610467579565
-1337 0.0 0.0001190388484246796
-1335 0.0 0.00011921718396479264
-1333 0.0 0.00011939605428779032
-1331 0.0 0.00011957546303165145
-1329 0.0 0.00011975541019637603
-1327 0.0 0.00011993590123893227
-1325 0.0 0.00012011693615932018
-1323 0.0 0.00012029851950501325
-1321 0.0 0.00012048065218550619
-1319 0.0 0.0001206633360197884
-1317 0.0 0.0001208465764648281
-1315 0.0 0.00012103037352062529
-1313 0.0 0.00012121472991566407
-1311 0.0 0.00012139965019741794
-1309 0.0 0.00012158513436588692
-1307 0.0 0.0001217711860590498
-1305 0.0 0.00012195780891488539
-1303 0.0 0.00012214500429763575
-1301 0.0 0.00012233277539053233
-1299 0.0 0.0001225211244673119
-1297 0.0 0.00012271005471120588
-1295 0.0 0.0001228995679412037
-1293 0.0 0.00012308966779528419
-1291 0.0 0.0001232803570019314
-1289 0.0 0.00012347163738013478
-1287 0.0 0.0001236635125678731
-1285 0.0 0.00012385598483888316
-1283 0.0 0.00012404905737639638
-1281 0.0 0.00012424273290889687
-1279 0.0 0.0001244370137101214
-1277 0.0 0.00012463190341804875
-1275 0.0 0.0001248274043064157
-1273 0.0 0.00012502352001320105
-1271 0.0 0.0001252202523573942
-1269 0.0 0.00012541760497697396
-1267 0.0 0.00012561558060042444
-1265 0.0 0.00012581418241097708
-1263 0.0 0.000126013413137116
-1261 0.0 0.0001262132755073253
-1259 0.0 0.0001264137731595838
-1257 0.0 0.00012661490882237558
-1255 0.0 0.00012681668567893212
-1253 0.0 0.0001270191064577375
-1251 0.0 0.0001272221743420232
-1249 0.0 0.00012742589296976803
-1247 0.0 0.00012763026506945607
-1245 0.0 0.00012783529336957145
-1243 0.0 0.0001280409819628403
-1241 0.0 0.0001282473331229994
-1239 0.0 0.00012845435048802756
-1237 0.0 0.00012866203769590356
-1235 0.0 0.00012887039702036418
-1233 0.0 0.00012907943255413556
-1231 0.0 0.00012928914748044917
-1229 0.0 0.0001294995445277891
-1227 0.0 0.00012971062778888154
-1225 0.0 0.0001299224004469579
-1223 0.0 0.00013013486523050233
-1221 0.0 0.0001303480266869883
-1219 0.0 0.0001305618870901526
-1217 0.0 0.00013077645053272136
-1215 0.0 0.0001309917206526734
-1213 0.0 0.00013120770017849281
-1211 0.0 0.00013142439365765313
-1209 0.0 0.00013164180336389109
-1207 0.0 0.0001318599338446802
-1205 0.0 0.00013207878873799928
-1203 0.0 0.00013229837122707977
-1201 0.0 0.0001325186849499005
-1199 0.0 0.00013273973354444024
-1197 0.0 0.00013296152064867783
-1195 0.0 0.00013318405035533942
-1193 0.0 0.00013340732630240382
-1191 0.0 0.00013363135212784982
-1189 0.0 0.00013385613146965625
-1187 0.0 0.00013408166842054925
-1185 0.0 0.00013430796616376028
-1183 0.0 0.0001345350297015102
-1181 0.0 0.0001347628622170305
-1179 0.0 0.00013499146780304727
-1177 0.0 0.00013522084964279202
-1175 0.0 0.0001354510127384856
-1173 0.0 0.0001356819607281068
-1171 0.0 0.00013591369770438178
-1169 0.0 0.0001361462277600367
-1167 0.0 0.0001363795545330504
-1165 0.0 0.00013661368257089634
-1163 0.0 0.00013684861551155336
-1161 0.0 0.0001370843583572423
-1159 0.0 0.000137320914745942
-1157 0.0 0.00013755828877037857
-1155 0.0 0.00013779648497802555
-1153 0.0 0.00013803550746160909
-1151 0.0 0.0001382753607686027
-1149 0.0 0.00013851604899173253
-1147 0.0 0.00013875757622372475
-1145 0.0 0.00013899994746680022
-1143 0.0 0.00013924316726843244
-1141 0.0 0.00013948723926660023
-1139 0.0 0.00013973216846352443
-1137 0.0 0.00013997795940667856
-1135 0.0 0.00014022461664353614
-1133 0.0 0.00014047214472157066
-1131 0.0 0.00014072054818825563
-1129 0.0 0.00014096983159106458
-1127 0.0 0.00014121999993221834
-1125 0.0 0.00014147105775919044
-1123 0.0 0.0001417230096194544
-1121 0.0 0.00014197586096997838
-1119 0.0 0.00014222961544874124
-1117 0.0 0.00014248427896745852
-1115 0.0 0.00014273985652835108
-1113 0.0 0.00014299635176939773
-1111 0.0 0.00014325377105706139
-1109 0.0 0.00014351211893881555
-1107 0.0 0.00014377139996213373
-1105 0.0 0.00014403161958398414
-1103 0.0 0.000144292783261335
-1101 0.0 0.0001445548955416598
-1099 0.0 0.00014481796188192675
-1097 0.0 0.00014508198682960938
-1095 0.0 0.0001453469767511706
-1093 0.0 0.00014561293664883124
-1091 0.0 0.0001458798715248122
-1089 0.0 0.00014614778683608165
-1087 0.0 0.00014641668803960783
-1085 0.0 0.00014668658059235895
-1083 0.0 0.00014695746949655586
-1081 0.0 0.00014722936111866147
-1079 0.0 0.000147502260915644
-1077 0.0 0.0001477761738897243
-1075 0.0 0.00014805110686211265
-1073 0.0 0.00014832706392553519
-1071 0.0 0.00014860405190120218
-1069 0.0 0.00014888207624608185
-1067 0.0 0.00014916114287188975
-1065 0.0 0.00014944125769034144
-1063 0.0 0.0001497224266131525
-1061 0.0 0.00015000465555203846
-1059 0.0 0.0001502879504187149
-1057 0.0 0.00015057231757964473
-1055 0.0 0.00015085776249179617
-1053 0.0 0.00015114429197637946
-1051 0.0 0.0001514319119451102
-1049 0.0 0.00015172062876445125
-1047 0.0 0.0001520104483461182
-1045 0.0 0.00015230137751132133
-1043 0.0 0.00015259342217177618
-1041 0.0 0.00015288658914869302
-1039 0.0 0.00015318088480853476
-1037 0.0 0.00015347631597251166
-1035 0.0 0.00015377288809759193
-1033 0.0 0.0001540706093692279
-1031 0.0 0.00015436948524438776
-1029 0.0 0.00015466952299902914
-1027 0.0 0.0001549707294543623
-1025 0.0 0.0001552731114315975
-1023 0.0 0.000155576675751945
-1021 0.0 0.00015588142923661508
-1019 0.0 0.00015618737916156533
-1017 0.0 0.00015649453234800603
-1015 0.0 0.00015680289561714744
-1013 0.0 0.00015711247715444188
-1011 0.0 0.0001574232828716049
-1009 0.0 0.00015773532140883617
-1007 0.0 0.00015804859867785126
-1005 0.0 0.00015836312377359718
-1003 0.0 0.00015867890215304215
-1001 0.0 0.00015899594336588052
-999 0.0 0.00015931425332382787
-997 0.0 0.00015963384066708386
-995 0.0 0.0001599547126716061
-993 0.0 0.00016027687706809957
-991 0.0 0.00016060034204201656
-989 0.0 0.00016092511532406206
-987 0.0 0.00016125120464494103
-985 0.0 0.00016157861819010577
-983 0.0 0.00016190736414500861
-981 0.0 0.00016223745069510187
-979 0.0 0.0001625688855710905
-977 0.0 0.00016290167741317418
-975 0.0 0.00016323583486155258
-973 0.0 0.00016357136564693064
-971 0.0 0.0001639082788642554
-969 0.0 0.00016424658269897918
-967 0.0 0.00016458628624604899
-965 0.0 0.00016492739769091713
-963 0.0 0.00016526992612853064
-961 0.0 0.00016561388019908918
-959 0.0 0.00016595926899753977
-957 0.0 0.00016630610116408207
-955 0.0 0.0001666543857936631
-953 0.0 0.00016700413289072458
-951 0.0 0.00016735535064071883
-949 0.0 0.00016770804904808756
-947 0.0 0.0001680622372077778
-945 0.0 0.0001684179246694839
-943 0.0 0.0001687751205281529
-941 0.0 0.00016913383478822652
-939 0.0 0.0001694940769993991
-937 0.0 0.00016985585762085975
-935 0.0 0.0001702191852928081
-933 0.0 0.00017058407138392795
-931 0.0 0.00017095052453441895
-929 0.0 0.00017131855565821752
-927 0.0 0.00017168817521451274
-925 0.0 0.00017205939275299897
-923 0.0 0.00017243221918761265
-921 0.0 0.00017280666497754282
-919 0.0 0.00017318274012723123
-917 0.0 0.00017356045600536163
-915 0.0 0.0001739398230711231
-913 0.0 0.0001743208526931994
-911 0.0 0.00017470355442128493
-909 0.0 0.0001750879409883055
-907 0.0 0.0001754740223987028
-905 0.0 0.00017586181002116064
-903 0.0 0.00017625131567911012
-901 0.0 0.00017664255074123503
-899 0.0 0.00017703552612147178
-897 0.0 0.00017743025409799884
-895 0.0 0.00017782674649424735
-893 0.0 0.00017822501467890106
-891 0.0 0.00017862507093013846
-889 0.0 0.00017902692707139067
-887 0.0 0.00017943059538083617
-885 0.0 0.00017983608813665342
-883 0.0 0.0001802434176170209
-881 0.0 0.00018065259700961178
-879 0.0 0.0001810636381378572
-877 0.0 0.00018147655418943032
-875 0.0 0.00018189135744250962
-873 0.0 0.00018230806153951562
-871 0.0 0.00018272667921337415
-869 0.0 0.00018314722410650575
-867 0.0 0.00018356970895183622
-865 0.0 0.0001839941473917861
-863 0.0 0.00018442055352352327
-861 0.0 0.0001848489405347209
-859 0.0 0.0001852793220677995
-857 0.0 0.000185711712219927
-855 0.0 0.00018614612599776592
-853 0.0 0.00018658257613424212
-851 0.0 0.0001870210780907655
-849 0.0 0.000187461645964504
-847 0.0 0.00018790429476212012
-845 0.0 0.00018834903812603443
-843 0.0 0.00018879589242715156
-841 0.0 0.00018924487221738673
-839 0.0 0.00018969599204865517
-837 0.0 0.00019014926783711417
-835 0.0 0.000190604715498921
-833 0.0 0.0001910623495859909
-831 0.0 0.00019152218692397582
-829 0.0 0.00019198424297428573
-827 0.0 0.00019244853319833055
-825 0.0 0.00019291507533125696
-823 0.0 0.00019338388483447488
-821 0.0 0.00019385497807888896
-819 0.0 0.00019432837234489853
-817 0.0 0.00019480408445815556
-815 0.0 0.00019528213124431204
-813 0.0 0.0001957625299837673
-811 0.0 0.00019624529841166805
-809 0.0 0.00019673045380841359
-807 0.0 0.00019721801345440326
-805 0.0 0.00019770799599427846
-803 0.0 0.00019820041961793322
-801 0.0 0.00019869530206051422
-799 0.0 0.0001991926615119155
-797 0.0 0.0001996925179810205
-795 0.0 0.00020019488874822855
-793 0.0 0.0002006997938224231
-791 0.0 0.00020120725230299286
-789 0.0 0.0002017172832893266
-787 0.0 0.00020222990679030772
-785 0.0 0.000202745141905325
-783 0.0 0.00020326300955275656
-781 0.0 0.00020378352928673849
-779 0.0 0.00020430672202564892
-777 0.0 0.00020483260823311866
-775 0.0 0.0002053612083727785
-773 0.0 0.0002058925438177539
-771 0.0 0.0002064266359411704
-769 0.0 0.00020696350611615344
-767 0.0 0.0002075031761705759
-765 0.0 0.00020804566838705796
-763 0.0 0.0002085910041387251
-761 0.0 0.00020913920661769225
-759 0.0 0.00020969029810657958
-757 0.0 0.00021024430134275462
-755 0.0 0.00021080123997307965
-753 0.0 0.00021136113673492218
-751 0.0 0.00021192401618463919
-749 0.0 0.0002124899010595982
-747 0.0 0.00021305881637090351
-745 0.0 0.00021363078622016474
-743 0.0 0.00021420583561848616
-741 0.0 0.0002147839886674774
-739 0.0 0.00021536527174248477
-737 0.0 0.00021594970939986524
-735 0.0 0.00021653732710547047
-733 0.0 0.0002171281521441415
-731 0.0 0.00021772220998172997
-729 0.0 0.0002183195274483296
-727 0.0 0.0002189201313740341
-725 0.0 0.0002195240490436845
-723 0.0 0.00022013130774212186
-721 0.0 0.0002207419352089346
-719 0.0 0.0002213559600932058
-717 0.0 0.00022197341058927123
-715 0.0 0.00022259431489146664
-713 0.0 0.0002232187030131172
-711 0.0 0.000223846603603306
-709 0.0 0.0002244780466753582
-707 0.0 0.00022511306224259897
-705 0.0 0.00022575168077310082
-703 0.0 0.0002263939331896836
-701 0.0 0.00022703984996041982
-699 0.0 0.0002276894633723714
-697 0.0 0.00022834280480310554
-695 0.0 0.0002289999060849368
-693 0.0 0.00022966080041442183
-691 0.0 0.00023032552053336985
-689 0.0 0.0002309940996383375
-687 0.0 0.00023166657138062874
-685 0.0 0.00023234297032104223
-683 0.0 0.00023302333011088194
-681 0.0 0.00023370768622044125
-679 0.0 0.0002343960741200135
-677 0.0 0.0002350885292798921
-675 0.0 0.00023578508762511774
-673 0.0 0.0002364857864449732
-671 0.0 0.00023719066211924655
-669 0.0 0.00023789975193722057
-667 0.0 0.00023861309455242008
-665 0.0 0.0002393307277088752
-663 0.0 0.00024005269051485811
-661 0.0 0.00024077902253338834
-659 0.0 0.00024150976287273807
-657 0.0 0.00024224495246016886
-655 0.0 0.00024298463176819496
-653 0.0 0.00024372884172407794
-651 0.0 0.00024447762461932143
-649 0.0 0.0002452310222906817
-647 0.0 0.00024598907793915714
-645 0.0 0.000246751834765746
-643 0.0 0.00024751933642619406
-641 0.0 0.0002482916277131153
-639 0.0 0.00024906875296437647
-637 0.0 0.00024985075856420735
-635 0.0 0.00025063768998734304
-633 0.0 0.00025142959407276066
-631 0.0 0.00025222651811418473
-629 0.0 0.00025302851008746075
-627 0.0 0.00025383561865055526
-625 0.0 0.0002546478924614348
-623 0.0 0.000255465381542308
-621 0.0 0.0002562881363701308
-619 0.0 0.0002571162076492328
-617 0.0 0.0002579496474481857
-615 0.0 0.00025878850806293485
-613 0.0 0.0002596328424715466
-611 0.0 0.0002604827043342084
-609 0.0 0.00026133814799322863
-607 0.0 0.0002621992293825315
-605 0.0 0.00026306600329917273
-603 0.0 0.00026393852749606594
-601 0.0 0.0002648168585892563
-599 0.0 0.0002657010547864047
-597 0.0 0.00026659117543204047
-595 0.0 0.0002674872803254402
-593 0.0 0.0002683894294932543
-591 0.0 0.0002692976845537487
-589 0.0 0.00027021210780731053
-587 0.0 0.0002711327622364479
-585 0.0 0.0002720597115057899
-583 0.0 0.0002729930208715814
-581 0.0 0.0002739327558174409
-579 0.0 0.0002748789827364817
-577 0.0 0.000275831769386059
-575 0.0 0.0002767911842056492
-573 0.0 0.00027775729631684953
-571 0.0 0.0002787301764328731
-569 0.0 0.00027970989572168037
-567 0.0 0.00028069652648810006
-565 0.0 0.00028169014240120305
-563 0.0 0.0002826908175848075
-561 0.0 0.0002836986279817211
-559 0.0 0.000284713649762125
-557 0.0 0.00028573596068781626
-555 0.0 0.00028676563965746027
-553 0.0 0.0002878027664792171
-551 0.0 0.00028884742255286255
-549 0.0 0.00028989968996029347
-547 0.0 0.00029095965192027506
-545 0.0 0.00029202739347056195
-543 0.0 0.0002931030007857771
-541 0.0 0.0002941865607226646
-539 0.0 0.0002952781617295841
-537 0.0 0.0002963778940738848
-535 0.0 0.0002974858487050369
-533 0.0 0.0002986021179367526
-531 0.0 0.00029972679612910724
-529 0.0 0.0003008599785516708
-527 0.0 0.00030200176183825533
-525 0.0 0.000303152244669036
-523 0.0 0.000304311526406309
-521 0.0 0.0003054797086861072
-519 0.0 0.0003066568942813319
-517 0.0 0.0003078431875565002
-515 0.0 0.00030903869492249214
-513 0.0 0.00031024352392705623
-511 0.0 0.00031145778416430403
-509 0.0 0.00031268158659258916
-507 0.0 0.0003139150442166283
-505 0.0 0.00031515827186012757
-503 0.0 0.0003164113859384088
-501 0.0 0.00031767450491315685
-499 0.0 0.00031894774929241976
-497 0.0 0.00032023124094848754
-495 0.0 0.00032152510425476066
-493 0.0 0.000322829465403629
-491 0.0 0.0003241444528612192
-489 0.0 0.0003254701969126472
-487 0.0 0.00032680682988939225
-485 0.0 0.0003281544863966701
-483 0.0 0.00032951330399555445
-481 0.0 0.0003308834213839873
-479 0.0 0.00033226498021576845
-477 0.0 0.00033365812441843445
-475 0.0 0.0003350630004206323
-473 0.0 0.0003364797571521194
-471 0.0 0.0003379085453616426
-469 0.0 0.00033934951989067486
-467 0.0 0.00034080283649018384
-465 0.0 0.0003422686547764897
-463 0.0 0.0003437471366396494
-461 0.0 0.00034523844715295127
-459 0.0 0.00034674275366342044
-457 0.0 0.00034826022715606086
-455 0.0 0.0003497910408896132
-453 0.0 0.000351335371760797
-451 0.0 0.00035289339962218946
-449 0.0 0.00035446530750959937
-447 0.0 0.0003560512816420669
-445 0.0 0.00035765151164923736
-443 0.0 0.0003592661907987349
-441 0.0 0.0003608955155414151
-439 0.0 0.0003625396859661123
-437 0.0 0.00036419890602701344
-435 0.0 0.00036587338354365784
-433 0.0 0.00036756332929144264
-431 0.0 0.00036926895904798585
-429 0.0 0.00037099049222888425
-427 0.0 0.00037272815211508714
-425 0.0 0.0003744821665350173
-423 0.0 0.0003762527674098237
-421 0.0 0.00037804019075338147
-419 0.0 0.0003798446780365339
-417 0.0 0.00038166647459547676
-415 0.0 0.0003835058305412531
-413 0.0 0.0003853630012145004
-411 0.0 0.00038723824627595604
-409 0.0 0.00038913183129807294
-407 0.0 0.0003910440264007775
-405 0.0 0.0003929751073883381
-403 0.0 0.00039492535552199115
-401 0.0 0.0003968950575199415
-399 0.0 0.00039888450578473567
-397 0.0 0.0004008939988580096
-395 0.0 0.00040292384119311464
-393 0.0 0.0004049743433824915
-391 0.0 0.00040704582283979107
-389 0.0 0.00040913860266300617
-387 0.0 0.0004112530134534609
-385 0.0 0.00041338939195156854
-383 0.0 0.00041554808262844745
-381 0.0 0.0004177294365490525
-379 0.0 0.00041993381273641717
-377 0.0 0.00042216157748953265
-375 0.0 0.0004244131050654687
-373 0.0 0.00042668877767937374
-371 0.0 0.0004289889859592222
-369 0.0 0.00043131412871844077
-367 0.0 0.0004336646134106559
-365 0.0 0.00043604085703918827
-363 0.0 0.0004384432850201847
-361 0.0 0.00044087233300160733
-359 0.0 0.0004433284450442443
-357 0.0 0.00044581207680494117
-355 0.0 0.00044832369326286425
-353 0.0 0.0004508637698563689
-351 0.0 0.00045343279316512053
-349 0.0 0.00045603126068272104
-347 0.0 0.0004586596817262034
-345 0.0 0.0004613185774360318
-343 0.0 0.0004640084805487277
-341 0.0 0.0004667299367611122
-339 0.0 0.0004694835045029322
-337 0.0 0.00047226975539160776
-335 0.0 0.00047508927514172683
-333 0.0 0.0004779426628829242
-331 0.0 0.00048083053275149723
-329 0.0 0.00048375351320828486
-327 0.0 0.00048671224885765696
-325 0.0 0.0004897073997653933
-323 0.0 0.0004927396422544916
-321 0.0 0.0004958096697009751
-319 0.0 0.0004989181927612663
-317 0.0 0.0005020659399406213
-315 0.0 0.0005052536586163114
-313 0.0 0.0005084821148102492
-311 0.0 0.0005117520945532306
-309 0.0 0.0005150644041123087
-307 0.0 0.0005184198707866017
-305 0.0 0.0005218193434757268
-303 0.0 0.000525263693702982
-301 0.0 0.0005287538159564065
-299 0.0 0.0005322906287119622
-297 0.0 0.0005358750753430286
-295 0.0 0.0005395081245751498
-293 0.0 0.0005431907717365902
-291 0.0 0.0005469240394404551
-289 0.0 0.0005507089786078723
-287 0.0 0.0005545466694911738
-285 0.0 0.0005584382226970774
-283 0.0 0.0005623847800961812
-281 0.0 0.0005663875160735188
-279 0.0 0.0005704476391201752
-277 0.0 0.0005745663919469735
-275 0.0 0.0005787450537582117
-273 0.0 0.0005829849413885313
-271 0.0 0.0005872874103260983
-269 0.0 0.0005916538564179064
-267 0.0 0.0005960857173477052
-265 0.0 0.0006005844743413036
-263 0.0 0.0006051516533034373
-261 0.0 0.0006097888273188801
-259 0.0 0.0006144976176756245
-257 0.0 0.0006192796967070535
-255 0.0 0.000624136788587748
-253 0.0 0.0006290706724030315
-251 0.0 0.0006340831837405858
-249 0.0 0.0006391762171915616
-247 0.0 0.0006443517287380018
-245 0.0 0.000649611738481326
-243 0.0 0.0006549583325750064
-241 0.0 0.0006603936667488597
-239 0.0 0.0006659199686964712
-237 0.0 0.0006715395413721126
-235 0.0 0.0006772547664013473
-233 0.0 0.0006830681065821409
-231 0.0 0.0006889821105460214
-229 0.0 0.000694999415827624
-227 0.0 0.0007011227527300434
-225 0.0 0.0007073549487586206
-223 0.0 0.0007136989328273557
-221 0.0 0.0007201577400337555
-219 0.0 0.0007267345160926197
-217 0.0 0.0007334325229066962
-215 0.0 0.0007402551436825888
-213 0.0 0.0007472058883877253
-211 0.0 0.0007542884006852546
-209 0.0 0.0007615064631636415
-207 0.0 0.0007688640048399975
-205 0.0 0.0007763651080949785
-203 0.0 0.0007840140160624287
-201 0.0 0.0007918151408148333
-199 0.0 0.0007997730717761442
-197 0.0 0.0008078925848167273
-195 0.0 0.0008161786516893699
-193 0.0 0.0008246364500337222
-191 0.0 0.0008332713747449816
-189 0.0 0.0008420890487741417
-187 0.0 0.0008510953358609186
-185 0.0 0.0008602963529256158
-183 0.0 0.0008696984847347267
-181 0.0 0.000879308397998102
-179 0.0 0.0008891330573987943
-177 0.0 0.0008991797424187098
-175 0.0 0.0009094560654148154
-173 0.0 0.0009199699907185277
-171 0.0 0.0009307298550993437
-169 0.0 0.0009417443901611477
-167 0.0 0.0009530227457617002
-165 0.0 0.0009645745152511154
-163 0.0 0.0009764097629840762
-161 0.0 0.0009885390531962912
-159 0.0 0.0010009734819504956
-157 0.0 0.001013724710446695
-155 0.0 0.001026805001856701
-153 0.0 0.0010402272606029328
-151 0.0 0.0010540050747067653
-149 0.0 0.0010681527617748543
-147 0.0 0.001082685418566598
-145 0.0 0.0010976189748248544
-143 0.0 0.0011129702513699158
-141 0.0 0.0011287570235367639
-139 0.0 0.001144998089444016
-137 0.0 0.0011617133452546113
-135 0.0 0.001178923865836623
-133 0.0 0.0011966519938937381
-131 0.0 0.0012149214364285399
-129 0.0 0.0012337573708123273
-127 0.0 0.0012531865601772552
-125 0.0 0.0012732374806319058
-123 0.0 0.0012939404603571347
-121 0.0 0.001315327832571711
-119 0.0 0.0013374341042435844
-117 0.0 0.0013602961417973347
-115 0.0 0.0013839533761483835
-113 0.0 0.0014084480298492963
-111 0.0 0.0014338253683945368
-109 0.0 0.001460133979605871
-107 0.0 0.0014874260838269038
-105 0.0 0.00151575788027003
-103 0.0 0.0015451899329264052
-101 0.0 0.0015757876029169893
-99 0.0 0.0016076215329690058
-97 0.0 0.0016407681920327377
-95 0.0 0.0016753104883946435
-93 0.0 0.0017113384621438854
-91 0.0 0.0017489500688157023
-89 0.0 0.0017882520689909143
-87 0.0 0.0018293610398814053
-85 0.0 0.0018724045307294546
-83 0.0 0.0019175223843035383
-81 0.0 0.0019648682548165652
-79 0.0 0.002014611356145224
-77 0.0 0.002066938482386149
-75 0.0 0.0021220563519648294
-73 0.0 0.0021801943368302545
-71 0.0 0.0022416076530760165
-69 0.0 0.0023065811063247565
-67 0.0 0.002375433507921798
-65 0.0 0.0024485229064055147
-63 0.0 0.002526252815442831
-61 0.0 0.002609079666854086
-59 0.0 0.0026975217793392403
-57 0.0 0.0027921702155424555
-55 0.0 0.002893702007384036
-53 0.0 0.0030028963760457827
-51 0.0 0.0031206547679119012
-49 0.0 0.0032480257971201354
-47 0.0 0.0033862365558832153
-45 0.0 0.003536732273460075
-43 0.0 0.0037012270422280835
-41 0.0 0.003881769388385692
-39 0.0 0.004080828016910232
-37 0.0 0.004301405361971433
-35 0.0 0.004547190064428719
-33 0.0 0.00482276488780542
-31 0.0 0.005133895105302599
-29 0.0 0.005487936198335319
-27 0.0 0.00589442271768803
-25 0.0 0.006365939732305037
-23 0.0 0.006919448823850871
-21 0.0 0.007578371550025054
-19 0.0 0.008375988275261648
-17 0.0 0.009361235053589212
-15 0.0 0.01060913530705676
-13 0.0 0.012240853504216886
-11 0.0 0.014465603575750663
-9 0.0 0.017678355923308686
-7 0.0 0.02272467910316678
-5 0.0 0.03179880227414067
-3 0.0 0.05290316964454789
-1 0.0 0.15531565588582197
1 0.0 -0.15531565588582197
3 0.0 -0.05290316964454789
5 0.0 -0.03179880227414067
7 0.0 -0.02272467910316678
9 0.0 -0.017678355923308686
11 0.0 -0.014465603575750663
13 0.0 -0.012240853504216886
15 0.0 -0.01060913530705676
17 0.0 -0.009361235053589212
19 0.0 -0.008375988275261648
21 0.0 -0.007578371550025054
23 0.0 -0.006919448823850871
25 0.0 -0.006365939732305037
27 0.0 -0.00589442271768803
29 0.0 -0.005487936198335319
31 0.0 -0.005133895105302599
33 0.0 -0.00482276488780542
35 0.0 -0.004547190064428719
37 0.0 -0.004301405361971433
39 0.0 -0.004080828016910232
41 0.0 -0.003881769388385692
43 0.0 -0.0037012270422280835
45 0.0 -0.003536732273460075
47 0.0 -0.0033862365558832153
49 0.0 -0.0032480257971201354
51 0.0 -0.0031206547679119012
53 0.0 -0.0030028963760457827
55 0.0 -0.002893702007384036
57 0.0 -0.0027921702155424555
59 0.0 -0.0026975217793392403
61 0.0 -0.002609079666854086
63 0.0 -0.002526252815442831
65 0.0 -0.0024485229064055147
67 0.0 -0.002375433507921798
69 0.0 -0.0023065811063247565
71 0.0 -0.0022416076530760165
73 0.0 -0.0021801943368302545
75 0.0 -0.0021220563519648294
77 0.0 -0.002066938482386149
79 0.0 -0.002014611356145224
81 0.0 -0.0019648682548165652
83 0.0 -0.0019175223843035383
85 0.0 -0.0018724045307294546
87 0.0 -0.0018293610398814053
89 0.0 -0.0017882520689909143
91 0.0 -0.0017489500688157023
93 0.0 -0.0017113384621438854
95 0.0 -0.0016753104883946435
97 0.0 -0.0016407681920327377
99 0.0 -0.0016076215329690058
101 0.0 -0.0015757876029169893
103 0.0 -0.0015451899329264052
105 0.0 -0.00151575788027003
107 0.0 -0.0014874260838269038
109 0.0 -0.001460133979605871
111 0.0 -0.0014338253683945368
113 0.0 -0.0014084480298492963
115 0.0 -0.0013839533761483835
117 0.0 -0.0013602961417973347
119 0.0 -0.0013374341042435844
121 0.0 -0.001315327832571711
123 0.0 -0.0012939404603571347
125 0.0 -0.0012732374806319058
127 0.0 -0.0012531865601772552
129 0.0 -0.0012337573708123273
131 0.0 -0.0012149214364285399
133 0.0 -0.0011966519938937381
135 0.0 -0.001178923865836623
137 0.0 -0.0011617133452546113
139 0.0 -0.001144998089444016
141 0.0 -0.0011287570235367639
143 0.0 -0.0011129702513699158
145 0.0 -0.0010976189748248544
147 0.0 -0.001082685418566598
149 0.0 -0.0010681527617748543
151 0.0 -0.0010540050747067653
153 0.0 -0.0010402272606029328
155 0.0 -0.001026805001856701
157 0.0 -0.001013724710446695
159 0.0 -0.0010009734819504956
161 0.0 -0.0009885390531962912
163 0.0 -0.0009764097629840762
165 0.0 -0.0009645745152511154
167 0.0 -0.0009530227457617002
169 0.0 -0.0009417443901611477
171 0.0 -0.0009307298550993437
173 0.0 -0.0009199699907185277
175 0.0 -0.0009094560654148154
177 0.0 -0.0008991797424187098
179 0.0 -0.0008891330573987943
181 0.0 -0.000879308397998102
183 0.0 -0.0008696984847347267
185 0.0 -0.0008602963529256158
187 0.0 -0.0008510953358609186
189 0.0 -0.0008420890487741417
191 0.0 -0.0008332713747449816
193 0.0 -0.0008246364500337222
195 0.0 -0.0008161786516893699
197 0.0 -0.0008078925848167273
199 0.0 -0.0007997730717761442
201 0.0 -0.0007918151408148333
203 0.0 -0.0007840140160624287
205 0.0 -0.0007763651080949785
207 0.0 -0.0007688640048399975
209 0.0 -0.0007615064631636415
211 0.0 -0.0007542884006852546
213 0.0 -0.0007472058883877253
215 0.0 -0.0007402551436825888
217 0.0 -0.0007334325229066962
219 0.0 -0.0007267345160926197
221 0.0 -0.0007201577400337555
223 0.0 -0.0007136989328273557
225 0.0 -0.0007073549487586206
227 0.0 -0.0007011227527300434
229 0.0 -0.000694999415827624
231 0.0 -0.0006889821105460214
233 0.0 -0.0006830681065821409
235 0.0 -0.0006772547664013473
237 0.0 -0.0006715395413721126
239 0.0 -0.0006659199686964712
241 0.0 -0.0006603936667488597
243 0.0 -0.0006549583325750064
245 0.0 -0.000649611738481326
247 0.0 -0.0006443517287380018
249 0.0 -0.0006391762171915616
251 0.0 -0.0006340831837405858
253 0.0 -0.0006290706724030315
255 0.0 -0.000624136788587748
257 0.0 -0.0006192796967070535
259 0.0 -0.0006144976176756245
261 0.0 -0.0006097888273188801
263 0.0 -0.0006051516533034373
265 0.0 -0.0006005844743413036
267 0.0 -0.0005960857173477052
269 0.0 -0.0005916538564179064
271 0.0 -0.0005872874103260983
273 0.0 -0.0005829849413885313
275 0.0 -0.0005787450537582117
277 0.0 -0.0005745663919469735
279 0.0 -0.0005704476391201752
281 0.0 -0.0005663875160735188
283 0.0 -0.0005623847800961812
285 0.0 -0.0005584382226970774
287 0.0 -0.0005545466694911738
289 0.0 -0.0005507089786078723
291 0.0 -0.0005469240394404551
293 0.0 -0.0005431907717365902
295 0.0 -0.0005395081245751498
297 0.0 -0.0005358750753430286
299 0.0 -0.0005322906287119622
301 0.0 -0.0005287538159564065
303 0.0 -0.000525263693702982
305 0.0 -0.0005218193434757268
307 0.0 -0.0005184198707866017
309 0.0 -0.0005150644041123087
311 0.0 -0.0005117520945532306
313 0.0 -0.0005084821148102492
315 0.0 -0.0005052536586163114
317 0.0 -0.0005020659399406213
319 0.0 -0.0004989181927612663
321 0.0 -0.0004958096697009751
323 0.0 -0.0004927396422544916
325 0.0 -0.0004897073997653933
327 0.0 -0.00048671224885765696
329 0.0 -0.00048375351320828486
331 0.0 -0.00048083053275149723
333 0.0 -0.0004779426628829242
335 0.0 -0.00047508927514172683
337 0.0 -0.00047226975539160776
339 0.0 -0.0004694835045029322
341 0.0 -0.0004667299367611122
343 0.0 -0.0004640084805487277
345 0.0 -0.0004613185774360318
347 0.0 -0.0004586596817262034
349 0.0 -0.00045603126068272104
351 0.0 -0.00045343279316512053
353 0.0 -0.0004508637698563689
355 0.0 -0.00044832369326286425
357 0.0 -0.00044581207680494117
359 0.0 -0.0004433284450442443
361 0.0 -0.00044087233300160733
363 0.0 -0.0004384432850201847
365 0.0 -0.00043604085703918827
367 0.0 -0.0004336646134106559
369 0.0 -0.00043131412871844077
371 0.0 -0.0004289889859592222
373 0.0 -0.00042668877767937374
375 0.0 -0.0004244131050654687
377 0.0 -0.00042216157748953265
379 0.0 -0.00041993381273641717
381 0.0 -0.0004177294365490525
383 0.0 -0.00041554808262844745
385 0.0 -0.00041338939195156854
387 0.0 -0.0004112530134534609
389 0.0 -0.00040913860266300617
391 0.0 -0.00040704582283979107
393 0.0 -0.0004049743433824915
395 0.0 -0.00040292384119311464
397 0.0 -0.0004008939988580096
399 0.0 -0.00039888450578473567
401 0.0 -0.0003968950575199415
403 0.0 -0.00039492535552199115
405 0.0 -0.0003929751073883381
407 0.0 -0.0003910440264007775
409 0.0 -0.00038913183129807294
411 0.0 -0.00038723824627595604
413 0.0 -0.0003853630012145004
415 0.0 -0.0003835058305412531
417 0.0 -0.00038166647459547676
419 0.0 -0.0003798446780365339
421 0.0 -0.00037804019075338147
423 0.0 -0.0003762527674098237
425 0.0 -0.0003744821665350173
427 0.0 -0.00037272815211508714
429 0.0 -0.00037099049222888425
431 0.0 -0.00036926895904798585
433 0.0 -0.00036756332929144264
435 0.0 -0.00036587338354365784
437 0.0 -0.00036419890602701344
439 0.0 -0.0003625396859661123
441 0.0 -0.0003608955155414151
443 0.0 -0.0003592661907987349
445 0.0 -0.00035765151164923736
447 0.0 -0.0003560512816420669
449 0.0 -0.00035446530750959937
451 0.0 -0.00035289339962218946
453 0.0 -0.000351335371760797
455 0.0 -0.0003497910408896132
457 0.0 -0.00034826022715606086
459 0.0 -0.00034674275366342044
461 0.0 -0.00034523844715295127
463 0.0 -0.0003437471366396494
465 0.0 -0.0003422686547764897
467 0.0 -0.00034080283649018384
469 0.0 -0.00033934951989067486
471 0.0 -0.0003379085453616426
473 0.0 -0.0003364797571521194
475 0.0 -0.0003350630004206323
477 0.0 -0.00033365812441843445
479 0.0 -0.00033226498021576845
481 0.0 -0.0003308834213839873
483 0.0 -0.00032951330399555445
485 0.0 -0.0003281544863966701
487 0.0 -0.00032680682988939225
489 0.0 -0.0003254701969126472
491 0.0 -0.0003241444528612192
493 0.0 -0.000322829465403629
495 0.0 -0.00032152510425476066
497 0.0 -0.00032023124094848754
499 0.0 -0.00031894774929241976
501 0.0 -0.00031767450491315685
503 0.0 -0.0003164113859384088
505 0.0 -0.00031515827186012757
507 0.0 -0.0003139150442166283
509 0.0 -0.00031268158659258916
511 0.0 -0.00031145778416430403
513 0.0 -0.00031024352392705623
515 0.0 -0.00030903869492249214
517 0.0 -0.0003078431875565002
519 0.0 -0.0003066568942813319
521 0.0 -0.0003054797086861072
523 0.0 -0.000304311526406309
525 0.0 -0.000303152244669036
527 0.0 -0.00030200176183825533
529 0.0 -0.0003008599785516708
531 0.0 -0.00029972679612910724
533 0.0 -0.0002986021179367526
535 0.0 -0.0002974858487050369
537 0.0 -0.0002963778940738848
539 0.0 -0.0002952781617295841
541 0.0 -0.0002941865607226646
543 0.0 -0.0002931030007857771
545 0.0 -0.00029202739347056195
547 0.0 -0.00029095965192027506
549 0.0 -0.00028989968996029347
551 0.0 -0.00028884742255286255
553 0.0 -0.0002878027664792171
555 0.0 -0.00028676563965746027
557 0.0 -0.00028573596068781626
559 0.0 -0.000284713649762125
561 0.0 -0.0002836986279817211
563 0.0 -0.0002826908175848075
565 0.0 -0.00028169014240120305
567 0.0 -0.00028069652648810006
569 0.0 -0.00027970989572168037
571 0.0 -0.0002787301764328731
573 0.0 -0.00027775729631684953
575 0.0 -0.0002767911842056492
577 0.0 -0.000275831769386059
579 0.0 -0.0002748789827364817
581 0.0 -0.0002739327558174409
583 0.0 -0.0002729930208715814
585 0.0 -0.0002720597115057899
587 0.0 -0.0002711327622364479
589 0.0 -0.00027021210780731053
591 0.0 -0.0002692976845537487
593 0.0 -0.0002683894294932543
595 0.0 -0.0002674872803254402
597 0.0 -0.00026659117543204047
599 0.0 -0.0002657010547864047
601 0.0 -0.0002648168585892563
603 0.0 -0.00026393852749606594
605 0.0 -0.00026306600329917273
607 0.0 -0.0002621992293825315
609 0.0 -0.00026133814799322863
611 0.0 -0.0002604827043342084
613 0.0 -0.0002596328424715466
615 0.0 -0.00025878850806293485
617 0.0 -0.0002579496474481857
619 0.0 -0.0002571162076492328
621 0.0 -0.0002562881363701308
623 0.0 -0.000255465381542308
625 0.0 -0.0002546478924614348
627 0.0 -0.00025383561865055526
629 0.0 -0.00025302851008746075
631 0.0 -0.00025222651811418473
633 0.0 -0.00025142959407276066
635 0.0 -0.00025063768998734304
637 0.0 -0.00024985075856420735
639 0.0 -0.00024906875296437647
641 0.0 -0.0002482916277131153
643 0.0 -0.00024751933642619406
645 0.0 -0.000246751834765746
647 0.0 -0.00024598907793915714
649 0.0 -0.0002452310222906817
651 0.0 -0.00024447762461932143
653 0.0 -0.00024372884172407794
655 0.0 -0.00024298463176819496
657 0.0 -0.00024224495246016886
659 0.0 -0.00024150976287273807
661 0.0 -0.00024077902253338834
663 0.0 -0.00024005269051485811
665 0.0 -0.0002393307277088752
667 0.0 -0.00023861309455242008
669 0.0 -0.00023789975193722057
671 0.0 -0.00023719066211924655
673 0.0 -0.0002364857864449732
675 0.0 -0.00023578508762511774
677 0.0 -0.0002350885292798921
679 0.0 -0.0002343960741200135
681 0.0 -0.00023370768622044125
683 0.0 -0.00023302333011088194
685 0.0 -0.00023234297032104223
687 0.0 -0.00023166657138062874
689 0.0 -0.0002309940996383375
691 0.0 -0.00023032552053336985
693 0.0 -0.00022966080041442183
695 0.0 -0.0002289999060849368
697 0.0 -0.00022834280480310554
699 0.0 -0.0002276894633723714
701 0.0 -0.00022703984996041982
703 0.0 -0.0002263939331896836
705 0.0 -0.00022575168077310082
707 0.0 -0.00022511306224259897
709 0.0 -0.0002244780466753582
711 0.0 -0.000223846603603306
713 0.0 -0.0002232187030131172
715 0.0 -0.00022259431489146664
717 0.0 -0.00022197341058927123
719 0.0 -0.0002213559600932058
721 0.0 -0.0002207419352089346
723 0.0 -0.00022013130774212186
725 0.0 -0.0002195240490436845
727 0.0 -0.0002189201313740341
729 0.0 -0.0002183195274483296
731 0.0 -0.00021772220998172997
733 0.0 -0.0002171281521441415
735 0.0 -0.00021653732710547047
737 0.0 -0.00021594970939986524
739 0.0 -0.00021536527174248477
741 0.0 -0.0002147839886674774
743 0.0 -0.00021420583561848616
745 0.0 -0.00021363078622016474
747 0.0 -0.00021305881637090351
749 0.0 -0.0002124899010595982
751 0.0 -0.00021192401618463919
753 0.0 -0.00021136113673492218
755 0.0 -0.00021080123997307965
757 0.0 -0.00021024430134275462
759 0.0 -0.00020969029810657958
761 0.0 -0.00020913920661769225
763 0.0 -0.0002085910041387251
765 0.0 -0.00020804566838705796
767 0.0 -0.0002075031761705759
769 0.0 -0.00020696350611615344
771 0.0 -0.0002064266359411704
773 0.0 -0.0002058925438177539
775 0.0 -0.0002053612083727785
777 0.0 -0.00020483260823311866
779 0.0 -0.00020430672202564892
781 0.0 -0.00020378352928673849
783 0.0 -0.00020326300955275656
785 0.0 -0.000202745141905325
787 0.0 -0.00020222990679030772
789 0.0 -0.0002017172832893266
791 0.0 -0.00020120725230299286
793 0.0 -0.0002006997938224231
795 0.0 -0.00020019488874822855
797 0.0 -0.0001996925179810205
799 0.0 -0.0001991926615119155
801 0.0 -0.00019869530206051422
803 0.0 -0.00019820041961793322
805 0.0 -0.00019770799599427846
807 0.0 -0.00019721801345440326
809 0.0 -0.00019673045380841359
811 0.0 -0.00019624529841166805
813 0.0 -0.0001957625299837673
815 0.0 -0.00019528213124431204
817 0.0 -0.00019480408445815556
819 0.0 -0.00019432837234489853
821 0.0 -0.00019385497807888896
823 0.0 -0.00019338388483447488
825 0.0 -0.00019291507533125696
827 0.0 -0.00019244853319833055
829 0.0 -0.00019198424297428573
831 0.0 -0.00019152218692397582
833 0.0 -0.0001910623495859909
835 0.0 -0.000190604715498921
837 0.0 -0.00019014926783711417
839 0.0 -0.00018969599204865517
841 0.0 -0.00018924487221738673
843 0.0 -0.00018879589242715156
845 0.0 -0.00018834903812603443
847 0.0 -0.00018790429476212012
849 0.0 -0.000187461645964504
851 0.0 -0.0001870210780907655
853 0.0 -0.00018658257613424212
855 0.0 -0.00018614612599776592
857 0.0 -0.000185711712219927
859 0.0 -0.0001852793220677995
861 0.0 -0.0001848489405347209
863 0.0 -0.00018442055352352327
865 0.0 -0.0001839941473917861
867 0.0 -0.00018356970895183622
869 0.0 -0.00018314722410650575
871 0.0 -0.00018272667921337415
873 0.0 -0.00018230806153951562
875 0.0 -0.00018189135744250962
877 0.0 -0.00018147655418943032
879 0.0 -0.0001810636381378572
881 0.0 -0.00018065259700961178
883 0.0 -0.0001802434176170209
885 0.0 -0.00017983608813665342
887 0.0 -0.00017943059538083617
889 0.0 -0.00017902692707139067
891 0.0 -0.00017862507093013846
893 0.0 -0.00017822501467890106
895 0.0 -0.00017782674649424735
897 0.0 -0.00017743025409799884
899 0.0 -0.00017703552612147178
901 0.0 -0.00017664255074123503
903 0.0 -0.00017625131567911012
905 0.0 -0.00017586181002116064
907 0.0 -0.0001754740223987028
909 0.0 -0.0001750879409883055
911 0.0 -0.00017470355442128493
913 0.0 -0.0001743208526931994
915 0.0 -0.0001739398230711231
917 0.0 -0.00017356045600536163
919 0.0 -0.00017318274012723123
921 0.0 -0.00017280666497754282
923 0.0 -0.00017243221918761265
925 0.0 -0.00017205939275299897
927 0.0 -0.00017168817521451274
929 0.0 -0.00017131855565821752
931 0.0 -0.00017095052453441895
933 0.0 -0.00017058407138392795
935 0.0 -0.0001702191852928081
937 0.0 -0.00016985585762085975
939 0.0 -0.0001694940769993991
941 0.0 -0.00016913383478822652
943 0.0 -0.0001687751205281529
945 0.0 -0.0001684179246694839
947 0.0 -0.0001680622372077778
949 0.0 -0.00016770804904808756
951 0.0 -0.00016735535064071883
953 0.0 -0.00016700413289072458
955 0.0 -0.0001666543857936631
957 0.0 -0.00016630610116408207
959 0.0 -0.00016595926899753977
961 0.0 -0.00016561388019908918
963 0.0 -0.00016526992612853064
965 0.0 -0.00016492739769091713
967 0.0 -0.00016458628624604899
969 0.0 -0.00016424658269897918
971 0.0 -0.0001639082788642554
973 0.0 -0.00016357136564693064
975 0.0 -0.00016323583486155258
977 0.0 -0.00016290167741317418
979 0.0 -0.0001625688855710905
981 0.0 -0.00016223745069510187
983 0.0 -0.00016190736414500861
985 0.0 -0.00016157861819010577
987 0.0 -0.00016125120464494103
989 0.0 -0.00016092511532406206
991 0.0 -0.00016060034204201656
993 0.0 -0.00016027687706809957
995 0.0 -0.0001599547126716061
997 0.0 -0.00015963384066708386
999 0.0 -0.00015931425332382787
1001 0.0 -0.00015899594336588052
1003 0.0 -0.00015867890215304215
1005 0.0 -0.00015836312377359718
1007 0.0 -0.00015804859867785126
1009 0.0 -0.00015773532140883617
1011 0.0 -0.0001574232828716049
1013 0.0 -0.00015711247715444188
1015 0.0 -0.00015680289561714744
1017 0.0 -0.00015649453234800603
1019 0.0 -0.00015618737916156533
1021 0.0 -0.00015588142923661508
1023 0.0 -0.000155576675751945
1025 0.0 -0.0001552731114315975
1027 0.0 -0.0001549707294543623
1029 0.0 -0.00015466952299902914
1031 0.0 -0.00015436948524438776
1033 0.0 -0.0001540706093692279
1035 0.0 -0.00015377288809759193
1037 0.0 -0.00015347631597251166
1039 0.0 -0.00015318088480853476
1041 0.0 -0.00015288658914869302
1043 0.0 -0.00015259342217177618
1045 0.0 -0.00015230137751132133
1047 0.0 -0.0001520104483461182
1049 0.0 -0.00015172062876445125
1051 0.0 -0.0001514319119451102
1053 0.0 -0.00015114429197637946
1055 0.0 -0.00015085776249179617
1057 0.0 -0.00015057231757964473
1059 0.0 -0.0001502879504187149
1061 0.0 -0.00015000465555203846
1063 0.0 -0.0001497224266131525
1065 0.0 -0.00014944125769034144
1067 0.0 -0.00014916114287188975
1069 0.0 -0.00014888207624608185
1071 0.0 -0.00014860405190120218
1073 0.0 -0.00014832706392553519
1075 0.0 -0.00014805110686211265
1077 0.0 -0.0001477761738897243
1079 0.0 -0.000147502260915644
1081 0.0 -0.00014722936111866147
1083 0.0 -0.00014695746949655586
1085 0.0 -0.00014668658059235895
1087 0.0 -0.00014641668803960783
1089 0.0 -0.00014614778683608165
1091 0.0 -0.0001458798715248122
1093 0.0 -0.00014561293664883124
1095 0.0 -0.0001453469767511706
1097 0.0 -0.00014508198682960938
1099 0.0 -0.00014481796188192675
1101 0.0 -0.0001445548955416598
1103 0.0 -0.000144292783261335
1105 0.0 -0.00014403161958398414
1107 0.0 -0.00014377139996213373
1109 0.0 -0.00014351211893881555
1111 0.0 -0.00014325377105706139
1113 0.0 -0.00014299635176939773
1115 0.0 -0.00014273985652835108
1117 0.0 -0.00014248427896745852
1119 0.0 -0.00014222961544874124
1121 0.0 -0.00014197586096997838
1123 0.0 -0.0001417230096194544
1125 0.0 -0.00014147105775919044
1127 0.0 -0.00014121999993221834
1129 0.0 -0.00014096983159106458
1131 0.0 -0.00014072054818825563
1133 0.0 -0.00014047214472157066
1135 0.0 -0.00014022461664353614
1137 0.0 -0.00013997795940667856
1139 0.0 -0.00013973216846352443
1141 0.0 -0.00013948723926660023
1143 0.0 -0.00013924316726843244
1145 0.0 -0.00013899994746680022
1147 0.0 -0.00013875757622372475
1149 0.0 -0.00013851604899173253
1151 0.0 -0.0001382753607686027
1153 0.0 -0.00013803550746160909
1155 0.0 -0.00013779648497802555
1157 0.0 -0.00013755828877037857
1159 0.0 -0.000137320914745942
1161 0.0 -0.0001370843583572423
1163 0.0 -0.00013684861551155336
1165 0.0 -0.00013661368257089634
1167 0.0 -0.0001363795545330504
1169 0.0 -0.0001361462277600367
1171 0.0 -0.00013591369770438178
1173 0.0 -0.0001356819607281068
1175 0.0 -0.0001354510127384856
1177 0.0 -0.00013522084964279202
1179 0.0 -0.00013499146780304727
1181 0.0 -0.0001347628622170305
1183 0.0 -0.0001345350297015102
1185 0.0 -0.00013430796616376028
1187 0.0 -0.00013408166842054925
1189 0.0 -0.00013385613146965625
1191 0.0 -0.00013363135212784982
1193 0.0 -0.00013340732630240382
1195 0.0 -0.00013318405035533942
1197 0.0 -0.00013296152064867783
1199 0.0 -0.00013273973354444024
1201 0.0 -0.0001325186849499005
1203 0.0 -0.00013229837122707977
1205 0.0 -0.00013207878873799928
1207 0.0 -0.0001318599338446802
1209 0.0 -0.00013164180336389109
1211 0.0 -0.00013142439365765313
1213 0.0 -0.00013120770017849281
1215 0.0 -0.0001309917206526734
1217 0.0 -0.00013077645053272136
1219 0.0 -0.0001305618870901526
1221 0.0 -0.0001303480266869883
1223 0.0 -0.00013013486523050233
1225 0.0 -0.0001299224004469579
1227 0.0 -0.00012971062778888154
1229 0.0 -0.0001294995445277891
1231 0.0 -0.00012928914748044917
1233 0.0 -0.00012907943255413556
1235 0.0 -0.00012887039702036418
1237 0.0 -0.00012866203769590356
1239 0.0 -0.00012845435048802756
1241 0.0 -0.0001282473331229994
1243 0.0 -0.0001280409819628403
1245 0.0 -0.00012783529336957145
1247 0.0 -0.00012763026506945607
1249 0.0 -0.00012742589296976803
1251 0.0 -0.0001272221743420232
1253 0.0 -0.0001270191064577375
1255 0.0 -0.00012681668567893212
1257 0.0 -0.00012661490882237558
1259 0.0 -0.0001264137731595838
1261 0.0 -0.0001262132755073253
1263 0.0 -0.000126013413137116
1265 0.0 -0.00012581418241097708
1267 0.0 -0.00012561558060042444
1269 0.0 -0.00012541760497697396
1271 0.0 -0.0001252202523573942
1273 0.0 -0.00012502352001320105
1275 0.0 -0.0001248274043064157
1277 0.0 -0.00012463190341804875
1279 0.0 -0.0001244370137101214
1281 0.0 -0.00012424273290889687
1283 0.0 -0.00012404905737639638
1285 0.0 -0.00012385598483888316
1287 0.0 -0.0001236635125678731
1289 0.0 -0.00012347163738013478
1291 0.0 -0.0001232803570019314
1293 0.0 -0.00012308966779528419
1295 0.0 -0.0001228995679412037
1297 0.0 -0.00012271005471120588
1299 0.0 -0.0001225211244673119
1301 0.0 -0.00012233277539053233
1303 0.0 -0.00012214500429763575
1305 0.0 -0.00012195780891488539
1307 0.0 -0.0001217711860590498
1309 0.0 -0.00012158513436588692
1311 0.0 -0.00012139965019741794
1313 0.0 -0.00012121472991566407
1315 0.0 -0.00012103037352062529
1317 0.0 -0.0001208465764648281
1319 0.0 -0.0001206633360197884
1321 0.0 -0.00012048065218550619
1323 0.0 -0.00012029851950501325
1325 0.0 -0.00012011693615932018
1327 0.0 -0.00011993590123893227
1329 0.0 -0.00011975541019637603
1331 0.0 -0.00011957546303165145
1333 0.0 -0.00011939605428779032
1335 0.0 -0.00011921718396479264
1337 0.0 -0.0001190388484246796
1339 0.0 -0.0001188610467579565
1341 0.0 -0.00011868377441714983
1343 0.0 -0.0001185070295832702
1345 0.0 -0.00011833081134682288
1347 0.0 -0.00011815511606982909
1349 0.0 -0.00011797994102380471
1351 0.0 -0.00011780528529925505
1353 0.0 -0.00011763114616769599
1355 0.0 -0.00011745752090064343
1357 0.0 -0.00011728440767910797
1359 0.0 -0.0001171118037746055
1361 0.0 -0.00011693970736814663
1363 0.0 -0.00011676811482175253
1365 0.0 -0.00011659702613542322
1367 0.0 -0.00011642643858067458
1369 0.0 -0.00011625634851952782
1371 0.0 -0.00011608675504248822
1373 0.0 -0.00011591765542107169
1375 0.0 -0.00011574904783628881
1377 0.0 -0.00011558093046915019
1379 0.0 -0.00011541330059117172
1381 0.0 -0.0001152461554738693
1383 0.0 -0.00011507949511724291
1385 0.0 -0.00011491331497381907
1387 0.0 -0.00011474761413410306
1389 0.0 -0.00011458239077910548
1391 0.0 -0.00011441764308983693
1393 0.0 -0.0001142533674283186
1395 0.0 -0.00011408956379455049
1397 0.0 -0.00011392622855055379
1399 0.0 -0.0001137633607868338
1401 0.0 -0.00011360095686541172
1403 0.0 -0.00011343901769578224
1405 0.0 -0.00011327753782097716
1407 0.0 -0.00011311651815049117
1409 0.0 -0.00011295595504634548
1411 0.0 -0.00011279584759904537
1413 0.0 -0.00011263619308010675
1415 0.0 -0.0001124769896705402
1417 0.0 -0.00011231823646085104
1419 0.0 -0.00011215993072255515
1421 0.0 -0.00011200206972716842
1423 0.0 -0.00011184465256519616
1425 0.0 -0.00011168767832714366
1427 0.0 -0.00011153114246553741
1429 0.0 -0.00011137504679936683
1431 0.0 -0.00011121938587166369
1433 0.0 -0.000111064159682428
1435 0.0 -0.00011090936641267035
1437 0.0 -0.00011075500424340134
1439 0.0 -0.00011060107135563157
1441 0.0 -0.00011044756502087694
1443 0.0 -0.00011029448432964273
1445 0.0 -0.00011014182746293955
1447 0.0 -0.00010998959351127269
1449 0.0 -0.00010983777883666335
1451 0.0 -0.00010968638252961682
1453 0.0 -0.00010953540368063841
1455 0.0 -0.00010938483956124401
1457 0.0 -0.00010923468835244421
1459 0.0 -0.00010908494914474431
1461 0.0 -0.00010893562011915492
1463 0.0 -0.00010878669945668662
1465 0.0 -0.00010863818533835001
1467 0.0 -0.0001084900759451557
1469 0.0 -0.00010834236945811426
1471 0.0 -0.00010819506496773101
1473 0.0 -0.00010804816065501655
1475 0.0 -0.00010790165470098145
1477 0.0 -0.00010775554619613104
1479 0.0 -0.00010760983241198119
1481 0.0 -0.0001074645115295425
1483 0.0 -0.00010731958263932029
1485 0.0 -0.00010717504483181983
1487 0.0 -0.00010703089537855703
1489 0.0 -0.00010688713337003719
1491 0.0 -0.0001067437569872709
1493 0.0 -0.00010660076441126876
1495 0.0 -0.00010645815473253606
1497 0.0 -0.0001063159261320834
1499 0.0 -0.00010617407679092139
1501 0.0 -0.00010603260579955531
1503 0.0 -0.00010589151133899577
1505 0.0 -0.00010575079159025336
1507 0.0 -0.00010561044564383337
1509 0.0 -0.00010547047168074641
1511 0.0 -0.00010533086788200308
1513 0.0 -0.00010519163333810866
1515 0.0 -0.00010505276713956846
1517 0.0 -0.00010491426564840367
1519 0.0 -0.000104776129774109
1521 0.0 -0.00010463835678820033
1523 0.0 -0.00010450094669067767
1525 0.0 -0.0001043638958435622
1527 0.0 -0.00010422720424685394
1529 0.0 -0.00010409087099105818
1531 0.0 -0.00010395489334769081
1533 0.0 -0.00010381927040725714
1535 0.0 -0.00010368400126026245
1537 0.0 -0.00010354908408771735
1539 0.0 -0.00010341451707063243
1541 0.0 -0.00010328029929951299
1543 0.0 -0.00010314642986486433
1545 0.0 -0.00010301290694769705
1547 0.0 -0.00010287972963851644
1549 0.0 -0.0001027468952088384
1551 0.0 -0.00010261440456815762
1553 0.0 -0.00010248225498799002
1555 0.0 -0.00010235044464934617
1557 0.0 -0.00010221897355222609
1559 0.0 -0.00010208783987764036
1561 0.0 -0.00010195704089710489
1563 0.0 -0.00010182657752011437
1565 0.0 -0.0001016964479276794
1567 0.0 -0.00010156665030081058
1569 0.0 -0.0001014371837300132
1571 0.0 -0.00010130804639629787
1573 0.0 -0.00010117923829966458
1575 0.0 -0.00010105075671162922
1577 0.0 -0.0001009226007226971
1579 0.0 -0.00010079477033286821
1581 0.0 -0.00010066726190416375
1583 0.0 -0.00010054007634607842
1585 0.0 -0.00010041321183962282
1587 0.0 -0.00010028666747530224
1589 0.0 -0.00010016044143412728
1591 0.0 -0.00010003453280660324
1593 0.0 -9.990893977374071e-05
1595 0.0 -9.97836623355397e-05
1597 0.0 -9.96586986730108e-05
1599 0.0 -9.953404696716461e-05
1601 0.0 -9.940970721800113e-05
1603 0.0 -9.928567760653095e-05
1605 0.0 -9.916195722325938e-05
1607 0.0 -9.90385451586917e-05
1609 0.0 -9.891543868434383e-05
1611 0.0 -9.879263961920515e-05
1613 0.0 -9.867014341580216e-05
1615 0.0 -9.854795189312426e-05
1617 0.0 -9.842606141319266e-05
1619 0.0 -9.830447288550204e-05
1621 0.0 -9.81831835815683e-05
1623 0.0 -9.806219441088615e-05
1625 0.0 -9.794150264497148e-05
1627 0.0 -9.782110737432959e-05
1629 0.0 -9.770100768946577e-05
1631 0.0 -9.758120268088533e-05
1633 0.0 -9.746169143909356e-05
1635 0.0 -9.734247214510106e-05
1637 0.0 -9.722354388941312e-05
1639 0.0 -9.710490667202976e-05
1641 0.0 -9.698655776446685e-05
1643 0.0 -9.686849807621911e-05
1645 0.0 -9.675072396930773e-05
1647 0.0 -9.66332372627221e-05
1649 0.0 -9.651603522797814e-05
1651 0.0 -9.639911695558112e-05
1653 0.0 -9.628248153603636e-05
1655 0.0 -9.616612805984914e-05
1657 0.0 -9.605005561752478e-05
1659 0.0 -9.593426239007385e-05
1661 0.0 -9.581874837749638e-05
1663 0.0 -9.570351267029764e-05
1665 0.0 -9.558855344948824e-05
1667 0.0 -9.547387071506819e-05
1669 0.0 -9.535946173855336e-05
1671 0.0 -9.524532742943848e-05
1673 0.0 -9.513146505923942e-05
1675 0.0 -9.501787553745089e-05
1677 0.0 -9.490455613558879e-05
1679 0.0 -9.479150776314782e-05
1681 0.0 -9.467872769164387e-05
1683 0.0 -9.456621592107695e-05
1685 0.0 -9.445397154195234e-05
1687 0.0 -9.434199273528066e-05
1689 0.0 -9.423027950106189e-05
1691 0.0 -9.411883002030663e-05
1693 0.0 -9.400764429301489e-05
1695 0.0 -9.389672050019726e-05
1697 0.0 -9.378605864185374e-05
1699 0.0 -9.367565689899493e-05
1701 0.0 -9.356551527162082e-05
1703 0.0 -9.345563194074202e-05
1705 0.0 -9.334600690635853e-05
1707 0.0 -9.323663834948093e-05
1709 0.0 -9.312752627010923e-05
1711 0.0 -9.301866884925403e-05
1713 0.0 -9.291006517742062e-05
1715 0.0 -9.280171525460901e-05
1717 0.0 -9.269361817132449e-05
1719 0.0 -9.258577210857766e-05
1721 0.0 -9.247817615687381e-05
1723 0.0 -9.237083122570766e-05
1725 0.0 -9.226373458659509e-05
1727 0.0 -9.21568862395361e-05
1729 0.0 -9.20502843655413e-05
1731 0.0 -9.194392896461068e-05
1733 0.0 -9.183782003674423e-05
1735 0.0 -9.173195485345786e-05
1737 0.0 -9.162633341475157e-05
1739 0.0 -9.152095572062535e-05
1741 0.0 -9.14158199520898e-05
1743 0.0 -9.131092429015553e-05
1745 0.0 -9.120627055381192e-05
1747 0.0 -9.110185601457488e-05
1749 0.0 -9.09976797629497e-05
1751 0.0 -9.089374179893639e-05
1753 0.0 -9.079004121304024e-05
1755 0.0 -9.068657618627185e-05
1757 0.0 -9.058334762812592e-05
1759 0.0 -9.048035371961305e-05
1761 0.0 -9.037759355123853e-05
1763 0.0 -9.027506621350767e-05
1765 0.0 -9.017277170642046e-05
1767 0.0 -9.00707082109875e-05
1769 0.0 -8.99688757272088e-05
1771 0.0 -8.986727334558964e-05
1773 0.0 -8.976590106613003e-05
1775 0.0 -8.966475616034586e-05
1777 0.0 -8.956383862823714e-05
1779 0.0 -8.946314846980385e-05
1781 0.0 -8.936268477555132e-05
1783 0.0 -8.926244663598482e-05
1785 0.0 -8.916243223211495e-05
1787 0.0 -8.906264247343643e-05
1789 0.0 -8.896307554095984e-05
1791 0.0 -8.886373052519048e-05
1793 0.0 -8.876460742612835e-05
1795 0.0 -8.866570533427875e-05
1797 0.0 -8.856702424964169e-05
1799 0.0 -8.846856144373305e-05
1801 0.0 -8.837031782604754e-05
1803 0.0 -8.827229157759575e-05
1805 0.0 -8.817448269837769e-05
1807 0.0 -8.807689118839335e-05
1809 0.0 -8.797951431915862e-05
1811 0.0 -8.788235300016822e-05
1813 0.0 -8.778540632192744e-05
1815 0.0 -8.768867337494157e-05
1817 0.0 -8.759215234022122e-05
1819 0.0 -8.749584503675578e-05
1821 0.0 -8.739974873606116e-05
1823 0.0 -8.730386252864264e-05
1825 0.0 -8.720818732399493e-05
1827 0.0 -8.711272130312864e-05
1829 0.0 -8.701746446604375e-05
1831 0.0 -8.692241499375086e-05
1833 0.0 -8.682757288624998e-05
1835 0.0 -8.67329381435411e-05
1837 0.0 -8.663850985612953e-05
1839 0.0 -8.654428620502586e-05
1841 0.0 -8.645026719023008e-05
1843 0.0 -8.63564528117422e-05
1845 0.0 -8.626284125057282e-05
1847 0.0 -8.616943250672193e-05
1849 0.0 -8.607622567069484e-05
1851 0.0 -8.598322074249154e-05
1853 0.0 -8.589041681261733e-05
1855 0.0 -8.579781206208281e-05
1857 0.0 -8.570540740038268e-05
1859 0.0 -8.561320191802224e-05
1861 0.0 -8.552119379601208e-05
1863 0.0 -8.542938394384691e-05
1865 0.0 -8.533777054253733e-05
1867 0.0 -8.524635359208332e-05
1869 0.0 -8.51551321829902e-05
1871 0.0 -8.506410540576326e-05
1873 0.0 -8.497327326040249e-05
1875 0.0 -8.488263574690791e-05
1877 0.0 -8.47921910462901e-05
1879 0.0 -8.470193824905436e-05
1881 0.0 -8.46118773552007e-05
1883 0.0 -8.452200836472912e-05
1885 0.0 -8.44323303681449e-05
1887 0.0 -8.434284154645866e-05
1889 0.0 -8.425354280916508e-05
1891 0.0 -8.416443233727477e-05
1893 0.0 -8.407551104028244e-05
1895 0.0 -8.398677618970396e-05
1897 0.0 -8.389822960452875e-05
1899 0.0 -8.38098694657674e-05
1901 0.0 -8.372169486392522e-05
1903 0.0 -8.36337057990022e-05
1905 0.0 -8.354590136150364e-05
1907 0.0 -8.345828064193483e-05
1909 0.0 -8.337084454979049e-05
1911 0.0 -8.32835912660812e-05
1913 0.0 -8.319651988131227e-05
1915 0.0 -8.310963039548369e-05
1917 0.0 -8.302292189910077e-05
1919 0.0 -8.29363953016582e-05
1921 0.0 -8.285004787467187e-05
1923 0.0 -8.27638805276365e-05
1925 0.0 -8.267789235105738e-05
1927 0.0 -8.25920815259451e-05
1929 0.0 -8.250644987128908e-05
1931 0.0 -8.24209955680999e-05
1933 0.0 -8.233571770688286e-05
1935 0.0 -8.225061628763797e-05
1937 0.0 -8.216569040087052e-05
1939 0.0 -8.208094004658051e-05
1941 0.0 -8.199636340577854e-05
1943 0.0 -8.191196138795931e-05
1945 0.0 -8.182773399312282e-05
1947 0.0 -8.174367849278497e-05
1949 0.0 -8.165979579644045e-05
1951 0.0 -8.157608499459457e-05
1953 0.0 -8.149254608724732e-05
1955 0.0 -8.14091772554093e-05
1957 0.0 -8.132597940857522e-05
1959 0.0 -8.124295163725037e-05
1961 0.0 -8.116009303194005e-05
1963 0.0 -8.107740268314956e-05
1965 0.0 -8.09948815003736e-05
1967 0.0 -8.091252766462276e-05
1969 0.0 -8.083034117589705e-05
1971 0.0 -8.074832203419646e-05
1973 0.0 -8.06664684205316e-05
1975 0.0 -8.058478124439716e-05
1977 0.0 -8.050325868680375e-05
1979 0.0 -8.042190074775135e-05
1981 0.0 -8.034070742723998e-05
1983 0.0 -8.025967781577492e-05
1985 0.0 -8.017881282285089e-05
1987 0.0 -8.009810881048907e-05
1989 0.0 -8.001756759767886e-05
1991 0.0 -7.993718827492557e-05
1993 0.0 -7.98569708422292e-05
1995 0.0 -7.977691348060034e-05
1997 0.0 -7.96970170995337e-05
1999 0.0 -7.961727988003986e-05
2001 0.0 -7.953770182211883e-05
2003 0.0 -7.945828383526532e-05
2005 0.0 -7.937902410048991e-05
2007 0.0 -7.929992170829792e-05
2009 0.0 -7.922097665868932e-05
2011 0.0 -7.914218895166414e-05
2013 0.0 -7.906355767772766e-05
2015 0.0 -7.898508283687988e-05
2017 0.0 -7.890676351962611e-05
2019 0.0 -7.882859881647164e-05
2021 0.0 -7.875058963691117e-05
2023 0.0 -7.86727341619553e-05
2025 0.0 -7.859503330109874e-05
2027 0.0 -7.851748523535207e-05
2029 0.0 -7.84400890552206e-05
2031 0.0 -7.836284657969372e-05
2033 0.0 -7.828575598978205e-05
2035 0.0 -7.820881728548557e-05
2037 0.0 -7.813202864781488e-05
2039 0.0 -7.805539098626468e-05
2041 0.0 -7.797890339134028e-05
2043 0.0 -7.790256586304167e-05
2045 0.0 -7.782637749187415e-05
2047 0.0 -7.775033827783773e-05
2049 0.0 -7.767444731143769e-05
