-2049 0.0 0.00015534889516046396
-2047 0.0 0.00015550067717820748
-2045 0.0 0.00015565275608009325
-2043 0.0 0.00015580513273802775
-2041 0.0 0.00015595780802733495
-2039 0.0 0.00015611078282677326
-2037 0.0 0.00015626405801855213
-2035 0.0 0.00015641763448834923
-2033 0.0 0.00015657151312532745
-2031 0.0 0.000156725694822152
-2029 0.0 0.00015688018047500772
-2027 0.0 0.00015703497098361652
-2025 0.0 0.00015719006725125467
-2023 0.0 0.0001573454701847705
-2021 0.0 0.00015750118069460202
-2019 0.0 0.00015765719969479478
-2017 0.0 0.00015781352810301968
-2015 0.0 0.0001579701668405909
-2013 0.0 0.00015812711683248418
-2011 0.0 0.0001582843790073549
-2009 0.0 0.00015844195429755634
-2007 0.0 0.00015859984363915828
-2005 0.0 0.00015875804797196543
-2003 0.0 0.00015891656823953604
-2001 0.0 0.00015907540538920076
-1999 0.0 0.00015923456037208138
-1997 0.0 0.00015939403414310998
-1995 0.0 0.00015955382766104796
-1993 0.0 0.00015971394188850512
-1991 0.0 0.00015987437779195916
-1989 0.0 0.0001600351363417751
-1987 0.0 0.00016019621851222482
-1985 0.0 0.00016035762528150664
-1983 0.0 0.00016051935763176535
-1981 0.0 0.0001606814165491119
-1979 0.0 0.0001608438030236436
-1977 0.0 0.00016100651804946416
-1975 0.0 0.00016116956262470414
-1973 0.0 0.00016133293775154117
-1971 0.0 0.00016149664443622055
-1969 0.0 0.00016166068368907602
-1967 0.0 0.00016182505652455044
-1965 0.0 0.00016198976396121663
-1963 0.0 0.0001621548070217986
-1961 0.0 0.00016232018673319258
-1959 0.0 0.00016248590412648836
-1957 0.0 0.00016265196023699065
-1955 0.0 0.00016281835610424075
-1953 0.0 0.00016298509277203822
-1951 0.0 0.00016315217128846267
-1949 0.0 0.0001633195927058957
-1947 0.0 0.00016348735808104298
-1945 0.0 0.00016365546847495665
-1943 0.0 0.00016382392495305749
-1941 0.0 0.0001639927285851575
-1939 0.0 0.00016416188044548254
-1937 0.0 0.00016433138161269526
-1935 0.0 0.00016450123316991768
-1933 0.0 0.0001646714362047546
-1931 0.0 0.00016484199180931677
-1929 0.0 0.000165012901080244
-1927 0.0 0.00016518416511872893
-1925 0.0 0.0001653557850305406
-1923 0.0 0.00016552776192604822
-1921 0.0 0.000165700096920245
-1919 0.0 0.00016587279113277264
-1917 0.0 0.00016604584568794505
-1915 0.0 0.0001662192617147732
-1913 0.0 0.00016639304034698937
-1911 0.0 0.00016656718272307203
-1909 0.0 0.00016674168998627068
-1907 0.0 0.00016691656328463066
-1905 0.0 0.00016709180377101873
-1903 0.0 0.00016726741260314801
-1901 0.0 0.00016744339094360375
-1899 0.0 0.00016761973995986872
-1897 0.0 0.00016779646082434933
-1895 0.0 0.0001679735547144014
-1893 0.0 0.00016815102281235642
-1891 0.0 0.0001683288663055477
-1889 0.0 0.00016850708638633705
-1887 0.0 0.00016868568425214135
-1885 0.0 0.00016886466110545926
-1883 0.0 0.0001690440181538984
-1881 0.0 0.00016922375661020236
-1879 0.0 0.0001694038776922782
-1877 0.0 0.0001695843826232236
-1875 0.0 0.00016976527263135502
-1873 0.0 0.00016994654895023526
-1871 0.0 0.0001701282128187016
-1869 0.0 0.0001703102654808939
-1867 0.0 0.00017049270818628317
-1865 0.0 0.0001706755421897001
-1863 0.0 0.00017085876875136378
-1861 0.0 0.00017104238913691062
-1859 0.0 0.0001712264046174237
-1857 0.0 0.00017141081646946188
-1855 0.0 0.0001715956259750893
-1853 0.0 0.0001717808344219054
-1851 0.0 0.00017196644310307437
-1849 0.0 0.0001721524533173557
-1847 0.0 0.0001723388663691341
-1845 0.0 0.00017252568356845022
-1843 0.0 0.00017271290623103132
-1841 0.0 0.00017290053567832193
-1839 0.0 0.00017308857323751532
-1837 0.0 0.00017327702024158448
-1835 0.0 0.00017346587802931373
-1833 0.0 0.00017365514794533043
-1831 0.0 0.0001738448313401369
-1829 0.0 0.0001740349295701425
-1827 0.0 0.00017422544399769605
-1825 0.0 0.0001744163759911182
-1823 0.0 0.00017460772692473432
-1821 0.0 0.00017479949817890758
-1819 0.0 0.00017499169114007184
-1817 0.0 0.00017518430720076536
-1815 0.0 0.00017537734775966427
-1813 0.0 0.00017557081422161648
-1811 0.0 0.0001757647079976757
-1809 0.0 0.0001759590305051358
-1807 0.0 0.00017615378316756538
-1805 0.0 0.0001763489674148425
-1803 0.0 0.0001765445846831895
-1801 0.0 0.00017674063641520858
-1799 0.0 0.00017693712405991702
-1797 0.0 0.0001771340490727828
-1795 0.0 0.00017733141291576083
-1793 0.0 0.00017752921705732887
-1791 0.0 0.00017772746297252412
-1789 0.0 0.0001779261521429797
-1787 0.0 0.00017812528605696176
-1785 0.0 0.00017832486620940653
-1783 0.0 0.00017852489410195775
-1781 0.0 0.00017872537124300432
-1779 0.0 0.0001789262991477182
-1777 0.0 0.00017912767933809268
-1775 0.0 0.00017932951334298066
-1773 0.0 0.0001795318026981335
-1771 0.0 0.00017973454894623978
-1769 0.0 0.0001799377536369648
-1767 0.0 0.00018014141832698965
-1765 0.0 0.00018034554458005138
-1763 0.0 0.0001805501339669828
-1761 0.0 0.0001807551880657528
-1759 0.0 0.00018096070846150694
-1757 0.0 0.00018116669674660824
-1755 0.0 0.00018137315452067848
-1753 0.0 0.0001815800833906393
-1751 0.0 0.00018178748497075424
-1749 0.0 0.0001819953608826705
-1747 0.0 0.00018220371275546118
-1745 0.0 0.00018241254222566803
-1743 0.0 0.00018262185093734405
-1741 0.0 0.00018283164054209687
-1739 0.0 0.0001830419126991321
-1737 0.0 0.0001832526690752969
-1735 0.0 0.0001834639113451243
-1733 0.0 0.0001836756411908775
-1731 0.0 0.00018388786030259428
-1729 0.0 0.00018410057037813226
-1727 0.0 0.00018431377312321404
-1725 0.0 0.00018452747025147288
-1723 0.0 0.00018474166348449837
-1721 0.0 0.000184956354551883
-1719 0.0 0.00018517154519126857
-1717 0.0 0.00018538723714839296
-1715 0.0 0.00018560343217713743
-1713 0.0 0.00018582013203957424
-1711 0.0 0.00018603733850601443
-1709 0.0 0.000186255053355056
-1707 0.0 0.0001864732783736325
-1705 0.0 0.00018669201535706197
-1703 0.0 0.00018691126610909613
-1701 0.0 0.00018713103244196984
-1699 0.0 0.00018735131617645125
-1697 0.0 0.00018757211914189196
-1695 0.0 0.0001877934431762777
-1693 0.0 0.0001880152901262792
-1691 0.0 0.00018823766184730378
-1689 0.0 0.0001884605602035469
-1687 0.0 0.00018868398706804428
-1685 0.0 0.00018890794432272444
-1683 0.0 0.00018913243385846148
-1681 0.0 0.0001893574575751283
-1679 0.0 0.00018958301738165021
-1677 0.0 0.00018980911519605884
-1675 0.0 0.00019003575294554667
-1673 0.0 0.00019026293256652163
-1671 0.0 0.0001904906560046623
-1669 0.0 0.00019071892521497344
-1667 0.0 0.00019094774216184206
-1665 0.0 0.0001911771088190935
-1663 0.0 0.0001914070271700485
-1661 0.0 0.00019163749920758018
-1659 0.0 0.0001918685269341716
-1657 0.0 0.00019210011236197387
-1655 0.0 0.00019233225751286444
-1653 0.0 0.00019256496441850618
-1651 0.0 0.00019279823512040624
-1649 0.0 0.00019303207166997615
-1647 0.0 0.00019326647612859178
-1645 0.0 0.00019350145056765394
-1643 0.0 0.00019373699706864923
-1641 0.0 0.00019397311772321186
-1639 0.0 0.00019420981463318527
-1637 1.6655284498206324e-06 0.0001763438047795455
-1635 -5.396340439721541e-06 0.00019600654632931464
-1633 -1.0991569248385036e-05 0.00018581733729993116
-1631 -2.9853386557574446e-05 0.00020126740349430335
-1629 9.622280111962058e-06 0.00018977753987591014
-1627 -1.5935768396062974e-05 0.0001932294168755332
-1625 4.547878727225137e-06 0.00022003959436463205
-1623 1.4220258521413367e-05 0.00021088257377972202
-1621 7.34316384351994e-06 0.0001926722869267826
-1619 -2.4182221372188125e-07 0.00018140412359149487
-1617 -2.582135948122655e-06 0.00020186407165192515
-1615 9.193678270106216e-06 0.00020191078245259514
-1613 7.924548681906113e-06 0.00019430742953184944
-1611 3.393382489890612e-06 0.00020941552885773694
-1609 -2.146033372515819e-06 0.00021380276000142995
-1607 1.8822348932771596e-05 0.00023045813806391973
-1605 -1.8371485145808425e-05 0.00020244121116656422
-1603 2.4950139359894504e-05 0.00019038106309864018
-1601 -6.617753715976873e-06 0.00017867456957351723
-1599 9.063049270378116e-06 0.00022512525016985484
-1597 9.655139917616418e-06 0.0002030442260472719
-1595 2.069734167172289e-06 0.0001792176157401808
-1593 3.0223961488581927e-06 0.000183192035710036
-1591 3.1624452189337834e-06 0.00018675887319312916
-1589 -1.1364099108100248e-05 0.0002115972956616164
-1587 8.312966882566708e-06 0.00021353190968996275
-1585 1.6292390694935818e-05 0.00020396269567339023
-1583 -2.029976387770926e-06 0.0001948190683495676
-1581 3.104643192071744e-05 0.0002057114630522736
-1579 9.865925432992783e-06 0.00019680897048936398
-1577 1.198028539659965e-05 0.00019435336479385712
-1575 -1.2672136323077365e-05 0.0002235251129768721
-1573 1.0329673634605371e-05 0.00020735495749771188
-1571 2.1770961129795983e-05 0.00018473069227109977
-1569 -1.4430661256184302e-05 0.00020272625267673871
-1567 -1.9474083705912194e-05 0.00021162493982151165
-1565 -2.3082107453839567e-06 0.00019285173355531357
-1563 1.4075274227421554e-05 0.00019069648476824347
-1561 -7.967220332119398e-06 0.000207970839378323
-1559 -2.1813366859448845e-05 0.00020266084536416635
-1557 -5.704137902954887e-06 0.00019262555529442953
-1555 -7.702887966609872e-06 0.00021938358629079236
-1553 -1.8148037913448148e-05 0.00019512048141118605
-1551 3.549982718074284e-05 0.00020794242879937786
-1549 -4.212791485612227e-06 0.00020623553995994056
-1547 -1.646412393333889e-06 0.00020521603749627397
-1545 -7.915690332193558e-06 0.00021214459730005918
-1543 -4.3271897995578955e-06 0.0002079033469904414
-1541 2.8566232841641368e-05 0.00021105558775325525
-1539 -2.577572115323106e-05 0.000190767311755749
-1537 -4.305660338246838e-06 0.0002049636947893839
-1535 -1.723602781978455e-05 0.00020693551034744198
-1533 -8.913905969646384e-06 0.0002030069145730917
-1531 -3.3729940157108484e-06 0.00020376216742568838
-1529 1.827753263856165e-05 0.0001972345022352318
-1527 1.085574640046182e-05 0.00019360685667844306
-1525 3.976662214018807e-06 0.00023970883220338242
-1523 -7.516042137433024e-07 0.00021264310885831612
-1521 -1.5786810211768682e-05 0.00021088333082126048
-1519 -7.960653396843834e-06 0.00022545763689392397
-1517 -2.4484197235976783e-05 0.00019746945109883873
-1515 -1.6655239776989373e-06 0.00022080697374363158
-1513 -4.032897326989959e-06 0.00017398998451044449
-1511 -2.8165638397214418e-05 0.0002110543658881051
-1509 -3.928270396443539e-05 0.00018107413344628794
-1507 -1.2170084622858061e-05 0.000212862829964951
-1505 7.635503165463786e-06 0.00020813089419950386
-1503 -1.44386650350231e-05 0.00021997690487351068
-1501 -9.045644044676272e-06 0.0001955126847417724
-1499 -1.7211673532866248e-05 0.00020944911569125522
-1497 7.582416458118131e-06 0.00021951372159829247
-1495 -1.02882277380009e-05 0.00023626188118692527
-1493 -2.783126213809704e-06 0.00023016986375259268
-1491 -4.926478613888022e-06 0.0001877971850660725
-1489 8.654938452351086e-06 0.00020107576708369704
-1487 2.228838079656165e-06 0.00022177011083437248
-1485 -1.7136303503195573e-06 0.00019530250050992412
-1483 2.1631523269492732e-05 0.0002306512417148428
-1481 2.520031408296204e-06 0.0002013430695030698
-1479 -1.351388874683842e-05 0.00023585632667863672
-1477 -4.397862480971819e-06 0.0002173203809772178
-1475 4.593713171295879e-06 0.00020006611803107124
-1473 4.040797917168968e-06 0.00019756614136424923
-1471 5.857632960076498e-07 0.0001921274609656131
-1469 -1.1677337538730775e-05 0.00021839106309714463
-1467 6.059306937784259e-06 0.00019075660057317378
-1465 1.9425548282198397e-06 0.00021358382498494133
-1463 -3.678411601568611e-05 0.000187591403070345
-1461 1.5878535132353397e-05 0.0002276176969939445
-1459 -1.8988172052803745e-05 0.00022209990886421557
-1457 1.651191966516733e-05 0.00021832963240564217
-1455 1.4019228195480152e-05 0.00022236034557809525
-1453 1.4338443489519894e-05 0.00021997457303102002
-1451 7.266503405185004e-06 0.00021533037630627364
-1449 8.608278815188103e-06 0.0001830974182084702
-1447 4.639141034477676e-05 0.00022960976170015426
-1445 5.25571338808008e-06 0.00023670039789538876
-1443 -1.7855009466464068e-06 0.00020986402157696318
-1441 -6.2459828196740235e-06 0.00023099102039007767
-1439 -2.1229495760224717e-06 0.00020961314792971312
-1437 -1.2510881523726457e-05 0.00025244806964933134
-1435 1.0065987458250252e-07 0.0002367259305884116
-1433 1.8150363524311257e-05 0.00022581391721692394
-1431 2.205016177035731e-05 0.00022161579662131355
-1429 2.6213668210768105e-07 0.00026044126396306704
-1427 1.805467939023606e-05 0.00021537535079473497
-1425 1.5520897129901136e-07 0.0002274555849046304
-1423 6.5026366032907e-06 0.0002106033506070123
-1421 3.63693497890254e-05 0.00020434435484260318
-1419 -1.0485340834578031e-05 0.00023036344368300606
-1417 1.1725355258360517e-05 0.00023579652606663183
-1415 9.967238568127016e-06 0.00019843012297563747
-1413 -5.126553493132261e-06 0.00021617884709071515
-1411 2.5737610988236934e-05 0.00023411054842752013
-1409 8.562747529482623e-06 0.00025004116737293956
-1407 -3.092178126411738e-05 0.0001898150465879997
-1405 8.231053375544923e-06 0.00022118535774066922
-1403 1.2308399900643243e-05 0.00021661980503684126
-1401 -1.0457359790544466e-05 0.00022361066243667779
-1399 1.7371793261191645e-05 0.00022606859445217578
-1397 -9.746270203081553e-06 0.00022064627774797527
-1395 -8.245512411772576e-06 0.000223559737005331
-1393 -2.70267983183568e-05 0.00024169671333791945
-1391 -4.781033507384586e-06 0.00022712098846572847
-1389 -3.46200329009862e-07 0.00020730259925535695
-1387 -1.9174123794099434e-06 0.00023076301397563446
-1385 -1.1910810531951916e-05 0.00023282590600844696
-1383 1.9647814457508868e-05 0.00022167740681607764
-1381 -1.1210576556110528e-05 0.00024387997091096985
-1379 -7.1677404733940784e-06 0.00023238166060420291
-1377 1.0867705705012618e-05 0.0002514210056700116
-1375 -3.97491082721898e-06 0.00024242489609108407
-1373 -1.1120845640686366e-06 0.0002257661194933487
-1371 -3.854071143848363e-06 0.00024276079760978693
-1369 -1.1560063798930781e-05 0.00023621356555401774
-1367 2.1884491360489266e-05 0.0002332559470258249
-1365 1.2293931699782611e-05 0.00023272420780298024
-1363 2.328636810897709e-05 0.00023436537155792117
-1361 9.126871006230879e-06 0.00024166975402474633
-1359 -2.855354483401103e-06 0.00020989901380718626
-1357 -1.917433364370039e-06 0.00022340519955744425
-1355 -9.556480502593617e-07 0.0002625755532055171
-1353 8.350224759353645e-06 0.00023156032365672212
-1351 1.1763452741159188e-07 0.00023901102611746094
-1349 1.4249425666863276e-05 0.00023883082088490596
-1347 1.1760972879594091e-05 0.00021134874657714937
-1345 5.107674868219834e-06 0.00024327570975239901
-1343 -1.1110985408986713e-05 0.0002427406707839003
-1341 1.1687841097235095e-05 0.0001944411362896008
-1339 8.557917465219529e-06 0.0002455345412206214
-1337 1.1461011948540013e-06 0.00023984405005808852
-1335 4.255328554772708e-06 0.00025358342890444943
-1333 1.3275203620856603e-05 0.00022198389004680078
-1331 -1.223015916934057e-05 0.0002555143016062829
-1329 4.315211758152114e-06 0.0002497872675808063
-1327 -8.030935422821616e-06 0.00023918083900316422
-1325 -9.488588084035226e-06 0.00023823303824707293
-1323 1.5018947389426211e-05 0.00022066623255516946
-1321 9.831062665326935e-07 0.00022441294653403163
-1319 1.1247270293858282e-05 0.00026904225933735486
-1317 4.901443210690486e-07 0.0002451398247349083
-1315 2.285643304135881e-06 0.00023991422451016697
-1313 -9.341272305739527e-06 0.00022809344410890974
-1311 2.9237963851925464e-06 0.0002274737758060783
-1309 1.0214063973012679e-05 0.00025116420753572137
-1307 1.0899326683131474e-05 0.00024293935561702447
-1305 2.011273600799641e-05 0.0002499728269993306
-1303 -1.183078172857134e-05 0.00027039059568555017
-1301 1.2083019194426977e-05 0.00023768441409333777
-1299 1.8328397749770997e-05 0.00023294003024124536
-1297 1.2833659839007906e-05 0.00025092302633367234
-1295 1.0022731137760593e-05 0.00026890343217307296
-1293 3.852893950526501e-06 0.00025750902129118014
-1291 -4.003258971542909e-07 0.00026695303542499183
-1289 1.730592808713384e-05 0.0002292749313745538
-1287 -1.0729073297315935e-06 0.00026391850005108314
-1285 -1.1496739639587902e-05 0.0002452476169799678
-1283 2.2287210583933475e-05 0.00025117761743473984
-1281 -2.3419643182150003e-05 0.00023855097564583924
-1279 2.8619119576370657e-05 0.00023331965228582565
-1277 1.561949056140666e-05 0.00025199453756519176
-1275 1.2358299312462493e-05 0.00022851288685826572
-1273 8.994855515046598e-06 0.0002692698264205851
-1271 1.5962582120349903e-05 0.0002576205564193629
-1269 -8.793242892922998e-07 0.00027457261027896636
-1267 -2.472381379949169e-05 0.00025940785368113725
-1265 -1.27040098384833e-05 0.00026188645902792355
-1263 -2.382772709765746e-07 0.00023920713096667453
-1261 9.489461516460021e-06 0.000261703407978028
-1259 -1.1274828299939346e-05 0.0002635143745452172
-1257 -1.9159820467946734e-05 0.0002665403611860389
-1255 7.414279292962472e-07 0.00023579544292175566
-1253 1.4831773903755566e-05 0.00024830401615169204
-1251 -1.311606448271895e-06 0.0002637457584767049
-1249 3.3998459741167886e-06 0.00025495532759111034
-1247 -1.957329503482989e-05 0.00027544751652196914
-1245 -2.2055528604056595e-05 0.00023272653788886162
-1243 2.320244890963206e-05 0.000270730420940461
-1241 -8.629577986509516e-07 0.0002540859751271372
-1239 -1.4946511455496863e-05 0.0002285163358422107
-1237 9.433922404121697e-06 0.00024031338852356976
-1235 -1.7930514958949376e-05 0.0002575643183086783
-1233 6.825572777007499e-06 0.00026892286215711664
-1231 -1.6399616744076596e-05 0.00027830207896952473
-1229 5.179998988952056e-07 0.00025753582295264465
-1227 4.232181386605051e-06 0.0002559753376226809
-1225 5.546729210844232e-07 0.0002549993234073307
-1223 9.812039816543685e-07 0.0002772065133872367
-1221 -6.0993630991928724e-06 0.0002724233432981121
-1219 2.6385429670681934e-05 0.00023805907890105232
-1217 6.8256596539073e-06 0.00026527692628813316
-1215 9.776930601134312e-06 0.00027617667334373726
-1213 1.6854625833227274e-05 0.0002640010188160866
-1211 -2.1130238674621837e-06 0.0002927661409611806
-1209 -2.9339823871588286e-05 0.0002452074276320187
-1207 -2.0384761401430234e-05 0.0002921969993781675
-1205 6.1886400554955995e-06 0.00025770409734792495
-1203 -1.9446465553952238e-05 0.00028025374333461673
-1201 9.102060921941318e-06 0.0002595183447378299
-1199 1.9534515992738977e-06 0.00025484535086739776
-1197 6.151775885079174e-07 0.0002806764092028273
-1195 6.651739321163482e-06 0.0002783873748881492
-1193 5.679966451270821e-06 0.00025626450849049615
-1191 1.850225776470975e-05 0.00028709267648883004
-1189 1.2472195907252499e-05 0.0002692103200917239
-1187 -9.796751337285597e-07 0.0002662999574640262
-1185 1.5300522445652027e-05 0.0002637039190201929
-1183 -1.6926015465322016e-05 0.000269377419623683
-1181 -3.0265765310667187e-06 0.00026061755958328063
-1179 1.3615932998602743e-05 0.0002482806839562582
-1177 6.857187711739091e-06 0.000268737075560317
-1175 -1.061381780274695e-05 0.00027105119801520234
-1173 1.3992733566915466e-05 0.00027163189006338653
-1171 1.3818832009282893e-05 0.0002877674534663556
-1169 4.014806126711237e-06 0.0002769720175556968
-1167 -6.311488007983552e-06 0.00027875273569883134
-1165 1.891208993246089e-05 0.00025707271948917273
-1163 8.746704320503257e-06 0.0002666413024777841
-1161 1.1096215690946613e-05 0.00028334621677805646
-1159 1.5396794878876597e-06 0.0002611043142235272
-1157 1.8745641566265453e-05 0.0002674527184449288
-1155 -2.27711668401129e-05 0.00027969027356113005
-1153 1.2525998675239471e-05 0.00027556090734872024
-1151 2.6807753277629573e-05 0.00028452738798851997
-1149 -5.149034004832615e-06 0.00026235674905249624
-1147 6.318318572237386e-06 0.0002865845194859363
-1145 -3.694858231379905e-07 0.0002623655745247922
-1143 -5.081305450267914e-06 0.00025833373250857953
-1141 -4.060685627916685e-06 0.00028718224686523786
-1139 4.979416218123651e-06 0.00025129079550320155
-1137 9.19377349866466e-06 0.00029148372895192897
-1135 3.3015558856116245e-05 0.0002485935791902058
-1133 3.9117907662011535e-06 0.0002769176636184645
-1131 -5.282255462747781e-06 0.0003032203802956736
-1129 1.2572087099465687e-05 0.0002909554593028846
-1127 1.0134165401414365e-06 0.00029921752462154066
-1125 1.3866095839228142e-05 0.00028672571715223657
-1123 7.77601382650376e-06 0.00028019967964009444
-1121 -1.608647447052281e-05 0.00030139637664105396
-1119 7.645303719710227e-06 0.00027663535614094124
-1117 1.0422154834440355e-05 0.0003044995891777944
-1115 -4.729967976666976e-06 0.00029218374071283124
-1113 -8.639203487811756e-06 0.00029499738376504445
-1111 -2.7892331129714655e-05 0.00028016268174364817
-1109 8.945650471335088e-06 0.00029392843680855357
-1107 1.78227818728598e-06 0.00028307411615519497
-1105 -1.0503083490077962e-05 0.0002908094364447956
-1103 1.8258889157341746e-06 0.00030414720637087525
-1101 -4.672557292256179e-06 0.00026656409395476455
-1099 1.189214953353124e-05 0.0003129776412938487
-1097 -9.03390595610003e-07 0.0002711172494100778
-1095 -1.6302975830765596e-05 0.0002960016531616735
-1093 -1.3294565513713903e-05 0.0002664769661988656
-1091 2.6117586519768917e-05 0.00029577391519937423
-1089 4.835272299128116e-06 0.0002710709405645956
-1087 -4.0637932870228765e-06 0.0002805687562896263
-1085 -8.804218151897033e-06 0.0002927432932642542
-1083 -1.982688441824131e-05 0.00031145606983459773
-1081 2.8699642156600536e-05 0.00030175703990338137
-1079 1.3874768723024737e-05 0.00029004075722933526
-1077 2.1132921747669575e-05 0.0002989325827198648
-1075 9.018076297488983e-06 0.0002749701311586674
-1073 -1.0692921366340543e-05 0.0003079339620252456
-1071 4.2594641211687343e-07 0.0002740487647234017
-1069 -8.702033693307278e-06 0.00027831140445669307
-1067 2.503478828000235e-05 0.0003057900588138073
-1065 -1.8725788104726537e-05 0.0003069745242604852
-1063 6.856229596188544e-06 0.0003163448897686218
-1061 2.2711455975703738e-05 0.0003223632708043064
-1059 2.7201703367104878e-05 0.00030922609559037704
-1057 -7.389127187393647e-06 0.0002829305861950228
-1055 -1.8582727353817768e-06 0.00029026022892320985
-1053 -7.248852638992058e-06 0.00032750131709731196
-1051 2.131704127794566e-05 0.0002945496019779248
-1049 -4.612115996857958e-06 0.000293697577467145
-1047 1.3893256490851862e-05 0.00030440605541161595
-1045 -2.0497430595864375e-05 0.000291709404264046
-1043 -3.64808934381364e-06 0.00029502840238704255
-1041 2.327256228209178e-06 0.00030433221682765814
-1039 -1.2689223593219811e-05 0.0002847743285890675
-1037 -1.881797629777983e-06 0.00029209269450217895
-1035 -2.7631890290283397e-05 0.00029778620342347183
-1033 2.404577558585932e-05 0.0003127443573473129
-1031 1.957229596848258e-05 0.0003285787779560919
-1029 -2.7057537645043248e-05 0.000306787419645735
-1027 -6.033216946756239e-08 0.00030238740981256235
-1025 1.1530001557068002e-05 0.00033236966568638904
-1023 2.616907877615428e-05 0.0003294199812462599
-1021 5.998666796356205e-06 0.00030272507036486096
-1019 -5.769948224118982e-06 0.0003024666471900899
-1017 1.4648580662879898e-05 0.00032536439691164285
-1015 1.6024253727408076e-06 0.0002808476440206876
-1013 -1.4861487355615712e-05 0.00031941794195221063
-1011 5.287299740671616e-06 0.00029049780196803725
-1009 -3.8090680747814363e-06 0.0003260932682177376
-1007 2.1427445436503135e-06 0.00032973226507831846
-1005 2.2754224128227543e-05 0.0003089829048462818
-1003 -1.9676504421618518e-05 0.000326091480917668
-1001 -6.403016305033961e-06 0.0002998315370282374
-999 -7.396303004068259e-06 0.0002809951169662332
-997 -6.868112121585751e-07 0.00032353834379927443
-995 1.4243096626717516e-05 0.00031646265973476166
-993 -1.3592502537863739e-05 0.00033502628517696113
-991 -6.9905291466505e-06 0.0003213162752120806
-989 -1.1127263849948155e-05 0.0003591548570196151
-987 7.0544271669440795e-06 0.00032274943801351673
-985 -2.439618549248376e-08 0.0003226732835232716
-983 -1.0626845614912992e-05 0.0003303686871030906
-981 -6.7176966227792575e-06 0.0003097794895728897
-979 -1.3130861670936588e-05 0.0003132842195895565
-977 -8.341667772095522e-06 0.00034832781978153015
-975 6.344174512977759e-06 0.0003353123737049981
-973 1.7970866452660666e-05 0.0003378919654083587
-971 3.8563191205828084e-07 0.00031094045013631776
-969 -4.99593053312664e-06 0.0002869667795449668
-967 6.425383846560792e-07 0.0003411314368029101
-965 1.7374183125630165e-06 0.00035365898956741507
-963 -1.2635989136010307e-06 0.0003241790746339442
-961 1.6577268057100345e-05 0.000306755259459788
-959 2.1779553108944736e-09 0.0003352844935971353
-957 -3.183885114233335e-05 0.00033160429562051894
-955 1.680533343404345e-06 0.0003029102024308954
-953 -1.421928069371972e-05 0.0003134252576344548
-951 -1.3409457448623194e-05 0.0003435829874344108
-949 -8.403173715285694e-06 0.00033032558849772426
-947 1.073912190392496e-05 0.0003406297079202816
-945 -1.3882941751259385e-05 0.0003429185475040656
-943 1.7362917553970162e-05 0.00034335361369304865
-941 -1.0513816397965835e-05 0.00034653717555782225
-939 2.2021651900546587e-05 0.00035370201789460134
-937 1.1467043714502498e-05 0.0003244794838583282
-935 -1.0201820954995383e-05 0.0003473841210912069
-933 -2.3248940060182434e-06 0.0003391817123433995
-931 8.280839299566243e-06 0.00034210490424964313
-929 2.530162410012044e-05 0.0003466592063189606
-927 -3.6894079841003606e-06 0.0003343567599923104
-925 4.885277668439087e-05 0.0003348344543192136
-923 -2.1320729840194024e-05 0.00034804488698033775
-921 5.165441393543941e-07 0.00032989227222439584
-919 2.8458995771971204e-05 0.00037987655865554817
-917 -5.952937660391351e-06 0.00033184697969373283
-915 -3.5472195474334085e-07 0.0003607142906750859
-913 1.7805925696497158e-05 0.00032243963739185533
-911 2.770600545590803e-05 0.0003740705668355851
-909 -7.83424687534919e-07 0.0003690050422681671
-907 -1.6972581273542875e-05 0.00037219978778155595
-905 2.4148097242244767e-06 0.00035799303560846726
-903 -2.483796173603969e-05 0.00037033996430637636
-901 1.585679998508648e-05 0.0003657511571848338
-899 3.523029680370484e-05 0.00035287776451175
-897 -1.2339412591243187e-05 0.0003828881792210729
-895 -2.9646893005853035e-05 0.0003789033153730846
-893 -1.7976641463056045e-05 0.00037302968875724783
-891 -3.185021187617982e-05 0.0003360892021810261
-889 7.71965868355733e-06 0.00036226053820861005
-887 -1.3065267934521362e-05 0.00035735499831993
-885 6.433859069536127e-06 0.00033624087952052045
-883 1.9028630263954546e-05 0.0003723559397595213
-881 5.9017977651194115e-06 0.00038294687903049553
-879 5.960705221287353e-06 0.0003491513579043849
-877 1.0911480681599973e-05 0.00036100215492374107
-875 8.391353114734842e-07 0.00040168290776167713
-873 -4.424031582702006e-06 0.0003718192473720656
-871 -1.9169678841868066e-05 0.0003455237729298292
-869 1.4347121974509437e-05 0.0003681693280043781
-867 9.03393072390775e-06 0.00037485104283259597
-865 -7.79715190610126e-06 0.0003664332134764135
-863 1.6533846861860638e-06 0.00036028574658675743
-861 1.669064317234919e-05 0.0003790361116081744
-859 3.4719637135269495e-05 0.00039608628785771534
-857 1.4470255181643084e-05 0.00037589063900917975
-855 -4.672397118403017e-06 0.00037699792464991096
-853 1.5756712102388405e-05 0.00038624927677326535
-851 -2.5728829764626473e-05 0.00036325285522746534
-849 -1.507674635817722e-05 0.00037299463764898247
-847 1.4605716015619525e-05 0.0003543053112908197
-845 5.448776978839872e-06 0.00037808481825985966
-843 6.489533190767405e-06 0.0003832951257212872
-841 -1.7067009214941375e-05 0.000371505409498017
-839 -2.9420334035870947e-05 0.00037829109542940066
-837 -2.5884875606831173e-06 0.0004073376147692707
-835 3.077823787715068e-06 0.00037867141699113256
-833 2.424927474945556e-05 0.00040595955224020935
-831 -7.796596053806226e-06 0.0003806467942819445
-829 -1.415279764039052e-07 0.00040940664020388656
-827 -1.0600367979339166e-05 0.00038205017037823126
-825 1.5452180327215071e-06 0.00040925719571779126
-823 9.398572933580277e-06 0.00040077388402415265
-821 2.1075095307195987e-06 0.00039107087830838087
-819 5.77885489527244e-06 0.0003907140279976113
-817 1.7207846642639588e-05 0.0003772641836572667
-815 -5.045588791951852e-06 0.00039938225756359604
-813 -1.1518546250299736e-05 0.00040263030710744414
-811 5.093720020626746e-06 0.0004003003361504079
-809 -8.761778972967505e-06 0.00038654076530535283
-807 6.322358909721747e-06 0.0003770064675803976
-805 -6.212765313356847e-06 0.00038942128598266787
-803 6.2982841585591856e-06 0.00038793777059750755
-801 5.473737991345477e-06 0.000403956317789993
-799 -2.0591897808995164e-05 0.0003875176743285049
-797 3.3409185341554366e-06 0.000420329537888132
-795 1.961582077295408e-05 0.0003960187598607023
-793 1.1055650760058515e-05 0.0004028157744170266
-791 1.3476101742466629e-05 0.0004037885640668311
-789 -3.3838680876393e-06 0.0003998857739090686
-787 -5.242245508747973e-07 0.0004031317657036664
-785 4.63496451065567e-05 0.0004117948953446553
-783 8.475476252853903e-06 0.0004203727120703478
-781 4.566075840505156e-06 0.000385576168651613
-779 1.388692008202316e-05 0.000401773608491535
-777 1.1155171178008306e-05 0.0004322194783800967
-775 -8.447725705506971e-06 0.0004211297496341724
-773 2.6385339211750176e-05 0.0004108675822383547
-771 -1.1076093850263656e-05 0.0004127437398194479
-769 -5.803090128629805e-06 0.00041160065083105553
-767 -1.396444265760928e-05 0.00041195241895735594
-765 -6.704407955086372e-06 0.0004256712502561332
-763 1.5099739339837925e-05 0.0004071505391906154
-761 -2.885931846161593e-05 0.00041656144674711415
-759 -1.932062153092229e-06 0.00041823352496013694
-757 -1.4575888454005897e-05 0.0004077794217560026
-755 1.0187718093467875e-05 0.00040675140261885206
-753 -2.341948546546688e-07 0.00043532634257556686
-751 -9.645681659389386e-06 0.0004308194835963545
-749 1.0797781640457053e-06 0.0004407918797928398
-747 6.613101071389045e-06 0.00044165719871435804
-745 9.495257796997708e-06 0.00047092513181990706
-743 -1.7091286197968092e-05 0.00042877999382141005
-741 1.256725109301552e-05 0.0004218020151656523
-739 -8.497166712272134e-06 0.0004515961458923412
-737 -4.6044867901344786e-08 0.0004340540349220061
-735 -2.154678528728116e-05 0.0004217429962282845
-733 -2.0753243457040636e-05 0.000427693079121231
-731 -5.465154344137367e-06 0.00043228712871455573
-729 -1.129009172986018e-05 0.00043580787766081395
-727 -5.801352174199987e-06 0.00045581433854756473
-725 -1.644988554837865e-05 0.0004476304755923136
-723 -1.1401546922258304e-05 0.000434366027568498
-721 2.5600677370846732e-05 0.0004539966191128826
-719 -9.540108835485274e-07 0.0004232411002412963
-717 5.8974350999933045e-06 0.0004281578187988384
-715 -1.812878758590982e-05 0.000453073181720521
-713 -1.1362585640525511e-05 0.00043023450213576324
-711 -1.854214208185942e-05 0.0004632976430917741
-709 4.456921319222454e-06 0.0004427881361174488
-707 3.705779117522386e-06 0.00045672961733779277
-705 7.023305251345621e-06 0.00043415911112795676
-703 2.7353202177984912e-05 0.00045965878159188046
-701 3.526056840595317e-06 0.0004398435231344507
-699 1.4862468917411803e-05 0.0004615979183361965
-697 -6.737334473393628e-06 0.0004545861728426573
-695 -2.2566882488372065e-05 0.00047350370607381287
-693 4.585009558705444e-06 0.00044516057398349496
-691 -1.316038433046866e-05 0.000483956715950304
-689 3.5558594053934453e-06 0.0004597738190409371
-687 -1.7598137938713582e-05 0.0004682631856763941
-685 1.1527742750134736e-05 0.0004746317448317353
-683 -3.676143185648975e-06 0.0004738464396747252
-681 9.546621539696167e-06 0.00045424637346699377
-679 -4.833762746207563e-06 0.00047015759219131364
-677 -1.1507455194336424e-05 0.0004778891001470274
-675 -1.1841024031716942e-06 0.0004999298303861549
-673 1.5835376419851317e-05 0.0004756386207504741
-671 -1.9472804492619632e-05 0.0004949398962373284
-669 8.93527109356454e-06 0.0004903778979130297
-667 2.1396925488032937e-05 0.000452608500683295
-665 5.672467513211544e-06 0.00048735914593797783
-663 4.335129102878145e-06 0.00046655450614880185
-661 -3.100122531345497e-06 0.0005025273601336997
-659 -6.804880208122961e-06 0.0005082198133081497
-657 1.9771683042337416e-05 0.0004713287030804818
-655 -2.188016808673204e-06 0.0004889386828076573
-653 -1.5581974879479625e-05 0.0004892532995788479
-651 -1.742576430749179e-06 0.000495105431493316
-649 -2.1946401388605634e-05 0.0005014139690598659
-647 3.413185563274885e-05 0.0005086615459172589
-645 -2.7537275790886226e-05 0.0004780079550135008
-643 1.5263729005673976e-05 0.0004980108945624526
-641 8.282357246924723e-06 0.0004887567022063761
-639 -2.958849233727774e-06 0.0004800462210170624
-637 -1.4004392454286846e-06 0.0005159372956099438
-635 1.4686113324987704e-05 0.000510351263008152
-633 -2.0787052154208743e-05 0.0005140323340787039
-631 2.3329693856796732e-05 0.0005121189685444352
-629 2.1617921805370703e-05 0.0005076219000784232
-627 1.5643688215999627e-05 0.0004980338203530558
-625 -1.8880781545476508e-06 0.0005335628194866457
-623 1.4661244645852695e-05 0.0004960696166201282
-621 -2.9002352234254928e-06 0.000503231064765115
-619 -1.9407746804927186e-05 0.000498239487877591
-617 -1.6296842308541083e-05 0.0005245894786792186
-615 3.4684724228943135e-06 0.0005255354769629107
-613 2.204621665819552e-06 0.0005025189210465544
-611 1.1325126700955189e-05 0.0005243840694574516
-609 7.164887280334117e-07 0.0005509063303448487
-607 -5.842046413876402e-06 0.0005524284980844418
-605 2.054736036308806e-06 0.0005277196755422735
-603 1.3078360359524013e-05 0.0005441408343069578
-601 -1.8334840411159607e-05 0.0005190645238255742
-599 -7.98743082550936e-06 0.0005357137753299199
-597 1.0339120053435933e-05 0.0005406433427197236
-595 2.916669738780738e-07 0.0005367286225186627
-593 -8.604132854531363e-06 0.0005526490399217475
-591 -2.4506267618421868e-05 0.0005368472733736494
-589 -2.8713122768169396e-06 0.000557828580684392
-587 1.5987287792466183e-05 0.0005226134234305294
-585 -6.809389614541074e-06 0.000523906563816958
-583 6.920894508387603e-06 0.0005302740660709555
-581 -2.1224028175700202e-05 0.0005313699431451938
-579 4.451443784496406e-06 0.0005262148027562719
-577 1.0162139576345699e-05 0.0005582970956161468
-575 3.3459077597132715e-06 0.0005582753830639355
-573 1.597054516407946e-05 0.0005412599800873192
-571 -3.6136609900853767e-06 0.0005836607934045991
-569 -3.2374543568833494e-06 0.0005455760232776171
-567 1.9181599292980297e-06 0.0005781429816571837
-565 3.5488444169602855e-06 0.0005518486746575742
-563 -8.675293383287581e-06 0.0005656957605754345
-561 -9.705181155561163e-06 0.000590059273553659
-559 5.617856952962559e-06 0.0005492815072955878
-557 1.5003645798971496e-05 0.0005996768013795448
-555 -9.020105125380425e-06 0.0005748907915622321
-553 1.4006986951727863e-05 0.0005774635855649832
-551 -5.887338132748221e-06 0.0005685206035516347
-549 9.801414779840231e-06 0.0005640289978979638
-547 2.7922425258726296e-06 0.0005889559183083522
-545 -1.339583614363766e-05 0.0005816271168202172
-543 2.134152389259742e-05 0.0005634040307669552
-541 1.3418824521416577e-05 0.0005808235736403127
-539 1.1392436339107772e-05 0.0005963280754267721
-537 -1.0854753687502668e-05 0.0005994027844347499
-535 8.315797452852177e-06 0.0006100297497470144
-533 -1.0710834631596621e-05 0.0005777441813998724
-531 -1.568807425619819e-05 0.0006222541578330889
-529 -2.3992674141280766e-05 0.000604545975033373
-527 -2.080237584535053e-05 0.0006328543575703702
-525 -8.08153313444986e-06 0.000591313443996692
-523 1.4504224447442498e-05 0.0006041396579236749
-521 1.0870630210811521e-05 0.000608246144296204
-519 2.3503121517730013e-05 0.0005967417412508433
-517 -3.460414423558039e-06 0.0006081855092874862
-515 1.2362363440812704e-05 0.0006131571155149446
-513 2.3582999609707787e-06 0.0006308505590443121
-511 -1.4430668149253886e-05 0.0006201469789505708
-509 5.712931420158563e-07 0.0006010460926272981
-507 -1.3762795131502312e-05 0.0006020785570096266
-505 -6.988364306086635e-06 0.0006218357416680545
-503 1.21315793895801e-05 0.0006181464417111821
-501 2.9579060772323157e-05 0.000641251974084174
-499 -2.975090953971751e-05 0.0006345004607546395
-497 7.569086944229425e-06 0.0006418059918866077
-495 6.48927962040388e-06 0.000631593126748378
-493 3.268722037166522e-05 0.0006371255318449631
-491 1.5152898055771832e-05 0.0006478320821214156
-489 -9.20836068661297e-06 0.0006339203331823107
-487 -3.5071220458034007e-07 0.0006701763152709312
-485 1.310065535026618e-05 0.0006463630672286123
-483 4.426607273340386e-06 0.0006586587968149895
-481 -6.46457949334167e-06 0.0006599128641045092
-479 1.0986631197421839e-05 0.000665362327665414
-477 1.1319902019673999e-05 0.0006568390640225978
-475 -1.4436602892069154e-05 0.000664554319567191
-473 2.657393831122575e-05 0.0006973334859838187
-471 2.161171840491504e-05 0.0006725938798211511
-469 -2.4125376911804115e-06 0.0006611217438761055
-467 -1.552522605085484e-06 0.0006868199080333883
-465 -7.5616243872127325e-06 0.0006593238386992421
-463 1.1042947966219305e-05 0.0006598937179633662
-461 2.27505303913334e-06 0.0006842099549346467
-459 1.1047007391055003e-05 0.0006777366645386948
-457 3.713571423229694e-05 0.0007315718582565828
-455 3.517869299536415e-06 0.0007047031257763606
-453 -1.035287316208356e-05 0.0006702166087565957
-451 2.100754955379366e-05 0.0006993996056344655
-449 1.2747359468486798e-05 0.0006710018431853035
-447 -1.2989170197165577e-05 0.0007207744181745885
-445 -8.142399671600583e-06 0.000676025329607801
-443 1.1980750454626959e-05 0.000742951187382703
-441 1.3029614310276784e-05 0.0007021125294545053
-439 -4.940251459710649e-06 0.0007354450392612395
-437 -9.25398159487539e-06 0.0007114846061866624
-435 3.179659164505475e-05 0.0007747874235528778
-433 2.0599805810634516e-07 0.0007482975214076518
-431 1.3070951644297477e-05 0.0007372824858216162
-429 8.548512456694259e-06 0.000746010593894155
-427 1.6220970414882085e-05 0.0007299575409298457
-425 7.583582368087221e-06 0.0007630456356687489
-423 -3.922313388613404e-08 0.0007566132100057246
-421 2.212804404413804e-05 0.0007356341172687431
-419 4.457655211682845e-06 0.000766826407295571
-417 -2.8612218929711894e-06 0.0007740508767607339
-415 2.335091480951786e-05 0.0008174099977611818
-413 1.5673413371193318e-05 0.000793290734104927
-411 7.2062536573499685e-06 0.0007707243871724135
-409 1.532894956749043e-05 0.0007949671270651159
-407 -1.1162451528472109e-05 0.0007820913078827058
-405 3.073824512121528e-05 0.0007839688423988094
-403 -4.561525282353465e-06 0.0007947154432924118
-401 6.855070630321393e-06 0.0007683708803076543
-399 1.007822633856617e-05 0.0008056523214437862
-397 1.727497681255908e-05 0.0008167829392190763
-395 2.2205501823591885e-05 0.000798612144648852
-393 -6.569673691766587e-06 0.0008432678008128168
-391 -2.9009404210221744e-05 0.0007960188544626018
-389 3.1075489764517605e-06 0.0008207265560051143
-387 7.685273895875972e-06 0.0008275066398605725
-385 1.3437953555845592e-05 0.0008236048804399048
-383 -1.5284031087743685e-05 0.0008200693359562386
-381 2.1288876536766574e-06 0.0008364372451119007
-379 -5.502833957333153e-06 0.0008511319175313861
-377 -1.0583123900029454e-05 0.0008145850581855921
-375 1.4757545984006788e-05 0.0008265529510728389
-373 1.5768254569257154e-06 0.0008456868158860871
-371 -5.648249265724936e-06 0.0008735327521310806
-369 8.01571890480582e-06 0.0008456815633711684
-367 -5.605861904149516e-06 0.0008525853268174456
-365 3.165061403650945e-05 0.0008536058778788874
-363 -6.347718418844619e-06 0.0008785535668492535
-361 -4.372579170525356e-06 0.0009087364836484128
-359 1.1815789208408628e-05 0.0008902070652178978
-357 -6.19272539812027e-06 0.0009078656216913881
-355 -7.078627647573227e-06 0.0008841771319278007
-353 4.245656386256982e-06 0.000873465967701065
-351 -8.98315851658346e-06 0.0009353711820232591
-349 1.8631696722295578e-05 0.0009075362111110059
-347 -1.0394811839837312e-05 0.0009060370641311097
-345 -2.5294405834557548e-05 0.0009085015489824523
-343 3.7642178763272668e-06 0.0009172282740641088
-341 1.3798697795163844e-05 0.0009408872518471431
-339 -3.1142497946733544e-05 0.0009206832011102329
-337 -1.6094017521428978e-05 0.0009488784514469866
-335 2.1820321134593175e-05 0.0009650237824136203
-333 -6.151782111867953e-06 0.0009413494171286547
-331 -3.067764574716551e-06 0.0009631232561600063
-329 -1.211990382226708e-06 0.0009828266165227547
-327 9.081448933495813e-06 0.0009469299198458129
-325 1.4743244366108438e-05 0.0009892769362527221
-323 4.163376269598645e-06 0.0009698339276611754
-321 8.924698513393292e-06 0.001008149630053337
-319 -3.028724951312511e-07 0.0010203941172475606
-317 1.1353823602297906e-05 0.0010063919427243256
-315 2.816466150695371e-06 0.0010189005481758633
-313 -1.497518965845504e-06 0.0010374549667684283
-311 -9.83168500730647e-06 0.001026238959903606
-309 -2.443369040255326e-06 0.0010161830192007082
-307 7.246425816593745e-07 0.0010060305000498117
-305 -1.3718592868334412e-05 0.0010331897996479556
-303 4.1193205377976865e-06 0.0010660940152476994
-301 4.740089028145904e-06 0.001053007088841636
-299 9.218406551262104e-06 0.0010653900610414597
-297 -1.2601229104281936e-05 0.001062175999218365
-295 -1.221933098796746e-05 0.0010819638153921228
-293 1.1179981695201044e-05 0.001106190988211146
-291 -3.5773506371622265e-06 0.0010950017982040289
-289 8.923855837372221e-06 0.0011042123971775131
-287 -1.739428898779627e-05 0.001093947921140624
-285 -2.541066180490912e-07 0.001093580637846556
-283 2.307998619827976e-05 0.001093418210052555
-281 -5.456927883847083e-06 0.0011136929503049004
-279 3.6106326067651635e-05 0.0011293974247870257
-277 -4.291049956822799e-06 0.0011559662270983044
-275 4.224347469906262e-06 0.0011335521380491616
-273 -7.943516305299336e-06 0.0011658972630419649
-271 -2.0304228434078163e-06 0.001174557834322301
-269 -4.656899520108551e-06 0.0011759363118740054
-267 1.0201132187765406e-05 0.0011842956990191357
-265 2.908417471633656e-05 0.001194134506544714
-263 6.22866257348688e-06 0.001211900687121386
-261 -1.4918709798201946e-05 0.0012081306374900798
-259 9.49870063840916e-07 0.0012089013438851123
-257 -7.598417768020824e-06 0.0012394225201244659
-255 -2.2724595863528205e-05 0.001240516461668021
-253 1.486651412820728e-05 0.0012495018545593216
-251 -2.0617461166626147e-05 0.0012592450810213081
-249 -3.5254283625891833e-06 0.0012706602930618745
-247 -2.9556023144573355e-05 0.0012955683454692177
-245 -1.9433077103361783e-05 0.0013028078184743504
-243 1.7710084944729058e-05 0.0012955076266667942
-241 -1.6794280461587682e-05 0.00131510462076908
-239 1.463032815190134e-05 0.001354943479118405
-237 -9.258105682465033e-06 0.0013244450522302254
-235 1.5963735576232453e-06 0.0013597912282184476
-233 -1.901630049677495e-05 0.0013784572313709756
-231 1.9393277619189717e-05 0.001362518478454043
-229 -2.0073408585228736e-05 0.0013896149183971738
-227 8.29540411052763e-06 0.0013863701840677414
-225 -1.9286059758847394e-05 0.0014128535446632697
-223 7.507639562011249e-06 0.0014244639706701859
-221 1.2745598443283956e-06 0.0014310847382196653
-219 -8.817408830729538e-06 0.0014616664128623941
-217 1.8410029997651503e-05 0.0014762706485968193
-215 -2.6353617856844463e-05 0.0014787016602910642
-213 4.205101287083744e-06 0.0014865825409244788
-211 -1.9579583011439176e-06 0.0015145121534276692
-209 -1.7173374865536697e-05 0.0015370303833854698
-207 -6.013930185723943e-06 0.001539933159742595
-205 2.4909064452208424e-07 0.0015473249451222132
-203 -2.1416286595743756e-05 0.001578228183811883
-201 -1.6811837803560725e-08 0.0015724272934190772
-199 -1.2591392473449882e-05 0.0016230436290624347
-197 2.491144078528933e-06 0.0016267217028727134
-195 -2.138204529586702e-05 0.0016073419395913025
-193 1.075865336079354e-05 0.0016544787967924797
-191 -2.688198186752319e-05 0.0016765269396441665
-189 1.14453883945184e-05 0.0016993249468357284
-187 7.230406946960965e-06 0.001686689376729403
-185 8.505747906108541e-06 0.001710153065491846
-183 -2.0811118745705436e-05 0.0017527029131879164
-181 -6.751938372504019e-06 0.0017444587524020276
-179 -7.335615899987827e-06 0.0017599539150148326
-177 4.278233222310073e-05 0.0018258933556215282
-175 1.698398477599836e-05 0.0018077053569129538
-173 -2.4893360247708722e-06 0.001852226197026266
-171 8.883122253089159e-06 0.001857112907407205
-169 -1.7322745239642567e-06 0.0018706221954094058
-167 7.977061047173447e-06 0.0018882177134814562
-165 3.97183039527578e-06 0.0019316225764074697
-163 1.3566031311390916e-05 0.001971340717510194
-161 1.0703175814331656e-05 0.0020034504146540376
-159 9.40611757548333e-06 0.0019909503952239157
-157 -1.1105911255139298e-05 0.0020566866226237332
-155 -5.234889642228349e-06 0.0020526117690256884
-153 1.7685287323133646e-06 0.0020822088992630424
-151 -1.8243628680845997e-05 0.002109640011582225
-149 6.652493457906278e-06 0.002156998301514258
-147 1.701333994891546e-05 0.0021855567335582154
-145 1.9147202876912103e-06 0.0022236834188095814
-143 -5.075634287170938e-06 0.0022225351086816673
-141 3.300248567164297e-06 0.002261400263456649
-139 5.2771645984881245e-06 0.0023250290655693986
-137 1.7573724838012158e-05 0.002351170538711338
-135 -2.6906004262016666e-05 0.00235614006530605
-133 1.878707431477381e-05 0.0023889674639757503
-131 -3.6345833480795525e-06 0.002433444689338409
-129 -1.2195937408389845e-05 0.002501215155618445
-127 -3.501079765537796e-06 0.0025143147983686907
-125 -1.115096472863938e-05 0.0025513021731097224
-123 1.3651162008348711e-05 0.0026102491928036565
-121 8.087324838857668e-06 0.002627170427088952
-119 1.7238621892128208e-05 0.0026755536565073695
-117 1.9570794167548385e-05 0.0027215464056920546
-115 3.64459492358412e-05 0.0027481264274506222
-113 -1.0543606681541911e-05 0.002828490617523796
-111 -1.0080397606381039e-05 0.0028550591266923537
-109 -7.947676317319275e-06 0.002917827507124394
-107 -1.6557256697871087e-05 0.0029602293036329994
-105 1.896883707342976e-05 0.0030416532633464094
-103 -1.0949359589093009e-05 0.0030950805090220876
-101 1.1951634512960373e-05 0.0031636466384142494
-99 4.044678210691585e-05 0.0032004561956943205
-97 -4.35826092315191e-05 0.0032408573117019657
-95 1.6859571252674188e-05 0.0033514832388623393
-93 -1.1866595105013023e-05 0.0033993792799807718
-91 1.1493751378123925e-05 0.0034948642534602687
-89 -6.907200861155416e-06 0.003594767663117786
-87 -6.209372733760265e-06 0.0036418877015986033
-85 1.3421753393823363e-05 0.0037406340461193866
-83 3.489899847886691e-05 0.0038363898558657025
-81 -1.760556183741196e-05 0.00394459256769429
-79 9.754793513585666e-06 0.004011830004910357
-77 2.313403212336856e-05 0.004161164619362501
-75 -4.22763910311155e-06 0.004255956807504631
-73 -2.0794029391333284e-05 0.0043685359505783485
-71 3.004105079558864e-05 0.004502314114035168
-69 -8.38597690240766e-06 0.004601086590591452
-67 4.889727894686271e-06 0.004754256400008488
-65 -2.2932643835637927e-05 0.004911647531274596
-63 -1.9382947659654614e-06 0.005039443007101382
-61 1.5771282113372267e-05 0.00523410071484823
-59 1.094074843653007e-06 0.005392571286842143
-57 6.646328902784897e-06 0.005594428006659548
-55 -7.954078140959322e-08 0.005779397103590949
-53 7.885247046552043e-07 0.005995639950066627
-51 2.3219209036407808e-05 0.006287701073744496
-49 7.955003338071821e-06 0.0065038718408835265
-47 -2.8175066948241087e-05 0.006755797907939399
-45 -1.1236553338991422e-05 0.007080222026628284
-43 1.959514182013088e-05 0.007391896938397599
-41 5.278785638712509e-06 0.007755081579538315
-39 -1.2223970536010518e-06 0.008165640698048761
-37 3.43258921716014e-08 0.008584086244094869
-35 4.0386375717943413e-05 0.009072610341349985
-33 -8.392013148669128e-06 0.00963011081189755
-31 5.535164525903446e-06 0.010251975736861022
-29 1.527035100228087e-05 0.010987881121393477
-27 1.820747912687078e-05 0.011776180462257705
-25 -9.315019358745341e-06 0.012733481499196961
-23 2.265308215356082e-05 0.013855504919594301
-21 1.0524462640896351e-06 0.01515013669658694
-19 -1.1318660411985829e-05 0.016748481677077133
-17 -1.0156016131051058e-05 0.018725396738567778
-15 -4.05685749974904e-05 0.021208350798973746
-13 1.3089027841491722e-05 0.024446991561818072
-11 1.2545088954013114e-05 0.02892192392435859
-9 7.690791542039005e-07 0.035354490627516666
-7 -1.344555452624926e-05 0.04543902129848801
-5 -1.6299372335424947e-05 0.06354407881519765
-3 6.421999143523546e-06 0.1054908362135075
-1 -1.538818427007695e-05 0.3037899229069222
1 -1.538818427007489e-05 -0.3037899229069222
3 6.4219991435236346e-06 -0.1054908362135075
5 -1.6299372335424924e-05 -0.06354407881519765
7 -1.344555452624924e-05 -0.04543902129848801
9 7.690791542039151e-07 -0.035354490627516666
11 1.254508895401312e-05 -0.02892192392435859
13 1.3089027841491766e-05 -0.024446991561818072
15 -4.0568574997490616e-05 -0.021208350798973746
17 -1.0156016131050748e-05 -0.018725396738567778
19 -1.1318660411985853e-05 -0.016748481677077133
21 1.0524462640895983e-06 -0.01515013669658694
23 2.2653082153561028e-05 -0.013855504919594301
25 -9.315019358745462e-06 -0.012733481499196961
27 1.82074791268708e-05 -0.011776180462257705
29 1.527035100228089e-05 -0.010987881121393477
31 5.5351645259034436e-06 -0.010251975736861022
33 -8.392013148669172e-06 -0.00963011081189755
35 4.0386375717943413e-05 -0.009072610341349985
37 3.432589217162512e-08 -0.008584086244094869
39 -1.22239705360117e-06 -0.008165640698048761
41 5.278785638712612e-06 -0.007755081579538315
43 1.959514182013088e-05 -0.007391896938397599
45 -1.1236553338991432e-05 -0.007080222026628284
47 -2.817506694824107e-05 -0.006755797907939399
49 7.955003338071853e-06 -0.0065038718408835265
51 2.3219209036407798e-05 -0.006287701073744496
53 7.885247046551668e-07 -0.005995639950066627
55 -7.954078140966607e-08 -0.005779397103590949
57 6.646328902785015e-06 -0.005594428006659548
59 1.0940748436529923e-06 -0.005392571286842143
61 1.577128211337224e-05 -0.00523410071484823
63 -1.9382947659653674e-06 -0.005039443007101382
65 -2.2932643835638005e-05 -0.004911647531274596
67 4.889727894686233e-06 -0.004754256400008488
69 -8.385976902407647e-06 -0.004601086590591452
71 3.004105079558864e-05 -0.004502314114035168
73 -2.0794029391333305e-05 -0.0043685359505783485
75 -4.227639103111572e-06 -0.004255956807504631
77 2.3134032123368546e-05 -0.004161164619362501
79 9.754793513585704e-06 -0.004011830004910356
81 -1.760556183741207e-05 -0.003944592567694291
83 3.4898998478866865e-05 -0.0038363898558657025
85 1.3421753393823367e-05 -0.0037406340461193866
87 -6.209372733760246e-06 -0.0036418877015986033
89 -6.907200861155402e-06 -0.003594767663117786
91 1.149375137812394e-05 -0.0034948642534602687
93 -1.1866595105013021e-05 -0.0033993792799807718
95 1.685957125267415e-05 -0.0033514832388623393
97 -4.358260923151903e-05 -0.0032408573117019657
99 4.044678210691586e-05 -0.0032004561956943205
101 1.195163451296037e-05 -0.0031636466384142494
103 -1.0949359589092975e-05 -0.0030950805090220876
105 1.896883707342971e-05 -0.0030416532633464094
107 -1.6557256697871107e-05 -0.0029602293036329994
109 -7.94767631731927e-06 -0.002917827507124394
111 -1.0080397606381022e-05 -0.0028550591266923537
113 -1.0543606681541898e-05 -0.002828490617523796
115 3.644594923584123e-05 -0.0027481264274506222
117 1.95707941675484e-05 -0.0027215464056920546
119 1.7238621892128126e-05 -0.0026755536565073695
121 8.087324838857841e-06 -0.002627170427088952
123 1.365116200834869e-05 -0.0026102491928036565
125 -1.1150964728639392e-05 -0.0025513021731097224
127 -3.50107976553779e-06 -0.0025143147983686907
129 -1.2195937408389801e-05 -0.002501215155618445
131 -3.6345833480795585e-06 -0.002433444689338409
133 1.8787074314773802e-05 -0.0023889674639757503
135 -2.6906004262016673e-05 -0.00235614006530605
137 1.7573724838012192e-05 -0.002351170538711338
139 5.277164598488109e-06 -0.0023250290655693986
141 3.3002485671642904e-06 -0.002261400263456649
143 -5.075634287170928e-06 -0.0022225351086816673
145 1.9147202876912154e-06 -0.0022236834188095814
147 1.7013339948915468e-05 -0.0021855567335582154
149 6.652493457906298e-06 -0.002156998301514258
151 -1.8243628680846038e-05 -0.0021096400115822246
153 1.7685287323133545e-06 -0.0020822088992630424
155 -5.234889642228391e-06 -0.002052611769025689
157 -1.1105911255139193e-05 -0.0020566866226237332
159 9.40611757548313e-06 -0.001990950395223916
161 1.070317581433134e-05 -0.0020034504146540376
163 1.3566031311390989e-05 -0.001971340717510194
165 3.97183039527574e-06 -0.0019316225764074697
167 7.977061047173462e-06 -0.0018882177134814562
169 -1.732274523964272e-06 -0.0018706221954094058
171 8.8831222530892e-06 -0.001857112907407205
173 -2.489336024770895e-06 -0.001852226197026266
175 1.6983984775998337e-05 -0.0018077053569129536
177 4.2782332223100794e-05 -0.0018258933556215282
179 -7.335615899987784e-06 -0.0017599539150148329
181 -6.751938372504024e-06 -0.0017444587524020276
183 -2.0811118745705368e-05 -0.0017527029131879164
185 8.505747906108524e-06 -0.001710153065491846
187 7.230406946960978e-06 -0.001686689376729403
189 1.1445388394518417e-05 -0.0016993249468357284
191 -2.688198186752315e-05 -0.0016765269396441665
193 1.0758653360793502e-05 -0.0016544787967924797
195 -2.1382045295867012e-05 -0.0016073419395913025
197 2.491144078528958e-06 -0.0016267217028727134
199 -1.259139247344987e-05 -0.0016230436290624347
201 -1.6811837803593124e-08 -0.0015724272934190772
203 -2.1416286595743712e-05 -0.001578228183811883
205 2.4909064452206814e-07 -0.0015473249451222132
207 -6.0139301857239724e-06 -0.001539933159742595
209 -1.7173374865536683e-05 -0.0015370303833854698
211 -1.9579583011439024e-06 -0.0015145121534276692
213 4.205101287083717e-06 -0.0014865825409244788
215 -2.6353617856844477e-05 -0.0014787016602910642
217 1.8410029997651554e-05 -0.0014762706485968193
219 -8.817408830729531e-06 -0.0014616664128623941
221 1.2745598443283964e-06 -0.0014310847382196653
223 7.507639562011266e-06 -0.0014244639706701859
225 -1.9286059758847405e-05 -0.0014128535446632697
227 8.295404110527635e-06 -0.0013863701840677414
229 -2.0073408585228787e-05 -0.0013896149183971738
231 1.9393277619189697e-05 -0.001362518478454043
233 -1.9016300496774953e-05 -0.0013784572313709756
235 1.5963735576232462e-06 -0.0013597912282184476
237 -9.258105682465017e-06 -0.0013244450522302254
239 1.4630328151901162e-05 -0.0013549434791184048
241 -1.6794280461587584e-05 -0.00131510462076908
243 1.771008494472905e-05 -0.0012955076266667942
245 -1.9433077103361793e-05 -0.0013028078184743504
247 -2.955602314457339e-05 -0.0012955683454692177
249 -3.5254283625892303e-06 -0.0012706602930618745
251 -2.0617461166626126e-05 -0.0012592450810213081
253 1.4866514128207306e-05 -0.0012495018545593216
255 -2.272459586352826e-05 -0.001240516461668021
257 -7.598417768020822e-06 -0.001239422520124466
259 9.498700638409249e-07 -0.0012089013438851123
261 -1.4918709798201957e-05 -0.0012081306374900798
263 6.228662573486943e-06 -0.001211900687121386
265 2.9084174716336537e-05 -0.0011941345065447143
267 1.0201132187765412e-05 -0.0011842956990191357
269 -4.656899520108534e-06 -0.0011759363118740054
271 -2.0304228434077896e-06 -0.001174557834322301
273 -7.94351630529936e-06 -0.0011658972630419649
275 4.2243474699062495e-06 -0.0011335521380491616
277 -4.2910499568228235e-06 -0.0011559662270983046
279 3.610632606765183e-05 -0.0011293974247870257
281 -5.456927883847324e-06 -0.0011136929503049004
283 2.307998619827976e-05 -0.001093418210052555
285 -2.541066180490732e-07 -0.001093580637846556
287 -1.7394288987796302e-05 -0.001093947921140624
289 8.923855837372189e-06 -0.0011042123971775131
291 -3.5773506371622015e-06 -0.0010950017982040289
293 1.1179981695201047e-05 -0.001106190988211146
295 -1.2219330987967492e-05 -0.0010819638153921228
297 -1.2601229104281887e-05 -0.001062175999218365
299 9.218406551262079e-06 -0.0010653900610414595
301 4.740089028145881e-06 -0.001053007088841636
303 4.119320537797693e-06 -0.0010660940152476994
305 -1.3718592868334416e-05 -0.0010331897996479556
307 7.24642581659394e-07 -0.0010060305000498117
309 -2.4433690402553352e-06 -0.0010161830192007082
311 -9.831685007306457e-06 -0.001026238959903606
313 -1.497518965845497e-06 -0.0010374549667684283
315 2.816466150695399e-06 -0.0010189005481758633
317 1.1353823602297867e-05 -0.0010063919427243256
319 -3.0287249513165895e-07 -0.0010203941172475604
321 8.924698513393612e-06 -0.0010081496300533366
323 4.163376269598653e-06 -0.0009698339276611754
325 1.4743244366108472e-05 -0.0009892769362527224
327 9.081448933495847e-06 -0.0009469299198458129
329 -1.2119903822267148e-06 -0.0009828266165227547
331 -3.0677645747165934e-06 -0.0009631232561600063
333 -6.151782111867928e-06 -0.0009413494171286547
335 2.182032113459318e-05 -0.0009650237824136203
337 -1.6094017521428934e-05 -0.0009488784514469866
339 -3.114249794673355e-05 -0.000920683201110233
341 1.3798697795163816e-05 -0.0009408872518471431
343 3.7642178763273015e-06 -0.0009172282740641087
345 -2.5294405834557555e-05 -0.0009085015489824523
347 -1.0394811839837336e-05 -0.0009060370641311097
349 1.8631696722295568e-05 -0.0009075362111110059
351 -8.983158516583493e-06 -0.000935371182023259
353 4.245656386256962e-06 -0.000873465967701065
355 -7.078627647573225e-06 -0.0008841771319278008
357 -6.1927253981203e-06 -0.0009078656216913881
359 1.1815789208408651e-05 -0.0008902070652178977
361 -4.372579170525419e-06 -0.0009087364836484128
363 -6.347718418844598e-06 -0.0008785535668492535
365 3.165061403650943e-05 -0.0008536058778788873
367 -5.605861904149517e-06 -0.0008525853268174456
369 8.015718904805794e-06 -0.0008456815633711684
371 -5.648249265724945e-06 -0.0008735327521310806
373 1.5768254569257228e-06 -0.0008456868158860872
375 1.4757545984006786e-05 -0.0008265529510728389
377 -1.058312390002949e-05 -0.0008145850581855921
379 -5.502833957333163e-06 -0.0008511319175313861
381 2.128887653676677e-06 -0.0008364372451119007
383 -1.5284031087743712e-05 -0.0008200693359562386
385 1.3437953555845592e-05 -0.0008236048804399047
387 7.685273895876027e-06 -0.0008275066398605725
389 3.107548976451728e-06 -0.0008207265560051143
391 -2.900940421022175e-05 -0.0007960188544626018
393 -6.5696736917666075e-06 -0.0008432678008128168
395 2.2205501823591868e-05 -0.000798612144648852
397 1.7274976812559097e-05 -0.0008167829392190763
399 1.0078226338566471e-05 -0.0008056523214437863
401 6.855070630321641e-06 -0.0007683708803076547
403 -4.5615252823534375e-06 -0.0007947154432924119
405 3.073824512121526e-05 -0.0007839688423988094
407 -1.1162451528472112e-05 -0.0007820913078827059
409 1.5328949567490308e-05 -0.000794967127065116
411 7.206253657350123e-06 -0.0007707243871724135
413 1.5673413371193338e-05 -0.0007932907341049269
415 2.3350914809517772e-05 -0.0008174099977611819
417 -2.861221892971239e-06 -0.0007740508767607338
419 4.457655211682864e-06 -0.0007668264072955712
421 2.2128044044138164e-05 -0.000735634117268743
423 -3.922313388622848e-08 -0.0007566132100057245
425 7.583582368087172e-06 -0.000763045635668749
427 1.622097041488207e-05 -0.0007299575409298457
429 8.548512456694284e-06 -0.0007460105938941549
431 1.307095164429743e-05 -0.0007372824858216164
433 2.059980581063998e-07 -0.0007482975214076518
435 3.179659164505473e-05 -0.0007747874235528778
437 -9.253981594875402e-06 -0.0007114846061866624
439 -4.940251459710622e-06 -0.0007354450392612395
441 1.3029614310276791e-05 -0.0007021125294545054
443 1.1980750454626973e-05 -0.0007429511873827032
445 -8.14239967160053e-06 -0.000676025329607801
447 -1.2989170197165588e-05 -0.0007207744181745885
449 1.2747359468486814e-05 -0.0006710018431853035
451 2.1007549553793664e-05 -0.0006993996056344655
453 -1.0352873162083527e-05 -0.0006702166087565957
455 3.517869299536428e-06 -0.0007047031257763606
457 3.713571423229698e-05 -0.0007315718582565828
459 1.1047007391054997e-05 -0.0006777366645386948
461 2.275053039133363e-06 -0.0006842099549346467
463 1.104294796621929e-05 -0.0006598937179633662
465 -7.561624387212739e-06 -0.0006593238386992421
467 -1.552522605085461e-06 -0.0006868199080333883
469 -2.4125376911804055e-06 -0.0006611217438761055
471 2.1611718404915004e-05 -0.0006725938798211511
473 2.6573938311225736e-05 -0.0006973334859838187
475 -1.4436602892069197e-05 -0.000664554319567191
477 1.1319902019674045e-05 -0.0006568390640225978
479 1.0986631197422101e-05 -0.0006653623276654141
481 -6.464579493341869e-06 -0.0006599128641045091
483 4.426607273340399e-06 -0.0006586587968149895
485 1.3100655350266166e-05 -0.0006463630672286123
487 -3.507122045803443e-07 -0.0006701763152709312
489 -9.208360686612963e-06 -0.0006339203331823107
491 1.515289805577181e-05 -0.0006478320821214157
493 3.268722037166521e-05 -0.0006371255318449631
495 6.48927962040388e-06 -0.000631593126748378
497 7.569086944229421e-06 -0.0006418059918866079
499 -2.9750909539717496e-05 -0.0006345004607546395
501 2.957906077232319e-05 -0.000641251974084174
503 1.2131579389580119e-05 -0.0006181464417111821
505 -6.988364306086607e-06 -0.0006218357416680545
507 -1.3762795131502325e-05 -0.0006020785570096266
509 5.712931420158427e-07 -0.0006010460926272981
511 -1.44306681492539e-05 -0.0006201469789505708
513 2.358299960970763e-06 -0.0006308505590443121
515 1.2362363440812735e-05 -0.0006131571155149446
517 -3.4604144235580387e-06 -0.0006081855092874862
519 2.3503121517729786e-05 -0.0005967417412508433
521 1.0870630210811595e-05 -0.000608246144296204
523 1.45042244474425e-05 -0.0006041396579236749
525 -8.081533134449866e-06 -0.000591313443996692
527 -2.080237584535058e-05 -0.0006328543575703702
529 -2.3992674141280837e-05 -0.000604545975033373
531 -1.5688074256198185e-05 -0.0006222541578330889
533 -1.0710834631596604e-05 -0.0005777441813998724
535 8.315797452852102e-06 -0.0006100297497470144
537 -1.085475368750266e-05 -0.0005994027844347499
539 1.1392436339107785e-05 -0.0005963280754267721
541 1.3418824521416606e-05 -0.0005808235736403127
543 2.1341523892597443e-05 -0.0005634040307669552
545 -1.3395836143637704e-05 -0.0005816271168202172
547 2.7922425258726397e-06 -0.000588955918308352
549 9.801414779840215e-06 -0.0005640289978979638
551 -5.887338132748222e-06 -0.0005685206035516347
553 1.4006986951727885e-05 -0.0005774635855649832
555 -9.020105125380443e-06 -0.0005748907915622321
557 1.500364579897148e-05 -0.0005996768013795448
559 5.6178569529626535e-06 -0.0005492815072955878
561 -9.705181155561292e-06 -0.000590059273553659
563 -8.675293383287598e-06 -0.0005656957605754345
565 3.5488444169603194e-06 -0.0005518486746575741
567 1.918159929298057e-06 -0.0005781429816571837
569 -3.237454356883336e-06 -0.0005455760232776171
571 -3.613660990085352e-06 -0.000583660793404599
573 1.5970545164079486e-05 -0.0005412599800873192
575 3.3459077597132893e-06 -0.0005582753830639355
577 1.0162139576345743e-05 -0.0005582970956161468
579 4.451443784496404e-06 -0.0005262148027562719
581 -2.122402817570022e-05 -0.0005313699431451937
583 6.920894508387618e-06 -0.0005302740660709555
585 -6.809389614541067e-06 -0.0005239065638169578
587 1.5987287792466176e-05 -0.0005226134234305293
589 -2.8713122768169463e-06 -0.000557828580684392
591 -2.4506267618421885e-05 -0.0005368472733736494
593 -8.604132854531386e-06 -0.0005526490399217475
595 2.9166697387808607e-07 -0.0005367286225186627
597 1.0339120053435958e-05 -0.0005406433427197236
599 -7.987430825509342e-06 -0.00053571377532992
601 -1.8334840411159553e-05 -0.0005190645238255742
603 1.3078360359524043e-05 -0.0005441408343069578
605 2.054736036308796e-06 -0.0005277196755422735
607 -5.842046413876426e-06 -0.000552428498084442
609 7.164887280334269e-07 -0.0005509063303448488
611 1.132512670095519e-05 -0.0005243840694574518
613 2.204621665819577e-06 -0.0005025189210465544
615 3.4684724228943355e-06 -0.0005255354769629107
617 -1.6296842308541053e-05 -0.0005245894786792184
619 -1.9407746804927156e-05 -0.0004982394878775911
621 -2.9002352234254936e-06 -0.000503231064765115
623 1.4661244645852736e-05 -0.0004960696166201281
625 -1.888078154547638e-06 -0.0005335628194866457
627 1.5643688215999664e-05 -0.0004980338203530558
629 2.161792180537072e-05 -0.0005076219000784232
631 2.3329693856796722e-05 -0.0005121189685444352
633 -2.0787052154208753e-05 -0.0005140323340787039
635 1.4686113324987679e-05 -0.000510351263008152
637 -1.4004392454287148e-06 -0.0005159372956099439
639 -2.958849233727906e-06 -0.0004800462210170624
641 8.282357246924666e-06 -0.0004887567022063759
643 1.5263729005673983e-05 -0.0004980108945624527
645 -2.7537275790886233e-05 -0.0004780079550135008
647 3.413185563274881e-05 -0.000508661545917259
649 -2.194640138860564e-05 -0.0005014139690598659
651 -1.7425764307491747e-06 -0.000495105431493316
653 -1.558197487947964e-05 -0.0004892532995788479
655 -2.1880168086732396e-06 -0.0004889386828076573
657 1.9771683042337416e-05 -0.0004713287030804818
659 -6.804880208122937e-06 -0.0005082198133081497
661 -3.100122531345516e-06 -0.0005025273601336997
663 4.33512910287817e-06 -0.00046655450614880185
665 5.6724675132115775e-06 -0.00048735914593797783
667 2.1396925488032927e-05 -0.000452608500683295
669 8.935271093564513e-06 -0.0004903778979130296
671 -1.9472804492619612e-05 -0.0004949398962373284
673 1.583537641985136e-05 -0.0004756386207504741
675 -1.1841024031717268e-06 -0.0004999298303861549
677 -1.150745519433635e-05 -0.00047788910014702734
679 -4.833762746207576e-06 -0.0004701575921913137
681 9.546621539696158e-06 -0.0004542463734669938
683 -3.6761431856488964e-06 -0.0004738464396747252
685 1.1527742750134753e-05 -0.0004746317448317353
687 -1.759813793871361e-05 -0.0004682631856763941
689 3.5558594053934325e-06 -0.0004597738190409371
691 -1.3160384330468691e-05 -0.00048395671595030394
693 4.585009558705424e-06 -0.00044516057398349496
695 -2.2566882488372082e-05 -0.00047350370607381287
697 -6.73733447339365e-06 -0.0004545861728426573
699 1.4862468917411828e-05 -0.0004615979183361965
701 3.526056840595362e-06 -0.0004398435231344507
703 2.7353202177984912e-05 -0.00045965878159188046
705 7.023305251345663e-06 -0.00043415911112795676
707 3.70577911752237e-06 -0.00045672961733779277
709 4.456921319222436e-06 -0.0004427881361174488
711 -1.85421420818594e-05 -0.0004632976430917741
713 -1.1362585640525523e-05 -0.00043023450213576324
715 -1.8128787585909816e-05 -0.000453073181720521
717 5.89743509999331e-06 -0.0004281578187988384
719 -9.540108835486345e-07 -0.0004232411002412962
721 2.5600677370846665e-05 -0.0004539966191128829
723 -1.1401546922258304e-05 -0.000434366027568498
725 -1.6449885548378663e-05 -0.00044763047559231355
727 -5.80135217419995e-06 -0.00045581433854756484
729 -1.1290091729860097e-05 -0.00043580787766081395
731 -5.465154344137359e-06 -0.0004322871287145557
733 -2.0753243457040632e-05 -0.000427693079121231
735 -2.1546785287281227e-05 -0.0004217429962282845
737 -4.6044867901380573e-08 -0.0004340540349220061
739 -8.497166712272151e-06 -0.00045159614589234114
741 1.2567251093015507e-05 -0.0004218020151656523
743 -1.7091286197968075e-05 -0.0004287799938214101
745 9.495257796997699e-06 -0.0004709251318199071
747 6.613101071389093e-06 -0.00044165719871435804
749 1.0797781640457019e-06 -0.0004407918797928398
751 -9.645681659389396e-06 -0.0004308194835963545
753 -2.34194854654687e-07 -0.00043532634257556686
755 1.0187718093467899e-05 -0.00040675140261885206
757 -1.457588845400593e-05 -0.00040777942175600267
759 -1.9320621530922816e-06 -0.00041823352496013694
761 -2.8859318461615988e-05 -0.00041656144674711415
763 1.5099739339837918e-05 -0.00040715053919061544
765 -6.704407955086409e-06 -0.0004256712502561333
767 -1.3964442657609271e-05 -0.00041195241895735594
769 -5.803090128629786e-06 -0.0004116006508310555
771 -1.1076093850263654e-05 -0.0004127437398194479
773 2.638533921175015e-05 -0.0004108675822383547
775 -8.447725705507002e-06 -0.0004211297496341724
777 1.1155171178008282e-05 -0.0004322194783800966
779 1.3886920082023183e-05 -0.000401773608491535
781 4.5660758405051635e-06 -0.00038557616865161307
783 8.475476252853883e-06 -0.00042037271207034775
785 4.634964510655668e-05 -0.0004117948953446553
787 -5.24224550874796e-07 -0.00040313176570366637
789 -3.383868087639281e-06 -0.00039988577390906866
791 1.347610174246663e-05 -0.0004037885640668311
793 1.1055650760058559e-05 -0.00040281577441702654
795 1.9615820772954083e-05 -0.00039601875986070234
797 3.3409185341554815e-06 -0.00042032953788813203
799 -2.0591897808995144e-05 -0.0003875176743285059
801 5.473737991345052e-06 -0.0004039563177899927
803 6.298284158559203e-06 -0.0003879377705975075
805 -6.212765313356836e-06 -0.0003894212859826679
807 6.32235890972177e-06 -0.0003770064675803976
809 -8.76177897296749e-06 -0.00038654076530535283
811 5.093720020626763e-06 -0.00040030033615040794
813 -1.1518546250299763e-05 -0.00040263030710744414
815 -5.04558879195184e-06 -0.000399382257563596
817 1.7207846642639554e-05 -0.0003772641836572667
819 5.778854895272418e-06 -0.0003907140279976114
821 2.107509530719603e-06 -0.00039107087830838087
823 9.398572933580272e-06 -0.00040077388402415265
825 1.5452180327214716e-06 -0.0004092571957177913
827 -1.060036797933919e-05 -0.00038205017037823126
829 -1.4152797640395942e-07 -0.00040940664020388656
831 -7.796596053806184e-06 -0.0003806467942819445
833 2.4249274749455613e-05 -0.00040595955224020935
835 3.0778237877149894e-06 -0.0003786714169911325
837 -2.5884875606831495e-06 -0.0004073376147692707
839 -2.9420334035870886e-05 -0.0003782910954294007
841 -1.706700921494135e-05 -0.00037150540949801704
843 6.489533190767424e-06 -0.0003832951257212872
845 5.44877697883987e-06 -0.00037808481825985966
847 1.4605716015619488e-05 -0.0003543053112908197
849 -1.5076746358177247e-05 -0.00037299463764898247
851 -2.5728829764626443e-05 -0.0003632528552274653
853 1.5756712102388405e-05 -0.00038624927677326535
855 -4.672397118403019e-06 -0.000376997924649911
857 1.4470255181643084e-05 -0.00037589063900917986
859 3.471963713526946e-05 -0.00039608628785771534
861 1.669064317234916e-05 -0.0003790361116081744
863 1.6533846861860894e-06 -0.0003602857465867575
865 -7.79715190610128e-06 -0.0003664332134764135
867 9.033930723907739e-06 -0.00037485104283259597
869 1.4347121974509435e-05 -0.0003681693280043781
871 -1.9169678841868073e-05 -0.00034552377292982917
873 -4.424031582702017e-06 -0.0003718192473720656
875 8.391353114734838e-07 -0.00040168290776167713
877 1.0911480681599983e-05 -0.00036100215492374107
879 5.960705221287489e-06 -0.0003491513579043849
881 5.901797765119381e-06 -0.0003829468790304954
883 1.9028630263954557e-05 -0.00037235593975952134
885 6.433859069536146e-06 -0.0003362408795205205
887 -1.3065267934521378e-05 -0.00035735499831993
889 7.719658683557308e-06 -0.00036226053820861005
891 -3.1850211876179783e-05 -0.0003360892021810261
893 -1.7976641463056062e-05 -0.00037302968875724783
895 -2.9646893005853035e-05 -0.0003789033153730846
897 -1.2339412591243156e-05 -0.0003828881792210729
899 3.523029680370482e-05 -0.00035287776451175
901 1.5856799985086447e-05 -0.0003657511571848339
903 -2.4837961736039676e-05 -0.0003703399643063763
905 2.4148097242244445e-06 -0.00035799303560846726
907 -1.6972581273542862e-05 -0.00037219978778155595
909 -7.834246875349389e-07 -0.0003690050422681671
911 2.7706005455908032e-05 -0.0003740705668355851
913 1.7805925696497147e-05 -0.00032243963739185533
915 -3.547219547433239e-07 -0.00036071429067508593
917 -5.952937660391318e-06 -0.00033184697969373283
919 2.8458995771971164e-05 -0.00037987655865554817
921 5.165441393544534e-07 -0.0003298922722243958
923 -2.1320729840194044e-05 -0.00034804488698033775
925 4.885277668439087e-05 -0.00033483445431921365
927 -3.6894079841003877e-06 -0.00033435675999231036
929 2.5301624100120417e-05 -0.0003466592063189606
931 8.28083929956624e-06 -0.00034210490424964313
933 -2.324894006018246e-06 -0.0003391817123433995
935 -1.0201820954995342e-05 -0.00034738412109120695
937 1.1467043714502547e-05 -0.0003244794838583282
939 2.2021651900546597e-05 -0.00035370201789460134
941 -1.0513816397965867e-05 -0.0003465371755578222
943 1.7362917553970175e-05 -0.00034335361369304865
945 -1.3882941751259373e-05 -0.0003429185475040655
947 1.0739121903924951e-05 -0.0003406297079202816
949 -8.403173715285724e-06 -0.00033032558849772426
951 -1.3409457448623187e-05 -0.0003435829874344108
953 -1.421928069371968e-05 -0.0003134252576344548
955 1.680533343404359e-06 -0.00030291020243089533
957 -3.183885114233333e-05 -0.00033160429562051894
959 2.1779553107614894e-09 -0.0003352844935971354
961 1.6577268057100314e-05 -0.0003067552594597879
963 -1.2635989136009996e-06 -0.0003241790746339442
965 1.7374183125630118e-06 -0.000353658989567415
967 6.425383846560843e-07 -0.00034113143680291003
969 -4.995930533126604e-06 -0.0002869667795449668
971 3.8563191205827914e-07 -0.0003109404501363177
973 1.7970866452660646e-05 -0.00033789196540835866
975 6.344174512977749e-06 -0.0003353123737049981
977 -8.341667772095542e-06 -0.00034832781978153015
979 -1.3130861670936575e-05 -0.0003132842195895565
981 -6.717696622779227e-06 -0.0003097794895728897
983 -1.0626845614912981e-05 -0.0003303686871030906
985 -2.4396185492460044e-08 -0.00032267328352327153
987 7.054427166944072e-06 -0.00032274943801351673
989 -1.112726384994815e-05 -0.0003591548570196151
991 -6.990529146650515e-06 -0.0003213162752120806
993 -1.3592502537863732e-05 -0.0003350262851769611
995 1.4243096626717521e-05 -0.00031646265973476166
997 -6.868112121585734e-07 -0.0003235383437992745
999 -7.396303004068188e-06 -0.0002809951169662332
1001 -6.403016305033947e-06 -0.0002998315370282374
1003 -1.9676504421618515e-05 -0.0003260914809176681
1005 2.2754224128227553e-05 -0.0003089829048462818
1007 2.1427445436503097e-06 -0.00032973226507831846
1009 -3.8090680747814486e-06 -0.00032609326821773764
1011 5.287299740671624e-06 -0.00029049780196803725
1013 -1.4861487355615734e-05 -0.00031941794195221063
1015 1.6024253727407797e-06 -0.00028084764402068767
1017 1.4648580662879934e-05 -0.00032536439691164285
1019 -5.7699482241189734e-06 -0.0003024666471900899
1021 5.998666796356198e-06 -0.000302725070364861
1023 2.616907877615429e-05 -0.0003294199812462599
1025 1.153000155706802e-05 -0.0003323696656863891
1027 -6.033216946753444e-08 -0.00030238740981256235
1029 -2.705753764504325e-05 -0.000306787419645735
1031 1.9572295968482546e-05 -0.0003285787779560919
1033 2.4045775585859324e-05 -0.000312744357347313
1035 -2.7631890290283376e-05 -0.00029778620342347183
1037 -1.8817976297779516e-06 -0.000292092694502179
1039 -1.268922359321983e-05 -0.00028477432858906737
1041 2.3272562282092982e-06 -0.0003043322168276581
1043 -3.6480893438135987e-06 -0.00029502840238704255
1045 -2.0497430595864355e-05 -0.00029170940426404603
1047 1.3893256490851889e-05 -0.00030440605541161595
1049 -4.6121159968579735e-06 -0.000293697577467145
1051 2.1317041277945667e-05 -0.0002945496019779248
1053 -7.248852638992068e-06 -0.00032750131709731196
1055 -1.858272735381781e-06 -0.00029026022892320985
1057 -7.389127187393647e-06 -0.0002829305861950228
1059 2.720170336710488e-05 -0.000309226095590377
1061 2.2711455975703674e-05 -0.0003223632708043064
1063 6.8562295961885604e-06 -0.0003163448897686218
1065 -1.872578810472648e-05 -0.00030697452426048524
1067 2.5034788280002326e-05 -0.0003057900588138073
1069 -8.702033693307244e-06 -0.00027831140445669307
1071 4.25946412116887e-07 -0.0002740487647234017
1073 -1.0692921366340567e-05 -0.0003079339620252456
1075 9.01807629748898e-06 -0.0002749701311586674
1077 2.113292174766958e-05 -0.0002989325827198648
1079 1.387476872302475e-05 -0.0002900407572293351
1081 2.8699642156600397e-05 -0.00030175703990338126
1083 -1.9826884418241276e-05 -0.0003114560698345978
1085 -8.804218151897062e-06 -0.0002927432932642542
1087 -4.063793287022868e-06 -0.0002805687562896263
1089 4.835272299128118e-06 -0.0002710709405645956
1091 2.6117586519768897e-05 -0.00029577391519937423
1093 -1.3294565513713886e-05 -0.0002664769661988657
1095 -1.630297583076564e-05 -0.0002960016531616735
1097 -9.033905956100513e-07 -0.00027111724941007785
1099 1.1892149533531264e-05 -0.00031297764129384874
1101 -4.672557292256141e-06 -0.00026656409395476455
1103 1.8258889157341365e-06 -0.00030414720637087525
1105 -1.0503083490078004e-05 -0.0002908094364447956
1107 1.7822781872859893e-06 -0.00028307411615519497
1109 8.945650471335136e-06 -0.00029392843680855357
1111 -2.7892331129714638e-05 -0.00028016268174364817
1113 -8.639203487811762e-06 -0.00029499738376504445
1115 -4.729967976667011e-06 -0.00029218374071283124
1117 1.0422154834440336e-05 -0.0003044995891777944
1119 7.64530371971013e-06 -0.00027663535614094113
1121 -1.6086474470522823e-05 -0.0003013963766410539
1123 7.776013826503793e-06 -0.00028019967964009444
1125 1.3866095839228136e-05 -0.00028672571715223657
1127 1.0134165401414314e-06 -0.0002992175246215407
1129 1.2572087099465685e-05 -0.00029095545930288465
1131 -5.282255462747749e-06 -0.0003032203802956736
1133 3.911790766201161e-06 -0.0002769176636184645
1135 3.3015558856116225e-05 -0.00024859357919020586
1137 9.193773498664608e-06 -0.00029148372895192897
1139 4.9794162181237035e-06 -0.0002512907955032015
1141 -4.06068562791663e-06 -0.0002871822468652379
1143 -5.081305450267931e-06 -0.0002583337325085796
1145 -3.694858231379528e-07 -0.0002623655745247922
1147 6.318318572237413e-06 -0.00028658451948593636
1149 -5.149034004832666e-06 -0.0002623567490524963
1151 2.6807753277629637e-05 -0.0002845273879885199
1153 1.2525998675239525e-05 -0.0002755609073487203
1155 -2.277116684011293e-05 -0.00027969027356113005
1157 1.874564156626545e-05 -0.0002674527184449288
1159 1.5396794878876233e-06 -0.00026110431422352715
1161 1.1096215690946559e-05 -0.0002833462167780564
1163 8.746704320503223e-06 -0.0002666413024777841
1165 1.8912089932460897e-05 -0.00025707271948917273
1167 -6.3114880079835694e-06 -0.00027875273569883134
1169 4.014806126711215e-06 -0.0002769720175556968
1171 1.3818832009282912e-05 -0.0002877674534663556
1173 1.399273356691546e-05 -0.0002716318900633866
1175 -1.0613817802746944e-05 -0.0002710511980152023
1177 6.857187711739107e-06 -0.00026873707556031697
1179 1.3615932998602727e-05 -0.00024828068395625825
1181 -3.0265765310667285e-06 -0.00026061755958328063
1183 -1.692601546532204e-05 -0.000269377419623683
1185 1.530052244565203e-05 -0.0002637039190201929
1187 -9.796751337285487e-07 -0.00026629995746402615
1189 1.2472195907252506e-05 -0.00026921032009172383
1191 1.850225776470976e-05 -0.00028709267648883004
1193 5.679966451270853e-06 -0.00025626450849049615
1195 6.651739321163465e-06 -0.0002783873748881492
1197 6.151775885079539e-07 -0.0002806764092028272
1199 1.9534515992739807e-06 -0.0002548453508673978
1201 9.102060921941284e-06 -0.0002595183447378301
1203 -1.9446465553952217e-05 -0.0002802537433346167
1205 6.188640055495588e-06 -0.00025770409734792495
1207 -2.0384761401430193e-05 -0.00029219699937816756
1209 -2.9339823871588245e-05 -0.0002452074276320187
1211 -2.113023867462184e-06 -0.0002927661409611806
1213 1.685462583322727e-05 -0.00026400101881608664
1215 9.776930601134255e-06 -0.00027617667334373726
1217 6.8256596539073e-06 -0.00026527692628813316
1219 2.6385429670681984e-05 -0.00023805907890105232
1221 -6.099363099192863e-06 -0.0002724233432981121
1223 9.812039816543583e-07 -0.0002772065133872367
1225 5.546729210844215e-07 -0.00025499932340733065
1227 4.232181386605041e-06 -0.0002559753376226809
1229 5.179998988951997e-07 -0.0002575358229526447
1231 -1.6399616744076606e-05 -0.00027830207896952473
1233 6.825572777007479e-06 -0.00026892286215711664
1235 -1.7930514958949383e-05 -0.0002575643183086783
1237 9.433922404121626e-06 -0.00024031338852356974
1239 -1.4946511455496863e-05 -0.0002285163358422107
1241 -8.629577986509351e-07 -0.00025408597512713727
1243 2.3202448909632027e-05 -0.000270730420940461
1245 -2.2055528604056575e-05 -0.00023272653788886162
1247 -1.9573295034829897e-05 -0.0002754475165219691
1249 3.3998459741167696e-06 -0.00025495532759111034
1251 -1.3116064482718628e-06 -0.00026374575847670485
1253 1.4831773903755571e-05 -0.00024830401615169204
1255 7.414279292962517e-07 -0.00023579544292175568
1257 -1.915982046794673e-05 -0.00026654036118603893
1259 -1.127482829993932e-05 -0.0002635143745452173
1261 9.489461516460057e-06 -0.00026170340797802805
1263 -2.382772709765475e-07 -0.0002392071309666746
1265 -1.2704009838483268e-05 -0.00026188645902792355
1267 -2.4723813799491676e-05 -0.0002594078536811372
1269 -8.79324289292348e-07 -0.00027457261027896636
1271 1.596258212034987e-05 -0.0002576205564193629
1273 8.99485551504656e-06 -0.00026926982642058505
1275 1.2358299312462482e-05 -0.00022851288685826572
1277 1.5619490561406656e-05 -0.0002519945375651917
1279 2.8619119576370505e-05 -0.00023331965228582586
1281 -2.3419643182150186e-05 -0.00023855097564583934
1283 2.228721058393346e-05 -0.0002511776174347399
1285 -1.1496739639587885e-05 -0.00024524761697996785
1287 -1.0729073297315827e-06 -0.0002639185000510832
1289 1.7305928087133852e-05 -0.0002292749313745538
1291 -4.003258971543104e-07 -0.00026695303542499183
1293 3.852893950526498e-06 -0.0002575090212911802
1295 1.0022731137760567e-05 -0.00026890343217307296
1297 1.28336598390079e-05 -0.00025092302633367234
1299 1.8328397749771035e-05 -0.0002329400302412454
1301 1.2083019194427e-05 -0.0002376844140933378
1303 -1.1830781728571371e-05 -0.0002703905956855501
1305 2.0112736007996377e-05 -0.0002499728269993306
1307 1.0899326683131439e-05 -0.00024293935561702447
1309 1.0214063973012649e-05 -0.0002511642075357213
1311 2.9237963851925265e-06 -0.0002274737758060783
1313 -9.341272305739515e-06 -0.0002280934441089097
1315 2.2856433041358744e-06 -0.00023991422451016697
1317 4.90144321069056e-07 -0.00024513982473490836
1319 1.1247270293858153e-05 -0.00026904225933735486
1321 9.831062665326868e-07 -0.00022441294653403171
1323 1.501894738942623e-05 -0.0002206662325551695
1325 -9.488588084035224e-06 -0.00023823303824707293
1327 -8.030935422821617e-06 -0.0002391808390031642
1329 4.315211758152121e-06 -0.0002497872675808063
1331 -1.2230159169340556e-05 -0.0002555143016062829
1333 1.32752036208566e-05 -0.00022198389004680078
1335 4.255328554772687e-06 -0.0002535834289044494
1337 1.1461011948539594e-06 -0.00023984405005808847
1339 8.557917465219481e-06 -0.0002455345412206214
1341 1.1687841097235107e-05 -0.0001944411362896008
1343 -1.111098540898675e-05 -0.00024274067078390026
1345 5.107674868219776e-06 -0.000243275709752399
1347 1.1760972879594137e-05 -0.00021134874657714937
1349 1.4249425666863279e-05 -0.00023883082088490594
1351 1.1763452741157197e-07 -0.00023901102611746086
1353 8.350224759353645e-06 -0.0002315603236567221
1355 -9.55648050259372e-07 -0.0002625755532055171
1357 -1.917433364370067e-06 -0.00022340519955744425
1359 -2.855354483401097e-06 -0.0002098990138071864
1361 9.126871006230872e-06 -0.0002416697540247464
1363 2.3286368108977094e-05 -0.00023436537155792123
1365 1.2293931699782567e-05 -0.00023272420780298024
1367 2.1884491360489235e-05 -0.00023325594702582487
1369 -1.1560063798930803e-05 -0.0002362135655540177
1371 -3.8540711438483595e-06 -0.0002427607976097869
1373 -1.1120845640686658e-06 -0.00022576611949334872
1375 -3.9749108272189346e-06 -0.00024242489609108407
1377 1.0867705705012649e-05 -0.00025142100567001165
1379 -7.167740473394107e-06 -0.00023238166060420291
1381 -1.1210576556110508e-05 -0.00024387997091096988
1383 1.9647814457508848e-05 -0.00022167740681607764
1385 -1.1910810531951936e-05 -0.00023282590600844693
1387 -1.9174123794099218e-06 -0.00023076301397563446
1389 -3.462003290098857e-07 -0.00020730259925535695
1391 -4.7810335073846116e-06 -0.00022712098846572847
1393 -2.702679831835683e-05 -0.00024169671333791945
1395 -8.245512411772566e-06 -0.00022355973700533097
1397 -9.746270203081536e-06 -0.0002206462777479753
1399 1.737179326119164e-05 -0.00022606859445217578
1401 -1.0457359790544393e-05 -0.00022361066243667779
1403 1.2308399900643241e-05 -0.0002166198050368413
1405 8.231053375544922e-06 -0.00022118535774066925
1407 -3.0921781264117396e-05 -0.00018981504658799965
1409 8.562747529482586e-06 -0.0002500411673729396
1411 2.5737610988236927e-05 -0.00023411054842752013
1413 -5.12655349313226e-06 -0.00021617884709071518
1415 9.967238568126998e-06 -0.00019843012297563747
1417 1.172535525836051e-05 -0.00023579652606663183
1419 -1.0485340834578045e-05 -0.00023036344368300606
1421 3.636934978902537e-05 -0.00020434435484260318
1423 6.502636603290678e-06 -0.00021060335060701235
1425 1.552089712990012e-07 -0.0002274555849046304
1427 1.8054679390236086e-05 -0.00021537535079473494
1429 2.621366821076929e-07 -0.00026044126396306704
1431 2.2050161770357286e-05 -0.00022161579662131352
1433 1.815036352431122e-05 -0.00022581391721692394
1435 1.0065987458250675e-07 -0.0002367259305884116
1437 -1.2510881523726376e-05 -0.00025244806964933134
1439 -2.1229495760225657e-06 -0.00020961314792971317
1441 -6.2459828196740566e-06 -0.00023099102039007765
1443 -1.7855009466463555e-06 -0.0002098640215769632
1445 5.255713388080098e-06 -0.00023670039789538876
1447 4.639141034477674e-05 -0.00022960976170015423
1449 8.608278815188127e-06 -0.0001830974182084702
1451 7.266503405185012e-06 -0.00021533037630627364
1453 1.4338443489519892e-05 -0.00021997457303102005
1455 1.4019228195480162e-05 -0.00022236034557809528
1457 1.651191966516731e-05 -0.0002183296324056421
1459 -1.8988172052803765e-05 -0.00022209990886421557
1461 1.5878535132353346e-05 -0.00022761769699394455
1463 -3.678411601568613e-05 -0.00018759140307034492
1465 1.942554828219871e-06 -0.0002135838249849413
1467 6.059306937784279e-06 -0.00019075660057317384
1469 -1.167733753873078e-05 -0.0002183910630971446
1471 5.857632960076676e-07 -0.0001921274609656131
1473 4.040797917168988e-06 -0.0001975661413642492
1475 4.5937131712958764e-06 -0.00020006611803107124
1477 -4.3978624809718425e-06 -0.0002173203809772178
1479 -1.3513888746838396e-05 -0.00023585632667863672
1481 2.520031408296172e-06 -0.00020134306950306974
1483 2.163152326949272e-05 -0.0002306512417148428
1485 -1.7136303503195645e-06 -0.00019530250050992412
1487 2.2288380796561968e-06 -0.00022177011083437248
1489 8.654938452351116e-06 -0.000201075767083697
1491 -4.926478613888036e-06 -0.00018779718506607248
1493 -2.7831262138097133e-06 -0.00023016986375259266
1495 -1.0288227738000903e-05 -0.00023626188118692527
1497 7.5824164581180855e-06 -0.00021951372159829247
1499 -1.7211673532866224e-05 -0.00020944911569125522
1501 -9.045644044676238e-06 -0.0001955126847417724
1503 -1.443866503502311e-05 -0.00021997690487351074
1505 7.635503165463788e-06 -0.00020813089419950383
1507 -1.2170084622858058e-05 -0.000212862829964951
1509 -3.928270396443539e-05 -0.00018107413344628794
1511 -2.816563839721442e-05 -0.0002110543658881051
1513 -4.032897326989981e-06 -0.0001739899845104445
1515 -1.6655239776989297e-06 -0.00022080697374363156
1517 -2.4484197235976817e-05 -0.00019746945109883876
1519 -7.960653396843734e-06 -0.00022545763689392408
1521 -1.5786810211768594e-05 -0.0002108833308212608
1523 -7.516042137433219e-07 -0.0002126431088583161
1525 3.976662214018783e-06 -0.0002397088322033824
1527 1.0855746400461835e-05 -0.00019360685667844306
1529 1.827753263856167e-05 -0.00019723450223523177
1531 -3.3729940157108272e-06 -0.00020376216742568838
1533 -8.913905969646369e-06 -0.00020300691457309173
1535 -1.7236027819784595e-05 -0.00020693551034744196
1537 -4.305660338246896e-06 -0.0002049636947893839
1539 -2.577572115323103e-05 -0.00019076731175574898
1541 2.8566232841641354e-05 -0.00021105558775325522
1543 -4.327189799557894e-06 -0.00020790334699044143
1545 -7.915690332193561e-06 -0.00021214459730005918
1547 -1.6464123933339057e-06 -0.00020521603749627394
1549 -4.212791485612246e-06 -0.00020623553995994054
1551 3.5499827180742854e-05 -0.0002079424287993779
1553 -1.8148037913448175e-05 -0.00019512048141118608
1555 -7.702887966609845e-06 -0.00021938358629079241
1557 -5.704137902954863e-06 -0.00019262555529442953
1559 -2.181336685944884e-05 -0.00020266084536416627
1561 -7.967220332119549e-06 -0.00020797083937832306
1563 1.4075274227421646e-05 -0.00019069648476824352
1565 -2.3082107453841215e-06 -0.0001928517335553135
1567 -1.9474083705912017e-05 -0.00021162493982151138
1569 -1.4430661256184048e-05 -0.00020272625267673899
1571 2.177096112979583e-05 -0.00018473069227109977
1573 1.0329673634605419e-05 -0.0002073549574977119
1575 -1.2672136323077433e-05 -0.00022352511297687208
1577 1.1980285396599698e-05 -0.00019435336479385712
1579 9.865925432992731e-06 -0.00019680897048936398
1581 3.104643192071744e-05 -0.0002057114630522736
1583 -2.029976387770923e-06 -0.00019481906834956762
1585 1.629239069493585e-05 -0.00020396269567339023
1587 8.312966882566708e-06 -0.0002135319096899628
1589 -1.1364099108100207e-05 -0.0002115972956616164
1591 3.162445218933779e-06 -0.0001867588731931291
1593 3.022396148858196e-06 -0.00018319203571003597
1595 2.069734167172294e-06 -0.0001792176157401808
1597 9.655139917616454e-06 -0.00020304422604727185
1599 9.063049270377979e-06 -0.0002251252501698553
1601 -6.617753715977296e-06 -0.00017867456957351737
1603 2.495013935989452e-05 -0.00019038106309864016
1605 -1.837148514580837e-05 -0.0002024412111665642
1607 1.88223489327716e-05 -0.00023045813806391976
1609 -2.146033372515837e-06 -0.00021380276000142998
1611 3.393382489890604e-06 -0.00020941552885773691
1613 7.92454868190615e-06 -0.00019430742953184944
1615 9.193678270106179e-06 -0.00020191078245259512
1617 -2.5821359481226353e-06 -0.00020186407165192512
1619 -2.4182221372187447e-07 -0.0001814041235914949
1621 7.343163843519927e-06 -0.0001926722869267826
1623 1.4220258521413335e-05 -0.00021088257377972194
1625 4.5478787272251445e-06 -0.00022003959436463203
1627 -1.5935768396062963e-05 -0.00019322941687553317
1629 9.622280111962068e-06 -0.0001897775398759101
1631 -2.985338655757444e-05 -0.00020126740349430335
1633 -1.0991569248385016e-05 -0.00018581733729993122
1635 -5.396340439721565e-06 -0.00019600654632931464
1637 1.665528449820612e-06 -0.0001763438047795455
1639 0.0 -0.00019420981463318527
1641 0.0 -0.00019397311772321186
1643 0.0 -0.00019373699706864923
1645 0.0 -0.00019350145056765394
1647 0.0 -0.00019326647612859178
1649 0.0 -0.00019303207166997615
1651 0.0 -0.00019279823512040624
1653 0.0 -0.00019256496441850618
1655 0.0 -0.00019233225751286444
1657 0.0 -0.00019210011236197387
1659 0.0 -0.0001918685269341716
1661 0.0 -0.00019163749920758018
1663 0.0 -0.0001914070271700485
1665 0.0 -0.0001911771088190935
1667 0.0 -0.00019094774216184206
1669 0.0 -0.00019071892521497344
1671 0.0 -0.0001904906560046623
1673 0.0 -0.00019026293256652163
1675 0.0 -0.00019003575294554667
1677 0.0 -0.00018980911519605884
1679 0.0 -0.00018958301738165021
1681 0.0 -0.0001893574575751283
1683 0.0 -0.00018913243385846148
1685 0.0 -0.00018890794432272444
1687 0.0 -0.00018868398706804428
1689 0.0 -0.0001884605602035469
1691 0.0 -0.00018823766184730378
1693 0.0 -0.0001880152901262792
1695 0.0 -0.0001877934431762777
1697 0.0 -0.00018757211914189196
1699 0.0 -0.00018735131617645125
1701 0.0 -0.00018713103244196984
1703 0.0 -0.00018691126610909613
1705 0.0 -0.00018669201535706197
1707 0.0 -0.0001864732783736325
1709 0.0 -0.000186255053355056
1711 0.0 -0.00018603733850601443
1713 0.0 -0.00018582013203957424
1715 0.0 -0.00018560343217713743
1717 0.0 -0.00018538723714839296
1719 0.0 -0.00018517154519126857
1721 0.0 -0.000184956354551883
1723 0.0 -0.00018474166348449837
1725 0.0 -0.00018452747025147288
1727 0.0 -0.00018431377312321404
1729 0.0 -0.00018410057037813226
1731 0.0 -0.00018388786030259428
1733 0.0 -0.0001836756411908775
1735 0.0 -0.0001834639113451243
1737 0.0 -0.0001832526690752969
1739 0.0 -0.0001830419126991321
1741 0.0 -0.00018283164054209687
1743 0.0 -0.00018262185093734405
1745 0.0 -0.00018241254222566803
1747 0.0 -0.00018220371275546118
1749 0.0 -0.0001819953608826705
1751 0.0 -0.00018178748497075424
1753 0.0 -0.0001815800833906393
1755 0.0 -0.00018137315452067848
1757 0.0 -0.00018116669674660824
1759 0.0 -0.00018096070846150694
1761 0.0 -0.0001807551880657528
1763 0.0 -0.0001805501339669828
1765 0.0 -0.00018034554458005138
1767 0.0 -0.00018014141832698965
1769 0.0 -0.0001799377536369648
1771 0.0 -0.00017973454894623978
1773 0.0 -0.0001795318026981335
1775 0.0 -0.00017932951334298066
1777 0.0 -0.00017912767933809268
1779 0.0 -0.0001789262991477182
1781 0.0 -0.00017872537124300432
1783 0.0 -0.00017852489410195775
1785 0.0 -0.00017832486620940653
1787 0.0 -0.00017812528605696176
1789 0.0 -0.0001779261521429797
1791 0.0 -0.00017772746297252412
1793 0.0 -0.00017752921705732887
1795 0.0 -0.00017733141291576083
1797 0.0 -0.0001771340490727828
1799 0.0 -0.00017693712405991702
1801 0.0 -0.00017674063641520858
1803 0.0 -0.0001765445846831895
1805 0.0 -0.0001763489674148425
1807 0.0 -0.00017615378316756538
1809 0.0 -0.0001759590305051358
1811 0.0 -0.0001757647079976757
1813 0.0 -0.00017557081422161648
1815 0.0 -0.00017537734775966427
1817 0.0 -0.00017518430720076536
1819 0.0 -0.00017499169114007184
1821 0.0 -0.00017479949817890758
1823 0.0 -0.00017460772692473432
1825 0.0 -0.0001744163759911182
1827 0.0 -0.00017422544399769605
1829 0.0 -0.0001740349295701425
1831 0.0 -0.0001738448313401369
1833 0.0 -0.00017365514794533043
1835 0.0 -0.00017346587802931373
1837 0.0 -0.00017327702024158448
1839 0.0 -0.00017308857323751532
1841 0.0 -0.00017290053567832193
1843 0.0 -0.00017271290623103132
1845 0.0 -0.00017252568356845022
1847 0.0 -0.0001723388663691341
1849 0.0 -0.0001721524533173557
1851 0.0 -0.00017196644310307437
1853 0.0 -0.0001717808344219054
1855 0.0 -0.0001715956259750893
1857 0.0 -0.00017141081646946188
1859 0.0 -0.0001712264046174237
1861 0.0 -0.00017104238913691062
1863 0.0 -0.00017085876875136378
1865 0.0 -0.0001706755421897001
1867 0.0 -0.00017049270818628317
1869 0.0 -0.0001703102654808939
1871 0.0 -0.0001701282128187016
1873 0.0 -0.00016994654895023526
1875 0.0 -0.00016976527263135502
1877 0.0 -0.0001695843826232236
1879 0.0 -0.0001694038776922782
1881 0.0 -0.00016922375661020236
1883 0.0 -0.0001690440181538984
1885 0.0 -0.00016886466110545926
1887 0.0 -0.00016868568425214135
1889 0.0 -0.00016850708638633705
1891 0.0 -0.0001683288663055477
1893 0.0 -0.00016815102281235642
1895 0.0 -0.0001679735547144014
1897 0.0 -0.00016779646082434933
1899 0.0 -0.00016761973995986872
1901 0.0 -0.00016744339094360375
1903 0.0 -0.00016726741260314801
1905 0.0 -0.00016709180377101873
1907 0.0 -0.00016691656328463066
1909 0.0 -0.00016674168998627068
1911 0.0 -0.00016656718272307203
1913 0.0 -0.00016639304034698937
1915 0.0 -0.0001662192617147732
1917 0.0 -0.00016604584568794505
1919 0.0 -0.00016587279113277264
1921 0.0 -0.000165700096920245
1923 0.0 -0.00016552776192604822
1925 0.0 -0.0001653557850305406
1927 0.0 -0.00016518416511872893
1929 0.0 -0.000165012901080244
1931 0.0 -0.00016484199180931677
1933 0.0 -0.0001646714362047546
1935 0.0 -0.00016450123316991768
1937 0.0 -0.00016433138161269526
1939 0.0 -0.00016416188044548254
1941 0.0 -0.0001639927285851575
1943 0.0 -0.00016382392495305749
1945 0.0 -0.00016365546847495665
1947 0.0 -0.00016348735808104298
1949 0.0 -0.0001633195927058957
1951 0.0 -0.00016315217128846267
1953 0.0 -0.00016298509277203822
1955 0.0 -0.00016281835610424075
1957 0.0 -0.00016265196023699065
1959 0.0 -0.00016248590412648836
1961 0.0 -0.00016232018673319258
1963 0.0 -0.0001621548070217986
1965 0.0 -0.00016198976396121663
1967 0.0 -0.00016182505652455044
1969 0.0 -0.00016166068368907602
1971 0.0 -0.00016149664443622055
1973 0.0 -0.00016133293775154117
1975 0.0 -0.00016116956262470414
1977 0.0 -0.00016100651804946416
1979 0.0 -0.0001608438030236436
1981 0.0 -0.0001606814165491119
1983 0.0 -0.00016051935763176535
1985 0.0 -0.00016035762528150664
1987 0.0 -0.00016019621851222482
1989 0.0 -0.0001600351363417751
1991 0.0 -0.00015987437779195916
1993 0.0 -0.00015971394188850512
1995 0.0 -0.00015955382766104796
1997 0.0 -0.00015939403414310998
1999 0.0 -0.00015923456037208138
2001 0.0 -0.00015907540538920076
2003 0.0 -0.00015891656823953604
2005 0.0 -0.00015875804797196543
2007 0.0 -0.00015859984363915828
2009 0.0 -0.00015844195429755634
2011 0.0 -0.0001582843790073549
2013 0.0 -0.00015812711683248418
2015 0.0 -0.0001579701668405909
2017 0.0 -0.00015781352810301968
2019 0.0 -0.00015765719969479478
2021 0.0 -0.00015750118069460202
2023 0.0 -0.0001573454701847705
2025 0.0 -0.00015719006725125467
2027 0.0 -0.00015703497098361652
2029 0.0 -0.00015688018047500772
2031 0.0 -0.000156725694822152
2033 0.0 -0.00015657151312532745
2035 0.0 -0.00015641763448834923
2037 0.0 -0.00015626405801855213
2039 0.0 -0.00015611078282677326
2041 0.0 -0.00015595780802733495
2043 0.0 -0.00015580513273802775
2045 0.0 -0.00015565275608009325
2047 0.0 -0.00015550067717820748
2049 0.0 -0.00015534889516046396
