-2049 0.0 0.00015534889516046396
-2047 0.0 0.00015550067717820748
-2045 0.0 0.00015565275608009325
-2043 0.0 0.00015580513273802775
-2041 0.0 0.00015595780802733495
-2039 0.0 0.00015611078282677326
-2037 0.0 0.00015626405801855213
-2035 0.0 0.00015641763448834923
-2033 0.0 0.00015657151312532745
-2031 0.0 0.000156725694822152
-2029 0.0 0.00015688018047500772
-2027 0.0 0.00015703497098361652
-2025 0.0 0.00015719006725125467
-2023 0.0 0.0001573454701847705
-2021 0.0 0.00015750118069460202
-2019 0.0 0.00015765719969479478
-2017 0.0 0.00015781352810301968
-2015 0.0 0.0001579701668405909
-2013 0.0 0.00015812711683248418
-2011 0.0 0.0001582843790073549
-2009 0.0 0.00015844195429755634
-2007 0.0 0.00015859984363915828
-2005 0.0 0.00015875804797196543
-2003 0.0 0.00015891656823953604
-2001 0.0 0.00015907540538920076
-1999 0.0 0.00015923456037208138
-1997 0.0 0.00015939403414310998
-1995 0.0 0.00015955382766104796
-1993 0.0 0.00015971394188850512
-1991 0.0 0.00015987437779195916
-1989 0.0 0.0001600351363417751
-1987 0.0 0.00016019621851222482
-1985 0.0 0.00016035762528150664
-1983 0.0 0.00016051935763176535
-1981 0.0 0.0001606814165491119
-1979 0.0 0.0001608438030236436
-1977 0.0 0.00016100651804946416
-1975 0.0 0.00016116956262470414
-1973 0.0 0.00016133293775154117
-1971 0.0 0.00016149664443622055
-1969 0.0 0.00016166068368907602
-1967 0.0 0.00016182505652455044
-1965 0.0 0.00016198976396121663
-1963 0.0 0.0001621548070217986
-1961 0.0 0.00016232018673319258
-1959 0.0 0.00016248590412648836
-1957 0.0 0.00016265196023699065
-1955 0.0 0.00016281835610424075
-1953 0.0 0.00016298509277203822
-1951 0.0 0.00016315217128846267
-1949 0.0 0.0001633195927058957
-1947 0.0 0.00016348735808104298
-1945 0.0 0.00016365546847495665
-1943 0.0 0.00016382392495305749
-1941 0.0 0.0001639927285851575
-1939 0.0 0.00016416188044548254
-1937 0.0 0.00016433138161269526
-1935 0.0 0.00016450123316991768
-1933 0.0 0.0001646714362047546
-1931 0.0 0.00016484199180931677
-1929 0.0 0.000165012901080244
-1927 0.0 0.00016518416511872893
-1925 0.0 0.0001653557850305406
-1923 0.0 0.00016552776192604822
-1921 0.0 0.000165700096920245
-1919 0.0 0.00016587279113277264
-1917 0.0 0.00016604584568794505
-1915 0.0 0.0001662192617147732
-1913 0.0 0.00016639304034698937
-1911 0.0 0.00016656718272307203
-1909 0.0 0.00016674168998627068
-1907 0.0 0.00016691656328463066
-1905 0.0 0.00016709180377101873
-1903 0.0 0.00016726741260314801
-1901 0.0 0.00016744339094360375
-1899 0.0 0.00016761973995986872
-1897 0.0 0.00016779646082434933
-1895 0.0 0.0001679735547144014
-1893 0.0 0.00016815102281235642
-1891 0.0 0.0001683288663055477
-1889 0.0 0.00016850708638633705
-1887 0.0 0.00016868568425214135
-1885 0.0 0.00016886466110545926
-1883 0.0 0.0001690440181538984
-1881 0.0 0.00016922375661020236
-1879 0.0 0.0001694038776922782
-1877 0.0 0.0001695843826232236
-1875 0.0 0.00016976527263135502
-1873 0.0 0.00016994654895023526
-1871 0.0 0.0001701282128187016
-1869 0.0 0.0001703102654808939
-1867 0.0 0.00017049270818628317
-1865 0.0 0.0001706755421897001
-1863 0.0 0.00017085876875136378
-1861 0.0 0.00017104238913691062
-1859 0.0 0.0001712264046174237
-1857 0.0 0.00017141081646946188
-1855 0.0 0.0001715956259750893
-1853 0.0 0.0001717808344219054
-1851 0.0 0.00017196644310307437
-1849 0.0 0.0001721524533173557
-1847 0.0 0.0001723388663691341
-1845 0.0 0.00017252568356845022
-1843 0.0 0.00017271290623103132
-1841 0.0 0.00017290053567832193
-1839 0.0 0.00017308857323751532
-1837 0.0 0.00017327702024158448
-1835 0.0 0.00017346587802931373
-1833 0.0 0.00017365514794533043
-1831 0.0 0.0001738448313401369
-1829 0.0 0.0001740349295701425
-1827 0.0 0.00017422544399769605
-1825 0.0 0.0001744163759911182
-1823 0.0 0.00017460772692473432
-1821 0.0 0.00017479949817890758
-1819 0.0 0.00017499169114007184
-1817 0.0 0.00017518430720076536
-1815 0.0 0.00017537734775966427
-1813 0.0 0.00017557081422161648
-1811 0.0 0.0001757647079976757
-1809 0.0 0.0001759590305051358
-1807 0.0 0.00017615378316756538
-1805 0.0 0.0001763489674148425
-1803 0.0 0.0001765445846831895
-1801 0.0 0.00017674063641520858
-1799 0.0 0.00017693712405991702
-1797 0.0 0.0001771340490727828
-1795 0.0 0.00017733141291576083
-1793 0.0 0.00017752921705732887
-1791 0.0 0.00017772746297252412
-1789 0.0 0.0001779261521429797
-1787 0.0 0.00017812528605696176
-1785 0.0 0.00017832486620940653
-1783 0.0 0.00017852489410195775
-1781 0.0 0.00017872537124300432
-1779 0.0 0.0001789262991477182
-1777 0.0 0.00017912767933809268
-1775 0.0 0.00017932951334298066
-1773 0.0 0.0001795318026981335
-1771 0.0 0.00017973454894623978
-1769 0.0 0.0001799377536369648
-1767 0.0 0.00018014141832698965
-1765 0.0 0.00018034554458005138
-1763 0.0 0.0001805501339669828
-1761 0.0 0.0001807551880657528
-1759 0.0 0.00018096070846150694
-1757 0.0 0.00018116669674660824
-1755 0.0 0.00018137315452067848
-1753 0.0 0.0001815800833906393
-1751 0.0 0.00018178748497075424
-1749 0.0 0.0001819953608826705
-1747 0.0 0.00018220371275546118
-1745 0.0 0.00018241254222566803
-1743 0.0 0.00018262185093734405
-1741 0.0 0.00018283164054209687
-1739 0.0 0.0001830419126991321
-1737 0.0 0.0001832526690752969
-1735 0.0 0.0001834639113451243
-1733 0.0 0.0001836756411908775
-1731 0.0 0.00018388786030259428
-1729 0.0 0.00018410057037813226
-1727 0.0 0.00018431377312321404
-1725 0.0 0.00018452747025147288
-1723 0.0 0.00018474166348449837
-1721 0.0 0.000184956354551883
-1719 0.0 0.00018517154519126857
-1717 0.0 0.00018538723714839296
-1715 0.0 0.00018560343217713743
-1713 0.0 0.00018582013203957424
-1711 0.0 0.00018603733850601443
-1709 0.0 0.000186255053355056
-1707 0.0 0.0001864732783736325
-1705 0.0 0.00018669201535706197
-1703 0.0 0.00018691126610909613
-1701 0.0 0.00018713103244196984
-1699 0.0 0.00018735131617645125
-1697 0.0 0.00018757211914189196
-1695 0.0 0.0001877934431762777
-1693 0.0 0.0001880152901262792
-1691 0.0 0.00018823766184730378
-1689 0.0 0.0001884605602035469
-1687 0.0 0.00018868398706804428
-1685 0.0 0.00018890794432272444
-1683 0.0 0.00018913243385846148
-1681 0.0 0.0001893574575751283
-1679 0.0 0.00018958301738165021
-1677 0.0 0.00018980911519605884
-1675 0.0 0.00019003575294554667
-1673 0.0 0.00019026293256652163
-1671 0.0 0.0001904906560046623
-1669 0.0 0.00019071892521497344
-1667 0.0 0.00019094774216184206
-1665 0.0 0.0001911771088190935
-1663 0.0 0.0001914070271700485
-1661 0.0 0.00019163749920758018
-1659 0.0 0.0001918685269341716
-1657 0.0 0.00019210011236197387
-1655 0.0 0.00019233225751286444
-1653 0.0 0.00019256496441850618
-1651 0.0 0.00019279823512040624
-1649 0.0 0.00019303207166997615
-1647 0.0 0.00019326647612859178
-1645 0.0 0.00019350145056765394
-1643 0.0 0.00019373699706864923
-1641 0.0 0.00019397311772321186
-1639 0.0 0.00019420981463318527
-1637 1.0260335068657746e-06 0.0001948555069181812
-1635 -2.963339872407536e-07 0.00018859223781425577
-1633 -1.326616530807485e-05 0.00017690031705553384
-1631 -2.6145973993214218e-05 0.0001936796382690504
-1629 1.123083045564813e-05 0.00019463326671075208
-1627 -1.6960088276820034e-05 0.00018174119774509576
-1625 -1.3276570805357973e-05 0.00022071340890793864
-1623 1.5652875058475372e-05 0.00018948745917529112
-1621 1.2121156768332146e-05 0.000181087284462629
-1619 -8.455140219168153e-06 0.00017763122105648034
-1617 4.355182549441358e-06 0.00021005821388803397
-1615 1.3354973910753284e-05 0.00020870836431745754
-1613 1.8784052221418008e-05 0.00018830844488209255
-1611 1.2290798150941251e-05 0.00021217526937929995
-1609 -7.206896010666729e-07 0.00020175517644223303
-1607 -2.961508444589248e-07 0.00021470596353992676
-1605 1.396114898197955e-06 0.00022188549824424605
-1603 5.145195383732899e-06 0.00017084768609452027
-1601 7.273204250262684e-06 0.00018644329829282363
-1599 5.372943013435771e-06 0.0002154657755864571
-1597 -2.289705121780737e-06 0.00020759334452201018
-1595 -1.5461446552298682e-05 0.00018334289591011668
-1593 -8.788691879059986e-06 0.00021316323754316642
-1591 8.916291083253127e-06 0.0002133406183069198
-1589 -2.3776168810509798e-05 0.0001998057297439866
-1587 1.2157235183182881e-05 0.0002120681549099715
-1585 1.4120263940416625e-05 0.00019247706324585073
-1583 2.1553507637205e-05 0.00019782967828052125
-1581 1.7201792860279404e-05 0.00020401536859653138
-1579 -2.152495985128332e-05 0.0001984599891640646
-1577 -4.9223409027457556e-06 0.00020105237087994778
-1575 -2.4339897445033735e-05 0.00022777873984724384
-1573 4.449030880596555e-06 0.00021019898546249346
-1571 1.2150306277132112e-05 0.00019148577384816624
-1569 4.303684507033802e-06 0.00020194968258709824
-1567 -1.595111959358857e-05 0.00021643865520758193
-1565 5.3511465884001234e-06 0.00018717027714369294
-1563 -3.928129619278324e-06 0.0002045001602070328
-1561 -4.886202465148569e-06 0.00019295124569187585
-1559 -1.611863900345848e-05 0.00020567455277442314
-1557 8.643311339246988e-06 0.00018246481161859231
-1555 1.1485588779580791e-07 0.00022265491350053002
-1553 2.0768839616597816e-06 0.0002068689861774191
-1551 1.3737174564394875e-05 0.000225146998935376
-1549 7.329271717398627e-07 0.00020579454848324488
-1547 1.6803790702200856e-06 0.0002210881659199706
-1545 -6.343903235439552e-07 0.00020856356095066893
-1543 2.1290888992316086e-06 0.00020875043923956543
-1541 1.8089325465263182e-06 0.00020091490024610974
-1539 -2.9483214394981866e-05 0.0002105801728844559
-1537 -1.0157292391396475e-06 0.0002152995689897996
-1535 -5.79915739952059e-06 0.00019035967841839318
-1533 -1.2314483408473955e-05 0.00021257106356294193
-1531 -7.872916764551954e-06 0.00020435445790533064
-1529 1.2400691221190786e-05 0.00020381928693815574
-1527 8.425344133862301e-06 0.00019709986563506556
-1525 1.0415492039019295e-05 0.00023713993257762673
-1523 -1.6624703692007824e-05 0.000212037434987558
-1521 -3.685638737891486e-05 0.00018834282178327585
-1519 -4.296446969910412e-06 0.00023148104395410337
-1517 -1.5275630446140404e-05 0.00021605606475780736
-1515 -1.3590224279360651e-05 0.00021514098256154155
-1513 -3.514423445931965e-06 0.000159288502526529
-1511 -1.5487621070705206e-05 0.00020834957327644737
-1509 2.4705589790820886e-06 0.00021045346358417329
-1507 -1.1560044011593467e-05 0.00020865697085464133
-1505 5.8063378514414236e-06 0.00021203418248433127
-1503 -5.2194807746748105e-06 0.0002076087399732329
-1501 1.6351542583265077e-05 0.00020662562799545096
-1499 2.2321263370641394e-06 0.0002139026114650603
-1497 4.331038284377816e-06 0.00021217660288920406
-1495 1.565499267684011e-06 0.0002273938991248992
-1493 -2.7732544924998162e-05 0.00020655206807866023
-1491 -1.0628403072179394e-05 0.00020429403374243072
-1489 2.5148104430041878e-05 0.00019994805662223222
-1487 3.0914641012551825e-05 0.0002270399715183907
-1485 -1.1685203811957555e-05 0.00019551789054484038
-1483 -8.850596432924965e-06 0.00024296798685122196
-1481 -2.6236197459148903e-05 0.0002256275556409078
-1479 -2.245782437532803e-05 0.00022738818806512204
-1477 -3.5728602827247077e-06 0.00022594471943138453
-1475 1.0891633227509583e-05 0.00020033944188988399
-1473 1.8884795107798657e-05 0.0002113700242841687
-1471 -1.6905105172173195e-06 0.00022365564485810402
-1469 -6.009353973863126e-06 0.00021182122434498964
-1467 -3.246235970680115e-06 0.00020597785272891234
-1465 -2.355278518512588e-05 0.00022989648616066275
-1463 -1.8355326483958944e-05 0.00022127846473349766
-1461 -9.44039221806766e-06 0.0002303904930158987
-1459 -5.8054389471459136e-06 0.00022791613257690366
-1457 2.2278762619717345e-05 0.00020895009967246097
-1455 -1.6543686837391781e-06 0.0002161641422356971
-1453 4.896332410669805e-06 0.0002387940418565134
-1451 -8.431819541699469e-06 0.00022227049576787353
-1449 1.1794556002216916e-06 0.00019132464654947237
-1447 1.853355956776618e-05 0.00022049679372553274
-1445 -5.5688493024816545e-06 0.0002291695500572786
-1443 -6.71824775855103e-06 0.0002184933720784558
-1441 -1.7996954772805185e-05 0.00023304439918224855
-1439 2.4382146865578277e-05 0.00018359091190371928
-1437 5.06452303614956e-06 0.00025806153955656254
-1435 -8.738681793990678e-06 0.00023265459855207032
-1433 2.5836558974688572e-06 0.00024023727630505847
-1431 8.354372362513363e-06 0.00023423258505360454
-1429 -7.028799430581174e-06 0.00025042505749466384
-1427 1.764369827179274e-05 0.00021265124263875756
-1425 -2.551922478284237e-07 0.00022294246355268745
-1423 -1.3876350859600125e-06 0.0002460323916928874
-1421 2.2717770980688972e-05 0.0002154015570860221
-1419 -1.432518907990253e-06 0.00022734210571088246
-1417 1.9992997242814978e-06 0.00021176126916764817
-1415 1.2441857688549706e-05 0.0002267715370710695
-1413 -2.259816410958647e-05 0.00021812464008536407
-1411 3.2568029990595745e-05 0.00022454284085108542
-1409 3.2902563576117793e-06 0.00023075486975137482
-1407 -2.7995100551095586e-05 0.00020985431609203217
-1405 8.097117138681398e-06 0.0002483269449777657
-1403 -1.106393618160411e-05 0.00021303276654483123
-1401 -1.592618718794258e-05 0.00022672511072059165
-1399 2.3536250585091624e-05 0.00027266982302793954
-1397 -1.0773716582238026e-05 0.0002223037987989406
-1395 -1.1713910912481742e-06 0.00020601180404339364
-1393 1.8071647935225705e-07 0.00022652328130525897
-1391 -2.0782903596708178e-05 0.00021938922020488713
-1389 -3.9529555815612303e-07 0.00020326079196880114
-1387 -6.680754386658998e-06 0.00022226550566045006
-1385 -2.2251053450453605e-05 0.00024136963362986083
-1383 2.828014767108861e-06 0.00023533778628545966
-1381 -2.1368912756881998e-05 0.00022329287252700818
-1379 -4.763030472255827e-06 0.00022232989955062697
-1377 -6.347843886081943e-06 0.00023551598075189753
-1375 -3.6188632887390024e-07 0.00022556909838348504
-1373 -4.380129144800743e-06 0.00022021819421714608
-1371 -2.223913123245662e-05 0.00023656833884792253
-1369 4.202610761156586e-06 0.00023273983094666365
-1367 2.5630607650907677e-05 0.00025897547994077895
-1365 -3.6915003751341433e-06 0.00023524505400774503
-1363 1.469573656833478e-05 0.00023894588631944645
-1361 7.057483944946213e-06 0.00023177322189008414
-1359 -1.2736642679460944e-05 0.00021341997464268165
-1357 -1.6198454500671097e-05 0.00024382499179564357
-1355 -7.034872149658728e-06 0.000254724023557631
-1353 -1.0380688598306744e-05 0.000214198584440994
-1351 -3.4066532437224723e-06 0.0002442369140155601
-1349 1.3125326095859167e-05 0.00022728034134414507
-1347 1.6645286665130402e-05 0.0002228953878408044
-1345 -4.042426648711345e-07 0.00024093283545931015
-1343 -4.788621960886431e-06 0.00024015635078077866
-1341 -5.663199940026959e-06 0.00019644562832168828
-1339 -1.2050960264727614e-05 0.00024806722599267556
-1337 -4.927485425984996e-06 0.00023142262203932004
-1335 3.574654351785437e-06 0.0002358504223698674
-1333 8.651704058424268e-06 0.00022548017730416515
-1331 -7.719664441097162e-06 0.00022788500590259828
-1329 1.1499698373170687e-05 0.000257339865119925
-1327 -6.344385500703889e-06 0.000255334201079317
-1325 -3.8317662018947636e-05 0.00023651050263991469
-1323 1.3531861083627414e-05 0.00022825512172167445
-1321 -1.7093686975211953e-05 0.0002331051997862519
-1319 -1.491916865224903e-06 0.00027818795304346847
-1317 -5.781278358354845e-06 0.00025930742392865793
-1315 -1.9290745499223273e-05 0.00025390919337237765
-1313 -1.6511662571763746e-05 0.00022307702490347497
-1311 1.846836796745171e-05 0.0002391580183688393
-1309 2.5665978512820485e-06 0.00023052545730621843
-1307 1.7334701445209267e-06 0.00024715229933046395
-1305 9.218598747169905e-06 0.0002625821433322005
-1303 -2.4249934696534694e-05 0.0002498349792145011
-1301 7.791953616900972e-06 0.00023804727981540717
-1299 3.68941205647457e-07 0.00025331033891750417
-1297 1.6962439834102021e-06 0.000253219048731822
-1295 1.25719275919091e-05 0.00025685092156144145
-1293 1.2220940548086187e-06 0.0002651932652511291
-1291 7.993533115904781e-06 0.00024904821508855393
-1289 -7.5323649405519796e-06 0.00023920103385176026
-1287 5.015608114955725e-07 0.0002445407063114411
-1285 1.4296380989127265e-06 0.0002597841473137831
-1283 1.2490102944667004e-05 0.00023836333737236557
-1281 -1.1814771142556909e-05 0.0002484590802378923
-1279 2.850272310875451e-05 0.00023687241709379367
-1277 -3.5500434796332683e-06 0.00024831992033778693
-1275 3.0207112941781826e-05 0.0002337230242298879
-1273 -1.4423624046511686e-05 0.0002503912400825413
-1271 1.4854940199438238e-05 0.00025726050839165087
-1269 2.352297080918493e-05 0.0002682281233471546
-1267 -1.8317416305477603e-06 0.0002626320723909248
-1265 -1.789791522833116e-05 0.00026504055115171067
-1263 -2.5844516844237423e-06 0.0002561904315978563
-1261 1.2652499406386213e-05 0.00021887547934556855
-1259 8.846963242176495e-06 0.00027338908385677685
-1257 -2.3136803816350873e-05 0.0002555660524885591
-1255 -1.574556641601753e-05 0.00022793182776767264
-1253 6.111263358864039e-06 0.0002577488922112969
-1251 2.991406747284519e-06 0.0002506494855993193
-1249 -2.375589052033904e-05 0.0002593467953172947
-1247 -1.8729066243885275e-05 0.0002435816275510501
-1245 -2.345036757772549e-05 0.00023728709037289431
-1243 1.2151966844110157e-05 0.0002791080702319363
-1241 9.749054399786602e-06 0.00024854388107287205
-1239 -1.649890769830222e-05 0.0002350381601042791
-1237 1.1478747612297764e-05 0.00022516194097197442
-1235 -2.265040971330399e-05 0.00024312593253462728
-1233 -1.1480848202802219e-05 0.00025781194131153294
-1231 -1.3371713944358803e-05 0.0002550536183335551
-1229 7.531995915363964e-06 0.00024283655444334894
-1227 4.494657471378755e-06 0.00026056005672177773
-1225 8.291417381410994e-06 0.0002470734723760849
-1223 -1.0589319756786961e-05 0.0002829815951092146
-1221 -1.0095059653828339e-05 0.00028166416566468216
-1219 1.6939043576391554e-06 0.00023777398067521247
-1217 -3.4570441726185876e-06 0.0002641487298120822
-1215 -2.0403265185462955e-05 0.00028839449152151764
-1213 1.338733481584436e-05 0.00027276409033132206
-1211 -2.1123657406639953e-05 0.0002852342820164612
-1209 -6.6702271533338e-06 0.00026469468571519887
-1207 -1.2941630596594358e-05 0.0002627049076361146
-1205 1.003216267118632e-05 0.0002642156400558241
-1203 -1.9607269290317683e-05 0.0002931058221194124
-1201 -1.3652649510259096e-05 0.0002639782592125222
-1199 1.4567436191385e-05 0.00025394847764100253
-1197 -3.862872628233281e-06 0.00026400738115052555
-1195 1.40431057845217e-05 0.0002544796374850307
-1193 3.7964421803564297e-06 0.00022729088333446463
-1191 5.578794508736176e-06 0.00028566009054425436
-1189 -8.966609308466041e-07 0.00026277695734004176
-1187 -9.88842770704308e-06 0.0002867746238097423
-1185 8.13790812739643e-06 0.0002736166341895707
-1183 -1.3708430138804859e-05 0.0002715378316054219
-1181 -8.670404112977783e-06 0.0002644445267561813
-1179 3.111563936786004e-05 0.00026116255170011523
-1177 1.3108687543667267e-06 0.0002870262113608688
-1175 -2.200443951258608e-06 0.00025695177963548936
-1173 1.0311641800475563e-06 0.0002749466564091197
-1171 2.922428969860491e-05 0.0002809806761807823
-1169 1.684754359820301e-06 0.00029484438488857435
-1167 1.271236229862741e-06 0.00026194100251152735
-1165 4.876630089852231e-06 0.00027696157829683885
-1163 -1.1222266049766143e-05 0.00025342819912985094
-1161 1.0257476628799583e-05 0.0002649637721423887
-1159 -1.0733371309859523e-05 0.0002668640419730512
-1157 -4.920223193170655e-07 0.0002531272862361548
-1155 -2.767017472151123e-05 0.0002822504751412948
-1153 1.3035162420285046e-05 0.0002777985639533487
-1151 8.757691014585067e-06 0.00027552291333055615
-1149 -1.089832695402439e-05 0.0002798131414973866
-1147 -5.4181908763579184e-06 0.0002823331175897079
-1145 -2.7930569980385913e-06 0.0002678923496777363
-1143 -1.2051982654247713e-05 0.00025424713713756154
-1141 1.3235773635207943e-05 0.00029572483019058124
-1139 1.71642420148162e-05 0.0002473238203415553
-1137 -3.5131638213479667e-07 0.00029672955255028946
-1135 2.187315220955657e-05 0.0002644814964587063
-1133 -4.988263845514657e-06 0.0002734896134289047
-1131 -4.151730711115102e-06 0.0002883024625780494
-1129 -5.600389834468422e-06 0.0002943338952394956
-1127 7.333311469845224e-06 0.0002993649957144135
-1125 8.209278740329867e-06 0.0002798921950494759
-1123 -1.2445431932938884e-05 0.0002812638662971988
-1121 -1.0696025308008685e-05 0.00033057911762656046
-1119 1.248427917971984e-05 0.000280896769965578
-1117 1.1132235134489161e-05 0.00026848841119736934
-1115 -9.334778020241906e-06 0.00030156247243686644
-1113 -8.004224245520619e-06 0.0002867212133041337
-1111 -4.683929211137619e-06 0.00025418406747819113
-1109 2.251100158242679e-05 0.00029424852237555887
-1107 -5.7920153920721915e-06 0.00028324467404385577
-1105 -1.1233023264215643e-05 0.00029659474225686146
-1103 -9.421423125232033e-06 0.0003139562323074383
-1101 2.2310317220997193e-05 0.00029446653889495195
-1099 1.9419860652212622e-05 0.0002883172456160885
-1097 1.4207017569747582e-05 0.0002519375576189511
-1095 -9.77788740238406e-06 0.00030050606885996816
-1093 -3.911150091363731e-06 0.00028110055217419607
-1091 2.9865094992038195e-05 0.0002958851624956403
-1089 1.964775630447691e-05 0.00025365298386552984
-1087 -9.097196878004355e-06 0.0002720244134080966
-1085 -4.5322087352172635e-06 0.0003026145901181759
-1083 1.7021583530105074e-05 0.00029363392056704806
-1081 2.2427567307333862e-05 0.0003004705851966448
-1079 1.4452124856330642e-05 0.0002736113740537077
-1077 6.58882834243622e-06 0.00030346839603488494
-1075 -1.7810649863488806e-06 0.00028430676757820066
-1073 2.146579110761596e-06 0.00028404173662982605
-1071 1.1393757400282978e-05 0.0002789908450331431
-1069 -7.635366369998433e-06 0.00030069744943151647
-1067 1.2573008902063e-05 0.00031737791218528416
-1065 -1.2641646208981499e-05 0.0003105333373504306
-1063 -1.244526977319746e-07 0.000318595585506844
-1061 -4.120511678867501e-06 0.0003110656778936115
-1059 3.093547761854308e-05 0.00029611191004324454
-1057 -2.390474536391459e-06 0.0002939669338642065
-1055 2.7156117220793118e-06 0.00028487865685020196
-1053 1.3656128114028249e-05 0.00032337520495542686
-1051 7.980820253056576e-06 0.0003063318913822611
-1049 2.9179132364340266e-05 0.00030774050315132164
-1047 1.183011485308467e-07 0.00030241121477153816
-1045 -1.603679064537804e-06 0.00028979299004941976
-1043 4.860399338190441e-06 0.00029372671902696027
-1041 -9.339689975960287e-06 0.000300868748312311
-1039 -3.4564056142922356e-06 0.0003079976915344934
-1037 -1.1513562175170807e-05 0.0002902545381363592
-1035 -1.0557672735324798e-05 0.00028821560991434123
-1033 -8.077282750243586e-06 0.00033071107273184065
-1031 1.5670776255383473e-05 0.0003253282576988446
-1029 -1.632395679091767e-05 0.0003270751845692967
-1027 1.7371578200986577e-06 0.0003052061469017345
-1025 5.795810627144487e-06 0.0003058342680119436
-1023 7.421645240538001e-06 0.000343964283772575
-1021 4.550012041344071e-06 0.0003030359291578994
-1019 -1.4556331285797571e-05 0.0003014207249496239
-1017 2.0311407482259966e-05 0.00031641845125506983
-1015 1.2262412348372551e-05 0.00028519235933187136
-1013 2.8417327960519245e-05 0.0003132813403944515
-1011 3.2331825879432765e-06 0.0002939227918262721
-1009 4.8036687429429e-06 0.0003169211121574747
-1007 9.002918745376045e-06 0.00034033512720784266
-1005 5.152406644970723e-06 0.0003067329628191471
-1003 -2.4654082235186874e-06 0.0003472393067755102
-1001 6.854686670356961e-06 0.0002949973686618186
-999 -2.9696262483417027e-06 0.0003073712197265912
-997 -1.4687093301406164e-05 0.0003264056230676679
-995 2.6159255532686697e-05 0.0003141806227097807
-993 -9.461050964353414e-06 0.0003520726128572518
-991 1.2597618362281896e-05 0.0003366182059059891
-989 -1.1706052527609215e-05 0.0003349812441459099
-987 2.3759591934941843e-06 0.0003257091356333433
-985 -4.442561388609391e-06 0.000330048282179922
-983 -7.168261840450342e-06 0.0003286521357811119
-981 2.0970423664341206e-06 0.00032722983111384014
-979 -4.557348806643058e-06 0.00032608034151461956
-977 -2.5041532937640948e-05 0.0003608216713773567
-975 -1.4155656646509156e-06 0.0003277677506671026
-973 2.141510914137201e-06 0.00031243839251063126
-971 1.5275227530441838e-06 0.00031885465818347737
-969 -7.55487692369669e-06 0.0003038749500544345
-967 -6.07332316132138e-08 0.00034508544430441956
-965 1.874414412294375e-05 0.0003443287745729545
-963 2.3256160604080006e-06 0.0003365369250345393
-961 2.5768109316697197e-06 0.0003330993043739158
-959 -1.2884309968426558e-05 0.00031863074221394913
-957 -1.7986706915427827e-05 0.0003362536973192387
-955 3.411717731233223e-07 0.00031193471794420445
-953 -1.7344875709759144e-05 0.00032182791836564715
-951 -1.2640509041579323e-05 0.0003256621900367354
-949 -2.3539959673662124e-05 0.00030618263084519396
-947 1.862881950573523e-06 0.0003386942234241612
-945 4.907195311624978e-06 0.0003372276823454096
-943 2.051644860134206e-05 0.0003503714137717588
-941 -1.9260705605382688e-05 0.0003582509406738243
-939 -1.7159952832398265e-05 0.0003763994718009761
-937 -1.9905965938217853e-06 0.00033669005989609384
-935 3.218688020448107e-06 0.0003328444033370295
-933 4.244479760089945e-06 0.00033228695222319905
-931 8.540757950708164e-06 0.0003489542436352369
-929 2.0581966130916857e-07 0.0003497844629192247
-927 3.0609827448259207e-06 0.00036211880795099737
-925 2.892740650759337e-05 0.0003448116308803693
-923 -2.0110845970865102e-05 0.0003219112782547169
-921 -9.242307598264589e-06 0.0003395567293358073
-919 1.591699613427672e-05 0.00035462724979472765
-917 1.2671325746664819e-06 0.0003502234512562204
-915 6.276184762875447e-06 0.00037096928102967427
-913 9.893327133771527e-06 0.0003354132171498701
-911 2.281293441503062e-05 0.0003720297279400553
-909 -1.6854876451629668e-05 0.0003569374081176853
-907 -5.510641300405759e-06 0.0003615005233070222
-905 1.147523502967844e-05 0.00033934405517944196
-903 -1.8563954078299503e-05 0.00033997076475847463
-901 1.0876922164324843e-05 0.0003729405975732202
-899 2.0580982418601266e-05 0.000364896958706687
-897 -2.9610511368796625e-06 0.00037884824565718404
-895 -1.4204384997288507e-05 0.00035506074025016757
-893 -1.7982974580055327e-05 0.0003393110413984687
-891 -2.3154829228516787e-05 0.00036567086172783754
-889 9.024689184528894e-06 0.00037513496494043
-887 -1.8176666419078274e-05 0.0003701475107438054
-885 -4.230111820942197e-06 0.00032426517627506135
-883 2.043470301327362e-05 0.0003547774290851015
-881 2.139727582674445e-06 0.00035469155968639854
-879 -3.3247011785123596e-06 0.00034246360682941895
-877 -2.5750449590661737e-06 0.00037884484804754206
-875 -1.4748630633812081e-05 0.00039240028984744167
-873 -4.662413336614605e-06 0.00037396210141070983
-871 -3.047283453500532e-05 0.0003679562682164837
-869 2.5054934045172625e-05 0.0003672312473023779
-867 2.2373517523360026e-06 0.00035348256286575044
-865 -6.578140556591654e-07 0.00037548027216020586
-863 -1.8495074811553604e-05 0.00037050400067928287
-861 3.2516291238306155e-05 0.0003886680145643988
-859 1.8853100997069788e-05 0.00038250863914522664
-857 2.7010768554866105e-05 0.0003831570711485105
-855 -4.717458389790468e-06 0.00037938172893025
-853 1.5444576047118222e-05 0.00037963544992147396
-851 -2.9438717881700505e-05 0.00036849057684488687
-849 -3.9161449703787257e-05 0.00037770375682924236
-847 4.754154059388254e-06 0.00035289457910365275
-845 9.045856539716672e-07 0.0003738216607364574
-843 8.014859528930945e-06 0.00038550573222816343
-841 -1.5620126461302818e-05 0.0003952276675427638
-839 -2.4119166371408082e-05 0.0003764515021066751
-837 8.175531558605304e-06 0.0003627865386013753
-835 -1.2068382299765145e-05 0.00037931494853113065
-833 1.4881485272201209e-05 0.00039621201646151114
-831 9.226329355949968e-06 0.0003969891859784728
-829 -1.5539783457875013e-05 0.00040097534605789564
-827 6.44630426624155e-06 0.00037542059506568104
-825 -4.9356718343782105e-06 0.0003899841781216947
-823 -2.5793754689244693e-05 0.0004111765444085281
-821 1.3006236889048817e-05 0.0003689781543862551
-819 -1.3813996914954603e-06 0.00037844277448805994
-817 1.2455875557016764e-05 0.0003781452574139477
-815 5.516844196701036e-06 0.0003820596247442729
-813 -1.615226247609352e-05 0.00038904602944573983
-811 5.537825605898235e-06 0.0004132227342141834
-809 -4.975239455910562e-06 0.00038446366941583454
-807 -1.662621558638929e-05 0.0003854212822148761
-805 -6.2579770010002956e-06 0.00039714655640493994
-803 3.0396110830386088e-06 0.00041610603604911765
-801 1.624431888982419e-06 0.0003999878840413985
-799 1.814734418007687e-05 0.00039724209726201996
-797 1.8853427284524583e-06 0.000415662126155255
-795 2.4751889863589142e-06 0.00040545706872060746
-793 -7.504143764698264e-07 0.0003879315391954695
-791 1.1370220086446373e-05 0.0003920702061560305
-789 -1.2413380392149172e-05 0.000403992929410409
-787 -1.0009829860791798e-05 0.00038718033858899494
-785 2.3604935862723932e-05 0.00041158886194230573
-783 5.7821785001403684e-06 0.00040814850857936433
-781 2.7230754935660076e-05 0.00039666922881309867
-779 3.044300162183015e-06 0.00040388641154206844
-777 2.4397553765962946e-05 0.0004238229149117031
-775 -5.883418963013629e-06 0.0004221466342427851
-773 2.0714204569186615e-05 0.00041729235426960626
-771 -4.663751226117035e-06 0.0004105900026408191
-769 -9.827365073233136e-06 0.00040879441687220736
-767 7.470579132353048e-06 0.0004320403485488899
-765 -1.3900550470116405e-05 0.0004234716227513497
-763 1.2666352413411696e-05 0.00042351627475780264
-761 -3.47648041380746e-05 0.0004229777370810512
-759 -1.1638487324680026e-05 0.00044003216094580446
-757 -2.4523503818168817e-05 0.0004327483978556214
-755 2.6272613835247926e-05 0.0003998275125505233
-753 2.1804742334046676e-06 0.00041518566398944946
-751 7.07318435134176e-07 0.00044832909677125515
-749 9.327093221943152e-06 0.00044104045566325205
-747 5.380279371667761e-06 0.0004403706700652365
-745 6.297501124206593e-06 0.0004592986491173025
-743 -5.215884312528911e-06 0.00045248872795106436
-741 1.1122314050398694e-05 0.000409246154346386
-739 -2.0408874995623264e-06 0.000450849591834989
-737 8.027959234148746e-06 0.00042229153840375483
-735 -8.6588709673659e-06 0.0004395694819728101
-733 -1.5922940155118688e-05 0.0004404684397914434
-731 -1.1069639113472403e-05 0.00044184986957642266
-729 -8.736161368948263e-06 0.0004262104208029766
-727 1.211955306827377e-06 0.0004510254410744756
-725 1.92908857367212e-05 0.0004402324001403821
-723 1.074803512318022e-05 0.00043453024833433197
-721 3.0515711764744476e-05 0.00045228386633012856
-719 -8.505233377146353e-06 0.0004287542139547755
-717 -5.165666776493067e-06 0.000431077380563783
-715 -7.2917265949481065e-06 0.0004561870549564415
-713 -1.0406409896322249e-05 0.0004454114773086097
-711 1.9449926567749645e-06 0.00042942287331328193
-709 -7.691998475310863e-06 0.00044094701646893577
-707 1.6505660270838067e-06 0.0004625657305683707
-705 3.546076325440464e-08 0.00045259991794048115
-703 1.3997322288179774e-05 0.0004545081213212168
-701 1.512147618631694e-05 0.00045617705073996214
-699 9.07374975688847e-06 0.00045984365002477834
-697 3.662076649322421e-06 0.00044589515480096136
-695 -4.792180213779823e-05 0.00046449141067238676
-693 2.9373034485613893e-05 0.0004575636827869055
-691 -2.6285244145954426e-05 0.0004725954060225954
-689 6.0588792806539754e-06 0.00044416315739429033
-687 -3.300452592861733e-05 0.00047847891415464305
-685 3.817250608964622e-06 0.0004599423221677682
-683 -1.1674441273973382e-06 0.00046389166585561085
-681 1.1530667551354626e-05 0.0004691753394725879
-679 -1.0374507967070926e-05 0.00046795360072936405
-677 -2.4297967528047678e-05 0.00046399079992089846
-675 -9.1400483759055e-06 0.0004890469972687549
-673 -2.2786449722216433e-06 0.0004762486204200941
-671 -1.8360067339357344e-05 0.0004649810758422214
-669 -1.0367348468282296e-05 0.0004738510808102959
-667 1.0857327927575522e-05 0.0004584724966833061
-665 -2.29189188822097e-05 0.00048791518573376355
-663 1.5628638015852183e-05 0.00047242094804870294
-661 -3.0794482793074603e-06 0.00050485329744928
-659 5.484573071420589e-06 0.0004895859351320266
-657 -1.1496882561427064e-06 0.0004878919992739795
-655 1.1344549232003373e-05 0.0004673438963365599
-653 -1.1758514745402547e-05 0.00048399614546788036
-651 7.109230518144338e-06 0.00048545416717384456
-649 -4.7780336952855295e-06 0.0005161817826556814
-647 2.5066022316812647e-05 0.0005090384458405723
-645 -3.196852914170118e-05 0.00048355110159849484
-643 -1.1525663116771155e-05 0.0004932961759884904
-641 -1.1655451723511904e-05 0.0004971497570807719
-639 -1.8786783033692986e-05 0.0004903522716203747
-637 1.1340838472066372e-05 0.0004942141502308697
-635 3.0237644135978946e-05 0.00048176027469244763
-633 -3.613754843850415e-05 0.0005071873455028676
-631 2.1413128030506613e-05 0.0005080868597763644
-629 -9.115016519522648e-06 0.0004857613912036334
-627 1.936612655311825e-05 0.0004941411492806745
-625 1.4091497073588192e-05 0.0005144714455134311
-623 -5.634880948630969e-07 0.0005010254083193678
-621 -1.3605926610080326e-05 0.0005228545920197919
-619 4.885659799958535e-07 0.0004848618576906045
-617 -2.437556798637283e-05 0.0005100598609292996
-615 8.489597110160215e-08 0.0005327450585391132
-613 -2.6727600630313188e-06 0.0005194643386601386
-611 -1.4482333559391884e-06 0.0005315869732599882
-609 -1.3098897980309681e-05 0.0005482769987703922
-607 1.0694463587421763e-05 0.0005343141122047888
-605 -1.5087102009173882e-05 0.0005084050395758527
-603 4.524142165660452e-06 0.0005471895335098417
-601 -2.0348970937676412e-05 0.0005199799660942057
-599 9.287238825436913e-06 0.0005248366073804388
-597 1.1345397254070235e-05 0.0005415628151032837
-595 -8.84960308147833e-06 0.0005452277019909035
-593 5.247035050569565e-06 0.0005431124967983622
-591 -1.3085728054522663e-05 0.0005381597976784397
-589 2.6841742602003833e-06 0.0005492783737763627
-587 8.109803178175735e-06 0.0005467737449730336
-585 -8.82862277398589e-06 0.000518896614178689
-583 -8.101922091546169e-06 0.000521954116629714
-581 -1.9261725451266595e-05 0.0005196803927323295
-579 1.0621647359742222e-05 0.000516806489516002
-577 1.6347615308232633e-05 0.0005379712978183307
-575 1.3211345623388836e-05 0.0005614807662982503
-573 4.9211018212838e-06 0.0005461022715970776
-571 -2.0719535107430042e-05 0.0005631067897222882
-569 3.3622794418782396e-06 0.0005690107680858248
-567 -5.508597264513166e-06 0.0005548228253154726
-565 2.1058498456255628e-05 0.0005388524383105194
-563 -3.841203743175869e-06 0.0005756956132149428
-561 9.515852611656393e-06 0.000578381471276243
-559 5.337689947606434e-06 0.0005408353018059304
-557 3.037182942913556e-05 0.0006044100673208189
-555 -7.294618238173973e-06 0.0006057616887998515
-553 4.582631097088322e-06 0.000578131081481303
-551 -3.5850359279442782e-06 0.0005637314478424098
-549 1.8606223149818188e-05 0.0005832730669970585
-547 2.6625902679971103e-06 0.0005832648306830068
-545 -1.782413266273096e-05 0.0005870101345709062
-543 -1.1669569522315482e-05 0.0005569017996754121
-541 1.4788660845891698e-05 0.0005911445557707663
-539 1.332198130185493e-05 0.0006143291538685976
-537 -2.497264560299189e-06 0.0005883971727718767
-535 1.5792136155269057e-05 0.0006009237884403282
-533 9.085720140760089e-07 0.0005917610989784968
-531 -3.3490809785134494e-06 0.0006211020784464702
-529 -8.771833822751989e-06 0.0006197039963898431
-527 -2.903081675960487e-06 0.000600143321467325
-525 -2.5606818459604485e-06 0.0005916120957278318
-523 1.063475282546877e-05 0.0006088068404886049
-521 2.126312914588828e-05 0.0006118693109316411
-519 -1.6045517963964816e-06 0.0006036714866248989
-517 -8.289592669424086e-06 0.0006187458601982136
-515 1.809496133565414e-05 0.0006243038600246833
-513 5.810039146982202e-06 0.000631416004011371
-511 1.932758623297837e-06 0.0006072811425527289
-509 4.940363486301415e-06 0.0006085369437568303
-507 1.1202560290844897e-05 0.0006198098724864964
-505 -6.575248184411952e-06 0.0006124997202856974
-503 1.2027512357957664e-05 0.0006388408274484598
-501 4.677095937208682e-06 0.0006552933932078262
-499 -1.9515151671994316e-05 0.0006203247470861562
-497 6.0992189662891774e-06 0.0006436522363092816
-495 -1.5254571217187014e-06 0.0006617076328384608
-493 2.8594187749994646e-05 0.0006484972368188686
-491 2.581217200670374e-05 0.0006383251545248605
-489 5.953421371870841e-06 0.0006595530138092296
-487 -4.729472942627924e-06 0.000669642197317737
-485 -9.961590219804463e-06 0.0006701024987200196
-483 1.4304856199218362e-05 0.0006674132756531682
-481 -1.3343064012185329e-05 0.0006568484257675767
-479 -6.297361386407327e-07 0.0006584764332749583
-477 2.5138343366154224e-05 0.0006749384733102885
-475 -2.3561882465458936e-06 0.0006706501414736525
-473 1.2234310180426481e-05 0.0006815450861818139
-471 -3.3467411766659965e-07 0.0006666968995316875
-469 -6.140453603942321e-06 0.0006657120652643293
-467 -1.1608509513657514e-05 0.0006869637003599976
-465 -6.560182158753923e-06 0.0006667953911372118
-463 7.95810839744246e-06 0.0006772552893416656
-461 1.1272397018692759e-07 0.0006792133995586327
-459 -1.1448573526349655e-05 0.000703132195458344
-457 1.7328551548684553e-05 0.0007255474660343775
-455 -2.3916363460328006e-05 0.0007156697601592244
-453 -1.620125281968035e-05 0.0006698786318210611
-451 1.9899581341291492e-05 0.000711864293855548
-449 6.497085875725887e-06 0.0007110583862435132
-447 3.247793020932392e-06 0.0007359150334072726
-445 -1.916685027118272e-05 0.0007097737130466919
-443 4.4792692472425424e-05 0.0007469624324061712
-441 8.860626674706788e-06 0.0007121451797047299
-439 1.634995443248188e-05 0.0007238074937217786
-437 -1.071137953678717e-05 0.0007379125574141028
-435 3.271235898566179e-05 0.000767842678838714
-433 6.778358504181692e-06 0.0007751500164210933
-431 3.890944263470429e-06 0.0007201939810279865
-429 1.488457476947697e-05 0.0007522986280653139
-427 -7.609648858655344e-06 0.000734052429640473
-425 -9.359285267074028e-06 0.0007663374550948242
-423 -8.139190019808571e-06 0.0007497991532018296
-421 1.4266733595181084e-05 0.0007481844280187134
-419 -2.16448083097963e-05 0.0007642421692490621
-417 1.2784333063323755e-05 0.0007616078994000606
-415 2.9822556637842875e-05 0.0007918891047037439
-413 1.9154393859486678e-05 0.0007897253420899105
-411 8.206230001818605e-07 0.0007781044226541434
-409 2.1061259724984748e-05 0.0007783250117629944
-407 1.699299190494945e-06 0.0007968810534971881
-405 1.9563190510001765e-05 0.0007824845871571413
-403 -2.321801774014619e-06 0.0008131232403147995
-401 -1.3412780665709338e-05 0.0007823999120122311
-399 -5.951760450173102e-06 0.0008029888360990847
-397 -4.321973509207007e-06 0.0008071060635040465
-395 5.969591102439467e-06 0.0008153786484636968
-393 2.7773477765515792e-05 0.0008220139284370417
-391 -1.8601642565761454e-07 0.0008092217420529212
-389 1.5666586545190268e-05 0.0008076650729349666
-387 2.6881763976031474e-05 0.0008313404297770335
-385 2.3120672043717285e-05 0.0008231293926727054
-383 6.424829527705295e-08 0.0008304428363642807
-381 1.1127209966400053e-06 0.0008118465553440637
-379 1.5242014755910616e-05 0.0008360671845526198
-377 9.499718047440083e-07 0.0008190658186923365
-375 2.6317731642374824e-05 0.0008777769553569619
-373 8.191772934396281e-06 0.000834446884041363
-371 -1.5847983603350213e-05 0.0008673459248440002
-369 -2.0907282894682433e-05 0.0008375108074643793
-367 -8.587656150800168e-06 0.0008359550591217418
-365 2.752796253812258e-05 0.0008628032203454107
-363 2.13304821536141e-06 0.000881528345626084
-361 -1.2702868143793849e-05 0.0008945617132552684
-359 1.626157311786137e-05 0.0008965130402963426
-357 -1.0325987226193449e-06 0.0008954551989544517
-355 -4.773935759780582e-06 0.0008888434726139878
-353 3.3043561454408676e-06 0.0009000599742913568
-351 1.2902711744973552e-05 0.0009288571982793433
-349 -5.286120528650488e-06 0.0009321988569055577
-347 -2.4690592564661143e-05 0.0009068637375185436
-345 -1.1636565223263877e-05 0.000904934024193551
-343 2.5939386323185068e-05 0.0009104341786988058
-341 1.8701531470333323e-06 0.0009383994023134133
-339 -1.5096466354417798e-05 0.0009357728595237305
-337 -1.4493584989862481e-05 0.0009300080618700211
-335 4.751423667461366e-06 0.0009498231100204332
-333 5.160827117677488e-06 0.0009370868370824696
-331 4.7752105655682834e-06 0.0009514758921054062
-329 1.0720154581623695e-07 0.0009766752183113985
-327 2.4663853537278573e-05 0.0009602771367781581
-325 1.619737242598312e-05 0.0009879614897979146
-323 1.362946608759334e-05 0.0009708313508162026
-321 2.7629584064995505e-05 0.0010121850680353546
-319 -8.789419329955274e-07 0.0010263198742505822
-317 1.184243100119521e-06 0.0010200391552093624
-315 -5.3367210199199635e-06 0.0010083737814824314
-313 -6.076000905772713e-06 0.001032684271142283
-311 -1.4735171841395741e-05 0.0010107892888624379
-309 -9.982726845923733e-06 0.001020805166081497
-307 1.0135354664465602e-05 0.0010223124008731175
-305 -2.549597946276707e-05 0.0010072593873256966
-303 7.134470401719542e-06 0.0010711497686866985
-301 9.643765127483532e-06 0.001044647700664522
-299 1.8862343077283258e-06 0.0010936054982025058
-297 6.89211678284021e-06 0.0010652674557069608
-295 -1.3395646873288424e-05 0.0010823138933207911
-293 -1.2536167920688867e-05 0.00112326778918169
-291 1.2655713949105205e-05 0.0010817899109578654
-289 2.1828000468279395e-05 0.0010902168507467018
-287 4.282761859548082e-06 0.0010924927670026292
-285 -1.781714534716894e-05 0.0010937804819471585
-283 1.893838527720736e-05 0.0011168618969683063
-281 -3.028095792921264e-05 0.0011203839645702843
-279 1.863218295371011e-05 0.0011239098189323048
-277 6.824148263025793e-06 0.001138481059386567
-275 6.95429152043291e-06 0.0011334867015508293
-273 3.200445442063651e-06 0.0011779504804611766
-271 1.1751002156665007e-05 0.0011630196066303796
-269 -5.249105609400145e-06 0.0011846741608602157
-267 1.021895284865023e-05 0.0012090121090557525
-265 8.651854256847827e-06 0.0011900532182457678
-263 -7.98718139614804e-06 0.0012192601578193748
-261 -1.8528805907708785e-06 0.0012072557732097327
-259 -1.456698825353714e-06 0.001219378740505274
-257 -3.378009898287912e-05 0.0012282161706353302
-255 -2.171663430974414e-05 0.001258739502274085
-253 2.0509842127983076e-05 0.0012376434950801215
-251 -1.5535713402054444e-05 0.0012531517721488406
-249 5.712523230341372e-06 0.0012582390629775266
-247 -3.523345633234866e-05 0.0012883379220530041
-245 1.2480143343032257e-05 0.0012942606180289828
-243 7.1768344118172115e-06 0.001301291667932796
-241 -6.407919089471359e-06 0.001317847122709664
-239 3.97978096590863e-06 0.001334937703778691
-237 3.6356166489834398e-06 0.0013250083840081234
-235 1.111534168830377e-05 0.0013664994108411681
-233 2.3363824873877363e-05 0.00136410194214731
-231 2.2992648852516014e-05 0.0013601421651410232
-229 1.8203779836917984e-05 0.001387570990096073
-227 2.6701066059616376e-06 0.0014096811965784218
-225 -2.4136197394907876e-07 0.0014222191412678646
-223 -1.4401533630936009e-05 0.0014197499969814038
-221 -4.109337263574247e-06 0.0014295814480366651
-219 -2.079032037442902e-05 0.001478351193567585
-217 7.092822348989741e-08 0.0014614789098811776
-215 -2.6545028830673384e-05 0.001474695759213405
-213 2.5194474106688644e-05 0.0014967725528301197
-211 -2.563943723637182e-05 0.0015097638407367952
-209 1.1787016869204427e-05 0.0015349572813260208
-207 -1.1251685640047785e-05 0.0015687813936413504
-205 1.928540787587702e-06 0.0015438208164084185
-203 -1.4572999667243169e-05 0.0015551405103980127
-201 3.5814002466669423e-06 0.0015636894093718594
-199 -1.2933038155717345e-05 0.0016084698821742182
-197 3.727406258563751e-06 0.0015970206434095355
-195 5.0425514555215245e-06 0.0016195518124939657
-193 3.305981283090503e-06 0.0016574658174582145
-191 -2.637399522392043e-05 0.001655316530956828
-189 2.0878281860540183e-05 0.0016838382309934232
-187 9.737238080036385e-06 0.00169046880779093
-185 3.53509346980861e-06 0.0017086491245287224
-183 -7.437274082517e-06 0.001748668410024566
-181 1.469216201647911e-05 0.001766848244410001
-179 -1.494175762090266e-05 0.0017810693922486788
-177 2.6752544383016612e-05 0.0018327495801372373
-175 1.3061654320365222e-06 0.0018038188716293074
-173 5.639684184617424e-06 0.0018601940116620551
-171 1.6535465315381875e-05 0.0018377435117356551
-169 2.3613743843906823e-06 0.0018850034043421408
-167 1.4660159874136255e-05 0.001900600996278782
-165 -2.9003444020993987e-05 0.0019272626134400922
-163 1.4332720656427704e-05 0.0019591206649561214
-161 1.1724227718709633e-05 0.001976579122525248
-159 -2.4565423187423173e-07 0.0020140197625149203
-157 -1.1384719322134724e-05 0.002023996161073517
-155 -6.482696397436625e-06 0.002052104602064796
-153 -2.0703275749593015e-05 0.002061244206068751
-151 8.280182951013993e-06 0.002115143865900084
-149 -5.324957589623781e-07 0.002163931165278075
-147 1.7057863401785386e-05 0.0021755307132801482
-145 9.229438320745825e-06 0.002201151630605258
-143 -1.9046559009405402e-05 0.002224025519833772
-141 8.105512339414832e-06 0.0022689705959294576
-139 6.669400829380523e-06 0.002329640646033921
-137 1.201014316117326e-05 0.002368036982415552
-135 -1.9190346222410504e-05 0.002353850627684862
-133 1.6699675961182153e-05 0.0023892589904938376
-131 -1.2639042279227495e-05 0.002424394598235317
-129 -1.4434524226300936e-05 0.002467240976636491
-127 -7.211202223236247e-06 0.002510184427570004
-125 -1.0477193951795005e-05 0.002571323928066081
-123 2.5715361922884383e-05 0.0025847126151803154
-121 1.613360943433102e-05 0.0026211949605831246
-119 4.322562503052228e-06 0.002698390895325026
-117 -3.754885022738585e-06 0.0027164606713588543
-115 2.4294196766379464e-05 0.0027448519662495964
-113 -8.060197635451964e-07 0.002828248501173163
-111 -1.2301902601398231e-05 0.002848872726064982
-109 -1.5350224781504032e-05 0.0028943061834811727
-107 -4.6497699142325846e-05 0.0029774946687413624
-105 -3.8139982577265796e-05 0.003054683427417917
-103 -9.847182126172141e-06 0.003097202434624082
-101 -7.109822996381177e-07 0.0031573067171168415
-99 1.0488337967862946e-05 0.0031944802314777415
-97 -1.225051384221862e-05 0.003256199771140137
-95 2.0768383929946407e-05 0.003367106824864985
-93 -2.5053672262694625e-07 0.0034106242804797337
-91 7.028856098685936e-06 0.0035039181364572287
-89 1.14187082332139e-05 0.0035864309508020064
-87 -1.6504014809014234e-05 0.003663093464723933
-85 2.6740436574393378e-05 0.003717183271351075
-83 2.5562647894770593e-05 0.0038450940783732114
-81 -3.1911991305032346e-06 0.003966967646420034
-79 9.10759699783435e-06 0.0040286956049921056
-77 1.529371647222577e-05 0.004136654735838532
-75 5.8522829916690075e-06 0.004245142861854478
-73 -3.910456435822731e-06 0.0043564632719130785
-71 2.1810760909224007e-06 0.00448476087369321
-69 -7.165129713432732e-07 0.004603089620819419
-67 2.562996052944848e-05 0.004752131811102169
-65 -3.3765321863060214e-07 0.004899616897210679
-63 1.0504072153416813e-05 0.005038790607444294
-61 1.853654966520195e-05 0.005241677541763179
-59 -8.352078758724064e-06 0.005388856535059907
-57 2.658777314831782e-06 0.005590042884179798
-55 -1.0314409795655343e-05 0.005763435432382397
-53 -1.2080409584522106e-06 0.0059982574622789876
-51 -8.245774100771744e-06 0.006256367439524274
-49 -3.697645017413237e-06 0.0064945279321632
-47 -1.5521137998384725e-05 0.006761216722009096
-45 1.0905659819522018e-05 0.0070895705799875275
-43 5.679783349123135e-06 0.007392244686915611
-41 1.4187338593462485e-05 0.007748905002168878
-39 -2.0359496857230095e-05 0.00817514602105313
-37 3.7432624890099408e-06 0.00858776871915657
-35 2.550819472401894e-05 0.009074639862236925
-33 8.59650512749696e-06 0.00964068735799905
-31 2.494573731209314e-05 0.01025267567859143
-29 1.7644033601266286e-05 0.010997855728179785
-27 -6.276548987464067e-06 0.011783117065323024
-25 -1.267942783478237e-05 0.012722428318074628
-23 1.9925363880135245e-05 0.013855887273626692
-21 -5.071112873608466e-06 0.015151599648044259
-19 3.494134531556644e-06 0.016767102955488507
-17 -1.348843903319689e-05 0.0187074435884605
-15 -2.1762343192943854e-05 0.021214858831311596
-13 -1.565461863273143e-05 0.024472156937668323
-11 1.1927804168650523e-05 0.028917352503167047
-9 1.6806872485207272e-05 0.03536630622849488
-7 -1.6331878002694493e-06 0.04541345311114314
-5 -1.3574747383213376e-05 0.06355569502874982
-3 5.455822969484688e-06 0.10549385386930253
-1 -7.849781625771396e-06 0.30378702356551757
1 -7.849781625769044e-06 -0.30378702356551757
3 5.455822969484766e-06 -0.10549385386930253
5 -1.3574747383213336e-05 -0.06355569502874982
7 -1.6331878002694281e-06 -0.04541345311114314
9 1.6806872485207286e-05 -0.03536630622849488
11 1.192780416865051e-05 -0.028917352503167047
13 -1.5654618632731436e-05 -0.024472156937668323
15 -2.1762343192944125e-05 -0.021214858831311596
17 -1.3488439033196598e-05 -0.0187074435884605
19 3.494134531556576e-06 -0.016767102955488507
21 -5.071112873608513e-06 -0.015151599648044259
23 1.9925363880135462e-05 -0.013855887273626692
25 -1.2679427834782542e-05 -0.012722428318074628
27 -6.276548987464061e-06 -0.011783117065323024
29 1.764403360126631e-05 -0.010997855728179785
31 2.4945737312093134e-05 -0.01025267567859143
33 8.596505127496944e-06 -0.00964068735799905
35 2.550819472401898e-05 -0.009074639862236925
37 3.743262489010011e-06 -0.00858776871915657
39 -2.0359496857230136e-05 -0.00817514602105313
41 1.4187338593462592e-05 -0.007748905002168878
43 5.679783349123146e-06 -0.007392244686915611
45 1.0905659819521984e-05 -0.0070895705799875275
47 -1.552113799838471e-05 -0.006761216722009096
49 -3.697645017413209e-06 -0.0064945279321632
51 -8.24577410077175e-06 -0.006256367439524274
53 -1.2080409584522206e-06 -0.0059982574622789876
55 -1.0314409795655376e-05 -0.005763435432382397
57 2.6587773148319366e-06 -0.005590042884179798
59 -8.352078758724073e-06 -0.005388856535059907
61 1.8536549665201948e-05 -0.005241677541763179
63 1.0504072153416928e-05 -0.005038790607444294
65 -3.3765321863066143e-07 -0.004899616897210679
67 2.5629960529448458e-05 -0.004752131811102169
69 -7.165129713432467e-07 -0.004603089620819419
71 2.1810760909224295e-06 -0.00448476087369321
73 -3.910456435822716e-06 -0.0043564632719130785
75 5.852282991669015e-06 -0.004245142861854478
77 1.529371647222577e-05 -0.004136654735838532
79 9.107596997834493e-06 -0.004028695604992105
81 -3.1911991305032846e-06 -0.003966967646420035
83 2.5562647894770555e-05 -0.0038450940783732114
85 2.6740436574393412e-05 -0.003717183271351075
87 -1.650401480901425e-05 -0.003663093464723933
89 1.1418708233213881e-05 -0.0035864309508020064
91 7.028856098685954e-06 -0.0035039181364572287
93 -2.5053672262695387e-07 -0.0034106242804797337
95 2.076838392994637e-05 -0.003367106824864985
97 -1.2250513842218557e-05 -0.003256199771140137
99 1.048833796786296e-05 -0.0031944802314777415
101 -7.109822996381067e-07 -0.0031573067171168415
103 -9.847182126172112e-06 -0.003097202434624082
105 -3.8139982577265844e-05 -0.003054683427417917
107 -4.6497699142325866e-05 -0.0029774946687413624
109 -1.5350224781504015e-05 -0.0028943061834811727
111 -1.2301902601398224e-05 -0.002848872726064982
113 -8.060197635452201e-07 -0.002828248501173163
115 2.4294196766379484e-05 -0.0027448519662495964
117 -3.7548850227385334e-06 -0.0027164606713588543
119 4.32256250305224e-06 -0.0026983908953250265
121 1.6133609434331284e-05 -0.002621194960583124
123 2.5715361922884363e-05 -0.0025847126151803154
125 -1.0477193951795045e-05 -0.002571323928066081
127 -7.211202223236206e-06 -0.002510184427570004
129 -1.4434524226300882e-05 -0.002467240976636491
131 -1.2639042279227508e-05 -0.002424394598235317
133 1.6699675961182157e-05 -0.0023892589904938376
135 -1.919034622241057e-05 -0.002353850627684862
137 1.2010143161173276e-05 -0.002368036982415552
139 6.669400829380532e-06 -0.002329640646033921
141 8.105512339414847e-06 -0.0022689705959294576
143 -1.9046559009405355e-05 -0.002224025519833772
145 9.229438320745799e-06 -0.002201151630605258
147 1.7057863401785427e-05 -0.0021755307132801482
149 -5.324957589623493e-07 -0.002163931165278075
151 8.280182951013948e-06 -0.002115143865900084
153 -2.070327574959301e-05 -0.002061244206068751
155 -6.48269639743669e-06 -0.002052104602064796
157 -1.1384719322134634e-05 -0.0020239961610735175
159 -2.4565423187425037e-07 -0.0020140197625149207
161 1.1724227718709486e-05 -0.001976579122525248
163 1.4332720656427753e-05 -0.0019591206649561214
165 -2.900344402099405e-05 -0.0019272626134400922
167 1.466015987413629e-05 -0.001900600996278782
169 2.3613743843906315e-06 -0.001885003404342141
171 1.653546531538188e-05 -0.0018377435117356551
173 5.639684184617405e-06 -0.0018601940116620551
175 1.3061654320365015e-06 -0.0018038188716293074
177 2.6752544383016622e-05 -0.0018327495801372373
179 -1.4941757620902678e-05 -0.0017810693922486788
181 1.469216201647905e-05 -0.001766848244410001
183 -7.437274082516953e-06 -0.001748668410024566
185 3.5350934698086185e-06 -0.0017086491245287224
187 9.737238080036368e-06 -0.00169046880779093
189 2.0878281860540152e-05 -0.0016838382309934232
191 -2.6373995223920395e-05 -0.001655316530956828
193 3.3059812830904773e-06 -0.0016574658174582145
195 5.042551455521499e-06 -0.0016195518124939654
197 3.72740625856375e-06 -0.0015970206434095355
199 -1.2933038155717255e-05 -0.0016084698821742184
201 3.581400246666932e-06 -0.0015636894093718592
203 -1.4572999667243186e-05 -0.0015551405103980127
205 1.9285407875876834e-06 -0.0015438208164084185
207 -1.1251685640047848e-05 -0.0015687813936413504
209 1.178701686920439e-05 -0.0015349572813260206
211 -2.5639437236371803e-05 -0.0015097638407367952
213 2.519447410668859e-05 -0.0014967725528301197
215 -2.6545028830673425e-05 -0.001474695759213405
217 7.09282234899764e-08 -0.0014614789098811776
219 -2.0790320374428994e-05 -0.001478351193567585
221 -4.109337263574212e-06 -0.0014295814480366651
223 -1.4401533630935958e-05 -0.0014197499969814038
225 -2.4136197394908596e-07 -0.0014222191412678646
227 2.6701066059616697e-06 -0.0014096811965784218
229 1.8203779836917964e-05 -0.001387570990096073
231 2.2992648852515973e-05 -0.0013601421651410232
233 2.3363824873877363e-05 -0.00136410194214731
235 1.1115341688303746e-05 -0.0013664994108411681
237 3.6356166489834186e-06 -0.0013250083840081234
239 3.979780965908476e-06 -0.001334937703778691
241 -6.407919089471314e-06 -0.001317847122709664
243 7.176834411817207e-06 -0.001301291667932796
245 1.2480143343032237e-05 -0.0012942606180289828
247 -3.523345633234865e-05 -0.0012883379220530041
249 5.71252323034136e-06 -0.0012582390629775266
251 -1.553571340205444e-05 -0.0012531517721488406
253 2.0509842127983083e-05 -0.0012376434950801215
255 -2.1716634309744175e-05 -0.001258739502274085
257 -3.37800989828791e-05 -0.0012282161706353302
259 -1.4566988253536996e-06 -0.001219378740505274
261 -1.8528805907708777e-06 -0.0012072557732097327
263 -7.987181396148018e-06 -0.0012192601578193748
265 8.651854256847803e-06 -0.0011900532182457678
267 1.0218952848650204e-05 -0.0012090121090557525
269 -5.24910560940016e-06 -0.0011846741608602157
271 1.1751002156665044e-05 -0.0011630196066303798
273 3.200445442063602e-06 -0.0011779504804611768
275 6.954291520432897e-06 -0.0011334867015508293
277 6.824148263025808e-06 -0.001138481059386567
279 1.8632182953710294e-05 -0.0011239098189323048
281 -3.0280957929212944e-05 -0.0011203839645702843
283 1.8938385277207348e-05 -0.0011168618969683063
285 -1.7817145347168968e-05 -0.0010937804819471588
287 4.282761859548082e-06 -0.0010924927670026292
289 2.1828000468279405e-05 -0.0010902168507467018
291 1.2655713949105198e-05 -0.0010817899109578654
293 -1.2536167920688872e-05 -0.00112326778918169
295 -1.3395646873288458e-05 -0.0010823138933207914
297 6.892116782840258e-06 -0.0010652674557069608
299 1.886234307728328e-06 -0.0010936054982025058
301 9.643765127483553e-06 -0.001044647700664522
303 7.134470401719545e-06 -0.0010711497686866985
305 -2.5495979462767076e-05 -0.0010072593873256966
307 1.0135354664465596e-05 -0.0010223124008731175
309 -9.982726845923752e-06 -0.001020805166081497
311 -1.4735171841395736e-05 -0.0010107892888624377
313 -6.076000905772708e-06 -0.001032684271142283
315 -5.336721019919945e-06 -0.0010083737814824314
317 1.1842431001195203e-06 -0.0010200391552093624
319 -8.789419329958543e-07 -0.0010263198742505822
321 2.762958406499566e-05 -0.0010121850680353541
323 1.3629466087593372e-05 -0.0009708313508162027
325 1.6197372425983147e-05 -0.0009879614897979146
327 2.4663853537278586e-05 -0.0009602771367781581
329 1.0720154581623525e-07 -0.0009766752183113985
331 4.7752105655682445e-06 -0.0009514758921054062
333 5.1608271176775135e-06 -0.0009370868370824696
335 4.751423667461399e-06 -0.0009498231100204332
337 -1.4493584989862471e-05 -0.0009300080618700211
339 -1.5096466354417781e-05 -0.0009357728595237305
341 1.8701531470333366e-06 -0.0009383994023134133
343 2.593938632318509e-05 -0.0009104341786988058
345 -1.1636565223263859e-05 -0.000904934024193551
347 -2.469059256466114e-05 -0.0009068637375185436
349 -5.286120528650484e-06 -0.0009321988569055575
351 1.2902711744973566e-05 -0.0009288571982793433
353 3.3043561454408507e-06 -0.0009000599742913568
355 -4.773935759780529e-06 -0.0008888434726139878
357 -1.032598722619355e-06 -0.0008954551989544517
359 1.6261573117861368e-05 -0.0008965130402963425
361 -1.2702868143793833e-05 -0.0008945617132552685
363 2.1330482153614085e-06 -0.000881528345626084
365 2.752796253812258e-05 -0.0008628032203454107
367 -8.587656150800173e-06 -0.0008359550591217418
369 -2.090728289468245e-05 -0.0008375108074643793
371 -1.5847983603350196e-05 -0.0008673459248440002
373 8.19177293439632e-06 -0.000834446884041363
375 2.6317731642374807e-05 -0.0008777769553569618
377 9.499718047439814e-07 -0.0008190658186923365
379 1.5242014755910582e-05 -0.0008360671845526197
381 1.112720996640012e-06 -0.0008118465553440637
383 6.424829527703284e-08 -0.0008304428363642808
385 2.312067204371723e-05 -0.0008231293926727054
387 2.688176397603151e-05 -0.0008313404297770335
389 1.5666586545190224e-05 -0.0008076650729349666
391 -1.8601642565758913e-07 -0.0008092217420529212
393 2.7773477765515816e-05 -0.0008220139284370417
395 5.969591102439417e-06 -0.0008153786484636968
397 -4.3219735092069986e-06 -0.0008071060635040465
399 -5.951760450172872e-06 -0.0008029888360990845
401 -1.3412780665709153e-05 -0.0007823999120122311
403 -2.321801774014594e-06 -0.0008131232403147995
405 1.956319051000175e-05 -0.0007824845871571413
407 1.6992991904949516e-06 -0.0007968810534971881
409 2.1061259724984663e-05 -0.0007783250117629945
411 8.206230001819713e-07 -0.0007781044226541434
413 1.915439385948667e-05 -0.0007897253420899103
415 2.9822556637842793e-05 -0.0007918891047037439
417 1.2784333063323715e-05 -0.0007616078994000605
419 -2.1644808309796295e-05 -0.0007642421692490622
421 1.4266733595181189e-05 -0.0007481844280187133
423 -8.139190019808615e-06 -0.0007497991532018295
425 -9.359285267074058e-06 -0.0007663374550948243
427 -7.609648858655339e-06 -0.0007340524296404731
429 1.4884574769476981e-05 -0.0007522986280653138
431 3.8909442634703985e-06 -0.0007201939810279865
433 6.778358504181711e-06 -0.0007751500164210933
435 3.27123589856618e-05 -0.000767842678838714
437 -1.0711379536787176e-05 -0.0007379125574141028
439 1.6349954432481916e-05 -0.0007238074937217784
441 8.860626674706853e-06 -0.0007121451797047299
443 4.479269247242538e-05 -0.0007469624324061712
445 -1.9166850271182712e-05 -0.000709773713046692
447 3.247793020932359e-06 -0.0007359150334072726
449 6.497085875725884e-06 -0.0007110583862435133
451 1.98995813412915e-05 -0.000711864293855548
453 -1.6201252819680328e-05 -0.0006698786318210611
455 -2.3916363460328006e-05 -0.0007156697601592244
457 1.732855154868456e-05 -0.0007255474660343775
459 -1.1448573526349648e-05 -0.000703132195458344
461 1.1272397018690049e-07 -0.0006792133995586326
463 7.958108397442434e-06 -0.0006772552893416656
465 -6.560182158753918e-06 -0.0006667953911372117
467 -1.1608509513657481e-05 -0.0006869637003599976
469 -6.140453603942288e-06 -0.0006657120652643293
471 -3.3467411766658314e-07 -0.0006666968995316875
473 1.2234310180426493e-05 -0.0006815450861818139
475 -2.3561882465459114e-06 -0.0006706501414736525
477 2.5138343366154244e-05 -0.0006749384733102885
479 -6.29736138640587e-07 -0.0006584764332749585
481 -1.3343064012185629e-05 -0.0006568484257675768
483 1.4304856199218426e-05 -0.0006674132756531682
485 -9.96159021980447e-06 -0.0006701024987200196
487 -4.729472942627928e-06 -0.0006696421973177372
489 5.953421371870835e-06 -0.0006595530138092297
491 2.581217200670375e-05 -0.0006383251545248605
493 2.8594187749994633e-05 -0.0006484972368188686
495 -1.5254571217186836e-06 -0.0006617076328384608
497 6.099218966289184e-06 -0.0006436522363092816
499 -1.9515151671994312e-05 -0.0006203247470861563
501 4.6770959372087196e-06 -0.0006552933932078262
503 1.2027512357957659e-05 -0.0006388408274484597
505 -6.575248184411939e-06 -0.0006124997202856974
507 1.120256029084492e-05 -0.0006198098724864965
509 4.940363486301411e-06 -0.0006085369437568303
511 1.9327586232978116e-06 -0.0006072811425527289
513 5.810039146982207e-06 -0.000631416004011371
515 1.809496133565412e-05 -0.0006243038600246833
517 -8.289592669424105e-06 -0.0006187458601982136
519 -1.6045517963966544e-06 -0.0006036714866248989
521 2.1263129145888292e-05 -0.0006118693109316411
523 1.0634752825468787e-05 -0.0006088068404886049
525 -2.5606818459604413e-06 -0.0005916120957278318
527 -2.90308167596051e-06 -0.000600143321467325
529 -8.771833822752009e-06 -0.0006197039963898431
531 -3.3490809785134596e-06 -0.0006211020784464702
533 9.085720140760314e-07 -0.000591761098978497
535 1.5792136155269023e-05 -0.0006009237884403282
537 -2.4972645602992186e-06 -0.0005883971727718768
539 1.3321981301854972e-05 -0.0006143291538685976
541 1.4788660845891701e-05 -0.0005911445557707663
543 -1.1669569522315507e-05 -0.000556901799675412
545 -1.7824132662730977e-05 -0.0005870101345709062
547 2.662590267997134e-06 -0.0005832648306830068
549 1.8606223149818198e-05 -0.0005832730669970585
551 -3.5850359279442744e-06 -0.0005637314478424098
553 4.582631097088341e-06 -0.000578131081481303
555 -7.29461823817401e-06 -0.0006057616887998515
557 3.0371829429135543e-05 -0.0006044100673208189
559 5.33768994760643e-06 -0.0005408353018059304
561 9.515852611656273e-06 -0.0005783814712762432
563 -3.841203743175889e-06 -0.0005756956132149428
565 2.1058498456255662e-05 -0.0005388524383105194
567 -5.5085972645131735e-06 -0.0005548228253154726
569 3.362279441878243e-06 -0.0005690107680858248
571 -2.071953510743005e-05 -0.0005631067897222883
573 4.921101821283781e-06 -0.0005461022715970776
575 1.3211345623388829e-05 -0.0005614807662982503
577 1.6347615308232603e-05 -0.0005379712978183307
579 1.0621647359742208e-05 -0.000516806489516002
581 -1.9261725451266568e-05 -0.0005196803927323295
583 -8.101922091546208e-06 -0.000521954116629714
585 -8.828622773985831e-06 -0.000518896614178689
587 8.109803178175742e-06 -0.0005467737449730335
589 2.684174260200368e-06 -0.0005492783737763627
591 -1.3085728054522642e-05 -0.0005381597976784397
593 5.247035050569561e-06 -0.0005431124967983623
595 -8.849603081478316e-06 -0.0005452277019909035
597 1.1345397254070245e-05 -0.0005415628151032837
599 9.28723882543691e-06 -0.0005248366073804389
601 -2.0348970937676365e-05 -0.0005199799660942058
603 4.524142165660523e-06 -0.0005471895335098417
605 -1.5087102009173833e-05 -0.0005084050395758527
607 1.0694463587421756e-05 -0.0005343141122047888
609 -1.309889798030967e-05 -0.0005482769987703922
611 -1.448233355939216e-06 -0.0005315869732599881
613 -2.6727600630313594e-06 -0.0005194643386601385
615 8.489597110158267e-08 -0.0005327450585391132
617 -2.4375567986372802e-05 -0.0005100598609292996
619 4.885659799958833e-07 -0.0004848618576906045
621 -1.3605926610080314e-05 -0.0005228545920197919
623 -5.634880948630901e-07 -0.0005010254083193678
625 1.409149707358816e-05 -0.0005144714455134311
627 1.9366126553118222e-05 -0.0004941411492806744
629 -9.115016519522648e-06 -0.0004857613912036334
631 2.1413128030506552e-05 -0.0005080868597763644
633 -3.6137548438504175e-05 -0.0005071873455028676
635 3.0237644135978926e-05 -0.0004817602746924476
637 1.1340838472066402e-05 -0.0004942141502308697
639 -1.878678303369307e-05 -0.0004903522716203747
641 -1.165545172351195e-05 -0.0004971497570807716
643 -1.1525663116771145e-05 -0.0004932961759884905
645 -3.196852914170119e-05 -0.00048355110159849484
647 2.5066022316812606e-05 -0.0005090384458405723
649 -4.778033695285565e-06 -0.0005161817826556814
651 7.109230518144323e-06 -0.00048545416717384456
653 -1.1758514745402581e-05 -0.00048399614546788036
655 1.1344549232003371e-05 -0.0004673438963365599
657 -1.1496882561427313e-06 -0.0004878919992739795
659 5.484573071420611e-06 -0.0004895859351320265
661 -3.0794482793074408e-06 -0.00050485329744928
663 1.562863801585217e-05 -0.00047242094804870294
665 -2.291891888220968e-05 -0.0004879151857337635
667 1.0857327927575522e-05 -0.00045847249668330616
669 -1.0367348468282315e-05 -0.00047385108081029586
671 -1.836006733935734e-05 -0.00046498107584222134
673 -2.2786449722216005e-06 -0.0004762486204200941
675 -9.140048375905502e-06 -0.0004890469972687549
677 -2.429796752804767e-05 -0.00046399079992089846
679 -1.0374507967070793e-05 -0.00046795360072936405
681 1.153066755135467e-05 -0.00046917533947258785
683 -1.1674441273973725e-06 -0.00046389166585561085
685 3.8172506089646505e-06 -0.0004599423221677681
687 -3.3004525928617325e-05 -0.00047847891415464305
689 6.058879280653998e-06 -0.0004441631573942904
691 -2.628524414595442e-05 -0.00047259540602259534
693 2.9373034485613904e-05 -0.0004575636827869055
695 -4.792180213779827e-05 -0.00046449141067238676
697 3.6620766493223947e-06 -0.00044589515480096136
699 9.073749756888479e-06 -0.0004598436500247784
701 1.5121476186316967e-05 -0.0004561770507399621
703 1.3997322288179785e-05 -0.0004545081213212168
705 3.546076325444191e-08 -0.00045259991794048115
707 1.6505660270838237e-06 -0.0004625657305683706
709 -7.69199847531086e-06 -0.00044094701646893577
711 1.944992656774979e-06 -0.0004294228733132819
713 -1.0406409896322254e-05 -0.0004454114773086096
715 -7.2917265949480955e-06 -0.0004561870549564415
717 -5.16566677649302e-06 -0.000431077380563783
719 -8.505233377146224e-06 -0.00042875421395477555
721 3.0515711764744462e-05 -0.0004522838663301287
723 1.0748035123180229e-05 -0.00043453024833433197
725 1.9290885736721218e-05 -0.000440232400140382
727 1.2119553068273878e-06 -0.00045102544107447563
729 -8.73616136894824e-06 -0.0004262104208029766
731 -1.1069639113472403e-05 -0.0004418498695764226
733 -1.5922940155118715e-05 -0.00044046843979144335
735 -8.658870967365925e-06 -0.00043956948197281003
737 8.027959234148751e-06 -0.00042229153840375483
739 -2.040887499562318e-06 -0.000450849591834989
741 1.1122314050398725e-05 -0.00040924615434638603
743 -5.215884312528913e-06 -0.00045248872795106436
745 6.297501124206614e-06 -0.0004592986491173025
747 5.380279371667774e-06 -0.0004403706700652366
749 9.327093221943164e-06 -0.00044104045566325205
751 7.073184351341777e-07 -0.00044832909677125515
753 2.1804742334046837e-06 -0.0004151856639894494
755 2.6272613835247953e-05 -0.0003998275125505233
757 -2.4523503818168787e-05 -0.0004327483978556214
759 -1.16384873246801e-05 -0.0004400321609458046
761 -3.476480413807459e-05 -0.0004229777370810513
763 1.2666352413411716e-05 -0.00042351627475780264
765 -1.3900550470116429e-05 -0.00042347162275134975
767 7.4705791323530605e-06 -0.0004320403485488899
769 -9.82736507323308e-06 -0.0004087944168722073
771 -4.66375122611704e-06 -0.0004105900026408191
773 2.071420456918658e-05 -0.0004172923542696063
775 -5.883418963013616e-06 -0.0004221466342427851
777 2.4397553765962956e-05 -0.0004238229149117031
779 3.04430016218301e-06 -0.0004038864115420685
781 2.7230754935660096e-05 -0.0003966692288130987
783 5.782178500140348e-06 -0.00040814850857936433
785 2.360493586272391e-05 -0.0004115888619423058
787 -1.0009829860791811e-05 -0.00038718033858899494
789 -1.2413380392149184e-05 -0.000403992929410409
791 1.137022008644634e-05 -0.0003920702061560305
793 -7.504143764698374e-07 -0.00038793153919546947
795 2.47518898635892e-06 -0.00040545706872060746
797 1.8853427284525368e-06 -0.000415662126155255
799 1.8147344180076642e-05 -0.00039724209726202083
801 1.6244318889821124e-06 -0.00039998788404139795
803 3.0396110830386486e-06 -0.00041610603604911765
805 -6.257977001000295e-06 -0.00039714655640493994
807 -1.6626215586389303e-05 -0.0003854212822148761
809 -4.975239455910541e-06 -0.0003844636694158346
811 5.537825605898229e-06 -0.0004132227342141834
813 -1.615226247609354e-05 -0.00038904602944573983
815 5.516844196701071e-06 -0.00038205962474427283
817 1.2455875557016796e-05 -0.0003781452574139477
819 -1.3813996914954845e-06 -0.00037844277448806
821 1.300623688904881e-05 -0.00036897815438625514
823 -2.5793754689244632e-05 -0.00041117654440852805
825 -4.935671834378222e-06 -0.0003899841781216947
827 6.446304266241556e-06 -0.000375420595065681
829 -1.5539783457875098e-05 -0.00040097534605789564
831 9.226329355949998e-06 -0.00039698918597847285
833 1.488148527220128e-05 -0.0003962120164615112
835 -1.20683822997652e-05 -0.00037931494853113065
837 8.17553155860529e-06 -0.0003627865386013753
839 -2.4119166371408055e-05 -0.00037645150210667506
841 -1.5620126461302797e-05 -0.00039522766754276374
843 8.014859528930938e-06 -0.0003855057322281633
845 9.04585653971696e-07 -0.0003738216607364574
847 4.754154059388201e-06 -0.0003528945791036528
849 -3.9161449703787284e-05 -0.00037770375682924236
851 -2.9438717881700474e-05 -0.0003684905768448868
853 1.544457604711822e-05 -0.00037963544992147396
855 -4.7174583897904536e-06 -0.00037938172893025
857 2.7010768554866135e-05 -0.00038315707114851055
859 1.8853100997069768e-05 -0.0003825086391452266
861 3.2516291238306155e-05 -0.0003886680145643988
863 -1.8495074811553557e-05 -0.0003705040006792829
865 -6.578140556591608e-07 -0.00037548027216020586
867 2.2373517523360098e-06 -0.00035348256286575044
869 2.5054934045172636e-05 -0.00036723124730237783
871 -3.0472834535005315e-05 -0.0003679562682164837
873 -4.66241333661458e-06 -0.0003739621014107098
875 -1.4748630633812076e-05 -0.0003924002898474416
877 -2.575044959066187e-06 -0.00037884484804754206
879 -3.3247011785124307e-06 -0.00034246360682941884
881 2.1397275826743724e-06 -0.0003546915596863985
883 2.0434703013273576e-05 -0.00035477742908510146
885 -4.230111820942224e-06 -0.00032426517627506135
887 -1.817666641907828e-05 -0.00037014751074380535
889 9.024689184528918e-06 -0.00037513496494043
891 -2.315482922851681e-05 -0.0003656708617278376
893 -1.798297458005534e-05 -0.0003393110413984687
895 -1.4204384997288513e-05 -0.00035506074025016757
897 -2.961051136879698e-06 -0.00037884824565718404
899 2.0580982418601286e-05 -0.000364896958706687
901 1.0876922164324884e-05 -0.0003729405975732202
903 -1.856395407829951e-05 -0.00033997076475847463
905 1.1475235029678466e-05 -0.00033934405517944196
907 -5.510641300405735e-06 -0.0003615005233070222
909 -1.6854876451629668e-05 -0.00035693740811768536
911 2.281293441503062e-05 -0.00037202972794005525
913 9.893327133771527e-06 -0.00033541321714987003
915 6.276184762875476e-06 -0.0003709692810296743
917 1.2671325746664772e-06 -0.00035022345125622036
919 1.5916996134276656e-05 -0.0003546272497947277
921 -9.242307598264612e-06 -0.0003395567293358073
923 -2.0110845970865126e-05 -0.0003219112782547168
925 2.8927406507593404e-05 -0.00034481163088036936
927 3.0609827448259135e-06 -0.0003621188079509974
929 2.0581966130916519e-07 -0.0003497844629192247
931 8.540757950708157e-06 -0.0003489542436352369
933 4.2444797600899575e-06 -0.00033228695222319905
935 3.218688020448118e-06 -0.0003328444033370295
937 -1.9905965938217302e-06 -0.00033669005989609384
939 -1.7159952832398285e-05 -0.0003763994718009761
941 -1.926070560538272e-05 -0.0003582509406738243
943 2.0516448601342076e-05 -0.00035037141377175876
945 4.907195311624977e-06 -0.00033722768234540956
947 1.862881950573495e-06 -0.0003386942234241612
949 -2.353995967366215e-05 -0.000306182630845194
951 -1.2640509041579333e-05 -0.0003256621900367354
953 -1.7344875709759168e-05 -0.00032182791836564715
955 3.411717731233223e-07 -0.0003119347179442044
957 -1.798670691542778e-05 -0.00033625369731923876
959 -1.2884309968426693e-05 -0.000318630742213949
961 2.5768109316696088e-06 -0.00033309930437391556
963 2.325616060408063e-06 -0.0003365369250345393
965 1.8744144122943725e-05 -0.00034432877457295447
967 -6.073323161321888e-08 -0.00034508544430441956
969 -7.554876923696695e-06 -0.0003038749500544345
971 1.5275227530441669e-06 -0.00031885465818347737
973 2.141510914137217e-06 -0.00031243839251063126
975 -1.4155656646508834e-06 -0.00032776775066710256
977 -2.5041532937640944e-05 -0.0003608216713773567
979 -4.557348806643127e-06 -0.00032608034151461956
981 2.097042366434062e-06 -0.0003272298311138401
983 -7.168261840450345e-06 -0.0003286521357811118
985 -4.442561388609417e-06 -0.000330048282179922
987 2.3759591934941695e-06 -0.0003257091356333433
989 -1.1706052527609169e-05 -0.0003349812441459099
991 1.2597618362281889e-05 -0.0003366182059059891
993 -9.461050964353427e-06 -0.0003520726128572518
995 2.6159255532686717e-05 -0.0003141806227097807
997 -1.4687093301406186e-05 -0.000326405623067668
999 -2.9696262483417785e-06 -0.00030737121972659117
1001 6.854686670356913e-06 -0.00029499736866181865
1003 -2.4654082235187154e-06 -0.0003472393067755102
1005 5.152406644970693e-06 -0.0003067329628191471
1007 9.002918745376097e-06 -0.00034033512720784266
1009 4.80366874294293e-06 -0.0003169211121574747
1011 3.2331825879432646e-06 -0.0002939227918262721
1013 2.841732796051923e-05 -0.0003132813403944515
1015 1.2262412348372573e-05 -0.00028519235933187136
1017 2.031140748225998e-05 -0.00031641845125506983
1019 -1.4556331285797583e-05 -0.0003014207249496238
1021 4.550012041344061e-06 -0.0003030359291578994
1023 7.421645240537956e-06 -0.000343964283772575
1025 5.7958106271444794e-06 -0.0003058342680119436
1027 1.7371578200986666e-06 -0.00030520614690173457
1029 -1.6323956790917693e-05 -0.00032707518456929666
1031 1.5670776255383446e-05 -0.0003253282576988446
1033 -8.077282750243599e-06 -0.00033071107273184065
1035 -1.0557672735324791e-05 -0.00028821560991434123
1037 -1.1513562175170824e-05 -0.0002902545381363592
1039 -3.456405614292238e-06 -0.00030799769153449336
1041 -9.339689975960238e-06 -0.0003008687483123111
1043 4.860399338190422e-06 -0.0002937267190269602
1045 -1.6036790645378298e-06 -0.0002897929900494198
1047 1.1830114853087338e-07 -0.00030241121477153816
1049 2.9179132364340296e-05 -0.00030774050315132164
1051 7.980820253056566e-06 -0.00030633189138226115
1053 1.3656128114028239e-05 -0.00032337520495542686
1055 2.715611722079306e-06 -0.00028487865685020196
1057 -2.3904745363914344e-06 -0.0002939669338642065
1059 3.09354776185431e-05 -0.00029611191004324454
1061 -4.120511678867505e-06 -0.0003110656778936115
1063 -1.2445269773200595e-07 -0.00031859558550684393
1065 -1.2641646208981512e-05 -0.0003105333373504306
1067 1.2573008902063028e-05 -0.00031737791218528416
1069 -7.63536636999841e-06 -0.00030069744943151647
1071 1.1393757400282975e-05 -0.000278990845033143
1073 2.1465791107616094e-06 -0.000284041736629826
1075 -1.7810649863489327e-06 -0.0002843067675782006
1077 6.588828342436235e-06 -0.00030346839603488494
1079 1.4452124856330737e-05 -0.0002736113740537077
1081 2.2427567307333726e-05 -0.0003004705851966448
1083 1.7021583530105087e-05 -0.0002936339205670481
1085 -4.532208735217308e-06 -0.0003026145901181759
1087 -9.097196878004367e-06 -0.0002720244134080966
1089 1.9647756304476908e-05 -0.0002536529838655298
1091 2.9865094992038164e-05 -0.0002958851624956403
1093 -3.9111500913637425e-06 -0.00028110055217419607
1095 -9.777887402384097e-06 -0.00030050606885996816
1097 1.4207017569747565e-05 -0.0002519375576189511
1099 1.941986065221263e-05 -0.00028831724561608857
1101 2.2310317220997183e-05 -0.00029446653889495195
1103 -9.421423125232018e-06 -0.0003139562323074383
1105 -1.123302326421565e-05 -0.0002965947422568614
1107 -5.792015392072228e-06 -0.00028324467404385577
1109 2.2511001582426808e-05 -0.00029424852237555887
1111 -4.683929211137586e-06 -0.00025418406747819113
1113 -8.004224245520598e-06 -0.0002867212133041337
1115 -9.334778020241906e-06 -0.00030156247243686644
1117 1.1132235134489163e-05 -0.0002684884111973694
1119 1.2484279179719774e-05 -0.00028089676996557815
1121 -1.0696025308008673e-05 -0.0003305791176265604
1123 -1.2445431932938879e-05 -0.00028126386629719876
1125 8.209278740329848e-06 -0.0002798921950494758
1127 7.333311469845256e-06 -0.00029936499571441347
1129 -5.600389834468433e-06 -0.0002943338952394956
1131 -4.151730711115045e-06 -0.00028830246257804937
1133 -4.988263845514614e-06 -0.0002734896134289047
1135 2.1873152209556484e-05 -0.0002644814964587063
1137 -3.513163821348585e-07 -0.0002967295525502894
1139 1.7164242014816262e-05 -0.00024732382034155524
1141 1.323577363520795e-05 -0.0002957248301905813
1143 -1.2051982654247757e-05 -0.0002542471371375616
1145 -2.7930569980386015e-06 -0.0002678923496777363
1147 -5.418190876357876e-06 -0.0002823331175897079
1149 -1.0898326954024443e-05 -0.0002798131414973866
1151 8.757691014585063e-06 -0.0002755229133305561
1153 1.3035162420285075e-05 -0.00027779856395334875
1155 -2.7670174721511264e-05 -0.00028225047514129475
1157 -4.920223193170231e-07 -0.0002531272862361548
1159 -1.0733371309859448e-05 -0.0002668640419730512
1161 1.0257476628799603e-05 -0.00026496377214238866
1163 -1.1222266049766143e-05 -0.00025342819912985094
1165 4.8766300898522645e-06 -0.00027696157829683885
1167 1.2712362298627262e-06 -0.00026194100251152735
1169 1.6847543598203091e-06 -0.0002948443848885744
1171 2.9224289698604905e-05 -0.0002809806761807822
1173 1.031164180047555e-06 -0.0002749466564091197
1175 -2.200443951258611e-06 -0.00025695177963548936
1177 1.3108687543666987e-06 -0.0002870262113608688
1179 3.111563936786003e-05 -0.00026116255170011523
1181 -8.670404112977763e-06 -0.0002644445267561813
1183 -1.3708430138804869e-05 -0.000271537831605422
1185 8.137908127396424e-06 -0.0002736166341895707
1187 -9.888427707043052e-06 -0.00028677462380974225
1189 -8.966609308465971e-07 -0.00026277695734004176
1191 5.578794508736206e-06 -0.00028566009054425436
1193 3.796442180356443e-06 -0.00022729088333446466
1195 1.40431057845217e-05 -0.00025447963748503075
1197 -3.8628726282333365e-06 -0.0002640073811505256
1199 1.4567436191384752e-05 -0.00025394847764100264
1201 -1.3652649510259301e-05 -0.0002639782592125223
1203 -1.9607269290317737e-05 -0.00029310582211941247
1205 1.0032162671186263e-05 -0.00026421564005582403
1207 -1.2941630596594365e-05 -0.0002627049076361146
1209 -6.670227153333803e-06 -0.00026469468571519887
1211 -2.112365740663993e-05 -0.0002852342820164612
1213 1.3387334815844367e-05 -0.0002727640903313221
1215 -2.0403265185463016e-05 -0.00028839449152151764
1217 -3.4570441726185643e-06 -0.0002641487298120822
1219 1.6939043576391766e-06 -0.0002377739806752124
1221 -1.009505965382838e-05 -0.00028166416566468216
1223 -1.058931975678696e-05 -0.0002829815951092146
1225 8.291417381410979e-06 -0.00024707347237608486
1227 4.494657471378743e-06 -0.0002605600567217777
1229 7.531995915363967e-06 -0.00024283655444334892
1231 -1.3371713944358832e-05 -0.0002550536183335551
1233 -1.1480848202802258e-05 -0.00025781194131153294
1235 -2.2650409713303962e-05 -0.00024312593253462725
1237 1.147874761229776e-05 -0.0002251619409719744
1239 -1.649890769830225e-05 -0.0002350381601042792
1241 9.749054399786624e-06 -0.0002485438810728721
1243 1.2151966844110164e-05 -0.0002791080702319363
1245 -2.345036757772549e-05 -0.00023728709037289431
1247 -1.8729066243885296e-05 -0.00024358162755105006
1249 -2.3755890520339028e-05 -0.0002593467953172947
1251 2.991406747284525e-06 -0.0002506494855993193
1253 6.11126335886402e-06 -0.0002577488922112969
1255 -1.5745566416017556e-05 -0.00022793182776767264
1257 -2.3136803816350927e-05 -0.0002555660524885591
1259 8.846963242176498e-06 -0.00027338908385677685
1261 1.2652499406386225e-05 -0.00021887547934556855
1263 -2.5844516844237876e-06 -0.00025619043159785636
1265 -1.78979152283312e-05 -0.0002650405511517106
1267 -1.831741630547757e-06 -0.0002626320723909248
1269 2.3522970809184957e-05 -0.00026822812334715467
1271 1.4854940199438192e-05 -0.0002572605083916508
1273 -1.4423624046511705e-05 -0.00025039124008254123
1275 3.0207112941781826e-05 -0.00023372302422988792
1277 -3.5500434796332966e-06 -0.0002483199203377869
1279 2.850272310875449e-05 -0.00023687241709379362
1281 -1.181477114255689e-05 -0.00024845908023789215
1283 1.2490102944666982e-05 -0.0002383633373723656
1285 1.4296380989127485e-06 -0.0002597841473137832
1287 5.015608114955662e-07 -0.00024454070631144104
1289 -7.532364940551992e-06 -0.00023920103385176024
1291 7.993533115904784e-06 -0.00024904821508855393
1293 1.2220940548086077e-06 -0.0002651932652511291
1295 1.2571927591909093e-05 -0.00025685092156144145
1297 1.696243983410223e-06 -0.0002532190487318221
1299 3.689412056474875e-07 -0.00025331033891750417
1301 7.791953616900964e-06 -0.00023804727981540714
1303 -2.4249934696534653e-05 -0.0002498349792145011
1305 9.218598747169933e-06 -0.0002625821433322006
1307 1.7334701445209267e-06 -0.00024715229933046395
1309 2.5665978512820586e-06 -0.0002305254573062184
1311 1.846836796745166e-05 -0.00023915801836883928
1313 -1.6511662571763803e-05 -0.00022307702490347494
1315 -1.9290745499223287e-05 -0.00025390919337237765
1317 -5.781278358354857e-06 -0.00025930742392865793
1319 -1.4919168652250149e-06 -0.0002781879530434684
1321 -1.7093686975211913e-05 -0.00023310519978625189
1323 1.3531861083627405e-05 -0.00022825512172167442
1325 -3.831766201894765e-05 -0.0002365105026399147
1327 -6.344385500703927e-06 -0.000255334201079317
1329 1.149969837317067e-05 -0.00025733986511992506
1331 -7.719664441097193e-06 -0.00022788500590259828
1333 8.651704058424236e-06 -0.00022548017730416515
1335 3.5746543517854278e-06 -0.00023585042236986737
1337 -4.92748542598504e-06 -0.00023142262203932002
1339 -1.2050960264727604e-05 -0.00024806722599267556
1341 -5.663199940026913e-06 -0.00019644562832168825
1343 -4.7886219608864854e-06 -0.00024015635078077871
1345 -4.0424266487116497e-07 -0.00024093283545931018
1347 1.6645286665130453e-05 -0.0002228953878408044
1349 1.3125326095859177e-05 -0.00022728034134414507
1351 -3.4066532437224673e-06 -0.0002442369140155601
1353 -1.0380688598306738e-05 -0.000214198584440994
1355 -7.034872149658714e-06 -0.00025472402355763106
1357 -1.6198454500671087e-05 -0.00024382499179564357
1359 -1.2736642679460858e-05 -0.00021341997464268168
1361 7.057483944946104e-06 -0.00023177322189008403
1363 1.4695736568334775e-05 -0.00023894588631944642
1365 -3.6915003751341513e-06 -0.000235245054007745
1367 2.563060765090764e-05 -0.00025897547994077895
1369 4.2026107611565475e-06 -0.00023273983094666365
1371 -2.2239131232456598e-05 -0.00023656833884792256
1373 -4.380129144800765e-06 -0.00022021819421714603
1375 -3.618863288738854e-07 -0.00022556909838348502
1377 -6.347843886081937e-06 -0.00023551598075189747
1379 -4.763030472255832e-06 -0.00022232989955062697
1381 -2.1368912756881975e-05 -0.00022329287252700818
1383 2.828014767108856e-06 -0.00023533778628545963
1385 -2.2251053450453588e-05 -0.00024136963362986078
1387 -6.680754386658993e-06 -0.00022226550566045004
1389 -3.952955581561103e-07 -0.00020326079196880117
1391 -2.078290359670817e-05 -0.00021938922020488718
1393 1.8071647935226404e-07 -0.000226523281305259
1395 -1.1713910912481293e-06 -0.0002060118040433936
1397 -1.0773716582238046e-05 -0.00022230379879894062
1399 2.35362505850915e-05 -0.0002726698230279396
1401 -1.592618718794261e-05 -0.00022672511072059157
1403 -1.1063936181604114e-05 -0.00021303276654483126
1405 8.097117138681434e-06 -0.00024832694497776574
1407 -2.799510055109557e-05 -0.00020985431609203215
1409 3.290256357611809e-06 -0.00023075486975137485
1411 3.2568029990595765e-05 -0.0002245428408510854
1413 -2.2598164109586464e-05 -0.0002181246400853641
1415 1.2441857688549728e-05 -0.0002267715370710695
1417 1.9992997242814927e-06 -0.00021176126916764817
1419 -1.4325189079902166e-06 -0.0002273421057108825
1421 2.271777098068901e-05 -0.0002154015570860221
1423 -1.3876350859600468e-06 -0.00024603239169288747
1425 -2.551922478284309e-07 -0.00022294246355268743
1427 1.7643698271792754e-05 -0.00021265124263875756
1429 -7.028799430581189e-06 -0.00025042505749466384
1431 8.354372362513397e-06 -0.0002342325850536045
1433 2.5836558974689097e-06 -0.00024023727630505847
1435 -8.73868179399065e-06 -0.00023265459855207032
1437 5.064523036149628e-06 -0.0002580615395565626
1439 2.4382146865578267e-05 -0.00018359091190371944
1441 -1.799695477280511e-05 -0.00023304439918224858
1443 -6.718247758550937e-06 -0.0002184933720784558
1445 -5.5688493024816435e-06 -0.00022916955005727858
1447 1.853355956776614e-05 -0.0002204967937255327
1449 1.1794556002217178e-06 -0.0001913246465494723
1451 -8.431819541699452e-06 -0.0002222704957678735
1453 4.896332410669795e-06 -0.00023879404185651342
1455 -1.6543686837391766e-06 -0.0002161641422356971
1457 2.227876261971736e-05 -0.00020895009967246094
1459 -5.805438947145923e-06 -0.00022791613257690363
1461 -9.440392218067667e-06 -0.0002303904930158987
1463 -1.8355326483958937e-05 -0.00022127846473349766
1465 -2.3552785185125913e-05 -0.00022989648616066275
1467 -3.2462359706800973e-06 -0.00020597785272891237
1469 -6.009353973863109e-06 -0.00021182122434498958
1471 -1.690510517217353e-06 -0.00022365564485810408
1473 1.8884795107798646e-05 -0.0002113700242841687
1475 1.0891633227509597e-05 -0.00020033944188988396
1477 -3.5728602827247e-06 -0.0002259447194313846
1479 -2.245782437532805e-05 -0.00022738818806512204
1481 -2.6236197459148934e-05 -0.0002256275556409078
1483 -8.850596432924965e-06 -0.00024296798685122202
1485 -1.1685203811957571e-05 -0.0001955178905448404
1487 3.091464101255187e-05 -0.00022703997151839075
1489 2.5148104430041912e-05 -0.00019994805662223222
1491 -1.062840307217943e-05 -0.00020429403374243072
1493 -2.7732544924998176e-05 -0.00020655206807866023
1495 1.5654992676839949e-06 -0.0002273938991248992
1497 4.3310382843777505e-06 -0.00021217660288920406
1499 2.2321263370641195e-06 -0.00021390261146506033
1501 1.635154258326509e-05 -0.00020662562799545094
1503 -5.219480774674819e-06 -0.00020760873997323297
1505 5.806337851441415e-06 -0.00021203418248433124
1507 -1.156004401159346e-05 -0.00020865697085464133
1509 2.4705589790820954e-06 -0.0002104534635841733
1511 -1.548762107070514e-05 -0.00020834957327644737
1513 -3.514423445931925e-06 -0.000159288502526529
1515 -1.3590224279360668e-05 -0.00021514098256154155
1517 -1.5275630446140387e-05 -0.00021605606475780736
1519 -4.296446969910429e-06 -0.00023148104395410328
1521 -3.685638737891463e-05 -0.00018834282178327585
1523 -1.6624703692007803e-05 -0.00021203743498755803
1525 1.04154920390193e-05 -0.00023713993257762673
1527 8.425344133862303e-06 -0.00019709986563506556
1529 1.2400691221190782e-05 -0.00020381928693815574
1531 -7.87291676455194e-06 -0.00020435445790533059
1533 -1.2314483408473974e-05 -0.000212571063562942
1535 -5.799157399520608e-06 -0.00019035967841839318
1537 -1.0157292391396742e-06 -0.0002152995689897996
1539 -2.948321439498188e-05 -0.00021058017288445586
1541 1.8089325465263004e-06 -0.00020091490024610974
1543 2.1290888992316006e-06 -0.00020875043923956546
1545 -6.343903235439874e-07 -0.00020856356095066896
1547 1.6803790702200887e-06 -0.00022108816591997062
1549 7.329271717398284e-07 -0.00020579454848324488
1551 1.3737174564394917e-05 -0.00022514699893537595
1553 2.076883961659748e-06 -0.0002068689861774191
1555 1.1485588779582485e-07 -0.00022265491350053008
1557 8.643311339247008e-06 -0.00018246481161859226
1559 -1.6118639003458515e-05 -0.00020567455277442311
1561 -4.8862024651486965e-06 -0.00019295124569187593
1563 -3.928129619278248e-06 -0.00020450016020703276
1565 5.3511465883999625e-06 -0.0001871702771436929
1567 -1.5951119593588447e-05 -0.00021643865520758166
1569 4.30368450703395e-06 -0.00020194968258709848
1571 1.2150306277131953e-05 -0.00019148577384816624
1573 4.449030880596621e-06 -0.00021019898546249344
1575 -2.4339897445033766e-05 -0.00022777873984724384
1577 -4.922340902745669e-06 -0.00020105237087994772
1579 -2.1524959851283365e-05 -0.00019845998916406457
1581 1.7201792860279414e-05 -0.0002040153685965314
1583 2.1553507637204982e-05 -0.0001978296782805212
1585 1.4120263940416652e-05 -0.00019247706324585073
1587 1.2157235183182835e-05 -0.00021206815490997153
1589 -2.377616881050979e-05 -0.00019980572974398657
1591 8.91629108325309e-06 -0.0002133406183069198
1593 -8.788691879059976e-06 -0.00021316323754316647
1595 -1.5461446552298706e-05 -0.0001833428959101167
1597 -2.2897051217806956e-06 -0.00020759334452201018
1599 5.372943013435486e-06 -0.00021546577558645454
1601 7.273204250262466e-06 -0.0001864432982928235
1603 5.1451953837329564e-06 -0.00017084768609452024
1605 1.3961148981979792e-06 -0.00022188549824424603
1607 -2.9615084445891547e-07 -0.00021470596353992676
1609 -7.206896010666509e-07 -0.00020175517644223303
1611 1.2290798150941246e-05 -0.00021217526937929995
1613 1.8784052221417998e-05 -0.00018830844488209252
1615 1.3354973910753294e-05 -0.00020870836431745752
1617 4.35518254944139e-06 -0.00021005821388803397
1619 -8.45514021916817e-06 -0.00017763122105648034
1621 1.2121156768332131e-05 -0.000181087284462629
1623 1.5652875058475325e-05 -0.00018948745917529114
1625 -1.3276570805357973e-05 -0.00022071340890793866
1627 -1.696008827682003e-05 -0.00018174119774509576
1629 1.1230830455648146e-05 -0.00019463326671075208
1631 -2.6145973993214228e-05 -0.00019367963826905036
1633 -1.326616530807484e-05 -0.00017690031705553384
1635 -2.9633398724074685e-07 -0.0001885922378142558
1637 1.0260335068658072e-06 -0.00019485550691818122
1639 0.0 -0.00019420981463318527
1641 0.0 -0.00019397311772321186
1643 0.0 -0.00019373699706864923
1645 0.0 -0.00019350145056765394
1647 0.0 -0.00019326647612859178
1649 0.0 -0.00019303207166997615
1651 0.0 -0.00019279823512040624
1653 0.0 -0.00019256496441850618
1655 0.0 -0.00019233225751286444
1657 0.0 -0.00019210011236197387
1659 0.0 -0.0001918685269341716
1661 0.0 -0.00019163749920758018
1663 0.0 -0.0001914070271700485
1665 0.0 -0.0001911771088190935
1667 0.0 -0.00019094774216184206
1669 0.0 -0.00019071892521497344
1671 0.0 -0.0001904906560046623
1673 0.0 -0.00019026293256652163
1675 0.0 -0.00019003575294554667
1677 0.0 -0.00018980911519605884
1679 0.0 -0.00018958301738165021
1681 0.0 -0.0001893574575751283
1683 0.0 -0.00018913243385846148
1685 0.0 -0.00018890794432272444
1687 0.0 -0.00018868398706804428
1689 0.0 -0.0001884605602035469
1691 0.0 -0.00018823766184730378
1693 0.0 -0.0001880152901262792
1695 0.0 -0.0001877934431762777
1697 0.0 -0.00018757211914189196
1699 0.0 -0.00018735131617645125
1701 0.0 -0.00018713103244196984
1703 0.0 -0.00018691126610909613
1705 0.0 -0.00018669201535706197
1707 0.0 -0.0001864732783736325
1709 0.0 -0.000186255053355056
1711 0.0 -0.00018603733850601443
1713 0.0 -0.00018582013203957424
1715 0.0 -0.00018560343217713743
1717 0.0 -0.00018538723714839296
1719 0.0 -0.00018517154519126857
1721 0.0 -0.000184956354551883
1723 0.0 -0.00018474166348449837
1725 0.0 -0.00018452747025147288
1727 0.0 -0.00018431377312321404
1729 0.0 -0.00018410057037813226
1731 0.0 -0.00018388786030259428
1733 0.0 -0.0001836756411908775
1735 0.0 -0.0001834639113451243
1737 0.0 -0.0001832526690752969
1739 0.0 -0.0001830419126991321
1741 0.0 -0.00018283164054209687
1743 0.0 -0.00018262185093734405
1745 0.0 -0.00018241254222566803
1747 0.0 -0.00018220371275546118
1749 0.0 -0.0001819953608826705
1751 0.0 -0.00018178748497075424
1753 0.0 -0.0001815800833906393
1755 0.0 -0.00018137315452067848
1757 0.0 -0.00018116669674660824
1759 0.0 -0.00018096070846150694
1761 0.0 -0.0001807551880657528
1763 0.0 -0.0001805501339669828
1765 0.0 -0.00018034554458005138
1767 0.0 -0.00018014141832698965
1769 0.0 -0.0001799377536369648
1771 0.0 -0.00017973454894623978
1773 0.0 -0.0001795318026981335
1775 0.0 -0.00017932951334298066
1777 0.0 -0.00017912767933809268
1779 0.0 -0.0001789262991477182
1781 0.0 -0.00017872537124300432
1783 0.0 -0.00017852489410195775
1785 0.0 -0.00017832486620940653
1787 0.0 -0.00017812528605696176
1789 0.0 -0.0001779261521429797
1791 0.0 -0.00017772746297252412
1793 0.0 -0.00017752921705732887
1795 0.0 -0.00017733141291576083
1797 0.0 -0.0001771340490727828
1799 0.0 -0.00017693712405991702
1801 0.0 -0.00017674063641520858
1803 0.0 -0.0001765445846831895
1805 0.0 -0.0001763489674148425
1807 0.0 -0.00017615378316756538
1809 0.0 -0.0001759590305051358
1811 0.0 -0.0001757647079976757
1813 0.0 -0.00017557081422161648
1815 0.0 -0.00017537734775966427
1817 0.0 -0.00017518430720076536
1819 0.0 -0.00017499169114007184
1821 0.0 -0.00017479949817890758
1823 0.0 -0.00017460772692473432
1825 0.0 -0.0001744163759911182
1827 0.0 -0.00017422544399769605
1829 0.0 -0.0001740349295701425
1831 0.0 -0.0001738448313401369
1833 0.0 -0.00017365514794533043
1835 0.0 -0.00017346587802931373
1837 0.0 -0.00017327702024158448
1839 0.0 -0.00017308857323751532
1841 0.0 -0.00017290053567832193
1843 0.0 -0.00017271290623103132
1845 0.0 -0.00017252568356845022
1847 0.0 -0.0001723388663691341
1849 0.0 -0.0001721524533173557
1851 0.0 -0.00017196644310307437
1853 0.0 -0.0001717808344219054
1855 0.0 -0.0001715956259750893
1857 0.0 -0.00017141081646946188
1859 0.0 -0.0001712264046174237
1861 0.0 -0.00017104238913691062
1863 0.0 -0.00017085876875136378
1865 0.0 -0.0001706755421897001
1867 0.0 -0.00017049270818628317
1869 0.0 -0.0001703102654808939
1871 0.0 -0.0001701282128187016
1873 0.0 -0.00016994654895023526
1875 0.0 -0.00016976527263135502
1877 0.0 -0.0001695843826232236
1879 0.0 -0.0001694038776922782
1881 0.0 -0.00016922375661020236
1883 0.0 -0.0001690440181538984
1885 0.0 -0.00016886466110545926
1887 0.0 -0.00016868568425214135
1889 0.0 -0.00016850708638633705
1891 0.0 -0.0001683288663055477
1893 0.0 -0.00016815102281235642
1895 0.0 -0.0001679735547144014
1897 0.0 -0.00016779646082434933
1899 0.0 -0.00016761973995986872
1901 0.0 -0.00016744339094360375
1903 0.0 -0.00016726741260314801
1905 0.0 -0.00016709180377101873
1907 0.0 -0.00016691656328463066
1909 0.0 -0.00016674168998627068
1911 0.0 -0.00016656718272307203
1913 0.0 -0.00016639304034698937
1915 0.0 -0.0001662192617147732
1917 0.0 -0.00016604584568794505
1919 0.0 -0.00016587279113277264
1921 0.0 -0.000165700096920245
1923 0.0 -0.00016552776192604822
1925 0.0 -0.0001653557850305406
1927 0.0 -0.00016518416511872893
1929 0.0 -0.000165012901080244
1931 0.0 -0.00016484199180931677
1933 0.0 -0.0001646714362047546
1935 0.0 -0.00016450123316991768
1937 0.0 -0.00016433138161269526
1939 0.0 -0.00016416188044548254
1941 0.0 -0.0001639927285851575
1943 0.0 -0.00016382392495305749
1945 0.0 -0.00016365546847495665
1947 0.0 -0.00016348735808104298
1949 0.0 -0.0001633195927058957
1951 0.0 -0.00016315217128846267
1953 0.0 -0.00016298509277203822
1955 0.0 -0.00016281835610424075
1957 0.0 -0.00016265196023699065
1959 0.0 -0.00016248590412648836
1961 0.0 -0.00016232018673319258
1963 0.0 -0.0001621548070217986
1965 0.0 -0.00016198976396121663
1967 0.0 -0.00016182505652455044
1969 0.0 -0.00016166068368907602
1971 0.0 -0.00016149664443622055
1973 0.0 -0.00016133293775154117
1975 0.0 -0.00016116956262470414
1977 0.0 -0.00016100651804946416
1979 0.0 -0.0001608438030236436
1981 0.0 -0.0001606814165491119
1983 0.0 -0.00016051935763176535
1985 0.0 -0.00016035762528150664
1987 0.0 -0.00016019621851222482
1989 0.0 -0.0001600351363417751
1991 0.0 -0.00015987437779195916
1993 0.0 -0.00015971394188850512
1995 0.0 -0.00015955382766104796
1997 0.0 -0.00015939403414310998
1999 0.0 -0.00015923456037208138
2001 0.0 -0.00015907540538920076
2003 0.0 -0.00015891656823953604
2005 0.0 -0.00015875804797196543
2007 0.0 -0.00015859984363915828
2009 0.0 -0.00015844195429755634
2011 0.0 -0.0001582843790073549
2013 0.0 -0.00015812711683248418
2015 0.0 -0.0001579701668405909
2017 0.0 -0.00015781352810301968
2019 0.0 -0.00015765719969479478
2021 0.0 -0.00015750118069460202
2023 0.0 -0.0001573454701847705
2025 0.0 -0.00015719006725125467
2027 0.0 -0.00015703497098361652
2029 0.0 -0.00015688018047500772
2031 0.0 -0.000156725694822152
2033 0.0 -0.00015657151312532745
2035 0.0 -0.00015641763448834923
2037 0.0 -0.00015626405801855213
2039 0.0 -0.00015611078282677326
2041 0.0 -0.00015595780802733495
2043 0.0 -0.00015580513273802775
2045 0.0 -0.00015565275608009325
2047 0.0 -0.00015550067717820748
2049 0.0 -0.00015534889516046396
