-2049 0.0 0.00015534889516046396
-2047 0.0 0.00015550067717820748
-2045 0.0 0.00015565275608009325
-2043 0.0 0.00015580513273802775
-2041 0.0 0.00015595780802733495
-2039 0.0 0.00015611078282677326
-2037 0.0 0.00015626405801855213
-2035 0.0 0.00015641763448834923
-2033 0.0 0.00015657151312532745
-2031 0.0 0.000156725694822152
-2029 0.0 0.00015688018047500772
-2027 0.0 0.00015703497098361652
-2025 0.0 0.00015719006725125467
-2023 0.0 0.0001573454701847705
-2021 0.0 0.00015750118069460202
-2019 0.0 0.00015765719969479478
-2017 0.0 0.00015781352810301968
-2015 0.0 0.0001579701668405909
-2013 0.0 0.00015812711683248418
-2011 0.0 0.0001582843790073549
-2009 0.0 0.00015844195429755634
-2007 0.0 0.00015859984363915828
-2005 0.0 0.00015875804797196543
-2003 0.0 0.00015891656823953604
-2001 0.0 0.00015907540538920076
-1999 0.0 0.00015923456037208138
-1997 0.0 0.00015939403414310998
-1995 0.0 0.00015955382766104796
-1993 0.0 0.00015971394188850512
-1991 0.0 0.00015987437779195916
-1989 0.0 0.0001600351363417751
-1987 0.0 0.00016019621851222482
-1985 0.0 0.00016035762528150664
-1983 0.0 0.00016051935763176535
-1981 0.0 0.0001606814165491119
-1979 0.0 0.0001608438030236436
-1977 0.0 0.00016100651804946416
-1975 0.0 0.00016116956262470414
-1973 0.0 0.00016133293775154117
-1971 0.0 0.00016149664443622055
-1969 0.0 0.00016166068368907602
-1967 0.0 0.00016182505652455044
-1965 0.0 0.00016198976396121663
-1963 0.0 0.0001621548070217986
-1961 0.0 0.00016232018673319258
-1959 0.0 0.00016248590412648836
-1957 0.0 0.00016265196023699065
-1955 0.0 0.00016281835610424075
-1953 0.0 0.00016298509277203822
-1951 0.0 0.00016315217128846267
-1949 0.0 0.0001633195927058957
-1947 0.0 0.00016348735808104298
-1945 0.0 0.00016365546847495665
-1943 0.0 0.00016382392495305749
-1941 0.0 0.0001639927285851575
-1939 0.0 0.00016416188044548254
-1937 0.0 0.00016433138161269526
-1935 0.0 0.00016450123316991768
-1933 0.0 0.0001646714362047546
-1931 0.0 0.00016484199180931677
-1929 0.0 0.000165012901080244
-1927 0.0 0.00016518416511872893
-1925 0.0 0.0001653557850305406
-1923 0.0 0.00016552776192604822
-1921 0.0 0.000165700096920245
-1919 0.0 0.00016587279113277264
-1917 0.0 0.00016604584568794505
-1915 0.0 0.0001662192617147732
-1913 0.0 0.00016639304034698937
-1911 0.0 0.00016656718272307203
-1909 0.0 0.00016674168998627068
-1907 0.0 0.00016691656328463066
-1905 0.0 0.00016709180377101873
-1903 0.0 0.00016726741260314801
-1901 0.0 0.00016744339094360375
-1899 0.0 0.00016761973995986872
-1897 0.0 0.00016779646082434933
-1895 0.0 0.0001679735547144014
-1893 0.0 0.00016815102281235642
-1891 0.0 0.0001683288663055477
-1889 0.0 0.00016850708638633705
-1887 0.0 0.00016868568425214135
-1885 0.0 0.00016886466110545926
-1883 0.0 0.0001690440181538984
-1881 0.0 0.00016922375661020236
-1879 0.0 0.0001694038776922782
-1877 0.0 0.0001695843826232236
-1875 0.0 0.00016976527263135502
-1873 0.0 0.00016994654895023526
-1871 0.0 0.0001701282128187016
-1869 0.0 0.0001703102654808939
-1867 0.0 0.00017049270818628317
-1865 0.0 0.0001706755421897001
-1863 0.0 0.00017085876875136378
-1861 0.0 0.00017104238913691062
-1859 0.0 0.0001712264046174237
-1857 0.0 0.00017141081646946188
-1855 0.0 0.0001715956259750893
-1853 0.0 0.0001717808344219054
-1851 0.0 0.00017196644310307437
-1849 0.0 0.0001721524533173557
-1847 0.0 0.0001723388663691341
-1845 0.0 0.00017252568356845022
-1843 0.0 0.00017271290623103132
-1841 0.0 0.00017290053567832193
-1839 0.0 0.00017308857323751532
-1837 0.0 0.00017327702024158448
-1835 0.0 0.00017346587802931373
-1833 0.0 0.00017365514794533043
-1831 0.0 0.0001738448313401369
-1829 0.0 0.0001740349295701425
-1827 0.0 0.00017422544399769605
-1825 0.0 0.0001744163759911182
-1823 0.0 0.00017460772692473432
-1821 0.0 0.00017479949817890758
-1819 0.0 0.00017499169114007184
-1817 0.0 0.00017518430720076536
-1815 0.0 0.00017537734775966427
-1813 0.0 0.00017557081422161648
-1811 0.0 0.0001757647079976757
-1809 0.0 0.0001759590305051358
-1807 0.0 0.00017615378316756538
-1805 0.0 0.0001763489674148425
-1803 0.0 0.0001765445846831895
-1801 0.0 0.00017674063641520858
-1799 0.0 0.00017693712405991702
-1797 0.0 0.0001771340490727828
-1795 0.0 0.00017733141291576083
-1793 0.0 0.00017752921705732887
-1791 0.0 0.00017772746297252412
-1789 0.0 0.0001779261521429797
-1787 0.0 0.00017812528605696176
-1785 0.0 0.00017832486620940653
-1783 0.0 0.00017852489410195775
-1781 0.0 0.00017872537124300432
-1779 0.0 0.0001789262991477182
-1777 0.0 0.00017912767933809268
-1775 0.0 0.00017932951334298066
-1773 0.0 0.0001795318026981335
-1771 0.0 0.00017973454894623978
-1769 0.0 0.0001799377536369648
-1767 0.0 0.00018014141832698965
-1765 0.0 0.00018034554458005138
-1763 0.0 0.0001805501339669828
-1761 0.0 0.0001807551880657528
-1759 0.0 0.00018096070846150694
-1757 0.0 0.00018116669674660824
-1755 0.0 0.00018137315452067848
-1753 0.0 0.0001815800833906393
-1751 0.0 0.00018178748497075424
-1749 0.0 0.0001819953608826705
-1747 0.0 0.00018220371275546118
-1745 0.0 0.00018241254222566803
-1743 0.0 0.00018262185093734405
-1741 0.0 0.00018283164054209687
-1739 0.0 0.0001830419126991321
-1737 0.0 0.0001832526690752969
-1735 0.0 0.0001834639113451243
-1733 0.0 0.0001836756411908775
-1731 0.0 0.00018388786030259428
-1729 0.0 0.00018410057037813226
-1727 0.0 0.00018431377312321404
-1725 0.0 0.00018452747025147288
-1723 0.0 0.00018474166348449837
-1721 0.0 0.000184956354551883
-1719 0.0 0.00018517154519126857
-1717 0.0 0.00018538723714839296
-1715 0.0 0.00018560343217713743
-1713 0.0 0.00018582013203957424
-1711 0.0 0.00018603733850601443
-1709 0.0 0.000186255053355056
-1707 0.0 0.0001864732783736325
-1705 0.0 0.00018669201535706197
-1703 0.0 0.00018691126610909613
-1701 0.0 0.00018713103244196984
-1699 0.0 0.00018735131617645125
-1697 0.0 0.00018757211914189196
-1695 0.0 0.0001877934431762777
-1693 0.0 0.0001880152901262792
-1691 0.0 0.00018823766184730378
-1689 0.0 0.0001884605602035469
-1687 0.0 0.00018868398706804428
-1685 0.0 0.00018890794432272444
-1683 0.0 0.00018913243385846148
-1681 0.0 0.0001893574575751283
-1679 0.0 0.00018958301738165021
-1677 0.0 0.00018980911519605884
-1675 0.0 0.00019003575294554667
-1673 0.0 0.00019026293256652163
-1671 0.0 0.0001904906560046623
-1669 0.0 0.00019071892521497344
-1667 0.0 0.00019094774216184206
-1665 0.0 0.0001911771088190935
-1663 0.0 0.0001914070271700485
-1661 0.0 0.00019163749920758018
-1659 0.0 0.0001918685269341716
-1657 0.0 0.00019210011236197387
-1655 0.0 0.00019233225751286444
-1653 0.0 0.00019256496441850618
-1651 0.0 0.00019279823512040624
-1649 0.0 0.00019303207166997615
-1647 0.0 0.00019326647612859178
-1645 0.0 0.00019350145056765394
-1643 0.0 0.00019373699706864923
-1641 0.0 0.00019397311772321186
-1639 0.0 0.00019420981463318527
-1637 8.658740645934342e-06 0.00017996757914234433
-1635 -6.230752278669782e-06 0.00019563489580643985
-1633 -1.3878772280467857e-05 0.00017856558804054786
-1631 -2.3737301442875144e-05 0.00019642009892335323
-1629 1.5016802765217575e-05 0.00018230104733453568
-1627 7.182509058505319e-07 0.00017067081343865751
-1625 -2.4910020066357976e-05 0.000223097200157062
-1623 2.2496563709079e-05 0.00019966944788733914
-1621 2.598618507081517e-06 0.00021228382678023167
-1619 -2.7054484344233613e-05 0.00018780126470825827
-1617 7.541143401065258e-06 0.00019002659470515018
-1615 7.3768000983444624e-06 0.0002174769297627446
-1613 2.627666282018851e-05 0.00019108443061727134
-1611 5.279095873422157e-06 0.0002049390646982842
-1609 -1.3954443346511666e-05 0.00021008737217451966
-1607 -1.235499764460542e-05 0.00020614025099157567
-1605 -1.1697327866466983e-05 0.0002119201545567647
-1603 1.3353841270132646e-06 0.00018856953173693975
-1601 -1.3172660418415588e-05 0.0001883052531853311
-1599 -1.163317010810482e-05 0.00022666192153846426
-1597 6.052040620162926e-06 0.00021130802779798156
-1595 -1.2048987059107804e-05 0.0002207809725451607
-1593 4.120516117245927e-06 0.00022414983046382288
-1591 -2.215765533131718e-06 0.00019321632020181985
-1589 -2.587414388393227e-05 0.0001848076469347798
-1587 1.1687180851304791e-05 0.0002222417866491573
-1585 2.40040990239467e-05 0.00018563029112939492
-1583 -5.570955232622244e-06 0.00018987974344164836
-1581 5.364555274634043e-06 0.00020462207129323602
-1579 -5.2977224947169064e-06 0.00019598840780589593
-1577 -3.1713926410438633e-06 0.00020575870657316126
-1575 -1.0945312831977244e-05 0.00022151528981807425
-1573 1.7415563067333876e-05 0.0001968553291043842
-1571 2.4659563724373316e-05 0.00021115386122495585
-1569 -1.2573691720163244e-05 0.00018250860542154662
-1567 -3.139081122166351e-05 0.0002210883603218674
-1565 3.301221957506478e-06 0.00018641131410176146
-1563 2.4539908945179248e-05 0.00020083761795407456
-1561 1.1565417496432416e-05 0.00020747166392435197
-1559 -3.2787442340459464e-05 0.0001912757823450731
-1557 5.327261847032952e-06 0.0002024521265286563
-1555 -1.1422945893595226e-05 0.00021245298562509192
-1553 -9.932661109349503e-06 0.0002232870135899139
-1551 3.2970359523429675e-05 0.00020878527572440513
-1549 -3.2532061469040735e-06 0.00019255249214936293
-1547 1.7967154538443863e-05 0.0002176837494473093
-1545 1.317415885096199e-05 0.00020838722630899214
-1543 2.84863591737805e-06 0.00021628329282536907
-1541 1.7568864512324038e-05 0.00020922387773473038
-1539 -4.20009317912322e-05 0.00020532950292127472
-1537 -1.812140622148951e-05 0.00021570674139236815
-1535 -2.118691297626764e-05 0.00018657297459200012
-1533 -1.4267421669852102e-05 0.000209435135724713
-1531 -1.7110609524015354e-05 0.00018987474055295577
-1529 -2.5590827364568064e-06 0.00019640775820368875
-1527 -2.3909565564077058e-06 0.0001840830885010021
-1525 3.580950725358704e-06 0.00023000421996505037
-1523 3.723761216014678e-06 0.0001974148069629227
-1521 -1.824094419445316e-05 0.00019673075020113333
-1519 -1.5834614495762794e-05 0.00021708964096042656
-1517 -4.26337212456575e-06 0.00020234136266838966
-1515 -1.957457899927442e-05 0.0002153458852195752
-1513 -1.2737094708186472e-05 0.00018216998094888097
-1511 -6.7435537744126596e-06 0.00021371004109264257
-1509 -1.6000006184570786e-05 0.00018622503014278225
-1507 -2.1214093199086405e-05 0.0002037325534907938
-1505 7.032576653361762e-06 0.0002341372553449521
-1503 7.487564012580546e-07 0.00022038845724577512
-1501 -6.5849848183664335e-06 0.0002108771445325081
-1499 -9.212001580816637e-06 0.00020493479917654052
-1497 3.3309869659289067e-06 0.0002074831573511134
-1495 -4.819922821077177e-06 0.0002322070484274649
-1493 -1.2308645083136088e-05 0.00022375181697243597
-1491 -6.013380154671954e-06 0.0002064693078354662
-1489 2.725021210477775e-05 0.00019688966224789121
-1487 6.842998633184968e-06 0.00021969033526168187
-1485 3.0588524427295394e-06 0.00019903184058040637
-1483 -1.8177956378946536e-05 0.0002111563402170152
-1481 1.2777876656355095e-05 0.0002082710510108175
-1479 -1.0950783581576471e-05 0.0002308741200778918
-1477 -5.838915074311368e-06 0.00022617255952227125
-1475 1.6170167804044178e-05 0.00021595612651977068
-1473 -1.3256776064458292e-07 0.0002264826410888851
-1471 6.9598538367433035e-06 0.0002104910999582891
-1469 -3.8663339228183733e-07 0.00021834755178436917
-1467 -2.037263234879766e-05 0.00022023564970261768
-1465 -1.7361190542420426e-05 0.00022110598894937078
-1463 -1.2901199546888869e-05 0.0002048744361122571
-1461 1.4777856886364911e-05 0.00023543154724776225
-1459 1.4142557902029204e-05 0.00022164690639662818
-1457 3.320941462417366e-05 0.0002260830534943897
-1455 -2.733687458374541e-07 0.00021112060097566815
-1453 6.344042086990323e-06 0.00023595393887300745
-1451 -1.3766166915452732e-05 0.0002117714791617783
-1449 -7.070421875286088e-06 0.0001977871693450207
-1447 2.682683005830819e-05 0.00021704420398501202
-1445 8.25723194278465e-06 0.00024420263590529354
-1443 -1.1402974868005112e-05 0.00022343578552167482
-1441 -3.2080950106830246e-06 0.00021630022307110832
-1439 -3.979652716805169e-06 0.00022043065498422157
-1437 -1.5366175971625243e-05 0.0002446471136268782
-1435 -7.403907714618086e-06 0.00023551879742644756
-1433 1.4785309390280825e-05 0.00022086483419109728
-1431 -4.232802083406772e-06 0.000206856723213952
-1429 -9.449076887473619e-06 0.00022702087590978037
-1427 7.609966531166692e-06 0.00022062112530191267
-1425 1.989134197075372e-06 0.0002121841507504309
-1423 -3.6879346848660454e-06 0.00020837502124573597
-1421 2.7436643653874773e-05 0.00021877337543223216
-1419 -4.037952776276073e-06 0.00019803894352337937
-1417 1.2783715889561642e-05 0.00022016165122000576
-1415 2.6038250770707406e-05 0.00021980476078329775
-1413 -1.8381021784588933e-05 0.00022668109556578584
-1411 1.9980223845662724e-05 0.00022771581612635362
-1409 1.8244817431460286e-05 0.00023027688550836812
-1407 -1.2631084559323104e-05 0.00022156517011339102
-1405 7.209256684180089e-06 0.00022527374998697366
-1403 1.3724638848991883e-05 0.00021471726084394986
-1401 1.7109789813719162e-05 0.0002204986883854712
-1399 1.366630520139334e-05 0.0002306692026836952
-1397 -1.4266776689492076e-05 0.00022275536224259363
-1395 -7.739578986076725e-06 0.00023043117106016198
-1393 -1.844074599616854e-05 0.0002142851819024784
-1391 -1.2494685132564747e-05 0.0002307265338524267
-1389 6.323814105162912e-06 0.00020264071841125662
-1387 -2.143301719988339e-05 0.00023242715897731336
-1385 -1.696730460790563e-05 0.00024930600702001557
-1383 2.1810024739134247e-05 0.00021003754089418697
-1381 -1.7460684212069423e-05 0.0002140746102283892
-1379 -8.996163208929613e-06 0.00022467560225715848
-1377 1.771796722097564e-05 0.00023219035476255075
-1375 -1.0785733152403222e-05 0.00023976715035190272
-1373 6.861911828076416e-06 0.0002548972974760442
-1371 4.985620973782544e-06 0.00022800180957796494
-1369 6.221485225159874e-06 0.0002444372623518925
-1367 4.281404666842508e-05 0.0002483373327520804
-1365 -1.2430217488379693e-05 0.00025053269514955785
-1363 2.6497309761036416e-06 0.00025881811213195077
-1361 -4.235649659234422e-06 0.00022730193743368229
-1359 -6.14797322610221e-06 0.00021364948666899175
-1357 -5.020341358496035e-06 0.0002231801193166585
-1355 5.374130090430829e-07 0.0002742656434386538
-1353 3.5045910109362133e-06 0.00023017453860008604
-1351 6.919442727247251e-07 0.00023430755312406167
-1349 2.610433377933895e-05 0.0002192745305973077
-1347 2.2530229258031676e-06 0.0002193994528208781
-1345 3.408943766769606e-06 0.00022756165165160097
-1343 -2.2276581583200725e-05 0.000253051940651848
-1341 1.67965944334133e-05 0.00020539138830434918
-1339 -1.300142848051076e-05 0.00023460239070354554
-1337 -2.008157019991592e-05 0.000256948032588766
-1335 -1.3110793399475801e-06 0.00024836202341099235
-1333 -4.348450244451227e-06 0.0002188395794654714
-1331 -7.791136648541614e-06 0.00021653115972824203
-1329 -7.213066431417853e-06 0.0002504438816916153
-1327 -1.2979627481301375e-05 0.00023528019549162984
-1325 -2.289475887575987e-05 0.00023190926199852217
-1323 7.0432209279238656e-06 0.0002459100618261302
-1321 -1.8883723987598634e-05 0.00022363183247105556
-1319 1.329171023472933e-05 0.0002865557768766483
-1317 1.1704886885763588e-05 0.0002444211204455889
-1315 -1.1015202749237303e-05 0.0002328700693377643
-1313 -3.31066318033072e-06 0.00025780381672441696
-1311 5.411141598853471e-06 0.00023405980392000525
-1309 1.0723134230216327e-05 0.00025711067013408777
-1307 -2.9027719836250426e-06 0.0002398679833180687
-1305 1.2903492689802349e-05 0.0002497831911750062
-1303 -5.442917022605929e-06 0.00026434793197258565
-1301 -3.523719089069444e-06 0.00024346647270586243
-1299 1.3798981756570024e-05 0.0002455051476659892
-1297 -6.163943522170578e-06 0.00022783653103421221
-1295 1.1344044724804349e-05 0.0002635969302909883
-1293 -8.771660716040608e-07 0.0002720910808030157
-1291 7.785082993665603e-06 0.0002724091520013803
-1289 -1.5543755802741024e-05 0.00022650512853631625
-1287 2.8990543650998036e-06 0.0002537328369120025
-1285 5.8958800227681914e-06 0.0002456793529124916
-1283 1.1401074517893007e-05 0.00025557817554684617
-1281 -1.8467105321979963e-05 0.0002351826292065945
-1279 2.392036051205729e-05 0.00025409692550621175
-1277 -9.147970764061851e-06 0.00026568352717520183
-1275 2.722672318831397e-05 0.00023496331419367336
-1273 -1.1066088536626836e-06 0.00025577527303224007
-1271 2.3804822972275726e-05 0.0002659810133127362
-1269 1.3946483996595228e-07 0.0002599656859911162
-1267 -7.853270420141489e-06 0.00026107237207022527
-1265 -1.8937035720716195e-05 0.00025884438269726357
-1263 -2.2654099313253544e-05 0.0002692146169627056
-1261 2.9740157104016675e-05 0.00026078053724754355
-1259 -3.2833325166726875e-06 0.0002735450019909253
-1257 -2.311501622550484e-06 0.00024357937725379147
-1255 -7.5379810624248385e-06 0.00023893189245563737
-1253 1.8117571991048154e-05 0.00023437025144318837
-1251 1.2667092508307405e-05 0.00022428393973254946
-1249 -4.35729344441504e-06 0.0002520698325034812
-1247 -6.986264162015747e-06 0.0002653224117933677
-1245 -1.1366113528720383e-05 0.00025858780323727515
-1243 -3.6689055615986743e-06 0.0002701480444489964
-1241 1.4427699987690749e-05 0.0002666775821733344
-1239 5.941605803153402e-06 0.00025139150479174086
-1237 -4.892753132902388e-06 0.00023014754242375166
-1235 -6.439917282365333e-06 0.0002572502448290973
-1233 -2.1608050919784455e-05 0.00026723824636956336
-1231 -1.3798792434374285e-05 0.0002522516963922491
-1229 1.1389198884584813e-05 0.0002683827532399234
-1227 1.1116917832499287e-05 0.0002625097855261751
-1225 7.638192372594226e-06 0.00024961346746586234
-1223 -1.2595518719004769e-05 0.0002674564420468965
-1221 -2.6109108407632992e-05 0.00027780010823289165
-1219 8.745233178290353e-06 0.00024135723676495626
-1217 1.9769439832720294e-07 0.0002578325094741337
-1215 1.2433424900122974e-07 0.0002765715957410029
-1213 4.646582308271448e-06 0.00027850889888752367
-1211 -1.3654217065122626e-05 0.0002921713557087507
-1209 -3.6350885335650213e-06 0.00026239807805425995
-1207 -1.2264997998248907e-05 0.00027806767379052994
-1205 7.145223002322517e-06 0.00027418783581994755
-1203 -3.2638718364838204e-05 0.000293388284382479
-1201 1.4670996399526334e-06 0.00026606857278070123
-1199 9.850449312619021e-06 0.0002560346025741485
-1197 -6.635262281859326e-07 0.0002728577713011203
-1195 -2.0538776584443567e-05 0.0002620155487986245
-1193 1.1513692285382946e-05 0.0002619393085518366
-1191 1.431558966521703e-05 0.0002657575942139369
-1189 6.20255874979639e-07 0.0002558183789813603
-1187 -1.2764754627305651e-05 0.00027441736017916427
-1185 1.232742939163849e-05 0.0002723130821824144
-1183 -2.2271707974865372e-05 0.0002651047324455696
-1181 -2.3668478084967066e-06 0.0002477872378412801
-1179 -1.9032144421006198e-06 0.0002474215224001907
-1177 2.5360832397336356e-06 0.0002585729593799974
-1175 1.0490604729331968e-05 0.00026738501650899537
-1173 7.055822747439909e-06 0.00026485108825506534
-1171 1.3481966897837812e-05 0.00029164860020418375
-1169 -1.448803668569847e-06 0.00025754979670898084
-1167 -4.223104779508253e-06 0.00025633251743475407
-1165 1.8785823153351854e-05 0.0002605137033114276
-1163 5.443728858111321e-06 0.000259736653707935
-1161 -3.1573531099275287e-06 0.0002729705052695737
-1159 -9.721676007991734e-07 0.00027869819880044076
-1157 -1.0619323297022079e-05 0.0002640393853838723
-1155 -2.975988508183891e-05 0.00028084495206970984
-1153 1.9628342110068413e-05 0.00028886867205363145
-1151 8.190028715248306e-06 0.0002666912435515042
-1149 1.5532211767967386e-06 0.0002816746038527195
-1147 -5.8232534375811715e-06 0.0002893788995500046
-1145 -7.001690630082502e-06 0.00026678195624406863
-1143 8.278284630991015e-07 0.0002636917739452088
-1141 1.2903207482305993e-05 0.0002797722361845405
-1139 2.140614440698079e-05 0.0002529231477424031
-1137 1.879785565082227e-05 0.00031447072632093196
-1135 1.6426266003872414e-05 0.0002486405979222986
-1133 1.55053553836079e-05 0.0002842937884178015
-1131 4.990281420884285e-06 0.0002941725586821711
-1129 6.302979364873433e-06 0.0002898276836212835
-1127 -4.896753111022395e-06 0.00030487362686374726
-1125 -1.108291499398486e-05 0.00027127774988803513
-1123 9.66119456531465e-06 0.0002632655156438924
-1121 -1.2132871368321072e-05 0.00029992429013367324
-1119 -1.260543022474286e-05 0.00026423697486043836
-1117 9.995049531907347e-06 0.0002884878852035135
-1115 -3.507174191210868e-06 0.0002938244130564371
-1113 -1.7115359956692167e-05 0.00028787759534013344
-1111 -9.464935311179516e-06 0.00026491776298266786
-1109 6.1409833906946156e-06 0.0003019814134045685
-1107 -5.309379021582045e-07 0.00027550322987621005
-1105 5.1971479745665155e-06 0.00029795519877720637
-1103 -8.309832391631979e-07 0.00028983010575721406
-1101 -1.5761583150263518e-05 0.0002925210834930642
-1099 -8.603261298301442e-06 0.00030848711829908806
-1097 1.527248715056956e-05 0.0002498022037507675
-1095 -1.188708383744117e-05 0.0003097508965096446
-1093 3.4332246559717443e-06 0.00027757076062845946
-1091 2.407532951783551e-05 0.0002934313910764726
-1089 2.42930527245373e-05 0.00027643261208220687
-1087 -2.068362335605907e-05 0.00028252985255374234
-1085 4.233803406329882e-06 0.0003093605413976644
-1083 2.2021995206726238e-05 0.0002857330668457384
-1081 1.5413951866622395e-05 0.00029926498739708373
-1079 3.1315797592588767e-06 0.00028417062906449845
-1077 -6.756644368600476e-06 0.0003073437939200749
-1075 2.0649011899817908e-05 0.0002900891095831569
-1073 7.831321697797898e-06 0.00029367322621405047
-1071 -8.246178998934792e-06 0.00029326064529164926
-1069 -6.307966097904827e-06 0.00028663868326798893
-1067 1.33154732261343e-05 0.00032308647479427897
-1065 -2.6303635780074782e-05 0.0003068274237558313
-1063 1.4887555293966748e-06 0.00032317280199444355
-1061 3.1718016643034868e-06 0.00030388807269837156
-1059 1.9378143791031273e-05 0.0003083098922834412
-1057 1.0391887427332425e-05 0.0002921925779020909
-1055 7.665990728137931e-06 0.00029865360167946045
-1053 1.5749643123601657e-05 0.0003230590354221302
-1051 1.2276256428926457e-05 0.000298188731294613
-1049 -4.11671156132513e-07 0.0002931321710673959
-1047 1.81814920894915e-05 0.0002892868154399473
-1045 -7.222405372205984e-06 0.0003230085236560228
-1043 6.604297976229137e-06 0.0003118653521191112
-1041 -3.0611378976213215e-06 0.00030026216427130314
-1039 -2.4543983618246388e-05 0.0002731609215117255
-1037 6.792972841002893e-06 0.00030094808281704174
-1035 -1.3178048110193402e-05 0.00028551702365248307
-1033 1.1313050265983938e-05 0.00031346518729443183
-1031 2.1943738340275763e-06 0.00031419161794248425
-1029 9.081154129352664e-06 0.00030618114742818017
-1027 2.820116430584728e-06 0.00029557917321934525
-1025 -5.150639872702159e-06 0.00033903411819361174
-1023 2.476409632347895e-05 0.00032470030207110194
-1021 -9.409627191082353e-06 0.0003062213158841501
-1019 -5.520490153785764e-06 0.00030238196228639613
-1017 5.125775992501953e-06 0.0003186431509783497
-1015 2.7531316188232814e-05 0.0002914831209541366
-1013 -1.391454055491555e-05 0.0003098523412867731
-1011 -1.013593534829615e-05 0.0003087415055445191
-1009 -2.7272655634668388e-05 0.00031461698706441825
-1007 1.5171862992345722e-05 0.0003345335452595694
-1005 2.3305046467723557e-05 0.0003292226430464833
-1003 -5.827507058154897e-06 0.0003233251792142789
-1001 5.888230551685973e-06 0.0003022824631325606
-999 2.449072225211136e-06 0.00031012209006772424
-997 4.001333109215988e-06 0.00032923934960954097
-995 8.52298270968028e-06 0.0003024946384641778
-993 -9.290878185033893e-06 0.0003198917429940048
-991 2.6746483275820862e-05 0.0002980543566638575
-989 6.949428042318177e-06 0.0003471035580145825
-987 -2.968166467972344e-06 0.0003086519380780471
-985 -4.34641759408629e-06 0.000321834732563319
-983 -7.092402691023601e-06 0.00032510915394278486
-981 3.6203113220308507e-06 0.00032670831494535836
-979 -2.2267769618931892e-06 0.00033078767389138223
-977 -2.3050932369168096e-05 0.00032830392645158825
-975 -6.290894623491267e-06 0.00033907857044100014
-973 5.111390411850839e-06 0.00033972632004413306
-971 -1.2333627942903488e-05 0.0003194461035059746
-969 -4.4534322818940705e-07 0.0003154728003626026
-967 9.074434969610557e-06 0.0003342059847733377
-965 1.1437539869464125e-05 0.0003363997851333504
-963 -5.297589961807866e-06 0.00034112241820671586
-961 9.305259109308203e-06 0.0003272403965381551
-959 -1.0378610781846853e-05 0.00032870028844772265
-957 -1.5467525169203016e-05 0.00033006140860597277
-955 4.580577455167927e-06 0.000315718202273781
-953 -2.2132577189476247e-06 0.00030649156253956803
-951 -2.1343167812700915e-05 0.00033040949502417377
-949 -4.598856186247086e-06 0.0003024930665517646
-947 4.614429239678207e-06 0.0003206146414505035
-945 1.7510456373316224e-07 0.00034914288639868594
-943 2.4431076341692777e-05 0.00033221851465257155
-941 -7.017024141496782e-06 0.00034497223637390567
-939 -2.6582698431885445e-06 0.00036926057634308323
-937 8.656318954912418e-06 0.0003371458073181169
-935 6.652852749455995e-06 0.0003420047540180047
-933 1.4936349324417917e-06 0.0003557467398688057
-931 9.91897900915753e-06 0.0003594448886596566
-929 1.8923843704561573e-05 0.00036182426765466553
-927 -3.161461049924037e-05 0.0003403023555759687
-925 3.900437884448375e-05 0.00035793757162384446
-923 -1.5328790867357273e-05 0.0003313574428848675
-921 -2.4954074669954443e-05 0.0003573545355315908
-919 3.58299534575769e-06 0.00037984431499255087
-917 -1.3478018774265143e-05 0.00032910409632277336
-915 -6.362151172133355e-06 0.00034344932449079405
-913 1.405198429467444e-05 0.00031633397636177856
-911 -3.7328378770092896e-06 0.00035425451302116193
-909 -1.1163466504933309e-05 0.00036393632939089155
-907 -2.0753577027506132e-06 0.00036074144249483513
-905 1.4222210386823604e-05 0.00033371890743911516
-903 4.421350389698488e-06 0.0003529231448729607
-901 5.941869476434591e-06 0.0003665500130500288
-899 2.3635184232299917e-05 0.0003430591319293753
-897 -1.4015380463260962e-05 0.00038329272404324986
-895 -1.2180305673107555e-05 0.0003598119946986512
-893 2.9138698955340516e-07 0.0003499870526687071
-891 -1.384209324320363e-05 0.00035035583898168036
-889 -4.870586438432806e-07 0.00036687722462069324
-887 -9.793235557261603e-06 0.00036347084246707214
-885 -1.3232100916927882e-05 0.0003377127903601566
-883 3.5791479676556135e-05 0.0003500008128669642
-881 -2.2661640750291174e-06 0.0003743758069253237
-879 9.446171800655747e-06 0.0003377803056300274
-877 4.656854496880107e-06 0.00036868387159814605
-875 -1.2907609658312048e-05 0.00038186157074340484
-873 -2.931452591999173e-07 0.0003513488695058222
-871 -2.0910301591072328e-05 0.0003665934852222055
-869 3.031216445622317e-06 0.0003600811773050442
-867 -3.520034276306985e-06 0.0003888022357889919
-865 6.065416811061202e-06 0.00037586112565583146
-863 1.077198132103072e-06 0.0003706181756314508
-861 3.828366172252938e-05 0.0003811230575898843
-859 3.9799515761380154e-05 0.00039865764569172634
-857 2.2210216889812356e-05 0.0003765790110119181
-855 -2.3894461037432876e-05 0.00040263452144413144
-853 -9.348408890167919e-08 0.00036217594995359117
-851 -4.730857656435377e-06 0.0003742844012662777
-849 -2.8242534856403658e-05 0.0003691869646148927
-847 8.958421677551173e-06 0.00037232097816499127
-845 2.9548784686024345e-06 0.00036729512702917663
-843 3.44467076961755e-06 0.00038722994206748696
-841 -1.5514467985199774e-05 0.0003969940897915481
-839 -1.3229157509405217e-05 0.000375110000174909
-837 9.7231565317985e-06 0.00036915322617758284
-835 -8.561134735916144e-06 0.00038811945273477006
-833 4.511547688127497e-06 0.00040349634649979347
-831 -2.3820879811013207e-05 0.00038403303831664975
-829 -3.2747100962961222e-06 0.00039925041591145103
-827 7.222348131841771e-06 0.0003741264370742699
-825 -4.036636961656951e-05 0.00041873637652558573
-823 5.303595233314138e-06 0.0004006385445879592
-821 7.121772942204463e-06 0.00038500057063755965
-819 2.056226950164896e-05 0.00040663186836716915
-817 2.1168671490254728e-05 0.0003556820548757697
-815 -2.156973061381902e-06 0.000387945288406019
-813 -5.373115965344319e-06 0.00038601355117084165
-811 -4.28161178602172e-06 0.00039682753673866294
-809 -1.5313146222968706e-06 0.00040328351908651774
-807 1.1740070502364447e-05 0.00038018555086218427
-805 -1.5087469945494005e-05 0.00039366587044014414
-803 1.5590431671594647e-05 0.00041302067008973245
-801 -1.4752098305354444e-05 0.0004039950456074216
-799 2.319411758964491e-05 0.00039241838524107
-797 -1.5590968435474625e-06 0.0004181124857288959
-795 5.478373083052458e-06 0.00039585664857722777
-793 2.861587074156829e-06 0.0003898707800762263
-791 -2.293198899307802e-05 0.00038863652438469017
-789 9.022444073982772e-06 0.0003924872990748886
-787 -4.250917992356331e-07 0.0003951796375911905
-785 1.5555875803226585e-05 0.0004154065542420608
-783 1.4981695149156902e-05 0.0004172111128375496
-781 9.871306373878606e-06 0.00040392131608418976
-779 -6.117285619954594e-06 0.00037770014025813596
-777 2.6724033669947923e-05 0.000422339363094666
-775 -2.3068211940205762e-05 0.00042717672722457974
-773 1.595870508313792e-05 0.00042553896402685774
-771 -1.4633482617958677e-05 0.00040955164794867504
-769 -1.1846561890130003e-05 0.0004230286268527497
-767 -1.997590172330535e-06 0.0004218381672719079
-765 -7.416109526140174e-06 0.0004086737271496826
-763 3.1319344556337164e-06 0.0004293137107619778
-761 -4.5868353606312324e-05 0.0004060005816556564
-759 -1.4095302853940902e-05 0.0004113245339272411
-757 -1.0783075055343058e-05 0.00041873832460070687
-755 -1.329096537986951e-05 0.00041913045223675584
-753 1.0097543971200544e-05 0.0004003985497812341
-751 -8.261632644046492e-07 0.00042951972236805595
-749 1.153903788573585e-05 0.0004316787918702227
-747 2.6167997346240624e-05 0.00044510142263575836
-745 8.396291967197996e-06 0.00043372771855767193
-743 -2.388290316945261e-05 0.00042749345846388375
-741 1.5080670483537946e-05 0.0004231578956230832
-739 -2.2055755351607866e-05 0.00045171936479260113
-737 2.07386668162356e-05 0.00042634287243926934
-735 4.157586306546416e-06 0.00044248415490857115
-733 -1.4802402860700657e-05 0.0004154605768698462
-731 -1.5224684228652776e-05 0.00043471565056855065
-729 -1.5520354172580302e-05 0.0004194239357238092
-727 -4.312866304310897e-06 0.00045021834797305115
-725 2.043576719461584e-06 0.0004511273974186934
-723 1.4874068853597313e-05 0.00043299365041500946
-721 4.645969626122076e-06 0.0004499874962099235
-719 1.954184454329293e-07 0.00042286694003055084
-717 -9.526160256742355e-06 0.0004301059949083371
-715 -3.644837930351079e-05 0.00044914024201492926
-713 -3.8314098624834305e-05 0.00042192013305919636
-711 -3.25778209282477e-05 0.0004351445530485693
-709 7.028681588630973e-07 0.00043957899699407946
-707 1.0508388046770472e-05 0.0004718936647256741
-705 1.1502488493688323e-05 0.0004384221309748988
-703 1.6435613025683856e-05 0.0004710894649068963
-701 8.358526875070906e-06 0.00044242148311815407
-699 1.942639900545667e-05 0.00045536960101923293
-697 6.873256166797576e-06 0.0004656569294635183
-695 -1.774495513677294e-05 0.000440565357564338
-693 2.503725150040435e-05 0.00045812591580031556
-691 -6.367785726233901e-06 0.00046891724011068574
-689 8.473263251168446e-07 0.0004521471931217685
-687 -2.159524543157138e-05 0.00047499695624726544
-685 5.690747947754379e-06 0.0004676411188567988
-683 1.4745052504551246e-06 0.0004633180393991407
-681 1.6084638187333055e-05 0.00047891703092444815
-679 2.535586364763729e-06 0.00048027324586660634
-677 -1.2546046919073407e-05 0.00047452645517940005
-675 -2.0165031587376863e-05 0.0004784205977411737
-673 8.271709677402367e-06 0.00046702825949444826
-671 -5.763953996634101e-06 0.0004770598318475238
-669 5.042921165276312e-06 0.0004854366260879214
-667 1.9679675010485535e-05 0.0004329630822897747
-665 -3.7057165876205005e-05 0.0004801051370474322
-663 3.990884626465697e-06 0.00047582207822445365
-661 -9.094536839902503e-06 0.0005028244912435894
-659 1.1851080439256358e-05 0.0004746247647492199
-657 2.2462888147754213e-05 0.00048354991731192016
-655 8.52943633211018e-06 0.00047888810130125315
-653 -1.5838417382836318e-05 0.0004983413694603932
-651 3.851064640885888e-06 0.0004816161538359707
-649 -6.151801252361239e-06 0.0005120837652530251
-647 5.792594079768651e-06 0.000517764907688854
-645 -3.327690003206652e-05 0.00048427531624637164
-643 -3.011750569641631e-08 0.0005130613928457572
-641 -2.108249490943208e-05 0.0004970906888897259
-639 -8.94057962706589e-06 0.000490907156451497
-637 3.7105473698620785e-06 0.0005065974301753782
-635 9.037883182767916e-06 0.0004900085713223836
-633 -2.6228967562134255e-05 0.0004994806470254181
-631 9.936511815152754e-06 0.0005047401594977563
-629 1.7481682570656237e-05 0.0005038355642333034
-627 7.276003470333293e-06 0.0005184718081990091
-625 1.0261525054581653e-05 0.0005224142006358675
-623 1.0096579047172356e-05 0.0004969498738942582
-621 -7.5602389017402005e-06 0.0005370582667699522
-619 -7.076778382687821e-07 0.000499772951629981
-617 -8.479036424744668e-06 0.0005211554315335867
-615 1.981984649642111e-05 0.0005288107085178196
-613 -8.621099606731471e-07 0.0005094886034500763
-611 2.5952223998874235e-06 0.0005335550737171859
-609 -1.4063315739209857e-05 0.0005316813476372422
-607 -6.2316675009698945e-06 0.0005533461050871564
-605 -3.652680888586865e-06 0.0005132376383340678
-603 1.7194272891026557e-05 0.0005322784699282356
-601 -1.9050993582137493e-05 0.000516024859710554
-599 -6.325426787232856e-06 0.0005337674506626953
-597 2.703341250215053e-05 0.0005761972075894737
-595 4.479975919624304e-06 0.0005442302451656559
-593 6.491500828150339e-06 0.000561351651984351
-591 -1.3240868650618282e-05 0.0005427410492850249
-589 -1.7027821175786042e-06 0.0005482688759271219
-587 5.271971595112286e-06 0.0005421555089954708
-585 -1.96732036132043e-05 0.0005363307160155247
-583 -1.4682960545053547e-05 0.0005390390091235105
-581 -5.139262918341964e-06 0.0005313134363427591
-579 -9.996249905479047e-06 0.0005347063885722561
-577 2.4261328948404696e-05 0.0005638410974357526
-575 7.3087296231005636e-06 0.0005476707801983546
-573 1.8645691663911944e-05 0.0005672877407258818
-571 3.690454032418661e-06 0.0005611996834560836
-569 -3.1927914084102336e-06 0.0005755769162433002
-567 1.7420115630510713e-05 0.0005634772452506662
-565 1.6880584840898623e-06 0.0005548266557202918
-563 2.223280019019233e-06 0.0005582087281512586
-561 2.1097844071572004e-06 0.0005710142354520144
-559 -1.440730289130767e-05 0.0005357650942043056
-557 7.65955241284319e-06 0.0005976032177735382
-555 6.838995001831235e-06 0.0005610877291526524
-553 6.440734338260177e-06 0.0005908581958963553
-551 5.167751380023061e-07 0.0005583461412996958
-549 1.0263136936276933e-05 0.000579272408043231
-547 2.1086354785942965e-05 0.0005844709003823075
-545 3.0481707171547778e-06 0.000584905057607212
-543 -6.3254780672757795e-06 0.0005665289308351822
-541 3.07043468790694e-05 0.0005687066872764537
-539 9.49199346735059e-06 0.0006018761957544388
-537 1.6233269861248726e-06 0.000602490920821765
-535 1.8594360557200028e-05 0.0005983289382312024
-533 -2.968028011037906e-05 0.0005974915394135856
-531 -1.1432805889117031e-05 0.000632713657678206
-529 -1.603451148492278e-05 0.0005939099572317756
-527 6.094187801652773e-07 0.0006277145699881385
-525 -7.627891347460585e-06 0.0006061916711302054
-523 -7.888797908630975e-06 0.0006075376981279673
-521 1.3664669046248729e-05 0.0006196813946989146
-519 1.6005558994012767e-05 0.0005934017565675944
-517 -3.222791570266105e-06 0.0006195069518652916
-515 1.3130350342648223e-05 0.0006164193639431072
-513 1.6573332586894672e-05 0.0006252071807852195
-511 -1.018028925907063e-05 0.0005959283573782727
-509 -7.7061233278975e-06 0.0006269074408905743
-507 -1.3784310965647731e-05 0.0006186584482580658
-505 1.4436691519509527e-05 0.0006372028836294422
-503 2.0702690231028115e-07 0.0006309754626355143
-501 -6.501347108830589e-06 0.0006380050172390512
-499 -2.9723408225544754e-05 0.000633339519274531
-497 -8.236199622404051e-06 0.0006533189428680336
-495 -8.334664092931378e-06 0.0006210092761419687
-493 2.107220854365283e-05 0.0006540854464314675
-491 2.986202506596905e-05 0.0006762508466095797
-489 2.726844469147859e-07 0.0006446247257478767
-487 1.3688219666300593e-06 0.0006694079946776082
-485 9.084193222125655e-07 0.0006688866179011496
-483 1.6807913303089186e-05 0.0006668711520818374
-481 -1.1424686000347549e-05 0.0006460388676869347
-479 -4.818609478896417e-06 0.0006607498292593452
-477 -4.64213654793763e-06 0.0006701797813427372
-475 -2.1753068784456382e-05 0.0006520658108319624
-473 3.124063382106108e-05 0.0006922631045955925
-471 8.434739544649848e-06 0.0006734583119188338
-469 -1.1409125584470253e-05 0.0006743389705907439
-467 -7.087647397113228e-06 0.0006693043587127729
-465 -3.394910631301019e-07 0.0006644330020621125
-463 -4.057955390293247e-06 0.0006740664672813675
-461 8.389950963485869e-06 0.0006695099910814732
-459 1.2356600033078498e-05 0.0006852215632675333
-457 5.411278460278236e-06 0.000715261136328509
-455 1.8937795219228417e-05 0.0006865367432535527
-453 1.1446424406002617e-05 0.0006915364231900716
-451 -1.7159461102285656e-06 0.0007024180563830628
-449 1.6435013776716212e-05 0.0007109809949911947
-447 -1.8094647297726612e-05 0.0007406129341459746
-445 -2.3730665325273456e-05 0.0006794339049026685
-443 2.3952040816449067e-05 0.0007484848774632496
-441 7.446977904554321e-06 0.0007098149422405529
-439 9.375125145453713e-06 0.0007509284224237764
-437 -2.4085315241789345e-05 0.0007295372037197674
-435 1.7107675956116392e-05 0.0007560429813738241
-433 1.2366477527897041e-05 0.0007370754011485177
-431 1.1280876168379172e-05 0.000732081324267243
-429 1.6650156786283787e-05 0.0007359631261156508
-427 1.9436098749318054e-05 0.0007378736761159155
-425 1.3591589755181449e-06 0.0007718590556134151
-423 1.6341846084534816e-05 0.0007538181560098385
-421 2.1632846105501982e-05 0.0007552259415337099
-419 9.804434584644085e-06 0.0007737971421411532
-417 1.91737149094166e-05 0.0007655873815523382
-415 8.686740230224882e-06 0.0007872074969275258
-413 1.1752192057779957e-05 0.0007638907502840591
-411 -1.0037803665423698e-05 0.0007730784262611111
-409 -7.967177816089393e-06 0.0007865300221702386
-407 4.553677919212207e-06 0.0007979809631326874
-405 2.7294163933172802e-05 0.0007779293649662212
-403 5.090097938613244e-06 0.0008332300762966362
-401 2.965120433333192e-06 0.0007725225678254339
-399 -2.1240061235669618e-05 0.0008042373121451569
-397 2.6205723361818677e-05 0.0007949504261456554
-395 -2.0729163530023213e-06 0.0008083533903576443
-393 2.2900239983827262e-05 0.000829718558233218
-391 -1.3944037038369298e-05 0.0008083608233145872
-389 4.66245775813619e-06 0.0008183051519840823
-387 1.0172987737940908e-05 0.0008150235704569333
-385 2.4819909070403407e-05 0.000828352969172136
-383 1.0735189452929833e-05 0.0008253813956871677
-381 -1.3905425535820322e-05 0.0008182298927129196
-379 -1.1584777958000572e-05 0.000849289793786921
-377 2.073828589524324e-06 0.0008194572024512305
-375 1.8764978698453374e-05 0.000852870466426897
-373 5.9442304189377e-06 0.0008411940052763757
-371 2.230976412990515e-06 0.0008582242637164353
-369 1.2618255839330183e-06 0.0008634625200142326
-367 1.9142316407283194e-06 0.0008456852052374628
-365 1.990849673959464e-05 0.000870468702717418
-363 -8.133407307907791e-06 0.0008709625603449633
-361 2.627799473180126e-06 0.000897757467528339
-359 9.79137054335055e-06 0.0008778163764942589
-357 -2.195464979248793e-05 0.0008985981447440764
-355 -1.1138416712240807e-05 0.0008840844283727456
-353 1.0174758334943161e-05 0.0008842920848933461
-351 -3.4331625448375556e-06 0.000929092836383776
-349 -1.1703158500701899e-05 0.0009092281329558301
-347 -7.135867754681845e-06 0.000907076298293001
-345 -6.6049078208675075e-06 0.0008958750084631934
-343 1.336153490242892e-05 0.0009372730183467982
-341 -9.995145815104665e-06 0.0009400780519775695
-339 -7.875072806463447e-06 0.0009412426963080502
-337 -1.570569327322631e-05 0.000941201780523144
-335 -7.07890451850786e-08 0.0009668263365482962
-333 4.25323711705058e-06 0.00092636145989559
-331 -7.999874421919733e-06 0.0009629539056840015
-329 1.118342663157591e-05 0.000982423922897196
-327 4.335906710634955e-06 0.0009747395108289724
-325 1.7980288174742814e-05 0.0010077056526093602
-323 -4.9935523775782375e-06 0.0009579528112186287
-321 -9.248306576697423e-06 0.0010041372755462765
-319 1.1695463016229865e-05 0.001014212771066527
-317 1.5490372313837596e-05 0.0010265169315854345
-315 -5.265986886144537e-06 0.0010026274613289463
-313 -7.916863108893311e-06 0.0010081642506881959
-311 -2.2033202509647715e-06 0.0010082994149798884
-309 -4.534183869248183e-06 0.001007597775353812
-307 -2.4006216401652474e-05 0.001035419464770054
-305 -3.928873300865647e-06 0.0010197784020451713
-303 3.5747352593915613e-06 0.0010806751619304121
-301 -7.013072928630398e-06 0.001039877541388385
-299 -2.8205297414315524e-07 0.0010698368728009867
-297 3.870976048271923e-07 0.0010713113474088878
-295 -1.1497334160899996e-05 0.001093275401081897
-293 -1.157397486172205e-05 0.001104645381684311
-291 1.0787095625986747e-05 0.0011032872037488168
-289 2.70904283557808e-05 0.001090188570727111
-287 1.1292311588037535e-05 0.001115541042979396
-285 -1.194684367183132e-05 0.0011141997404013927
-283 1.231713461968896e-05 0.0011173361022228116
-281 2.6489685343310357e-06 0.0010848453438173737
-279 1.6351976797265272e-05 0.0011506347309720815
-277 1.0922991248240006e-05 0.001159642095144409
-275 -1.6800591856885426e-05 0.001133942636689882
-273 1.1099145355419571e-05 0.0011703194005633357
-271 7.969115003085645e-06 0.0011730477585878772
-269 -1.178173068075125e-05 0.0011740233502592274
-267 -4.52582064742218e-06 0.0012026679008814308
-265 2.1358337502052735e-05 0.0011993442740884015
-263 1.5872476791686482e-06 0.0012061806909209492
-261 -1.3207644767898131e-05 0.0012068011190098568
-259 -2.2197274305658535e-06 0.001200695535209736
-257 -4.022077974864927e-06 0.0012492584019545387
-255 -2.875581791272502e-05 0.0012688649324606072
-253 1.8923781010010565e-05 0.0012693563168174036
-251 -1.3876236950308059e-06 0.0012598203885292737
-249 1.1103360454276995e-06 0.0012659925406634238
-247 -8.399279158277144e-06 0.0012923438903131744
-245 1.7069464935223353e-05 0.001290799715990959
-243 1.8294890541052445e-05 0.0013093906848627174
-241 7.290389201946545e-06 0.0013267974325657799
-239 2.766809141959942e-06 0.001339459371210679
-237 2.0622825295257413e-05 0.0013199340194789437
-235 -8.909374502220346e-06 0.0013565036156688746
-233 -3.5753292398582724e-06 0.0013609787971841868
-231 6.895330417955394e-06 0.0013437592531936936
-229 -3.647658035673033e-06 0.0014020408588265797
-227 2.2769287258189205e-05 0.0014181844175303368
-225 2.659747028837604e-06 0.001418367784684675
-223 -1.0174986669909693e-06 0.0014323215128064382
-221 1.0519062796131405e-05 0.00144776280679584
-219 -1.9566415879591976e-05 0.0014768280240839264
-217 7.775932028130302e-06 0.0014654006288644071
-215 -2.3018658051348827e-05 0.0014860132483870028
-213 2.9615088211815064e-05 0.0014791337029315989
-211 -2.142161606038348e-05 0.0015256300373210534
-209 -7.323048062927113e-06 0.0015266018126696018
-207 1.3354625527987265e-07 0.001550810397905699
-205 1.0545899200750089e-07 0.0015432990807040957
-203 -6.980615215818158e-06 0.001569946042242981
-201 3.915502540095221e-06 0.0015755445791218099
-199 -1.6343814630404728e-05 0.001599683674904405
-197 -6.610080952568174e-06 0.0016181058930433043
-195 -2.271701137689448e-05 0.0016165730702734193
-193 9.200877041049277e-06 0.001659732276547041
-191 -1.7072749596493003e-05 0.001661379680695341
-189 2.7532952558673463e-05 0.0016977325089172833
-187 -2.9139727209800194e-06 0.0016760468846176541
-185 4.057465869907632e-06 0.0017008681804314412
-183 -3.0709615457229465e-08 0.0017364154665454002
-181 -1.5372428436553045e-05 0.0017659474323299827
-179 -7.729532813785758e-07 0.0017853177888003564
-177 2.9122688755742286e-05 0.00182159909668405
-175 9.779533714284486e-06 0.001810305748395815
-173 -9.829338582674216e-07 0.0018327888126348309
-171 1.958865484765418e-05 0.0018398367624900573
-169 4.476429117574556e-06 0.0018918260172786127
-167 -1.3973912677238508e-05 0.001912080414255705
-165 -1.8726666337612606e-06 0.0019371188982851993
-163 1.110927512426729e-05 0.0019603932145829347
-161 -5.992721800326362e-06 0.002004998748986127
-159 -1.0451517753820373e-05 0.002007358009487291
-157 -8.839636356814834e-06 0.002047776090613869
-155 -9.069420873950429e-06 0.002080128541060699
-153 -1.666985599398968e-05 0.0020885041165314925
-151 -1.5051401204265714e-06 0.0021313601768596984
-149 7.5446078223095934e-06 0.0021199549408819902
-147 -6.561950909728821e-07 0.00217950615385417
-145 1.934773735303397e-06 0.002226197017806563
-143 -6.269754163298912e-07 0.0021913163089045677
-141 -2.7740820891571253e-05 0.002262184497075585
-139 3.4469913317788746e-05 0.0022987735010134526
-137 1.5980316772755548e-05 0.0023478797065461204
-135 -2.349213600130732e-05 0.0023681174943166764
-133 2.5557164839796695e-06 0.0023802275626496946
-131 1.4582197155543058e-05 0.002422037201168134
-129 2.2237028190809795e-06 0.0024893233231917133
-127 6.289230787659364e-06 0.002521662759584376
-125 1.1158490058967572e-05 0.0025356056195982375
-123 1.959283906932778e-05 0.0025898151273833075
-121 8.818846806281193e-06 0.0026394450486149942
-119 1.473361829286028e-05 0.0026823944919148073
-117 2.81581306094869e-05 0.0027143055537142084
-115 3.489304377504021e-05 0.002763438650706366
-113 -6.099278968913932e-06 0.0028219152302328306
-111 -2.3442447723504508e-05 0.002846874564285581
-109 -1.582476409695436e-05 0.0029203087143478863
-107 -1.9359254210383093e-05 0.0029715083131665876
-105 -3.214277516810236e-05 0.0030422138670438475
-103 2.8795545974855467e-06 0.0030946229256400616
-101 1.7872290309114517e-05 0.003161542580522062
-99 3.0188719618605715e-05 0.0032008834446942158
-97 -9.535263263245323e-06 0.003260646792561274
-95 1.2814424255685917e-05 0.003339683473445133
-93 5.603969008380784e-06 0.0033985742192870275
-91 1.734474928300675e-05 0.003513986064013044
-89 -7.838609195448717e-06 0.0035989680630286233
-87 -1.407113156427882e-05 0.0036473433421491024
-85 1.3456463463076515e-05 0.0037386037191497043
-83 2.87957304230076e-05 0.00383037166288872
-81 -2.431704240107906e-06 0.003942850515351298
-79 -1.1125191931502846e-05 0.004010301915358611
-77 -5.821570958347493e-06 0.004137246233892475
-75 -2.0636039497227568e-05 0.0042507312355421845
-73 -1.4318140016322668e-07 0.004378835497555223
-71 2.9150279747201844e-05 0.004484405479541712
-69 -2.1914094275400897e-06 0.004596216165604232
-67 2.6492417233676567e-05 0.004745992410184985
-65 -1.4534361888753527e-05 0.004903421100784877
-63 -6.12459230697783e-06 0.005048824249540141
-61 2.2430251490895092e-05 0.005227692037814824
-59 3.7566067824701016e-06 0.0053960675469661495
-57 -6.24853880955889e-06 0.005597642278462637
-55 -2.3096990077834225e-05 0.005778214368702399
-53 -7.356614738723874e-06 0.0060091212567429395
-51 1.1438044035252042e-05 0.0062654649053347725
-49 -4.916549844558839e-06 0.006497753000024534
-47 -2.9964008732414422e-05 0.006771165326739844
-45 1.1477176129389951e-05 0.007073927259336712
-43 8.608107339521423e-06 0.007392668913677014
-41 -1.4650370490665569e-06 0.007755319761053021
-39 -1.6511384358336745e-05 0.00815920226261004
-37 -1.736360142511501e-05 0.008604780635154803
-35 3.5990300561310255e-05 0.009054861656606626
-33 2.6108229949349294e-06 0.009622980017428564
-31 1.3616753094298683e-05 0.010263595728762287
-29 1.8466046969150746e-05 0.010991415144096715
-27 7.324307444843948e-06 0.011779579172355866
-25 -3.0467741492768022e-05 0.012737752570118452
-23 1.002009002572881e-05 0.013865001664211495
-21 1.3552054993628671e-06 0.015158296525582447
-19 -5.153875361190869e-06 0.016758303862052574
-17 -2.97241725532671e-05 0.018719505163676913
-15 -1.0970113006758951e-05 0.021233465672786084
-13 -2.047845363357825e-05 0.024448806403552008
-11 6.065058851764342e-06 0.028914107656913116
-9 2.2527912894764668e-05 0.03535367361568045
-7 -8.69355875561987e-06 0.045415403097917154
-5 5.393365190143226e-07 0.06354532543351239
-3 3.4155020196624073e-06 0.10553120329930091
-1 8.769157009787347e-06 0.30378494437648157
1 8.76915700978928e-06 -0.30378494437648157
3 3.415502019662475e-06 -0.10553120329930091
5 5.39336519014348e-07 -0.06354532543351239
7 -8.693558755619845e-06 -0.045415403097917154
9 2.2527912894764668e-05 -0.03535367361568045
11 6.06505885176432e-06 -0.028914107656913116
13 -2.047845363357821e-05 -0.024448806403552008
15 -1.0970113006759202e-05 -0.021233465672786084
17 -2.9724172553266843e-05 -0.018719505163676913
19 -5.153875361190845e-06 -0.016758303862052574
21 1.3552054993628756e-06 -0.015158296525582447
23 1.0020090025728965e-05 -0.013865001664211495
25 -3.0467741492768178e-05 -0.012737752570118452
27 7.324307444843937e-06 -0.011779579172355866
29 1.846604696915073e-05 -0.010991415144096715
31 1.3616753094298694e-05 -0.010263595728762287
33 2.6108229949349476e-06 -0.009622980017428564
35 3.599030056131024e-05 -0.009054861656606626
37 -1.7363601425114998e-05 -0.008604780635154803
39 -1.6511384358336823e-05 -0.00815920226261004
41 -1.4650370490664188e-06 -0.007755319761053021
43 8.608107339521406e-06 -0.007392668913677014
45 1.1477176129389956e-05 -0.007073927259336712
47 -2.996400873241444e-05 -0.006771165326739844
49 -4.916549844558839e-06 -0.006497753000024534
51 1.1438044035252061e-05 -0.0062654649053347725
53 -7.356614738723829e-06 -0.0060091212567429395
55 -2.3096990077834344e-05 -0.005778214368702399
57 -6.2485388095588444e-06 -0.005597642278462637
59 3.7566067824700203e-06 -0.0053960675469661495
61 2.2430251490895035e-05 -0.005227692037814824
63 -6.1245923069777695e-06 -0.005048824249540141
65 -1.4534361888753625e-05 -0.004903421100784878
67 2.649241723367656e-05 -0.004745992410184985
69 -2.1914094275400846e-06 -0.004596216165604232
71 2.915027974720187e-05 -0.004484405479541712
73 -1.4318140016320465e-07 -0.004378835497555223
75 -2.0636039497227595e-05 -0.0042507312355421845
77 -5.821570958347498e-06 -0.004137246233892475
79 -1.1125191931502822e-05 -0.00401030191535861
81 -2.4317042401079993e-06 -0.0039428505153512984
83 2.8795730423007585e-05 -0.00383037166288872
85 1.3456463463076557e-05 -0.0037386037191497043
87 -1.4071131564278809e-05 -0.0036473433421491024
89 -7.838609195448718e-06 -0.0035989680630286233
91 1.7344749283006766e-05 -0.003513986064013044
93 5.603969008380765e-06 -0.0033985742192870275
95 1.2814424255685878e-05 -0.0033396834734451325
97 -9.535263263245238e-06 -0.003260646792561274
99 3.01887196186057e-05 -0.0032008834446942158
101 1.787229030911452e-05 -0.003161542580522062
103 2.879554597485559e-06 -0.0030946229256400616
105 -3.214277516810243e-05 -0.0030422138670438475
107 -1.9359254210383106e-05 -0.002971508313166588
109 -1.582476409695436e-05 -0.0029203087143478863
111 -2.3442447723504488e-05 -0.002846874564285581
113 -6.099278968913932e-06 -0.0028219152302328306
115 3.489304377504019e-05 -0.002763438650706366
117 2.8158130609486927e-05 -0.0027143055537142084
119 1.473361829286019e-05 -0.0026823944919148073
121 8.818846806281355e-06 -0.0026394450486149942
123 1.959283906932776e-05 -0.0025898151273833075
125 1.1158490058967572e-05 -0.002535605619598237
127 6.28923078765936e-06 -0.002521662759584376
129 2.223702819081029e-06 -0.0024893233231917133
131 1.458219715554302e-05 -0.002422037201168134
133 2.55571648397965e-06 -0.0023802275626496946
135 -2.349213600130735e-05 -0.0023681174943166764
137 1.5980316772755636e-05 -0.0023478797065461204
139 3.446991331778874e-05 -0.0022987735010134526
141 -2.7740820891571246e-05 -0.002262184497075585
143 -6.269754163298692e-07 -0.0021913163089045677
145 1.9347737353033363e-06 -0.002226197017806563
147 -6.561950909728626e-07 -0.00217950615385417
149 7.544607822309592e-06 -0.0021199549408819902
151 -1.5051401204266082e-06 -0.0021313601768596984
153 -1.6669855993989635e-05 -0.0020885041165314925
155 -9.069420873950482e-06 -0.002080128541060699
157 -8.839636356814682e-06 -0.002047776090613869
159 -1.0451517753820488e-05 -0.0020073580094872915
161 -5.992721800326622e-06 -0.002004998748986127
163 1.1109275124267391e-05 -0.0019603932145829347
165 -1.8726666337613042e-06 -0.0019371188982851993
167 -1.3973912677238442e-05 -0.001912080414255705
169 4.476429117574586e-06 -0.0018918260172786129
171 1.9588654847654214e-05 -0.0018398367624900573
173 -9.82933858267439e-07 -0.0018327888126348309
175 9.77953371428449e-06 -0.001810305748395815
177 2.9122688755742323e-05 -0.00182159909668405
179 -7.729532813785444e-07 -0.0017853177888003564
181 -1.5372428436553068e-05 -0.0017659474323299827
183 -3.070961545720998e-08 -0.0017364154665454002
185 4.057465869907606e-06 -0.0017008681804314414
187 -2.913972720980013e-06 -0.0016760468846176541
189 2.7532952558673443e-05 -0.0016977325089172833
191 -1.7072749596492972e-05 -0.001661379680695341
193 9.200877041049218e-06 -0.001659732276547041
195 -2.2717011376894496e-05 -0.0016165730702734193
197 -6.610080952568199e-06 -0.0016181058930433043
199 -1.634381463040462e-05 -0.0015996836749044051
201 3.915502540095198e-06 -0.0015755445791218097
203 -6.9806152158181664e-06 -0.001569946042242981
205 1.0545899200751614e-07 -0.0015432990807040957
207 1.3354625527980658e-07 -0.001550810397905699
209 -7.323048062927157e-06 -0.0015266018126696018
211 -2.1421616060383426e-05 -0.0015256300373210534
213 2.9615088211815043e-05 -0.0014791337029315989
215 -2.301865805134888e-05 -0.0014860132483870028
217 7.775932028130385e-06 -0.0014654006288644071
219 -1.9566415879591976e-05 -0.0014768280240839266
221 1.0519062796131402e-05 -0.00144776280679584
223 -1.0174986669909439e-06 -0.001432321512806438
225 2.659747028837601e-06 -0.001418367784684675
227 2.276928725818922e-05 -0.0014181844175303368
229 -3.6476580356730864e-06 -0.0014020408588265797
231 6.895330417955399e-06 -0.0013437592531936936
233 -3.5753292398582703e-06 -0.0013609787971841868
235 -8.909374502220343e-06 -0.0013565036156688746
237 2.062282529525744e-05 -0.0013199340194789437
239 2.7668091419597717e-06 -0.0013394593712106788
241 7.290389201946591e-06 -0.0013267974325657799
243 1.829489054105248e-05 -0.0013093906848627174
245 1.7069464935223353e-05 -0.001290799715990959
247 -8.39927915827716e-06 -0.0012923438903131744
249 1.110336045427697e-06 -0.0012659925406634238
251 -1.3876236950308025e-06 -0.0012598203885292737
253 1.8923781010010552e-05 -0.0012693563168174036
255 -2.8755817912725018e-05 -0.0012688649324606072
257 -4.022077974864846e-06 -0.0012492584019545387
259 -2.2197274305658712e-06 -0.001200695535209736
261 -1.320764476789816e-05 -0.0012068011190098568
263 1.5872476791686744e-06 -0.0012061806909209492
265 2.1358337502052677e-05 -0.0011993442740884015
267 -4.525820647422202e-06 -0.0012026679008814308
269 -1.1781730680751232e-05 -0.0011740233502592274
271 7.969115003085676e-06 -0.0011730477585878772
273 1.1099145355419582e-05 -0.0011703194005633357
275 -1.6800591856885457e-05 -0.001133942636689882
277 1.0922991248239999e-05 -0.001159642095144409
279 1.6351976797265404e-05 -0.0011506347309720815
281 2.6489685343306664e-06 -0.0010848453438173737
283 1.2317134619688983e-05 -0.0011173361022228116
285 -1.194684367183134e-05 -0.0011141997404013927
287 1.1292311588037523e-05 -0.001115541042979396
289 2.709042835578081e-05 -0.001090188570727111
291 1.0787095625986744e-05 -0.0011032872037488168
293 -1.157397486172206e-05 -0.001104645381684311
295 -1.1497334160900023e-05 -0.001093275401081897
297 3.870976048272118e-07 -0.0010713113474088878
299 -2.8205297414318933e-07 -0.0010698368728009867
301 -7.013072928630428e-06 -0.0010398775413883851
303 3.574735259391551e-06 -0.0010806751619304121
305 -3.928873300865686e-06 -0.0010197784020451713
307 -2.400621640165247e-05 -0.001035419464770054
309 -4.534183869248168e-06 -0.001007597775353812
311 -2.203320250964759e-06 -0.0010082994149798884
313 -7.91686310889326e-06 -0.0010081642506881959
315 -5.265986886144492e-06 -0.0010026274613289463
317 1.549037231383758e-05 -0.0010265169315854345
319 1.1695463016229521e-05 -0.001014212771066527
321 -9.248306576697299e-06 -0.0010041372755462763
323 -4.993552377578217e-06 -0.0009579528112186287
325 1.7980288174742838e-05 -0.0010077056526093602
327 4.335906710634967e-06 -0.0009747395108289724
329 1.1183426631575914e-05 -0.000982423922897196
331 -7.999874421919749e-06 -0.0009629539056840015
333 4.253237117050617e-06 -0.0009263614598955899
335 -7.078904518506335e-08 -0.0009668263365482963
337 -1.570569327322629e-05 -0.0009412017805231439
339 -7.875072806463429e-06 -0.0009412426963080502
341 -9.995145815104679e-06 -0.0009400780519775696
343 1.3361534902428943e-05 -0.0009372730183467982
345 -6.604907820867494e-06 -0.0008958750084631934
347 -7.135867754681881e-06 -0.000907076298293001
349 -1.1703158500701934e-05 -0.0009092281329558301
351 -3.4331625448375403e-06 -0.0009290928363837759
353 1.017475833494316e-05 -0.0008842920848933461
355 -1.1138416712240824e-05 -0.0008840844283727456
357 -2.1954649792487958e-05 -0.0008985981447440764
359 9.791370543350543e-06 -0.0008778163764942589
361 2.627799473180017e-06 -0.0008977574675283392
363 -8.133407307907782e-06 -0.0008709625603449633
365 1.9908496739594665e-05 -0.000870468702717418
367 1.914231640728337e-06 -0.0008456852052374628
369 1.2618255839330552e-06 -0.0008634625200142326
371 2.230976412990524e-06 -0.0008582242637164353
373 5.944230418937725e-06 -0.0008411940052763757
375 1.876497869845338e-05 -0.000852870466426897
377 2.0738285895243166e-06 -0.0008194572024512305
379 -1.1584777958000589e-05 -0.000849289793786921
381 -1.39054255358203e-05 -0.0008182298927129196
383 1.073518945292983e-05 -0.0008253813956871677
385 2.4819909070403373e-05 -0.0008283529691721359
387 1.0172987737940933e-05 -0.0008150235704569333
389 4.662457758136153e-06 -0.0008183051519840823
391 -1.3944037038369309e-05 -0.0008083608233145872
393 2.2900239983827252e-05 -0.000829718558233218
395 -2.0729163530023323e-06 -0.0008083533903576443
397 2.6205723361818633e-05 -0.0007949504261456553
399 -2.1240061235669337e-05 -0.0008042373121451569
401 2.965120433333432e-06 -0.0007725225678254342
403 5.090097938613209e-06 -0.0008332300762966362
405 2.7294163933172792e-05 -0.0007779293649662212
407 4.553677919212198e-06 -0.0007979809631326874
409 -7.967177816089498e-06 -0.0007865300221702388
411 -1.003780366542357e-05 -0.0007730784262611112
413 1.1752192057779958e-05 -0.000763890750284059
415 8.686740230224787e-06 -0.0007872074969275259
417 1.917371490941657e-05 -0.0007655873815523381
419 9.804434584644075e-06 -0.0007737971421411535
421 2.1632846105502094e-05 -0.0007552259415337098
423 1.6341846084534765e-05 -0.0007538181560098384
425 1.3591589755181237e-06 -0.0007718590556134151
427 1.943609874931804e-05 -0.0007378736761159155
429 1.6650156786283787e-05 -0.0007359631261156508
431 1.128087616837916e-05 -0.000732081324267243
433 1.2366477527897084e-05 -0.0007370754011485177
435 1.7107675956116402e-05 -0.0007560429813738241
437 -2.4085315241789352e-05 -0.0007295372037197674
439 9.37512514545377e-06 -0.0007509284224237764
441 7.446977904554369e-06 -0.000709814942240553
443 2.395204081644906e-05 -0.0007484848774632497
445 -2.373066532527341e-05 -0.0006794339049026685
447 -1.809464729772663e-05 -0.0007406129341459746
449 1.643501377671617e-05 -0.0007109809949911947
451 -1.7159461102285572e-06 -0.0007024180563830628
453 1.1446424406002624e-05 -0.0006915364231900716
455 1.893779521922836e-05 -0.0006865367432535527
457 5.41127846027822e-06 -0.0007152611363285092
459 1.2356600033078488e-05 -0.0006852215632675333
461 8.389950963485862e-06 -0.0006695099910814732
463 -4.057955390293259e-06 -0.0006740664672813675
465 -3.3949106313014256e-07 -0.0006644330020621125
467 -7.087647397113233e-06 -0.0006693043587127729
469 -1.1409125584470234e-05 -0.0006743389705907439
471 8.434739544649851e-06 -0.0006734583119188338
473 3.124063382106107e-05 -0.0006922631045955925
475 -2.1753068784456446e-05 -0.0006520658108319624
477 -4.642136547937589e-06 -0.0006701797813427373
479 -4.81860947889616e-06 -0.0006607498292593455
481 -1.14246860003477e-05 -0.0006460388676869346
483 1.6807913303089206e-05 -0.0006668711520818374
485 9.084193222125638e-07 -0.0006688866179011497
487 1.3688219666300644e-06 -0.0006694079946776081
489 2.72684446914802e-07 -0.0006446247257478767
491 2.986202506596904e-05 -0.0006762508466095797
493 2.1072208543652817e-05 -0.0006540854464314675
495 -8.334664092931359e-06 -0.0006210092761419687
497 -8.236199622404024e-06 -0.0006533189428680337
499 -2.9723408225544778e-05 -0.000633339519274531
501 -6.501347108830617e-06 -0.0006380050172390512
503 2.070269023102693e-07 -0.0006309754626355143
505 1.4436691519509476e-05 -0.0006372028836294423
507 -1.3784310965647718e-05 -0.0006186584482580658
509 -7.70612332789749e-06 -0.0006269074408905743
511 -1.0180289259070639e-05 -0.0005959283573782727
513 1.6573332586894676e-05 -0.0006252071807852195
515 1.3130350342648236e-05 -0.0006164193639431072
517 -3.222791570266084e-06 -0.0006195069518652916
519 1.600555899401259e-05 -0.0005934017565675944
521 1.3664669046248761e-05 -0.0006196813946989146
523 -7.888797908630945e-06 -0.0006075376981279673
525 -7.6278913474605745e-06 -0.0006061916711302055
527 6.094187801652379e-07 -0.0006277145699881385
529 -1.6034511484922826e-05 -0.0005939099572317756
531 -1.1432805889117033e-05 -0.000632713657678206
533 -2.9680280110379055e-05 -0.0005974915394135856
535 1.8594360557200024e-05 -0.0005983289382312024
537 1.623326986124881e-06 -0.0006024909208217649
539 9.491993467350577e-06 -0.0006018761957544388
541 3.07043468790694e-05 -0.0005687066872764538
543 -6.325478067275799e-06 -0.0005665289308351822
545 3.0481707171547634e-06 -0.0005849050576072119
547 2.1086354785942992e-05 -0.0005844709003823075
549 1.026313693627694e-05 -0.000579272408043231
551 5.167751380023426e-07 -0.0005583461412996958
553 6.4407343382602024e-06 -0.0005908581958963553
555 6.838995001831207e-06 -0.0005610877291526524
557 7.659552412843195e-06 -0.0005976032177735382
559 -1.4407302891307521e-05 -0.0005357650942043056
561 2.109784407157175e-06 -0.0005710142354520144
563 2.22328001901923e-06 -0.0005582087281512587
565 1.68805848408988e-06 -0.0005548266557202918
567 1.742011563051073e-05 -0.0005634772452506663
569 -3.1927914084102434e-06 -0.0005755769162433002
571 3.690454032418683e-06 -0.0005611996834560836
573 1.864569166391193e-05 -0.0005672877407258818
575 7.308729623100567e-06 -0.0005476707801983546
577 2.426132894840473e-05 -0.0005638410974357526
579 -9.996249905479032e-06 -0.0005347063885722561
581 -5.13926291834194e-06 -0.0005313134363427591
583 -1.4682960545053493e-05 -0.0005390390091235105
585 -1.967320361320426e-05 -0.0005363307160155247
587 5.271971595112252e-06 -0.0005421555089954708
589 -1.7027821175786195e-06 -0.0005482688759271219
591 -1.3240868650618255e-05 -0.0005427410492850249
593 6.491500828150334e-06 -0.000561351651984351
595 4.479975919624293e-06 -0.0005442302451656559
597 2.7033412502150493e-05 -0.0005761972075894737
599 -6.325426787233004e-06 -0.0005337674506626955
601 -1.905099358213756e-05 -0.000516024859710554
603 1.7194272891026574e-05 -0.0005322784699282357
605 -3.6526808885868802e-06 -0.0005132376383340678
607 -6.231667500969891e-06 -0.0005533461050871566
609 -1.4063315739209843e-05 -0.0005316813476372422
611 2.595222399887392e-06 -0.0005335550737171859
613 -8.621099606731332e-07 -0.0005094886034500763
615 1.981984649642113e-05 -0.0005288107085178196
617 -8.479036424744617e-06 -0.0005211554315335867
619 -7.076778382687842e-07 -0.000499772951629981
621 -7.560238901740196e-06 -0.0005370582667699522
623 1.0096579047172373e-05 -0.0004969498738942581
625 1.026152505458164e-05 -0.0005224142006358675
627 7.276003470333296e-06 -0.0005184718081990091
629 1.748168257065624e-05 -0.0005038355642333034
631 9.93651181515273e-06 -0.0005047401594977563
633 -2.622896756213422e-05 -0.0004994806470254181
635 9.037883182767942e-06 -0.0004900085713223836
637 3.7105473698620132e-06 -0.0005065974301753782
639 -8.94057962706595e-06 -0.000490907156451497
641 -2.108249490943214e-05 -0.0004970906888897258
643 -3.011750569643664e-08 -0.0005130613928457572
645 -3.32769000320665e-05 -0.00048427531624637164
647 5.792594079768645e-06 -0.000517764907688854
649 -6.151801252361218e-06 -0.0005120837652530251
651 3.851064640885863e-06 -0.00048161615383597074
653 -1.583841738283631e-05 -0.0004983413694603932
655 8.529436332110216e-06 -0.0004788881013012532
657 2.246288814775425e-05 -0.00048354991731192016
659 1.1851080439256351e-05 -0.0004746247647492199
661 -9.094536839902547e-06 -0.0005028244912435894
663 3.990884626465728e-06 -0.0004758220782244536
665 -3.7057165876204964e-05 -0.00048010513704743214
667 1.9679675010485555e-05 -0.00043296308228977473
669 5.042921165276309e-06 -0.0004854366260879214
671 -5.763953996634072e-06 -0.0004770598318475238
673 8.271709677402413e-06 -0.00046702825949444826
675 -2.0165031587376897e-05 -0.00047842059774117363
677 -1.2546046919073425e-05 -0.0004745264551794
679 2.5355863647637294e-06 -0.00048027324586660645
681 1.6084638187333018e-05 -0.0004789170309244482
683 1.4745052504551263e-06 -0.00046331803939914063
685 5.690747947754377e-06 -0.00046764111885679873
687 -2.15952454315714e-05 -0.00047499695624726544
689 8.473263251168563e-07 -0.0004521471931217685
691 -6.367785726233903e-06 -0.00046891724011068574
693 2.5037251500404345e-05 -0.0004581259158003156
695 -1.774495513677295e-05 -0.000440565357564338
697 6.873256166797537e-06 -0.0004656569294635183
699 1.9426399005456683e-05 -0.000455369601019233
701 8.358526875070943e-06 -0.000442421483118154
703 1.643561302568382e-05 -0.00047108946490689635
705 1.1502488493688321e-05 -0.0004384221309748988
707 1.0508388046770476e-05 -0.0004718936647256741
709 7.028681588630728e-07 -0.00043957899699407946
711 -3.257782092824767e-05 -0.00043514455304856923
713 -3.831409862483431e-05 -0.00042192013305919636
715 -3.644837930351079e-05 -0.0004491402420149293
717 -9.526160256742347e-06 -0.0004301059949083371
719 1.9541844543293946e-07 -0.0004228669400305508
721 4.645969626121995e-06 -0.0004499874962099238
723 1.4874068853597306e-05 -0.00043299365041500946
725 2.043576719461584e-06 -0.00045112739741869334
727 -4.312866304310899e-06 -0.00045021834797305115
729 -1.5520354172580275e-05 -0.0004194239357238092
731 -1.52246842286528e-05 -0.00043471565056855065
733 -1.480240286070067e-05 -0.00041546057686984625
735 4.157586306546369e-06 -0.00044248415490857115
737 2.073866681623559e-05 -0.00042634287243926934
739 -2.2055755351607873e-05 -0.0004517193647926011
741 1.508067048353793e-05 -0.0004231578956230832
743 -2.3882903169452617e-05 -0.0004274934584638837
745 8.396291967197995e-06 -0.00043372771855767193
747 2.6167997346240658e-05 -0.0004451014226357583
749 1.1539037885735841e-05 -0.0004316787918702227
751 -8.261632644047106e-07 -0.00042951972236805595
753 1.009754397120055e-05 -0.00040039854978123404
755 -1.3290965379869511e-05 -0.00041913045223675584
757 -1.078307505534306e-05 -0.00041873832460070687
759 -1.409530285394087e-05 -0.000411324533927241
761 -4.5868353606312215e-05 -0.00040600058165565637
763 3.13193445563374e-06 -0.0004293137107619778
765 -7.416109526140225e-06 -0.0004086737271496826
767 -1.997590172330546e-06 -0.0004218381672719079
769 -1.184656189013001e-05 -0.0004230286268527497
771 -1.463348261795869e-05 -0.0004095516479486751
773 1.5958705083137917e-05 -0.00042553896402685774
775 -2.3068211940205766e-05 -0.00042717672722457974
777 2.672403366994789e-05 -0.000422339363094666
779 -6.117285619954541e-06 -0.00037770014025813596
781 9.871306373878664e-06 -0.00040392131608418976
783 1.498169514915689e-05 -0.0004172111128375496
785 1.555587580322662e-05 -0.0004154065542420608
787 -4.250917992356238e-07 -0.00039517963759119046
789 9.022444073982782e-06 -0.0003924872990748886
791 -2.2931988993078033e-05 -0.0003886365243846901
793 2.8615870741568296e-06 -0.0003898707800762263
795 5.478373083052472e-06 -0.00039585664857722777
797 -1.5590968435473609e-06 -0.00041811248572889596
799 2.3194117589644133e-05 -0.00039241838524107077
801 -1.475209830535561e-05 -0.0004039950456074212
803 1.559043167159471e-05 -0.0004130206700897324
805 -1.5087469945494005e-05 -0.00039366587044014414
807 1.1740070502364476e-05 -0.00038018555086218427
809 -1.5313146222968613e-06 -0.0004032835190865177
811 -4.281611786021733e-06 -0.00039682753673866294
813 -5.373115965344326e-06 -0.00038601355117084165
815 -2.1569730613818715e-06 -0.00038794528840601896
817 2.1168671490254735e-05 -0.0003556820548757697
819 2.056226950164895e-05 -0.0004066318683671692
821 7.121772942204477e-06 -0.00038500057063755965
823 5.303595233314108e-06 -0.0004006385445879592
825 -4.036636961656957e-05 -0.00041873637652558573
827 7.2223481318417615e-06 -0.00037412643707426986
829 -3.2747100962961875e-06 -0.00039925041591145103
831 -2.3820879811013163e-05 -0.00038403303831664975
833 4.511547688127541e-06 -0.0004034963464997934
835 -8.561134735916209e-06 -0.00038811945273477006
837 9.723156531798464e-06 -0.0003691532261775828
839 -1.3229157509405185e-05 -0.00037511000017490903
841 -1.5514467985199727e-05 -0.0003969940897915482
843 3.4446707696175416e-06 -0.00038722994206748685
845 2.9548784686024332e-06 -0.0003672951270291767
847 8.958421677551097e-06 -0.0003723209781649913
849 -2.82425348564037e-05 -0.00036918696461489265
851 -4.730857656435362e-06 -0.00037428440126627765
853 -9.348408890167072e-08 -0.0003621759499535912
855 -2.389446103743288e-05 -0.0004026345214441315
857 2.2210216889812384e-05 -0.0003765790110119181
859 3.979951576138012e-05 -0.0003986576456917263
861 3.828366172252934e-05 -0.0003811230575898843
863 1.0771981321031026e-06 -0.00037061817563145086
865 6.065416811061199e-06 -0.00037586112565583146
867 -3.5200342763069635e-06 -0.0003888022357889919
869 3.0312164456223127e-06 -0.0003600811773050442
871 -2.0910301591072328e-05 -0.00036659348522220553
873 -2.93145259199861e-07 -0.00035134886950582224
875 -1.2907609658312061e-05 -0.00038186157074340484
877 4.656854496880112e-06 -0.00036868387159814605
879 9.446171800655774e-06 -0.00033778030563002756
881 -2.266164075029063e-06 -0.0003743758069253239
883 3.579147967655618e-05 -0.0003500008128669642
885 -1.3232100916927883e-05 -0.00033771279036015655
887 -9.79323555726162e-06 -0.00036347084246707214
889 -4.870586438432679e-07 -0.00036687722462069324
891 -1.3842093243203595e-05 -0.00035035583898168036
893 2.9138698955339924e-07 -0.0003499870526687071
895 -1.2180305673107579e-05 -0.0003598119946986512
897 -1.401538046326097e-05 -0.00038329272404324986
899 2.363518423229988e-05 -0.0003430591319293753
901 5.941869476434551e-06 -0.0003665500130500288
903 4.421350389698491e-06 -0.00035292314487296063
905 1.4222210386823618e-05 -0.00033371890743911516
907 -2.0753577027505793e-06 -0.00036074144249483513
909 -1.116346650493332e-05 -0.0003639363293908915
911 -3.732837877009299e-06 -0.0003542545130211619
913 1.4051984294674424e-05 -0.00031633397636177856
915 -6.362151172133348e-06 -0.000343449324490794
917 -1.3478018774265209e-05 -0.00032910409632277336
919 3.582995345757725e-06 -0.0003798443149925509
921 -2.4954074669954443e-05 -0.0003573545355315908
923 -1.5328790867357334e-05 -0.0003313574428848675
925 3.900437884448376e-05 -0.0003579375716238444
927 -3.161461049924035e-05 -0.0003403023555759687
929 1.8923843704561573e-05 -0.00036182426765466553
931 9.918979009157519e-06 -0.0003594448886596566
933 1.4936349324417697e-06 -0.0003557467398688057
935 6.652852749455989e-06 -0.0003420047540180047
937 8.656318954912435e-06 -0.0003371458073181169
939 -2.6582698431885584e-06 -0.00036926057634308323
941 -7.017024141496818e-06 -0.00034497223637390567
943 2.443107634169278e-05 -0.00033221851465257155
945 1.7510456373317643e-07 -0.00034914288639868594
947 4.6144292396782075e-06 -0.00032061464145050354
949 -4.598856186247113e-06 -0.0003024930665517647
951 -2.134316781270094e-05 -0.00033040949502417377
953 -2.2132577189476365e-06 -0.00030649156253956803
955 4.580577455167945e-06 -0.000315718202273781
957 -1.5467525169203026e-05 -0.00033006140860597277
959 -1.0378610781846811e-05 -0.00032870028844772276
961 9.305259109308272e-06 -0.00032724039653815503
963 -5.2975899618078655e-06 -0.00034112241820671586
965 1.1437539869464093e-05 -0.00033639978513335034
967 9.074434969610575e-06 -0.0003342059847733377
969 -4.453432281893994e-07 -0.0003154728003626026
971 -1.2333627942903467e-05 -0.0003194461035059746
973 5.1113904118508445e-06 -0.00033972632004413306
975 -6.290894623491298e-06 -0.00033907857044100014
977 -2.3050932369168093e-05 -0.0003283039264515883
979 -2.226776961893155e-06 -0.0003307876738913823
981 3.62031132203088e-06 -0.0003267083149453584
983 -7.092402691023565e-06 -0.0003251091539427848
985 -4.34641759408631e-06 -0.000321834732563319
987 -2.9681664679723225e-06 -0.0003086519380780471
989 6.949428042318204e-06 -0.0003471035580145825
991 2.6746483275820832e-05 -0.0002980543566638575
993 -9.29087818503392e-06 -0.0003198917429940048
995 8.52298270968029e-06 -0.0003024946384641778
997 4.001333109215986e-06 -0.00032923934960954097
999 2.449072225211075e-06 -0.00031012209006772424
1001 5.888230551685935e-06 -0.00030228246313256064
1003 -5.827507058154943e-06 -0.0003233251792142789
1005 2.3305046467723544e-05 -0.0003292226430464833
1007 1.5171862992345726e-05 -0.00033453354525956935
1009 -2.7272655634668415e-05 -0.00031461698706441825
1011 -1.0135935348296126e-05 -0.0003087415055445191
1013 -1.3914540554915554e-05 -0.00030985234128677304
1015 2.75313161882328e-05 -0.0002914831209541366
1017 5.125775992501985e-06 -0.0003186431509783497
1019 -5.5204901537857705e-06 -0.0003023819622863961
1021 -9.409627191082384e-06 -0.0003062213158841501
1023 2.476409632347893e-05 -0.00032470030207110194
1025 -5.150639872702161e-06 -0.0003390341181936117
1027 2.820116430584749e-06 -0.00029557917321934525
1029 9.081154129352666e-06 -0.0003061811474281801
1031 2.194373834027573e-06 -0.0003141916179424843
1033 1.131305026598395e-05 -0.0003134651872944319
1035 -1.3178048110193392e-05 -0.00028551702365248307
1037 6.792972841002899e-06 -0.0003009480828170418
1039 -2.4543983618246388e-05 -0.0002731609215117254
1041 -3.061137897621284e-06 -0.0003002621642713031
1043 6.604297976229116e-06 -0.00031186535211911125
1045 -7.222405372206003e-06 -0.00032300852365602285
1047 1.8181492089491525e-05 -0.00028928681543994726
1049 -4.1167115613250665e-07 -0.00029313217106739586
1051 1.2276256428926428e-05 -0.000298188731294613
1053 1.57496431236016e-05 -0.0003230590354221302
1055 7.665990728137897e-06 -0.00029865360167946045
1057 1.0391887427332414e-05 -0.0002921925779020909
1059 1.9378143791031277e-05 -0.0003083098922834412
1061 3.1718016643034745e-06 -0.0003038880726983715
1063 1.488755529396663e-06 -0.0003231728019944436
1065 -2.6303635780074795e-05 -0.00030682742375583134
1067 1.3315473226134306e-05 -0.000323086474794279
1069 -6.30796609790481e-06 -0.00028663868326798893
1071 -8.246178998934766e-06 -0.00029326064529164926
1073 7.83132169779788e-06 -0.00029367322621405047
1075 2.0649011899817908e-05 -0.00029008910958315683
1077 -6.756644368600461e-06 -0.0003073437939200749
1079 3.1315797592588733e-06 -0.00028417062906449845
1081 1.5413951866622283e-05 -0.00029926498739708373
1083 2.2021995206726265e-05 -0.0002857330668457384
1085 4.233803406329901e-06 -0.00030936054139766434
1087 -2.0683623356059067e-05 -0.0002825298525537424
1089 2.4293052724537334e-05 -0.0002764326120822068
1091 2.4075329517835492e-05 -0.0002934313910764726
1093 3.4332246559717422e-06 -0.0002775707606284594
1095 -1.1887083837441207e-05 -0.0003097508965096446
1097 1.5272487150569564e-05 -0.00024980220375076743
1099 -8.603261298301412e-06 -0.000308487118299088
1101 -1.5761583150263487e-05 -0.0002925210834930642
1103 -8.309832391631674e-07 -0.00028983010575721406
1105 5.197147974566518e-06 -0.00029795519877720637
1107 -5.309379021582172e-07 -0.00027550322987621005
1109 6.140983390694626e-06 -0.0003019814134045685
1111 -9.464935311179524e-06 -0.00026491776298266786
1113 -1.7115359956692187e-05 -0.0002878775953401335
1115 -3.5071741912108673e-06 -0.0002938244130564371
1117 9.995049531907383e-06 -0.0002884878852035135
1119 -1.2605430224742942e-05 -0.00026423697486043836
1121 -1.2132871368320784e-05 -0.00029992429013367313
1123 9.661194565314666e-06 -0.0002632655156438924
1125 -1.1082914993984876e-05 -0.0002712777498880351
1127 -4.896753111022379e-06 -0.0003048736268637473
1129 6.302979364873401e-06 -0.00028982768362128354
1131 4.9902814208843035e-06 -0.00029417255868217104
1133 1.5505355383607923e-05 -0.00028429378841780156
1135 1.6426266003872336e-05 -0.0002486405979222986
1137 1.87978556508222e-05 -0.0003144707263209319
1139 2.1406144406980868e-05 -0.0002529231477424031
1141 1.2903207482306042e-05 -0.00027977223618454053
1143 8.278284630990931e-07 -0.0002636917739452088
1145 -7.001690630082502e-06 -0.00026678195624406863
1147 -5.8232534375811054e-06 -0.0002893788995500046
1149 1.5532211767966942e-06 -0.00028167460385271955
1151 8.190028715248332e-06 -0.00026669124355150416
1153 1.9628342110068457e-05 -0.0002888686720536315
1155 -2.975988508183896e-05 -0.0002808449520697098
1157 -1.061932329702207e-05 -0.00026403938538387226
1159 -9.72167600799195e-07 -0.00027869819880044076
1161 -3.1573531099275295e-06 -0.00027297050526957383
1163 5.443728858111305e-06 -0.000259736653707935
1165 1.8785823153351885e-05 -0.00026051370331142763
1167 -4.22310477950829e-06 -0.00025633251743475407
1169 -1.4488036685698996e-06 -0.00025754979670898084
1171 1.3481966897837795e-05 -0.0002916486002041837
1173 7.055822747439892e-06 -0.00026485108825506534
1175 1.0490604729331954e-05 -0.0002673850165089954
1177 2.536083239733617e-06 -0.0002585729593799974
1179 -1.9032144421006312e-06 -0.0002474215224001907
1181 -2.3668478084967113e-06 -0.0002477872378412801
1183 -2.227170797486539e-05 -0.0002651047324455696
1185 1.2327429391638473e-05 -0.00027231308218241446
1187 -1.2764754627305666e-05 -0.0002744173601791642
1189 6.20255874979622e-07 -0.0002558183789813603
1191 1.4315589665217031e-05 -0.0002657575942139369
1193 1.1513692285382909e-05 -0.0002619393085518366
1195 -2.0538776584443553e-05 -0.00026201554879862454
1197 -6.635262281859381e-07 -0.0002728577713011203
1199 9.850449312619163e-06 -0.0002560346025741485
1201 1.4670996399527892e-06 -0.0002660685727807014
1203 -3.263871836483821e-05 -0.000293388284382479
1205 7.145223002322487e-06 -0.00027418783581994755
1207 -1.2264997998248881e-05 -0.00027806767379052994
1209 -3.6350885335649802e-06 -0.00026239807805426
1211 -1.3654217065122612e-05 -0.0002921713557087507
1213 4.646582308271457e-06 -0.00027850889888752367
1215 1.2433424900119756e-07 -0.0002765715957410029
1217 1.9769439832721734e-07 -0.0002578325094741337
1219 8.745233178290365e-06 -0.00024135723676495626
1221 -2.610910840763302e-05 -0.0002778001082328917
1223 -1.2595518719004772e-05 -0.00026745644204689644
1225 7.638192372594236e-06 -0.00024961346746586234
1227 1.1116917832499297e-05 -0.0002625097855261751
1229 1.1389198884584812e-05 -0.0002683827532399234
1231 -1.3798792434374257e-05 -0.0002522516963922491
1233 -2.1608050919784482e-05 -0.00026723824636956336
1235 -6.439917282365335e-06 -0.00025725024482909725
1237 -4.8927531329024075e-06 -0.00023014754242375166
1239 5.941605803153447e-06 -0.00025139150479174075
1241 1.4427699987690723e-05 -0.0002666775821733344
1243 -3.6689055615986887e-06 -0.0002701480444489964
1245 -1.1366113528720388e-05 -0.0002585878032372752
1247 -6.986264162015752e-06 -0.00026532241179336765
1249 -4.357293444415032e-06 -0.0002520698325034812
1251 1.2667092508307457e-05 -0.00022428393973254946
1253 1.8117571991048157e-05 -0.00023437025144318837
1255 -7.5379810624248164e-06 -0.00023893189245563737
1257 -2.3115016225505163e-06 -0.00024357937725379147
1259 -3.2833325166727303e-06 -0.00027354500199092526
1261 2.9740157104016648e-05 -0.0002607805372475435
1263 -2.265409931325354e-05 -0.0002692146169627056
1265 -1.893703572071618e-05 -0.0002588443826972635
1267 -7.853270420141475e-06 -0.00026107237207022527
1269 1.3946483996595736e-07 -0.00025996568599111626
1271 2.3804822972275726e-05 -0.00026598101331273615
1273 -1.1066088536626874e-06 -0.00025577527303224
1275 2.7226723188313972e-05 -0.00023496331419367342
1277 -9.147970764061837e-06 -0.00026568352717520183
1279 2.3920360512057335e-05 -0.00025409692550621175
1281 -1.8467105321980227e-05 -0.00023518262920659447
1283 1.1401074517893017e-05 -0.00025557817554684617
1285 5.895880022768229e-06 -0.0002456793529124916
1287 2.899054365099806e-06 -0.00025373283691200254
1289 -1.5543755802741044e-05 -0.00022650512853631622
1291 7.78508299366559e-06 -0.0002724091520013803
1293 -8.77166071604082e-07 -0.0002720910808030157
1295 1.1344044724804323e-05 -0.0002635969302909883
1297 -6.163943522170596e-06 -0.00022783653103421224
1299 1.3798981756570078e-05 -0.0002455051476659893
1301 -3.5237190890694363e-06 -0.00024346647270586243
1303 -5.442917022605946e-06 -0.0002643479319725857
1305 1.2903492689802342e-05 -0.0002497831911750063
1307 -2.9027719836250333e-06 -0.0002398679833180687
1309 1.0723134230216357e-05 -0.0002571106701340877
1311 5.411141598853488e-06 -0.00023405980392000528
1313 -3.3106631803307284e-06 -0.000257803816724417
1315 -1.10152027492373e-05 -0.0002328700693377643
1317 1.1704886885763609e-05 -0.0002444211204455889
1319 1.3291710234729236e-05 -0.0002865557768766484
1321 -1.8883723987598634e-05 -0.0002236318324710556
1323 7.043220927923924e-06 -0.0002459100618261302
1325 -2.2894758875759865e-05 -0.00023190926199852217
1327 -1.2979627481301364e-05 -0.0002352801954916298
1329 -7.21306643141787e-06 -0.0002504438816916153
1331 -7.79113664854162e-06 -0.00021653115972824203
1333 -4.348450244451228e-06 -0.0002188395794654714
1335 -1.3110793399475772e-06 -0.00024836202341099235
1337 -2.0081570199915912e-05 -0.000256948032588766
1339 -1.3001428480510766e-05 -0.00023460239070354557
1341 1.679659443341333e-05 -0.00020539138830434918
1343 -2.2276581583200742e-05 -0.000253051940651848
1345 3.4089437667695737e-06 -0.00022756165165160097
1347 2.2530229258032052e-06 -0.00021939945282087808
1349 2.610433377933896e-05 -0.00021927453059730767
1351 6.919442727247262e-07 -0.00023430755312406167
1353 3.504591010936233e-06 -0.00023017453860008604
1355 5.374130090430795e-07 -0.0002742656434386538
1357 -5.0203413584960415e-06 -0.00022318011931665843
1359 -6.147973226102225e-06 -0.00021364948666899173
1361 -4.235649659234546e-06 -0.00022730193743368226
1363 2.649730976103641e-06 -0.00025881811213195077
1365 -1.2430217488379668e-05 -0.00025053269514955785
1367 4.281404666842509e-05 -0.00024833733275208034
1369 6.221485225159886e-06 -0.00024443726235189245
1371 4.9856209737825686e-06 -0.00022800180957796494
1373 6.8619118280763935e-06 -0.0002548972974760442
1375 -1.078573315240322e-05 -0.0002397671503519027
1377 1.7717967220975655e-05 -0.00023219035476255075
1379 -8.996163208929661e-06 -0.00022467560225715853
1381 -1.7460684212069406e-05 -0.00021407461022838925
1383 2.1810024739134226e-05 -0.000210037540894187
1385 -1.696730460790564e-05 -0.00024930600702001557
1387 -2.1433017199883366e-05 -0.00023242715897731336
1389 6.323814105162916e-06 -0.00020264071841125664
1391 -1.2494685132564752e-05 -0.00023072653385242673
1393 -1.8440745996168565e-05 -0.00021428518190247834
1395 -7.739578986076702e-06 -0.00023043117106016198
1397 -1.4266776689492057e-05 -0.0002227553622425936
1399 1.3666305201393349e-05 -0.00023066920268369526
1401 1.7109789813719236e-05 -0.00022049868838547117
1403 1.3724638848991904e-05 -0.00021471726084394983
1405 7.209256684180084e-06 -0.00022527374998697366
1407 -1.2631084559323078e-05 -0.00022156517011339102
1409 1.8244817431460316e-05 -0.00023027688550836814
1411 1.9980223845662707e-05 -0.00022771581612635362
1413 -1.8381021784588936e-05 -0.00022668109556578584
1415 2.6038250770707426e-05 -0.00021980476078329778
1417 1.2783715889561677e-05 -0.00022016165122000573
1419 -4.037952776276073e-06 -0.0001980389435233794
1421 2.7436643653874766e-05 -0.0002187733754322322
1423 -3.6879346848660555e-06 -0.00020837502124573597
1425 1.98913419707535e-06 -0.00021218415075043086
1427 7.6099665311667094e-06 -0.00022062112530191267
1429 -9.449076887473627e-06 -0.0002270208759097804
1431 -4.232802083406784e-06 -0.00020685672321395197
1433 1.4785309390280834e-05 -0.00022086483419109725
1435 -7.403907714618099e-06 -0.00023551879742644756
1437 -1.5366175971625196e-05 -0.0002446471136268783
1439 -3.979652716805172e-06 -0.00022043065498422167
1441 -3.2080950106829467e-06 -0.00021630022307110838
1443 -1.1402974868005042e-05 -0.00022343578552167485
1445 8.257231942784688e-06 -0.00024420263590529354
1447 2.682683005830813e-05 -0.00021704420398501202
1449 -7.0704218752860785e-06 -0.00019778716934502067
1451 -1.376616691545272e-05 -0.0002117714791617783
1453 6.344042086990298e-06 -0.00023595393887300748
1455 -2.733687458374566e-07 -0.00021112060097566815
1457 3.320941462417366e-05 -0.0002260830534943897
1459 1.414255790202919e-05 -0.00022164690639662818
1461 1.4777856886364911e-05 -0.00023543154724776227
1463 -1.2901199546888874e-05 -0.00020487443611225708
1465 -1.7361190542420443e-05 -0.00022110598894937075
1467 -2.0372632348797674e-05 -0.0002202356497026177
1469 -3.8663339228183056e-07 -0.00021834755178436915
1471 6.959853836743307e-06 -0.0002104910999582891
1473 -1.325677606445935e-07 -0.0002264826410888851
1475 1.617016780404419e-05 -0.00021595612651977066
1477 -5.8389150743113875e-06 -0.00022617255952227125
1479 -1.0950783581576485e-05 -0.00023087412007789183
1481 1.2777876656355032e-05 -0.00020827105101081748
1483 -1.8177956378946597e-05 -0.00021115634021701517
1485 3.0588524427295297e-06 -0.0001990318405804064
1487 6.842998633185017e-06 -0.00021969033526168187
1489 2.7250212104777777e-05 -0.00019688966224789124
1491 -6.013380154671967e-06 -0.00020646930783546622
1493 -1.2308645083136064e-05 -0.00022375181697243597
1495 -4.819922821077174e-06 -0.0002322070484274649
1497 3.3309869659289296e-06 -0.00020748315735111337
1499 -9.212001580816623e-06 -0.00020493479917654052
1501 -6.584984818366405e-06 -0.00021087714453250813
1503 7.487564012580766e-07 -0.0002203884572457751
1505 7.032576653361726e-06 -0.000234137255344952
1507 -2.1214093199086392e-05 -0.0002037325534907938
1509 -1.600000618457077e-05 -0.00018622503014278225
1511 -6.743553774412637e-06 -0.00021371004109264257
1513 -1.273709470818646e-05 -0.00018216998094888095
1515 -1.9574578999274397e-05 -0.00021534588521957522
1517 -4.263372124565801e-06 -0.00020234136266838968
1519 -1.5834614495762805e-05 -0.00021708964096042653
1521 -1.8240944194453178e-05 -0.00019673075020113347
1523 3.7237612160146432e-06 -0.00019741480696292273
1525 3.580950725358699e-06 -0.00023000421996505034
1527 -2.3909565564077193e-06 -0.00018408308850100208
1529 -2.5590827364568225e-06 -0.00019640775820368872
1531 -1.711060952401535e-05 -0.00018987474055295577
1533 -1.4267421669852087e-05 -0.00020943513572471302
1535 -2.118691297626764e-05 -0.00018657297459200012
1537 -1.8121406221489536e-05 -0.0002157067413923682
1539 -4.2000931791232156e-05 -0.00020532950292127475
1541 1.756886451232406e-05 -0.0002092238777347304
1543 2.848635917378105e-06 -0.00021628329282536907
1545 1.3174158850962037e-05 -0.00020838722630899212
1547 1.7967154538443863e-05 -0.00021768374944730926
1549 -3.2532061469040955e-06 -0.00019255249214936295
1551 3.297035952342972e-05 -0.00020878527572440513
1553 -9.932661109349543e-06 -0.00022328701358991394
1555 -1.1422945893595234e-05 -0.0002124529856250919
1557 5.3272618470329276e-06 -0.00020245212652865628
1559 -3.2787442340459423e-05 -0.00019127578234507303
1561 1.1565417496432342e-05 -0.00020747166392435192
1563 2.4539908945179323e-05 -0.00020083761795407456
1565 3.301221957506334e-06 -0.00018641131410176146
1567 -3.13908112216633e-05 -0.00022108836032186713
1569 -1.2573691720163014e-05 -0.00018250860542154683
1571 2.465956372437314e-05 -0.00021115386122495588
1573 1.7415563067333944e-05 -0.0001968553291043842
1575 -1.0945312831977312e-05 -0.00022151528981807425
1577 -3.171392641043814e-06 -0.00020575870657316129
1579 -5.297722494716949e-06 -0.00019598840780589593
1581 5.364555274634065e-06 -0.00020462207129323602
1583 -5.570955232622281e-06 -0.00018987974344164842
1585 2.4004099023946726e-05 -0.00018563029112939495
1587 1.168718085130478e-05 -0.0002222417866491573
1589 -2.5874143883932265e-05 -0.0001848076469347798
1591 -2.2157655331317147e-06 -0.0001932163202018198
1593 4.120516117245942e-06 -0.0002241498304638229
1595 -1.2048987059107831e-05 -0.00022078097254516073
1597 6.052040620162942e-06 -0.00021130802779798167
1599 -1.1633170108104562e-05 -0.00022666192153846434
1601 -1.3172660418415313e-05 -0.00018830525318533036
1603 1.33538412701329e-06 -0.00018856953173693975
1605 -1.1697327866466935e-05 -0.00021192015455676468
1607 -1.2354997644605427e-05 -0.0002061402509915757
1609 -1.3954443346511684e-05 -0.00021008737217451966
1611 5.279095873422121e-06 -0.0002049390646982842
1613 2.6276662820188503e-05 -0.00019108443061727134
1615 7.376800098344434e-06 -0.0002174769297627446
1617 7.541143401065307e-06 -0.00019002659470515024
1619 -2.7054484344233593e-05 -0.00018780126470825827
1621 2.5986185070814934e-06 -0.00021228382678023164
1623 2.2496563709078998e-05 -0.00019966944788733914
1625 -2.4910020066357935e-05 -0.000223097200157062
1627 7.182509058505232e-07 -0.00017067081343865751
1629 1.5016802765217573e-05 -0.0001823010473345357
1631 -2.3737301442875168e-05 -0.00019642009892335317
1633 -1.3878772280467857e-05 -0.0001785655880405479
1635 -6.230752278669745e-06 -0.00019563489580643985
1637 8.658740645934368e-06 -0.00017996757914234439
1639 0.0 -0.00019420981463318527
1641 0.0 -0.00019397311772321186
1643 0.0 -0.00019373699706864923
1645 0.0 -0.00019350145056765394
1647 0.0 -0.00019326647612859178
1649 0.0 -0.00019303207166997615
1651 0.0 -0.00019279823512040624
1653 0.0 -0.00019256496441850618
1655 0.0 -0.00019233225751286444
1657 0.0 -0.00019210011236197387
1659 0.0 -0.0001918685269341716
1661 0.0 -0.00019163749920758018
1663 0.0 -0.0001914070271700485
1665 0.0 -0.0001911771088190935
1667 0.0 -0.00019094774216184206
1669 0.0 -0.00019071892521497344
1671 0.0 -0.0001904906560046623
1673 0.0 -0.00019026293256652163
1675 0.0 -0.00019003575294554667
1677 0.0 -0.00018980911519605884
1679 0.0 -0.00018958301738165021
1681 0.0 -0.0001893574575751283
1683 0.0 -0.00018913243385846148
1685 0.0 -0.00018890794432272444
1687 0.0 -0.00018868398706804428
1689 0.0 -0.0001884605602035469
1691 0.0 -0.00018823766184730378
1693 0.0 -0.0001880152901262792
1695 0.0 -0.0001877934431762777
1697 0.0 -0.00018757211914189196
1699 0.0 -0.00018735131617645125
1701 0.0 -0.00018713103244196984
1703 0.0 -0.00018691126610909613
1705 0.0 -0.00018669201535706197
1707 0.0 -0.0001864732783736325
1709 0.0 -0.000186255053355056
1711 0.0 -0.00018603733850601443
1713 0.0 -0.00018582013203957424
1715 0.0 -0.00018560343217713743
1717 0.0 -0.00018538723714839296
1719 0.0 -0.00018517154519126857
1721 0.0 -0.000184956354551883
1723 0.0 -0.00018474166348449837
1725 0.0 -0.00018452747025147288
1727 0.0 -0.00018431377312321404
1729 0.0 -0.00018410057037813226
1731 0.0 -0.00018388786030259428
1733 0.0 -0.0001836756411908775
1735 0.0 -0.0001834639113451243
1737 0.0 -0.0001832526690752969
1739 0.0 -0.0001830419126991321
1741 0.0 -0.00018283164054209687
1743 0.0 -0.00018262185093734405
1745 0.0 -0.00018241254222566803
1747 0.0 -0.00018220371275546118
1749 0.0 -0.0001819953608826705
1751 0.0 -0.00018178748497075424
1753 0.0 -0.0001815800833906393
1755 0.0 -0.00018137315452067848
1757 0.0 -0.00018116669674660824
1759 0.0 -0.00018096070846150694
1761 0.0 -0.0001807551880657528
1763 0.0 -0.0001805501339669828
1765 0.0 -0.00018034554458005138
1767 0.0 -0.00018014141832698965
1769 0.0 -0.0001799377536369648
1771 0.0 -0.00017973454894623978
1773 0.0 -0.0001795318026981335
1775 0.0 -0.00017932951334298066
1777 0.0 -0.00017912767933809268
1779 0.0 -0.0001789262991477182
1781 0.0 -0.00017872537124300432
1783 0.0 -0.00017852489410195775
1785 0.0 -0.00017832486620940653
1787 0.0 -0.00017812528605696176
1789 0.0 -0.0001779261521429797
1791 0.0 -0.00017772746297252412
1793 0.0 -0.00017752921705732887
1795 0.0 -0.00017733141291576083
1797 0.0 -0.0001771340490727828
1799 0.0 -0.00017693712405991702
1801 0.0 -0.00017674063641520858
1803 0.0 -0.0001765445846831895
1805 0.0 -0.0001763489674148425
1807 0.0 -0.00017615378316756538
1809 0.0 -0.0001759590305051358
1811 0.0 -0.0001757647079976757
1813 0.0 -0.00017557081422161648
1815 0.0 -0.00017537734775966427
1817 0.0 -0.00017518430720076536
1819 0.0 -0.00017499169114007184
1821 0.0 -0.00017479949817890758
1823 0.0 -0.00017460772692473432
1825 0.0 -0.0001744163759911182
1827 0.0 -0.00017422544399769605
1829 0.0 -0.0001740349295701425
1831 0.0 -0.0001738448313401369
1833 0.0 -0.00017365514794533043
1835 0.0 -0.00017346587802931373
1837 0.0 -0.00017327702024158448
1839 0.0 -0.00017308857323751532
1841 0.0 -0.00017290053567832193
1843 0.0 -0.00017271290623103132
1845 0.0 -0.00017252568356845022
1847 0.0 -0.0001723388663691341
1849 0.0 -0.0001721524533173557
1851 0.0 -0.00017196644310307437
1853 0.0 -0.0001717808344219054
1855 0.0 -0.0001715956259750893
1857 0.0 -0.00017141081646946188
1859 0.0 -0.0001712264046174237
1861 0.0 -0.00017104238913691062
1863 0.0 -0.00017085876875136378
1865 0.0 -0.0001706755421897001
1867 0.0 -0.00017049270818628317
1869 0.0 -0.0001703102654808939
1871 0.0 -0.0001701282128187016
1873 0.0 -0.00016994654895023526
1875 0.0 -0.00016976527263135502
1877 0.0 -0.0001695843826232236
1879 0.0 -0.0001694038776922782
1881 0.0 -0.00016922375661020236
1883 0.0 -0.0001690440181538984
1885 0.0 -0.00016886466110545926
1887 0.0 -0.00016868568425214135
1889 0.0 -0.00016850708638633705
1891 0.0 -0.0001683288663055477
1893 0.0 -0.00016815102281235642
1895 0.0 -0.0001679735547144014
1897 0.0 -0.00016779646082434933
1899 0.0 -0.00016761973995986872
1901 0.0 -0.00016744339094360375
1903 0.0 -0.00016726741260314801
1905 0.0 -0.00016709180377101873
1907 0.0 -0.00016691656328463066
1909 0.0 -0.00016674168998627068
1911 0.0 -0.00016656718272307203
1913 0.0 -0.00016639304034698937
1915 0.0 -0.0001662192617147732
1917 0.0 -0.00016604584568794505
1919 0.0 -0.00016587279113277264
1921 0.0 -0.000165700096920245
1923 0.0 -0.00016552776192604822
1925 0.0 -0.0001653557850305406
1927 0.0 -0.00016518416511872893
1929 0.0 -0.000165012901080244
1931 0.0 -0.00016484199180931677
1933 0.0 -0.0001646714362047546
1935 0.0 -0.00016450123316991768
1937 0.0 -0.00016433138161269526
1939 0.0 -0.00016416188044548254
1941 0.0 -0.0001639927285851575
1943 0.0 -0.00016382392495305749
1945 0.0 -0.00016365546847495665
1947 0.0 -0.00016348735808104298
1949 0.0 -0.0001633195927058957
1951 0.0 -0.00016315217128846267
1953 0.0 -0.00016298509277203822
1955 0.0 -0.00016281835610424075
1957 0.0 -0.00016265196023699065
1959 0.0 -0.00016248590412648836
1961 0.0 -0.00016232018673319258
1963 0.0 -0.0001621548070217986
1965 0.0 -0.00016198976396121663
1967 0.0 -0.00016182505652455044
1969 0.0 -0.00016166068368907602
1971 0.0 -0.00016149664443622055
1973 0.0 -0.00016133293775154117
1975 0.0 -0.00016116956262470414
1977 0.0 -0.00016100651804946416
1979 0.0 -0.0001608438030236436
1981 0.0 -0.0001606814165491119
1983 0.0 -0.00016051935763176535
1985 0.0 -0.00016035762528150664
1987 0.0 -0.00016019621851222482
1989 0.0 -0.0001600351363417751
1991 0.0 -0.00015987437779195916
1993 0.0 -0.00015971394188850512
1995 0.0 -0.00015955382766104796
1997 0.0 -0.00015939403414310998
1999 0.0 -0.00015923456037208138
2001 0.0 -0.00015907540538920076
2003 0.0 -0.00015891656823953604
2005 0.0 -0.00015875804797196543
2007 0.0 -0.00015859984363915828
2009 0.0 -0.00015844195429755634
2011 0.0 -0.0001582843790073549
2013 0.0 -0.00015812711683248418
2015 0.0 -0.0001579701668405909
2017 0.0 -0.00015781352810301968
2019 0.0 -0.00015765719969479478
2021 0.0 -0.00015750118069460202
2023 0.0 -0.0001573454701847705
2025 0.0 -0.00015719006725125467
2027 0.0 -0.00015703497098361652
2029 0.0 -0.00015688018047500772
2031 0.0 -0.000156725694822152
2033 0.0 -0.00015657151312532745
2035 0.0 -0.00015641763448834923
2037 0.0 -0.00015626405801855213
2039 0.0 -0.00015611078282677326
2041 0.0 -0.00015595780802733495
2043 0.0 -0.00015580513273802775
2045 0.0 -0.00015565275608009325
2047 0.0 -0.00015550067717820748
2049 0.0 -0.00015534889516046396
