-2049 0.0 0.00015534889516046396
-2047 0.0 0.00015550067717820748
-2045 0.0 0.00015565275608009325
-2043 0.0 0.00015580513273802775
-2041 0.0 0.00015595780802733495
-2039 0.0 0.00015611078282677326
-2037 0.0 0.00015626405801855213
-2035 0.0 0.00015641763448834923
-2033 0.0 0.00015657151312532745
-2031 0.0 0.000156725694822152
-2029 0.0 0.00015688018047500772
-2027 0.0 0.00015703497098361652
-2025 0.0 0.00015719006725125467
-2023 0.0 0.0001573454701847705
-2021 0.0 0.00015750118069460202
-2019 0.0 0.00015765719969479478
-2017 0.0 0.00015781352810301968
-2015 0.0 0.0001579701668405909
-2013 0.0 0.00015812711683248418
-2011 0.0 0.0001582843790073549
-2009 0.0 0.00015844195429755634
-2007 0.0 0.00015859984363915828
-2005 0.0 0.00015875804797196543
-2003 0.0 0.00015891656823953604
-2001 0.0 0.00015907540538920076
-1999 0.0 0.00015923456037208138
-1997 0.0 0.00015939403414310998
-1995 0.0 0.00015955382766104796
-1993 0.0 0.00015971394188850512
-1991 0.0 0.00015987437779195916
-1989 0.0 0.0001600351363417751
-1987 0.0 0.00016019621851222482
-1985 0.0 0.00016035762528150664
-1983 0.0 0.00016051935763176535
-1981 0.0 0.0001606814165491119
-1979 0.0 0.0001608438030236436
-1977 0.0 0.00016100651804946416
-1975 0.0 0.00016116956262470414
-1973 0.0 0.00016133293775154117
-1971 0.0 0.00016149664443622055
-1969 0.0 0.00016166068368907602
-1967 0.0 0.00016182505652455044
-1965 0.0 0.00016198976396121663
-1963 0.0 0.0001621548070217986
-1961 0.0 0.00016232018673319258
-1959 0.0 0.00016248590412648836
-1957 0.0 0.00016265196023699065
-1955 0.0 0.00016281835610424075
-1953 0.0 0.00016298509277203822
-1951 0.0 0.00016315217128846267
-1949 0.0 0.0001633195927058957
-1947 0.0 0.00016348735808104298
-1945 0.0 0.00016365546847495665
-1943 0.0 0.00016382392495305749
-1941 0.0 0.0001639927285851575
-1939 0.0 0.00016416188044548254
-1937 0.0 0.00016433138161269526
-1935 0.0 0.00016450123316991768
-1933 0.0 0.0001646714362047546
-1931 0.0 0.00016484199180931677
-1929 0.0 0.000165012901080244
-1927 0.0 0.00016518416511872893
-1925 0.0 0.0001653557850305406
-1923 0.0 0.00016552776192604822
-1921 0.0 0.000165700096920245
-1919 0.0 0.00016587279113277264
-1917 0.0 0.00016604584568794505
-1915 0.0 0.0001662192617147732
-1913 0.0 0.00016639304034698937
-1911 0.0 0.00016656718272307203
-1909 0.0 0.00016674168998627068
-1907 0.0 0.00016691656328463066
-1905 0.0 0.00016709180377101873
-1903 0.0 0.00016726741260314801
-1901 0.0 0.00016744339094360375
-1899 0.0 0.00016761973995986872
-1897 0.0 0.00016779646082434933
-1895 0.0 0.0001679735547144014
-1893 0.0 0.00016815102281235642
-1891 0.0 0.0001683288663055477
-1889 0.0 0.00016850708638633705
-1887 0.0 0.00016868568425214135
-1885 0.0 0.00016886466110545926
-1883 0.0 0.0001690440181538984
-1881 0.0 0.00016922375661020236
-1879 0.0 0.0001694038776922782
-1877 0.0 0.0001695843826232236
-1875 0.0 0.00016976527263135502
-1873 0.0 0.00016994654895023526
-1871 0.0 0.0001701282128187016
-1869 0.0 0.0001703102654808939
-1867 0.0 0.00017049270818628317
-1865 0.0 0.0001706755421897001
-1863 0.0 0.00017085876875136378
-1861 0.0 0.00017104238913691062
-1859 0.0 0.0001712264046174237
-1857 0.0 0.00017141081646946188
-1855 0.0 0.0001715956259750893
-1853 0.0 0.0001717808344219054
-1851 0.0 0.00017196644310307437
-1849 0.0 0.0001721524533173557
-1847 0.0 0.0001723388663691341
-1845 0.0 0.00017252568356845022
-1843 0.0 0.00017271290623103132
-1841 0.0 0.00017290053567832193
-1839 0.0 0.00017308857323751532
-1837 0.0 0.00017327702024158448
-1835 0.0 0.00017346587802931373
-1833 0.0 0.00017365514794533043
-1831 0.0 0.0001738448313401369
-1829 0.0 0.0001740349295701425
-1827 0.0 0.00017422544399769605
-1825 0.0 0.0001744163759911182
-1823 0.0 0.00017460772692473432
-1821 0.0 0.00017479949817890758
-1819 0.0 0.00017499169114007184
-1817 0.0 0.00017518430720076536
-1815 0.0 0.00017537734775966427
-1813 0.0 0.00017557081422161648
-1811 0.0 0.0001757647079976757
-1809 0.0 0.0001759590305051358
-1807 0.0 0.00017615378316756538
-1805 0.0 0.0001763489674148425
-1803 0.0 0.0001765445846831895
-1801 0.0 0.00017674063641520858
-1799 0.0 0.00017693712405991702
-1797 0.0 0.0001771340490727828
-1795 0.0 0.00017733141291576083
-1793 0.0 0.00017752921705732887
-1791 0.0 0.00017772746297252412
-1789 0.0 0.0001779261521429797
-1787 0.0 0.00017812528605696176
-1785 0.0 0.00017832486620940653
-1783 0.0 0.00017852489410195775
-1781 0.0 0.00017872537124300432
-1779 0.0 0.0001789262991477182
-1777 0.0 0.00017912767933809268
-1775 0.0 0.00017932951334298066
-1773 0.0 0.0001795318026981335
-1771 0.0 0.00017973454894623978
-1769 0.0 0.0001799377536369648
-1767 0.0 0.00018014141832698965
-1765 0.0 0.00018034554458005138
-1763 0.0 0.0001805501339669828
-1761 0.0 0.0001807551880657528
-1759 0.0 0.00018096070846150694
-1757 0.0 0.00018116669674660824
-1755 0.0 0.00018137315452067848
-1753 0.0 0.0001815800833906393
-1751 0.0 0.00018178748497075424
-1749 0.0 0.0001819953608826705
-1747 0.0 0.00018220371275546118
-1745 0.0 0.00018241254222566803
-1743 0.0 0.00018262185093734405
-1741 0.0 0.00018283164054209687
-1739 0.0 0.0001830419126991321
-1737 0.0 0.0001832526690752969
-1735 0.0 0.0001834639113451243
-1733 0.0 0.0001836756411908775
-1731 0.0 0.00018388786030259428
-1729 0.0 0.00018410057037813226
-1727 0.0 0.00018431377312321404
-1725 0.0 0.00018452747025147288
-1723 0.0 0.00018474166348449837
-1721 0.0 0.000184956354551883
-1719 0.0 0.00018517154519126857
-1717 0.0 0.00018538723714839296
-1715 0.0 0.00018560343217713743
-1713 0.0 0.00018582013203957424
-1711 0.0 0.00018603733850601443
-1709 0.0 0.000186255053355056
-1707 0.0 0.0001864732783736325
-1705 0.0 0.00018669201535706197
-1703 0.0 0.00018691126610909613
-1701 0.0 0.00018713103244196984
-1699 0.0 0.00018735131617645125
-1697 0.0 0.00018757211914189196
-1695 0.0 0.0001877934431762777
-1693 0.0 0.0001880152901262792
-1691 0.0 0.00018823766184730378
-1689 0.0 0.0001884605602035469
-1687 0.0 0.00018868398706804428
-1685 0.0 0.00018890794432272444
-1683 0.0 0.00018913243385846148
-1681 0.0 0.0001893574575751283
-1679 0.0 0.00018958301738165021
-1677 0.0 0.00018980911519605884
-1675 0.0 0.00019003575294554667
-1673 0.0 0.00019026293256652163
-1671 0.0 0.0001904906560046623
-1669 0.0 0.00019071892521497344
-1667 0.0 0.00019094774216184206
-1665 0.0 0.0001911771088190935
-1663 0.0 0.0001914070271700485
-1661 0.0 0.00019163749920758018
-1659 0.0 0.0001918685269341716
-1657 0.0 0.00019210011236197387
-1655 0.0 0.00019233225751286444
-1653 0.0 0.00019256496441850618
-1651 0.0 0.00019279823512040624
-1649 0.0 0.00019303207166997615
-1647 0.0 0.00019326647612859178
-1645 0.0 0.00019350145056765394
-1643 0.0 0.00019373699706864923
-1641 0.0 0.00019397311772321186
-1639 0.0 0.00019420981463318527
-1637 2.6973499891137373e-05 0.00018281491460359943
-1635 -1.8689820812013115e-05 0.00018588522378405216
-1633 -1.774651891312097e-05 0.00017871501862951728
-1631 -1.687166516958387e-05 0.00021809343229589763
-1629 3.942384601782492e-05 0.00016854226475104266
-1627 -4.137986889480743e-06 0.0001901103151972312
-1625 -1.86551053003796e-05 0.00021756209980102712
-1623 7.672700191515086e-06 0.00019966333410786205
-1621 -1.527596772526288e-05 0.00021237304805450248
-1619 -2.9793232673022777e-05 0.00020337795416243483
-1617 -4.4636162874134845e-06 0.00017713507354835206
-1615 1.872573803206144e-05 0.00019424343632622879
-1613 -1.7624108434603892e-05 0.00016994303004460413
-1611 -3.067969047199363e-06 0.00021299392296638905
-1609 8.818441339994093e-06 0.0002173550079728133
-1607 -1.8429136921217775e-05 0.0002078940764490312
-1605 -1.22890054082249e-05 0.00018889696340488517
-1603 6.370359770526335e-06 0.0001635589504478978
-1601 1.3305658060388977e-05 0.0002201876546449374
-1599 1.0445346044997875e-05 0.0002446768822062786
-1597 1.701657471165995e-05 0.000213756067968445
-1595 -2.179654464369756e-05 0.000212702998322549
-1593 -7.423805535047497e-06 0.00018946129087484478
-1591 -2.907652314800826e-06 0.00021774803151255423
-1589 -1.403949387957601e-05 0.00018250733146770806
-1587 -4.676855776332817e-06 0.00019933411313218774
-1585 4.572218732368275e-05 0.00020132105289547692
-1583 -1.1189489455266948e-05 0.00019867934021542238
-1581 1.7007307051956657e-05 0.0002168305425846713
-1579 -2.4139285588041707e-05 0.00022528130475751122
-1577 1.2937459701298923e-05 0.0001974823765174136
-1575 -3.063120634362269e-06 0.0002329136574589489
-1573 -2.5431683401105475e-06 0.0001991609626030066
-1571 1.5918337635883074e-05 0.00022296743199020592
-1569 -2.9267606374515652e-05 0.00018743736252335724
-1567 1.4323234641154164e-05 0.00022763860635806083
-1565 -8.478352694855156e-06 0.0001846683743294662
-1563 1.2741745438627231e-05 0.00019357122031938252
-1561 1.3904690112226487e-05 0.00022138971602719086
-1559 -2.497640861389384e-05 0.00021694575452778735
-1557 -3.2059399332501957e-06 0.00022341753373103087
-1555 2.7783628565698587e-05 0.00024411766676451913
-1553 -1.0009920327718884e-05 0.00021874794105887323
-1551 1.0857612996166307e-05 0.00022550921193627223
-1549 9.425408291010615e-06 0.0002074321353460663
-1547 2.1636097157893216e-05 0.00021262466683205636
-1545 1.5567086942613033e-05 0.00019722529478484262
-1543 -2.4046179728315496e-05 0.0002013237598754238
-1541 -3.451375667587606e-06 0.00020420383061004084
-1539 -1.4929598645528923e-05 0.0001962947225152127
-1537 -4.921395006952631e-06 0.00017150790365806675
-1535 -2.799613771866553e-05 0.00020769129876392799
-1533 2.0688601818308596e-05 0.0002056865765429638
-1531 2.158445340984804e-05 0.0001846425440136419
-1529 3.071483429554552e-05 0.00019625516288025155
-1527 1.6721580552298036e-05 0.00017938918263442878
-1525 4.336516558507032e-06 0.0002208404184127994
-1523 9.175071169287597e-06 0.00023310104249439346
-1521 -5.37427992377729e-06 0.00021876862190162234
-1519 -4.227752277326597e-06 0.00021597969632576835
-1517 -3.893744965489199e-05 0.00022664431589498158
-1515 2.7115547781471723e-05 0.00021401261410901697
-1513 -2.193536976789022e-06 0.00020203757889906737
-1511 -1.7466935930328158e-05 0.00019909740864963314
-1509 -1.453222981189187e-05 0.00020727990758594302
-1507 2.2474770935560177e-06 0.00020324583799640115
-1505 6.372918598950797e-06 0.0002405404232890428
-1503 -1.2613031080132835e-05 0.00021214742225810716
-1501 1.3153546753726116e-05 0.0002168081995238337
-1499 7.422261748118217e-06 0.00021831560409303272
-1497 2.452570686598148e-05 0.00020590725593307366
-1495 -1.2081357969434509e-05 0.00023084343318518062
-1493 -1.0467515243254561e-05 0.00022675789931697913
-1491 2.035078139840313e-05 0.00022475267483026295
-1489 1.0506291899097916e-05 0.00023224965603254298
-1487 2.5119267557716498e-06 0.00021781347288862192
-1485 -1.911371868762518e-05 0.0001944498603333286
-1483 3.6420316612426898e-06 0.00022932538299028774
-1481 -1.0483293086139554e-05 0.00019975628585838112
-1479 -1.5288109678504993e-05 0.00024657126859647303
-1477 -5.7315207728040465e-06 0.00021879642176135032
-1475 -8.918232639880904e-06 0.00020496646781255308
-1473 2.5605568817885375e-05 0.00018697415954856654
-1471 3.8015289960882986e-06 0.00019235945385356223
-1469 -2.6438066311080687e-06 0.00020580019089514763
-1467 -1.6975456820421788e-05 0.00021669439411719607
-1465 4.523980568902001e-06 0.0002221928553804473
-1463 7.88982915839804e-06 0.00022180477463919188
-1461 -1.8294926487590143e-05 0.00023161383949824252
-1459 -1.3180789896817325e-05 0.0002180142992754414
-1457 4.213800026297344e-06 0.00021572764770911348
-1455 -1.0628055836571751e-05 0.00023445818628603792
-1453 8.620174983772493e-06 0.0002055313387099239
-1451 -3.7799650546150703e-06 0.0002551966272036053
-1449 -5.114743594458167e-06 0.00018029706022775513
-1447 2.1603420098238517e-05 0.00021156007426351218
-1445 -7.912788795076458e-06 0.00024988632857470363
-1443 -1.7092727605956066e-06 0.00020000090892625743
-1441 1.0108268207108023e-05 0.00021407868373025913
-1439 -4.0447381876919735e-05 0.00020708775727006068
-1437 -1.8020320072919578e-05 0.00025791054438090513
-1435 -1.2052407675906343e-05 0.00021199190913705974
-1433 -4.826267039857265e-06 0.0002422282336063174
-1431 1.8403923048050663e-05 0.00020726000752988158
-1429 -6.2723513026142726e-06 0.0002475457540751631
-1427 -1.190584730602545e-05 0.00022141938741066986
-1425 -2.896374966023458e-05 0.0001906436205644005
-1423 6.3693625310670665e-06 0.0002468705606156325
-1421 1.5170718777930918e-05 0.00019084366283845616
-1419 -9.279044666966317e-06 0.00022709347167846816
-1417 1.4023033771985799e-05 0.00021491089420900699
-1415 1.2480789345934235e-05 0.00021184343753186165
-1413 -1.992748810085792e-05 0.00019849386519438182
-1411 -2.4331810649539847e-05 0.00021609797261651527
-1409 1.4642433987374148e-05 0.0002434792306533069
-1407 -4.226669633246451e-05 0.0002302481896214452
-1405 -5.06112785222066e-07 0.0002251010967668488
-1403 -4.028549279878598e-05 0.00022578955669200538
-1401 -2.197198216891376e-06 0.00024794428456401796
-1399 1.645877856889696e-05 0.0002495414128925337
-1397 -2.9527860340792813e-05 0.00026126652881648216
-1395 6.811173864453911e-06 0.00020432772115295452
-1393 -1.5234073412554161e-05 0.00021727292699325659
-1391 -1.2478743820354154e-05 0.0002606045783760299
-1389 2.2295884773976814e-05 0.00019385332757816665
-1387 -1.100936945310184e-05 0.00021419209326817428
-1385 6.559906118826669e-07 0.00024590456387760696
-1383 -2.0829788120019787e-05 0.00022574732939223752
-1381 -1.9750253925360697e-05 0.0002163368492172828
-1379 3.3017437631983846e-05 0.00020385659580850958
-1377 1.1255273449410688e-05 0.00022607910620426399
-1375 -5.22673422641481e-06 0.00023799570061859432
-1373 -9.360561114272264e-07 0.00022828279834502616
-1371 -2.308766221148723e-05 0.00022111960869520162
-1369 -7.802151220398258e-06 0.0002470868815798266
-1367 2.606291663056264e-05 0.00024364249718551733
-1365 -8.815348225129309e-06 0.00026074243458625273
-1363 1.9958204767396267e-05 0.00023968117572033238
-1361 -7.26574911901095e-06 0.00022313716403580085
-1359 6.865460800183189e-06 0.00020773022455935076
-1357 1.726452581855164e-05 0.00023568270973968138
-1355 -1.3750857822078437e-05 0.00023894094769016754
-1353 1.9234821738745282e-05 0.00023523509663365622
-1351 7.740251345300212e-06 0.0002254535877341256
-1349 3.7391155957199434e-05 0.00022828410719125577
-1347 1.4127388585290688e-05 0.0001902448887449295
-1345 -2.6500266420065842e-05 0.00021263287441304184
-1343 -1.1672075520696141e-05 0.0002508320479798093
-1341 2.178986308363575e-05 0.00023157263632535865
-1339 1.472763994059115e-05 0.00023875196441416674
-1337 1.677884066952673e-05 0.00026945178218557654
-1335 3.134347943449714e-06 0.0002259001142594445
-1333 -2.581554550304307e-05 0.0002500912045018967
-1331 3.6366272892643503e-06 0.00020477724621019693
-1329 4.5939618593503364e-06 0.0002871607333890175
-1327 -8.062530780620206e-06 0.00021557969492391705
-1325 9.987424751338105e-06 0.0002581861195856985
-1323 1.0594594391063465e-05 0.0002349455825694378
-1321 -1.9314545306334032e-05 0.00021219508841288035
-1319 1.604441134287137e-05 0.00027128974997473897
-1317 -7.165390726387438e-06 0.00026334527669080515
-1315 -1.1033848062331729e-05 0.0002645799365746174
-1313 1.926181133460669e-05 0.00025451879836094557
-1311 1.1345763833745619e-05 0.00024461793814050444
-1309 -1.2166607296502832e-05 0.00025136060850312496
-1307 -4.7049109434556445e-06 0.00026607252865566667
-1305 2.1465634029853344e-05 0.00024689019452638815
-1303 -6.930280094526938e-06 0.00022999508348689013
-1301 -2.2129472891449375e-05 0.00025137756440636507
-1299 -1.5099957009353128e-05 0.00024126489602146453
-1297 -1.6568535307616569e-06 0.00022826811125317074
-1295 -1.537918179924453e-05 0.0002531690006419409
-1293 2.934797739507367e-07 0.00025163789200887034
-1291 2.8028469413814084e-06 0.00025744847665074515
-1289 -2.339125264812545e-05 0.00027727216445676
-1287 6.57039601736986e-06 0.00025484407342670704
-1285 -1.910187138613427e-05 0.00025671793681178413
-1283 1.327064743475946e-05 0.0002326194673454331
-1281 -1.3542412554888977e-05 0.00023459205525380814
-1279 3.9612918093963815e-05 0.00023594011075871946
-1277 -1.4625599739900533e-05 0.00025742068037549993
-1275 4.658899386700638e-07 0.00021885107680233993
-1273 -8.675321675977937e-06 0.0002462767142728923
-1271 8.727024861329761e-06 0.00026423983561843034
-1269 -1.6901272899739353e-05 0.0002481640242841908
-1267 1.8082796564297583e-05 0.00027764602649371374
-1265 -3.82535721099465e-05 0.00022556520379524495
-1263 1.0298023255546281e-05 0.0002451904127331237
-1261 -2.9059125418228524e-05 0.00024785139311046616
-1259 1.304569228383386e-05 0.0002689302990442584
-1257 -1.8422306309795258e-05 0.00026316613186424035
-1255 2.9220556843966555e-05 0.0002305953888902355
-1253 6.6898855239125215e-06 0.0002564135417188663
-1251 -5.221020650167378e-06 0.00023713313869023635
-1249 9.896363944906213e-06 0.00024811372889633684
-1247 -1.1180423250742891e-05 0.0002628216254724005
-1245 -2.7859500767231303e-05 0.0002421569288251508
-1243 2.7091407187532473e-05 0.0002581840365134465
-1241 4.825446103509978e-06 0.0002589484692000183
-1239 -7.2045142487978985e-06 0.0002599958297690687
-1237 1.8483279070279136e-05 0.00024534269259687054
-1235 -3.714182247101298e-05 0.0002633527847471529
-1233 1.097942070934301e-05 0.00024878933131944336
-1231 -2.854085135178611e-05 0.000276219785295553
-1229 1.9841301179862336e-06 0.0002467542732963948
-1227 2.8911017785318433e-05 0.0002837014899518786
-1225 2.0558936924983766e-05 0.0002687215991856659
-1223 -1.6090987842399193e-05 0.00026968716761148725
-1221 1.541329850779562e-05 0.0002486820847606723
-1219 -2.894114819943175e-06 0.000282298388965015
-1217 -1.0550984697642697e-05 0.0002881334221861633
-1215 -2.2776847312164005e-05 0.00024440903869791625
-1213 1.4289865049569337e-05 0.00028939535262596805
-1211 -1.9932060099697976e-06 0.00026383024697590175
-1209 -8.902743079939266e-06 0.00026991684312961797
-1207 -1.970460765616307e-05 0.0002820993456069926
-1205 2.260545922926961e-05 0.00025572660837897086
-1203 -5.253056757931587e-06 0.00027933561008888346
-1201 1.1404477197838044e-05 0.00028058618890282707
-1199 3.6154062304241085e-05 0.00025392838080520735
-1197 2.0616960471665553e-05 0.0002827526493157143
-1195 -1.3876895752934277e-05 0.0002802434105086878
-1193 1.46911047958375e-05 0.00026173735388122435
-1191 2.5702751121449556e-05 0.0002653407257632533
-1189 5.441152476407031e-06 0.0002770884455182683
-1187 1.0461581678134547e-05 0.0003106262872032271
-1185 -9.365209803048182e-06 0.0002763839570697965
-1183 1.447174990510724e-07 0.0003050904394239285
-1181 1.595133412735455e-05 0.00027295746698564486
-1179 -4.142969854336186e-06 0.00022945240238309765
-1177 6.905311927351171e-06 0.00026529713043237454
-1175 -2.0907570843144586e-06 0.00023714717719743847
-1173 -6.787171983840595e-06 0.00025869330891373443
-1171 -8.949546556228651e-06 0.00027336946793298547
-1169 6.60214470176593e-06 0.0002514787451105765
-1167 -7.388651678813341e-06 0.0002396089767039247
-1165 -1.6263846025230243e-05 0.00027750072647029903
-1163 6.611403588681633e-06 0.000262097480792263
-1161 -1.3273031709839662e-07 0.000271071436943663
-1159 1.1382253680871826e-05 0.00028363696597147493
-1157 9.001177224813508e-06 0.0002564748161290243
-1155 -1.387090770679523e-05 0.00028379015619839457
-1153 -5.968277999978681e-06 0.00024888402716750506
-1151 -2.605462486162988e-05 0.00026851452655024814
-1149 -3.9772128867495056e-05 0.00031656248835337314
-1147 -2.3148512355489648e-05 0.0002839330520488477
-1145 2.9087867562958578e-05 0.00026037953676563924
-1143 -1.6148228090567025e-05 0.0002737822577772416
-1141 -1.6407201675398956e-06 0.0002600663465496799
-1139 3.873249490630486e-06 0.000251872321633996
-1137 -1.7877114689716435e-05 0.00029293196239005786
-1135 -4.586137222995733e-06 0.0002734120258299592
-1133 6.184412691938625e-06 0.0003032951685942513
-1131 2.7902211385674764e-05 0.000299283291531323
-1129 3.694637937214773e-06 0.00031833494896980896
-1127 -2.064643854292807e-05 0.00031875465625934556
-1125 1.3625821800380714e-05 0.0003020805460440207
-1123 -8.42998681062595e-06 0.00027757433913436317
-1121 -2.3830273964613135e-05 0.00032196296430161514
-1119 3.8332390867296356e-06 0.0002547810022120034
-1117 2.0363719761058854e-05 0.0003079219583267156
-1115 -2.5360884085018577e-06 0.0002878886737067252
-1113 1.6390641511188474e-05 0.00031122722341343767
-1111 -7.756870325731624e-06 0.0002568853222754799
-1109 1.9780245597714255e-05 0.00029814074084311354
-1107 4.366109742232432e-06 0.00025960084706154533
-1105 3.5668350375133175e-05 0.0003123015927901854
-1103 8.109474954063432e-06 0.0003033757486905556
-1101 -1.1815850020707628e-05 0.00029137118654126465
-1099 -9.785333631145741e-06 0.0002921489363903845
-1097 8.467261469963892e-06 0.0002774354187237133
-1095 -1.5424882832856932e-06 0.0002863162029322751
-1093 1.1393690465463517e-06 0.0002711237094200909
-1091 2.7700752012535318e-05 0.000318211207130927
-1089 1.9727985437530787e-05 0.0002871268104045381
-1087 -4.331239691485008e-05 0.00028436105189745515
-1085 9.61027822298314e-06 0.0003088172721423087
-1083 2.291988212142644e-06 0.000266953835345233
-1081 2.8873940356330126e-05 0.0003015540080222036
-1079 -5.2221954575163535e-06 0.0002813369935508643
-1077 8.486312689423116e-06 0.0003221762044864912
-1075 2.244025515562359e-06 0.00026646353788421957
-1073 -8.244126455437943e-06 0.0003150430968224359
-1071 -2.0379235477671944e-05 0.0002916689791333778
-1069 2.356129616921687e-06 0.00028868076376824833
-1067 2.055226416073363e-05 0.00034269806046528193
-1065 -1.7735648021068072e-05 0.0003150607099082442
-1063 6.255441886596347e-06 0.00030847386867815716
-1061 -2.5607575568557327e-06 0.00031611141742761694
-1059 -6.506342722417439e-06 0.0002853249589322168
-1057 -1.0976404895866605e-05 0.00030160268516741737
-1055 -3.269079884689096e-06 0.00030672489827148825
-1053 2.4268223408133842e-05 0.0002968768715295197
-1051 4.172650618357851e-05 0.00030308458636885317
-1049 1.676733902365802e-05 0.0002943530667349683
-1047 1.3891258346678566e-05 0.0003009224655005154
-1045 4.807557848795732e-06 0.00029041247025688355
-1043 1.9232148714461808e-05 0.000282346040056003
-1041 2.1578318383505865e-06 0.00030002139495641987
-1039 -3.1263382404957894e-06 0.00029027402276297866
-1037 -9.292934961161448e-06 0.0002907924107054176
-1035 -1.0019252935242609e-05 0.00031620456211938326
-1033 1.1746134509209834e-05 0.0003371582911164128
-1031 -1.7082452584159504e-06 0.0003044335268167971
-1029 4.106746820768639e-06 0.0003258788259586997
-1027 -6.6095964833696505e-06 0.0003368941797700699
-1025 -1.993878105696079e-06 0.00031812057661389283
-1023 -1.635267196152176e-05 0.00034621768928156304
-1021 1.4564593484681346e-06 0.00029807755166321776
-1019 -2.0154088540778977e-05 0.00033188138807238024
-1017 -5.631378686417799e-06 0.0003058982314489108
-1015 1.1772080482589392e-05 0.00030508409554663653
-1013 3.0994829051830695e-06 0.00030732396539379753
-1011 1.9201398426987953e-05 0.00030371523018643976
-1009 -4.970389656424862e-06 0.0002973710939349478
-1007 1.441321820497879e-05 0.0003216672521186668
-1005 1.3684241032799598e-06 0.0003203611383123062
-1003 -5.647527045195205e-06 0.0003398655902155104
-1001 1.6701231668804727e-05 0.0003365883457708649
-999 1.947264040320573e-06 0.0002963754904489951
-997 -7.70424471368385e-06 0.0003105676666822498
-995 -7.92543589389626e-06 0.00032865234802863426
-993 5.126460462791139e-06 0.00033310424503401286
-991 -5.413137622862694e-06 0.0003401357953055081
-989 -6.136153583828652e-07 0.00033876177719931573
-987 8.012457347820706e-06 0.0003300030936788442
-985 -1.835979395741535e-05 0.00033151278206977467
-983 -1.0531234008130701e-05 0.00031503286680977926
-981 2.292873893692064e-05 0.000299088748482333
-979 -1.0861535366252862e-05 0.00030838587848887273
-977 -2.576009318166204e-05 0.0003679044527554669
-975 4.337289519603722e-06 0.000341798288034446
-973 3.366919427681355e-05 0.00034208808758369924
-971 -1.6423376463837445e-05 0.00029810940097200616
-969 4.826206166548145e-06 0.00030399947543718946
-967 4.222403892954586e-06 0.00032103028645005414
-965 3.7012557549276127e-06 0.0003353506335892141
-963 -1.4583747977532334e-05 0.00031570796164055476
-961 1.1925131678331387e-06 0.00031281083983343046
-959 3.1137412730637885e-05 0.0003286298934359066
-957 -3.7491227570469024e-06 0.0003307957014308299
-955 5.741997864948344e-06 0.0003555894111612128
-953 -1.108561861365147e-05 0.0002902685516783173
-951 -2.6531314505775217e-05 0.0003804641013930868
-949 -8.5813629123658e-06 0.00029850774308986063
-947 3.76976517489997e-05 0.00034813220760809615
-945 -6.0823422773855035e-06 0.00035603056246993073
-943 9.58401181777222e-06 0.00034149904791955487
-941 -2.8903222166120642e-05 0.0003435880888159842
-939 5.270643360052926e-06 0.0003625584697352622
-937 -2.1509033499468628e-06 0.0003180036697397674
-935 -6.629468508293488e-06 0.0003412306015561499
-933 2.9661135899262017e-05 0.0003503299390556259
-931 7.357772136749623e-06 0.00035357683716366215
-929 1.958293822022075e-05 0.00037735566546408933
-927 -1.5472345728091162e-06 0.00034165195313294177
-925 2.8025191796221612e-05 0.00036315543516818733
-923 1.7458192005088923e-05 0.0003352736117660915
-921 -1.8038173354044223e-05 0.00035503599629256545
-919 2.8864547156214746e-05 0.000352873694237863
-917 -1.0080559569558189e-05 0.00034373823486295955
-915 1.25418398026356e-05 0.00036552746740354126
-913 2.0889724008799158e-05 0.00035683562402038913
-911 -7.404302934032194e-06 0.0003512980793517228
-909 6.639315899616368e-06 0.00036013887932151905
-907 -1.4003459981643874e-05 0.00039014587145640704
-905 2.2658888361880313e-05 0.00035251570424401035
-903 -5.379230583141004e-06 0.00035376155570047193
-901 -3.103379722784583e-05 0.00036657802035659114
-899 1.5355424960908095e-05 0.0003464811943552278
-897 -5.6607307559708796e-05 0.0003763976856823452
-895 -2.897852503061682e-05 0.0003970439595878446
-893 -4.883572667064269e-06 0.0003694699723428781
-891 -2.1828610032003805e-05 0.0003529813148883876
-889 -7.689017658385307e-06 0.00035890869058066986
-887 -1.6727966255774616e-05 0.00034105849469322956
-885 -1.545897237019551e-05 0.0003343057766673822
-883 3.957220344102495e-05 0.0003493910056007426
-881 -4.0494869012246015e-05 0.0003484362513582558
-879 -7.968621167092166e-07 0.0003369617689075824
-877 -1.4348915962644496e-05 0.0003682711809531251
-875 -3.918541778772078e-06 0.0003790130234235398
-873 -1.4195198047078342e-05 0.0003748461761095261
-871 -1.3106114418621951e-05 0.0003685164038533977
-869 2.596754552210422e-05 0.000370058459987623
-867 -7.844836816445126e-06 0.0003456325243054542
-865 -1.6402775915755637e-05 0.00038224038032676644
-863 -1.7846777050082677e-05 0.00038343584366220255
-861 8.550515209467595e-07 0.00038019603823297025
-859 1.4543488522518895e-05 0.0003759533620364321
-857 1.3230183831330682e-05 0.0003512920066916999
-855 -2.8914935516380106e-05 0.0004168625173326792
-853 6.8223701378404656e-06 0.0003885836861287884
-851 -2.07539058135501e-05 0.00034285371322390144
-849 1.013672056889196e-05 0.0003156203940343574
-847 -3.104821655315168e-06 0.0003746797205783413
-845 -3.555199880753613e-05 0.00040455317429824856
-843 -7.611602731562196e-06 0.00037265300616594343
-841 -6.286406481857903e-06 0.0003844596328433217
-839 -1.3493833789633492e-05 0.0003745056403916599
-837 -7.35751826915932e-06 0.00038220765907696837
-835 -1.8057641053132114e-05 0.00036240903761961576
-833 -6.580145498184602e-06 0.00037995066120046297
-831 1.891468931409658e-05 0.0003464308535867966
-829 -4.793953909393749e-06 0.000393309444973677
-827 1.5344611942891187e-05 0.0003738576998862669
-825 1.2267042628098127e-05 0.0004022131508622112
-823 1.2485796488271305e-05 0.0003844327900133376
-821 8.847251239185447e-06 0.0004200825465696528
-819 3.279806448980686e-06 0.0004026586576894228
-817 1.8296869408643862e-06 0.000372560301071321
-815 -2.5568623444898635e-06 0.00040658792839732557
-813 -3.956228539417368e-05 0.0003677819119434865
-811 1.6561729495715238e-05 0.00040938431205153527
-809 2.1936210907329478e-05 0.00038712217487764844
-807 1.5237220108898793e-05 0.00038065636498615246
-805 1.5040032776265827e-06 0.0003910819298555027
-803 2.845951699226221e-05 0.0004295010305059003
-801 3.658131471440557e-05 0.00040388144871361973
-799 -1.063738891088652e-05 0.0004173396996014041
-797 -7.108584907304064e-06 0.00039272215077712405
-795 -7.978490099947554e-06 0.0004024330293162884
-793 1.0928664678242306e-05 0.00037106642499043735
-791 -1.4071453724566673e-05 0.0003880321652960193
-789 1.8468640505727002e-05 0.00038266478966894114
-787 6.649202510929843e-06 0.0003978686918633769
-785 6.671677054031994e-06 0.0003916839426703908
-783 1.048884998977271e-06 0.00043724978072235023
-781 6.940480672075287e-06 0.00037410964982975334
-779 -6.013836851246219e-06 0.00042582818512312864
-777 3.131914691887567e-05 0.00042024692929102606
-775 -1.751607720052062e-05 0.00039183801914938866
-773 1.453302758991949e-05 0.0004418660667021963
-771 6.668013939866497e-06 0.00039247907675928436
-769 -4.730127618747625e-06 0.00043353100181995713
-767 4.276444142494775e-06 0.00042183073164823597
-765 -1.951215373181873e-05 0.000415624419661349
-763 1.6522579733920194e-05 0.00042179911938339303
-761 -4.5308128286075706e-05 0.00038693460823095304
-759 -2.7093008397881318e-06 0.0004124602838708725
-757 6.85493681491423e-07 0.0004182726609796056
-755 3.44368892225055e-05 0.00046273766473912254
-753 2.4580522078669583e-06 0.00040870931543727666
-751 -2.297812101854625e-05 0.00045021753363712737
-749 7.755078649299678e-06 0.0004548359152640193
-747 1.1626959426015241e-05 0.0004482733562694781
-745 1.9340112796708156e-05 0.0004417945374343247
-743 -8.498655041398789e-06 0.0004377374578268158
-741 -2.8042558608676632e-06 0.0004201365282909632
-739 1.5890155576105318e-05 0.0004554965250386433
-737 -7.79450534508831e-06 0.0004438278277908604
-735 -1.56065035743424e-05 0.0004441841618450685
-733 2.835194538464413e-05 0.0004289826505368743
-731 1.65459193546824e-05 0.00046741861739249123
-729 3.802588636422156e-06 0.00043312928441656125
-727 -1.0877519662188904e-05 0.0004514217012170577
-725 5.158435234795156e-06 0.0004657141112993719
-723 -4.7492132815546496e-05 0.00041164736781841934
-721 2.414281217308404e-05 0.00047035831411140446
-719 -1.5107177142142735e-05 0.00043387959353378557
-717 -1.5122528941081615e-05 0.0004375976009828242
-715 -2.044090256052213e-05 0.000447081082348263
-713 -5.685284191953957e-07 0.00044103989210811357
-711 -4.49440108254974e-06 0.0004295111473136552
-709 3.7807755929488953e-06 0.0004686977851534024
-707 1.9558696543138026e-05 0.000431009330279475
-705 9.714638368179675e-06 0.0004438139461980844
-703 2.6779072971601074e-05 0.00045979626384068216
-701 2.0251436748651184e-05 0.00046819109049277204
-699 1.0584113297752413e-05 0.0004546721740565893
-697 2.247276521610289e-05 0.000431159386347919
-695 -1.9578063345663277e-05 0.00042880723060789635
-693 7.868223159524713e-06 0.0004408056468002204
-691 4.2919488850551305e-06 0.00046213310151830644
-689 -1.1479608303101206e-05 0.0004650521170103565
-687 -2.4170594935694365e-05 0.0004831060088066648
-685 -2.5921156876764574e-05 0.0004642145740622538
-683 2.2812729889969893e-05 0.0004667741793387942
-681 2.2360728284907014e-05 0.000454306648681111
-679 2.106181646143333e-05 0.00046610620131454526
-677 -1.9480196044219205e-05 0.00044623774449958095
-675 6.81428562706799e-07 0.00047896565557720735
-673 1.3418003057242765e-05 0.00045969436190681026
-671 -7.124727010392344e-06 0.00046257848103364396
-669 -1.9424800910163377e-05 0.0004911357298304849
-667 3.700020186152996e-05 0.0004335922729668721
-665 -5.5402446372192595e-06 0.0004746554262210232
-663 2.1711580839197197e-05 0.00048417001547517357
-661 8.899152284307064e-06 0.00046650304888520307
-659 4.3174378111576426e-06 0.0004662859730945906
-657 1.9952793295266128e-05 0.0005308649534123297
-655 -1.9346827864440514e-06 0.000473555248292434
-653 -6.957888043189645e-06 0.0005108264706579471
-651 -1.0436400773312094e-06 0.0004925682157773458
-649 3.1040527297199547e-06 0.0004925433438181327
-647 1.9731634288794137e-05 0.0005072854624934876
-645 -1.3057296162276836e-05 0.0004704198025325513
-643 -2.2739418861841794e-05 0.0005155753582288201
-641 6.530466964680211e-06 0.0004939499441876879
-639 -7.356716899749138e-06 0.00048343849488065977
-637 1.295726309563442e-05 0.0005158614140548186
-635 5.0514614367068095e-05 0.0004837519760452753
-633 -2.10498727019557e-05 0.0005111576461608375
-631 -1.9042317207329365e-05 0.0004966653314230314
-629 -3.1354096119515964e-05 0.000505759611350321
-627 2.1876724660876883e-05 0.0005022048663720455
-625 -4.1495228897659915e-05 0.0005040099127266441
-623 -9.878492534484237e-06 0.0005144003162315254
-621 9.001382714390092e-06 0.0005091153136476548
-619 9.955500555506053e-06 0.0004961253519110679
-617 1.7633853222017204e-05 0.0005561893995658895
-615 -1.0153563148808313e-05 0.0005315381461689236
-613 -1.4463145872160373e-05 0.0005238612550067657
-611 1.6320774455182275e-05 0.0005176433712080627
-609 7.99056324690968e-06 0.0005409445620134727
-607 -7.509700874549128e-06 0.0005173079296696611
-605 -1.5032659062761923e-05 0.0005304283530462353
-603 -8.466876731385184e-06 0.0005447400417838643
-601 -8.261191404862728e-06 0.0005362530650720156
-599 -4.575356793344533e-05 0.000539496149996954
-597 3.1065819674238696e-05 0.0005229485844527914
-595 -5.0512944531211955e-06 0.0005521713574638164
-593 5.34029855375598e-07 0.0005452749478148494
-591 -7.63554621740073e-06 0.0005342488442322786
-589 8.818486488899772e-06 0.0005496697482533974
-587 -1.5524301077603823e-05 0.0005476456403568068
-585 1.8342516820743884e-05 0.0005241803600515869
-583 5.385393119006092e-06 0.0005374534514192812
-581 -4.440413669490331e-05 0.0005465614618305292
-579 -3.7096863768431327e-06 0.0005717924102953668
-577 -6.5072571220947496e-06 0.000556849712678221
-575 2.0858415354058767e-05 0.0005645424035869675
-573 -4.3491516844382865e-06 0.0005390850640470385
-571 1.6151680578484836e-05 0.0005663272215327769
-569 -2.970950040350985e-06 0.0005695730747754689
-567 -1.0851582313644207e-05 0.0005294017619180881
-565 4.23850660286133e-05 0.000546504102067384
-563 -1.6345782151702828e-05 0.0005850199851456378
-561 2.5933033474680666e-05 0.0005473262525602962
-559 1.2793024055062613e-05 0.0005628754849808613
-557 -8.990880797304377e-06 0.0006066400932540057
-555 -1.760077044317464e-05 0.000581775127498688
-553 -2.2141768536319732e-05 0.0005568933605443135
-551 1.1044448931226254e-05 0.0005949627217549709
-549 8.388701662578292e-06 0.0005567284730744404
-547 5.864291955610072e-06 0.0005850114614532644
-545 -1.4657683040677592e-05 0.0005960821774840436
-543 -1.7028556605528263e-05 0.0005588757705603241
-541 1.3837678864670688e-05 0.0006126963203792375
-539 2.678231262731869e-06 0.0005906567954710108
-537 2.3910516052631807e-06 0.0006111948532946409
-535 2.279562539617989e-05 0.0006232262901800183
-533 -2.3499247067945333e-05 0.0005956116766090414
-531 -8.923533296806964e-06 0.0006407738884767544
-529 -1.716416591551826e-05 0.0006086109897022221
-527 9.66409231948619e-06 0.000606874366624474
-525 2.119544919504691e-05 0.0006039386584745342
-523 -1.1238243551158126e-05 0.0006240482408811081
-521 2.0342907792988705e-05 0.0006092167202759306
-519 2.5577354904672724e-08 0.0005893029617490872
-517 -1.0132228426631418e-05 0.000622227890653955
-515 1.2524184420274808e-05 0.00060067276690739
-513 1.0537641723889598e-05 0.0006104463909332924
-511 1.4176945610251646e-06 0.0006038838190117117
-509 1.0480649963746996e-05 0.0006056866264710999
-507 -6.590441823492844e-06 0.0006100344197110045
-505 3.4832142948091815e-06 0.0006544583089651834
-503 -2.4127758138562e-05 0.0006402548581952644
-501 3.548236526923972e-05 0.0006117354376259242
-499 -3.9270479252793756e-05 0.0006164017295101664
-497 1.590849275331739e-05 0.0006445914772141521
-495 3.4978548259764604e-06 0.0006460109136009905
-493 2.7160755389115135e-05 0.0006377307418355501
-491 3.3993126046687513e-06 0.0006678457825009184
-489 9.048464173157924e-06 0.0006560504177924901
-487 -1.255855718124085e-05 0.0006764135495220716
-485 -2.480897224869845e-05 0.0006642923588185465
-483 -9.057139869223366e-06 0.0006538528348439452
-481 -2.5287371170553984e-06 0.0006737894813179588
-479 7.731249368364809e-06 0.0006648248692826176
-477 3.3193568536185685e-05 0.0006475711091808583
-475 3.276826435441658e-06 0.0007136220146784667
-473 2.04943614661468e-05 0.0006848541724553344
-471 8.958001541334779e-07 0.0006916406476961089
-469 -1.413746547580382e-06 0.0006783871659181409
-467 2.7234404715356555e-05 0.0006849583248399318
-465 -1.0839669662290253e-05 0.0006661393186634765
-463 2.0442844339872106e-05 0.0006864534117251283
-461 3.642723308194226e-05 0.0006873819768971722
-459 -1.162778258201454e-05 0.000691685844161778
-457 1.5739923145094743e-05 0.0006944031204932339
-455 -2.2135927858567347e-05 0.0006793733834246932
-453 -2.5189635942154123e-05 0.0006932526512408725
-451 -1.6880347152725563e-05 0.0006989156482513844
-449 -3.498506883048438e-05 0.0007013855655455674
-447 -1.5595284968647443e-05 0.0007455462706944097
-445 6.317611337584638e-07 0.000710248485455143
-443 1.857745625603511e-05 0.0007169495276032041
-441 -2.8144217086961844e-05 0.0007343859937626848
-439 -4.910513008141937e-07 0.0007385061035604251
-437 2.8970680683204933e-05 0.0007468424935310426
-435 2.7087827556050488e-05 0.0007556644280876963
-433 -1.0063106931339185e-05 0.0007317041056898856
-431 -2.4143372302622883e-05 0.0007184771651102461
-429 -1.2959952941815241e-05 0.0007470518090683179
-427 3.9093323017551444e-06 0.0007458564552005815
-425 -1.0647654432221984e-05 0.0007457708365563062
-423 2.3059957556379634e-05 0.0007593331484369191
-421 -1.6650266225682604e-05 0.0007499721304881173
-419 -3.080837315779289e-05 0.0007619922394071667
-417 1.9471376822978085e-05 0.000769831165332023
-415 9.866998120443821e-06 0.0007858767191772842
-413 2.866247916851069e-05 0.0007784429574983869
-411 -2.4027699602681016e-06 0.0007705977892182192
-409 4.977909572283116e-06 0.0007802102198291314
-407 -1.722469719635303e-05 0.0008044629899531519
-405 1.5658690990361516e-05 0.0007554064665488225
-403 2.0518587187918916e-05 0.0007789961856020739
-401 -2.486465095224618e-06 0.0007598780084435699
-399 -3.984558416959736e-05 0.0007898906392358085
-397 2.5892686354375143e-07 0.0008221088671744976
-395 2.1233918596760457e-05 0.0008215792985652811
-393 -7.004310665650862e-06 0.0008311632186978385
-391 -3.437574482791919e-05 0.0007963289102095091
-389 -4.895867975510808e-06 0.0008296155562643602
-387 5.498020930716677e-06 0.0008046119756604987
-385 2.4341969829754055e-05 0.0008179170899575077
-383 1.6802557578647125e-05 0.0007974107126582177
-381 8.684230115744826e-06 0.0008382828737907167
-379 -2.2862284384372824e-05 0.0008163049758791295
-377 -1.6384590574810837e-05 0.0008230570234129715
-375 2.2532324338114038e-05 0.0008509941813483485
-373 2.6083968272042414e-05 0.0008395889215353924
-371 -1.3699529094126766e-05 0.0008888719302763757
-369 2.252454271369074e-05 0.0008494781340348214
-367 2.5295618893982498e-05 0.0008705388010012855
-365 -6.226583709991696e-06 0.0008656365624166155
-363 2.082166125763373e-06 0.0008743250503251661
-361 1.9917338402974336e-05 0.0008891108561944485
-359 -4.18791962521282e-06 0.0008955013830812756
-357 -3.103496398402575e-05 0.0009195360870670642
-355 -3.745647319078134e-05 0.000913537835640821
-353 1.1344822097690062e-05 0.0009139288918668535
-351 1.61818376489946e-05 0.0008857370603859517
-349 -2.925646714882846e-05 0.0009006399627945253
-347 8.450570513705152e-06 0.0009220418328129117
-345 5.836211274573594e-06 0.0009127427670054182
-343 2.9441538257636306e-05 0.0009536068235391197
-341 5.4013077742221165e-06 0.0009366470876369838
-339 -8.529817340641678e-06 0.0009226450701128717
-337 -1.789548652361389e-05 0.0009621729742956082
-335 -4.9091149214215e-06 0.0009638694952343702
-333 -1.0062242328747924e-05 0.0009450878753270084
-331 -4.568508224060816e-05 0.0009505536629768793
-329 4.047053973942573e-06 0.0009738341615431436
-327 -1.9735128511364205e-05 0.0009333192572281208
-325 3.646036828549631e-05 0.0009908359798148632
-323 -2.3017880840498014e-05 0.0009311948708268154
-321 2.738199752864071e-05 0.0009762409777549297
-319 -6.162090250667829e-06 0.0010148261081969901
-317 -6.430655156285798e-06 0.0010316259663302727
-315 1.111769978171881e-06 0.0010159318131196021
-313 -6.367826303414356e-06 0.0010322988104585228
-311 1.3804629872947765e-05 0.0009959034601155674
-309 1.2789791353135365e-05 0.0010246015884215704
-307 4.45916904453011e-06 0.0010326903736002013
-305 -1.664120160653536e-05 0.0010385817098771078
-303 2.3476184217108067e-05 0.001071665377922098
-301 3.3931440525882365e-05 0.0010458758377214518
-299 -1.2551481219491209e-05 0.0010824350436768832
-297 1.8885286975324397e-05 0.0010672077266465057
-295 -1.6532795060024643e-05 0.0010863023531976935
-293 1.6290732957542528e-05 0.0010904501322958615
-291 2.136125184249497e-05 0.0010898831697890492
-289 5.294388454065859e-06 0.0010988981989088324
-287 -5.356414133672588e-06 0.0011451576766875863
-285 -5.616852942264495e-06 0.0011029604030424911
-283 -1.434590360298295e-05 0.0010777244442476133
-281 1.4128682181599754e-05 0.0011134552194551682
-279 2.776350984266341e-05 0.001139981921121778
-277 4.389313283001329e-05 0.0011390388043516183
-275 8.887497893571944e-06 0.0011548941474647445
-273 1.8696013414684672e-05 0.0011745831887337338
-271 2.3767490979793447e-06 0.0011965520651076283
-269 1.8371837872403847e-06 0.001185098371549675
-267 -6.6822933544649785e-06 0.001237664674581492
-265 2.2842587446220175e-06 0.0012026735735025107
-263 1.5496051568346397e-05 0.001195447583060231
-261 -2.723412551839369e-05 0.0012286232496458926
-259 4.804085535441374e-06 0.0012331390458469242
-257 -8.298688975999915e-06 0.001240036261457989
-255 9.105620919476597e-07 0.0012374446743106658
-253 8.879320000133302e-06 0.0012583531834020473
-251 -2.4737158163526388e-05 0.0012481464840051267
-249 -2.0077788054046953e-05 0.0012356428383418529
-247 -1.7167397912525988e-06 0.0012835621814024129
-245 -1.1200897048455123e-05 0.0012615295340056456
-243 7.646238349289235e-06 0.0012849477137569804
-241 2.1164293309516092e-05 0.0013019154121440206
-239 -6.207495503423568e-06 0.0013116572109787856
-237 -1.9016561838757188e-05 0.0013274809965249951
-235 -2.5458306370360443e-05 0.0013407771278106401
-233 -4.496559306075108e-06 0.0013691098661173364
-231 -1.202782200098256e-05 0.0013924781246144964
-229 -1.9513195709335366e-05 0.0013726629118752359
-227 8.685009271415916e-06 0.0014083422593167381
-225 -5.050379481922149e-06 0.0014046244142895403
-223 1.1939189672016676e-05 0.0014350967443544386
-221 1.2538032485647826e-05 0.0014000551133255892
-219 1.3398978869482327e-05 0.0014915504548017198
-217 -4.79413568484519e-07 0.0014569499870188758
-215 -5.563698082570716e-05 0.0014831657262285903
-213 1.9646869165038473e-05 0.001489332660816341
-211 -8.743808083169387e-06 0.0015439077491288223
-209 1.3741015491206807e-06 0.001555470735201296
-207 3.5347622222106816e-06 0.0015285351438652762
-205 2.0393665223591536e-05 0.0015407770766296324
-203 -1.4846856542057123e-05 0.0015279264760220883
-201 -5.0857355295004515e-06 0.0015996298225491713
-199 -7.765025584874306e-06 0.0016258974147669448
-197 -3.332793521220126e-05 0.0016014163192415907
-195 -2.825088173499768e-05 0.001600233398384178
-193 6.896056330092168e-06 0.0016522508385491417
-191 -2.2458186478457053e-05 0.0016698238911706023
-189 1.375155549810708e-05 0.0016730905612034608
-187 1.4457765852276583e-05 0.00169720006192951
-185 2.6339651057251696e-05 0.0017346666934536716
-183 -3.1962088925001846e-05 0.001740013423435973
-181 2.7179402115061925e-06 0.0017378500830481291
-179 3.180476894322742e-05 0.0018052166939143883
-177 1.814764430810328e-05 0.0018064981337434008
-175 3.442796998803785e-06 0.001821487001847171
-173 2.91429591075065e-05 0.0018720675243318887
-171 -4.21586212840589e-07 0.0018778198272970772
-169 -2.089267817153545e-06 0.0018566087644370666
-167 -1.453193750759631e-06 0.001920206570180017
-165 -4.299020117412553e-06 0.0019565718726865396
-163 3.882705611949764e-05 0.0019693363929215338
-161 -1.1169674003119974e-05 0.0019800255568408194
-159 6.732054787929396e-06 0.0020244704896744447
-157 -5.326682806131443e-05 0.0020265513750410444
-155 -1.894425061700419e-05 0.002058507994754356
-153 -1.4841434863641166e-05 0.002089408291087201
-151 2.3182097526132182e-05 0.0021193926309709104
-149 -2.898856479238898e-05 0.0021305608899704603
-147 3.843562141662289e-06 0.002199469923153888
-145 1.614450611160876e-05 0.002177721704571731
-143 -9.165026780237256e-06 0.0022172984434747113
-141 -2.067719449251689e-05 0.002270843934777984
-139 -2.3828411956126787e-05 0.0022864448669646345
-137 2.273206463047614e-05 0.002331177663992918
-135 -3.434310967516706e-06 0.002334541189506208
-133 -2.7394798896411145e-05 0.0024077348377890945
-131 2.5090579856215837e-05 0.0024294332754757186
-129 -1.3707100672860096e-05 0.002492691601611164
-127 -9.616385159100676e-06 0.002526566483982943
-125 -3.9085726155092195e-05 0.0025738240273149404
-123 -7.260849950410993e-07 0.002576623110486761
-121 1.6904893008077203e-05 0.0026611508399679218
-119 -1.7223673226831834e-06 0.002684143451507025
-117 -5.219792703390338e-06 0.0027287461422784184
-115 2.5067881563699822e-05 0.0027557036550742734
-113 -1.9722992362897015e-05 0.0027922033260339278
-111 1.913829246911508e-07 0.0028383445837376767
-109 1.8717842021418923e-05 0.00292627331654441
-107 -1.792564162978299e-05 0.002984304150917829
-105 -7.5755759728994325e-06 0.0030412421872676263
-103 -1.994782618907513e-05 0.0031303867656566394
-101 -2.214865278133706e-05 0.003132370689684521
-99 -1.4197315632097097e-05 0.0031982083306519023
-97 -2.4432064115663295e-05 0.003279726264732304
-95 8.295308179268752e-06 0.0033478811360019758
-93 1.999256337288428e-05 0.003394037937767035
-91 -4.050152807831445e-07 0.0034815045110984408
-89 -1.7231118424186332e-05 0.003595048641402019
-87 -8.154335856751415e-06 0.0036412587859280723
-85 3.216323128965206e-05 0.00374075815558266
-83 2.86297184307231e-05 0.0038691095290781406
-81 -1.6005954300880123e-05 0.003966469778682285
-79 1.715311003368858e-06 0.004036143279880688
-77 -9.566511595927842e-06 0.004135588991050481
-75 -1.6690932340466794e-05 0.0042320729554726575
-73 -5.840681642323291e-06 0.004371122022537293
-71 2.962303024857586e-05 0.004522636936727967
-69 -2.8683710500942775e-05 0.0046323705139161946
-67 -2.185877299261397e-05 0.004731521935321152
-65 9.119110815003998e-06 0.004916911267802306
-63 7.653815259176223e-06 0.0050256496134798954
-61 2.2622827561556217e-05 0.005247414248132908
-59 -1.8641915290234616e-05 0.005395048744360843
-57 2.203017714380365e-06 0.005598596208974143
-55 -2.4452441371114694e-05 0.005794653056138766
-53 9.99044068116627e-06 0.00603755824897765
-51 1.800871645954812e-05 0.0062424254448522
-49 -7.368720124557558e-06 0.00653489677752409
-47 -1.6307140822884588e-05 0.006775752388764792
-45 -4.317142295705654e-06 0.007075226384148321
-43 4.239061857098764e-05 0.00740292383409881
-41 -1.8409096777438324e-05 0.007741656698977725
-39 -1.884279819619279e-06 0.008175354888159951
-37 -1.1163964289974738e-05 0.008601246604464315
-35 4.35748113470445e-05 0.009080429706798331
-33 -2.4071275571017317e-05 0.009644759292686966
-31 1.8527552928672003e-05 0.01021615806188066
-29 -2.8863530389259698e-06 0.010969772293892111
-27 1.0597707540354805e-05 0.011780639925833464
-25 8.923780512978094e-07 0.012718994959171085
-23 2.930503280032457e-05 0.013885688532173387
-21 -4.478544318820679e-06 0.015179368704157061
-19 1.3515201493671322e-05 0.016798151677589725
-17 -2.663637991385641e-06 0.018733160620242408
-15 -1.2033555110805004e-05 0.0212307198165847
-13 -4.538743403852425e-06 0.024462408152756847
-11 3.5381390263872744e-05 0.028946999937602788
-9 3.313943889282279e-05 0.035343163210258224
-7 -7.432689488708605e-06 0.045435405389125556
-5 -2.761825734563744e-05 0.0635382738010941
-3 -1.650625089862584e-05 0.10567905316122907
-1 -1.151590014295237e-05 0.30703261671152615
1 -1.151590014295045e-05 -0.30703261671152615
3 -1.6506250898625783e-05 -0.10567905316122907
5 -2.7618257345637403e-05 -0.0635382738010941
7 -7.432689488708601e-06 -0.045435405389125556
9 3.3139438892822803e-05 -0.035343163210258224
11 3.5381390263872724e-05 -0.028946999937602788
13 -4.538743403852432e-06 -0.024462408152756847
15 -1.203355511080518e-05 -0.0212307198165847
17 -2.663637991385431e-06 -0.018733160620242408
19 1.3515201493671285e-05 -0.016798151677589725
21 -4.478544318820694e-06 -0.015179368704157061
23 2.9305032800324663e-05 -0.013885688532173387
25 8.923780512976637e-07 -0.012718994959171085
27 1.059770754035481e-05 -0.011780639925833464
29 -2.886353038925973e-06 -0.010969772293892111
31 1.8527552928672006e-05 -0.01021615806188066
33 -2.4071275571017313e-05 -0.009644759292686966
35 4.35748113470445e-05 -0.009080429706798331
37 -1.1163964289974735e-05 -0.008601246604464315
39 -1.8842798196193146e-06 -0.008175354888159951
41 -1.8409096777438215e-05 -0.007741656698977725
43 4.239061857098761e-05 -0.00740292383409881
45 -4.317142295705639e-06 -0.007075226384148321
47 -1.6307140822884656e-05 -0.006775752388764792
49 -7.368720124557578e-06 -0.00653489677752409
51 1.8008716459548096e-05 -0.0062424254448522
53 9.990440681166245e-06 -0.00603755824897765
55 -2.4452441371114742e-05 -0.005794653056138766
57 2.2030177143804377e-06 -0.005598596208974143
59 -1.864191529023463e-05 -0.005395048744360843
61 2.2622827561556217e-05 -0.005247414248132908
63 7.653815259176282e-06 -0.0050256496134798954
65 9.119110815003954e-06 -0.004916911267802306
67 -2.185877299261398e-05 -0.004731521935321152
69 -2.8683710500942775e-05 -0.0046323705139161946
71 2.962303024857587e-05 -0.004522636936727967
73 -5.840681642323264e-06 -0.004371122022537293
75 -1.6690932340466784e-05 -0.0042320729554726575
77 -9.566511595927823e-06 -0.004135588991050481
79 1.7153110033690164e-06 -0.004036143279880687
81 -1.6005954300880194e-05 -0.0039664697786822856
83 2.8629718430723078e-05 -0.0038691095290781406
85 3.216323128965206e-05 -0.00374075815558266
87 -8.154335856751417e-06 -0.0036412587859280723
89 -1.7231118424186342e-05 -0.003595048641402019
91 -4.0501528078314113e-07 -0.0034815045110984408
93 1.9992563372884277e-05 -0.003394037937767035
95 8.295308179268726e-06 -0.0033478811360019758
97 -2.443206411566323e-05 -0.003279726264732304
99 -1.4197315632097102e-05 -0.0031982083306519023
101 -2.2148652781337067e-05 -0.003132370689684521
103 -1.9947826189075115e-05 -0.0031303867656566394
105 -7.575575972899433e-06 -0.003041242187267626
107 -1.7925641629783032e-05 -0.002984304150917829
109 1.871784202141893e-05 -0.00292627331654441
111 1.9138292469117452e-07 -0.0028383445837376767
113 -1.972299236289704e-05 -0.0027922033260339278
115 2.5067881563699836e-05 -0.0027557036550742734
117 -5.219792703390313e-06 -0.0027287461422784184
119 -1.7223673226832156e-06 -0.002684143451507025
121 1.6904893008077403e-05 -0.0026611508399679218
123 -7.260849950411027e-07 -0.002576623110486761
125 -3.908572615509218e-05 -0.0025738240273149404
127 -9.616385159100684e-06 -0.002526566483982943
129 -1.3707100672860066e-05 -0.002492691601611164
131 2.509057985621582e-05 -0.0024294332754757186
133 -2.7394798896411148e-05 -0.0024077348377890945
135 -3.4343109675167426e-06 -0.002334541189506208
137 2.2732064630476144e-05 -0.002331177663992918
139 -2.3828411956126787e-05 -0.0022864448669646345
141 -2.06771944925169e-05 -0.002270843934777984
143 -9.165026780237236e-06 -0.0022172984434747113
145 1.6144506111608735e-05 -0.002177721704571731
147 3.843562141662315e-06 -0.002199469923153888
149 -2.8988564792388958e-05 -0.0021305608899704603
151 2.3182097526132118e-05 -0.0021193926309709104
153 -1.4841434863641159e-05 -0.002089408291087201
155 -1.894425061700425e-05 -0.002058507994754356
157 -5.326682806131438e-05 -0.0020265513750410444
159 6.7320547879294364e-06 -0.002024470489674445
161 -1.1169674003120047e-05 -0.0019800255568408194
163 3.8827056119497713e-05 -0.0019693363929215338
165 -4.299020117412555e-06 -0.0019565718726865396
167 -1.4531937507595907e-06 -0.001920206570180017
169 -2.0892678171535824e-06 -0.0018566087644370666
171 -4.215862128405632e-07 -0.0018778198272970772
173 2.9142959107506502e-05 -0.0018720675243318887
175 3.4427969988038015e-06 -0.001821487001847171
177 1.8147644308103328e-05 -0.0018064981337434008
179 3.180476894322739e-05 -0.0018052166939143883
181 2.717940211506188e-06 -0.0017378500830481291
183 -3.1962088925001846e-05 -0.001740013423435973
185 2.6339651057251642e-05 -0.0017346666934536716
187 1.445776585227658e-05 -0.00169720006192951
189 1.375155549810707e-05 -0.0016730905612034608
191 -2.2458186478457087e-05 -0.0016698238911706023
193 6.896056330092136e-06 -0.0016522508385491417
195 -2.825088173499768e-05 -0.001600233398384178
197 -3.3327935212201254e-05 -0.0016014163192415907
199 -7.765025584874227e-06 -0.001625897414766945
201 -5.085735529500416e-06 -0.0015996298225491713
203 -1.4846856542057086e-05 -0.0015279264760220883
205 2.0393665223591557e-05 -0.0015407770766296324
207 3.534762222210656e-06 -0.0015285351438652762
209 1.3741015491206587e-06 -0.001555470735201296
211 -8.743808083169394e-06 -0.0015439077491288223
213 1.9646869165038442e-05 -0.001489332660816341
215 -5.563698082570718e-05 -0.0014831657262285903
217 -4.794135684845106e-07 -0.0014569499870188758
219 1.339897886948229e-05 -0.0014915504548017198
221 1.2538032485647806e-05 -0.0014000551133255892
223 1.1939189672016681e-05 -0.0014350967443544386
225 -5.050379481922154e-06 -0.0014046244142895403
227 8.685009271415947e-06 -0.0014083422593167381
229 -1.951319570933538e-05 -0.0013726629118752359
231 -1.202782200098261e-05 -0.0013924781246144964
233 -4.496559306075157e-06 -0.0013691098661173361
235 -2.5458306370360436e-05 -0.0013407771278106401
237 -1.9016561838757188e-05 -0.0013274809965249951
239 -6.207495503423692e-06 -0.0013116572109787856
241 2.1164293309516187e-05 -0.0013019154121440206
243 7.64623834928924e-06 -0.0012849477137569804
245 -1.1200897048455121e-05 -0.0012615295340056456
247 -1.7167397912526344e-06 -0.0012835621814024129
249 -2.0077788054046963e-05 -0.0012356428383418529
251 -2.473715816352635e-05 -0.0012481464840051267
253 8.879320000133324e-06 -0.0012583531834020473
255 9.105620919476213e-07 -0.0012374446743106658
257 -8.298688975999881e-06 -0.001240036261457989
259 4.80408553544136e-06 -0.0012331390458469242
261 -2.723412551839373e-05 -0.0012286232496458926
263 1.5496051568346444e-05 -0.001195447583060231
265 2.2842587446220226e-06 -0.0012026735735025107
267 -6.68229335446498e-06 -0.001237664674581492
269 1.8371837872403851e-06 -0.001185098371549675
271 2.3767490979793566e-06 -0.0011965520651076283
273 1.8696013414684665e-05 -0.0011745831887337338
275 8.88749789357193e-06 -0.0011548941474647445
277 4.38931328300133e-05 -0.0011390388043516183
279 2.7763509842663556e-05 -0.001139981921121778
281 1.4128682181599547e-05 -0.0011134552194551682
283 -1.4345903602982927e-05 -0.0010777244442476135
285 -5.616852942264491e-06 -0.0011029604030424914
287 -5.356414133672587e-06 -0.0011451576766875863
289 5.2943884540658555e-06 -0.0010988981989088324
291 2.1361251842494986e-05 -0.0010898831697890492
293 1.6290732957542514e-05 -0.0010904501322958615
295 -1.653279506002468e-05 -0.0010863023531976935
297 1.8885286975324434e-05 -0.0010672077266465057
299 -1.255148121949126e-05 -0.0010824350436768832
301 3.3931440525882345e-05 -0.001045875837721452
303 2.3476184217108053e-05 -0.001071665377922098
305 -1.6641201606535362e-05 -0.0010385817098771078
307 4.459169044530109e-06 -0.0010326903736002013
309 1.2789791353135369e-05 -0.0010246015884215704
311 1.3804629872947743e-05 -0.0009959034601155674
313 -6.367826303414372e-06 -0.0010322988104585228
315 1.1117699781719013e-06 -0.0010159318131196021
317 -6.430655156285842e-06 -0.0010316259663302727
319 -6.162090250668016e-06 -0.0010148261081969901
321 2.7381997528640955e-05 -0.0009762409777549295
323 -2.301788084049803e-05 -0.0009311948708268153
325 3.646036828549635e-05 -0.0009908359798148632
327 -1.973512851136416e-05 -0.0009333192572281209
329 4.047053973942565e-06 -0.0009738341615431437
331 -4.568508224060818e-05 -0.0009505536629768793
333 -1.006224232874787e-05 -0.0009450878753270084
335 -4.909114921421517e-06 -0.0009638694952343703
337 -1.7895486523613887e-05 -0.0009621729742956082
339 -8.529817340641697e-06 -0.0009226450701128717
341 5.401307774222085e-06 -0.0009366470876369839
343 2.9441538257636333e-05 -0.0009536068235391196
345 5.83621127457358e-06 -0.0009127427670054181
347 8.450570513705135e-06 -0.0009220418328129117
349 -2.9256467148828463e-05 -0.0009006399627945253
351 1.6181837648994655e-05 -0.0008857370603859516
353 1.1344822097690072e-05 -0.0009139288918668535
355 -3.745647319078133e-05 -0.000913537835640821
357 -3.1034963984025784e-05 -0.0009195360870670642
359 -4.187919625212737e-06 -0.0008955013830812755
361 1.991733840297433e-05 -0.0008891108561944485
363 2.082166125763368e-06 -0.0008743250503251661
365 -6.2265837099917035e-06 -0.0008656365624166155
367 2.5295618893982443e-05 -0.0008705388010012856
369 2.2524542713690743e-05 -0.0008494781340348214
371 -1.3699529094126762e-05 -0.0008888719302763757
373 2.6083968272042438e-05 -0.0008395889215353924
375 2.2532324338114007e-05 -0.0008509941813483485
377 -1.6384590574810844e-05 -0.0008230570234129714
379 -2.286228438437283e-05 -0.0008163049758791295
381 8.684230115744853e-06 -0.0008382828737907167
383 1.6802557578647132e-05 -0.0007974107126582177
385 2.4341969829753987e-05 -0.0008179170899575078
387 5.498020930716738e-06 -0.0008046119756604987
389 -4.895867975510842e-06 -0.0008296155562643602
391 -3.4375744827919206e-05 -0.0007963289102095091
393 -7.0043106656508525e-06 -0.0008311632186978385
395 2.1233918596760444e-05 -0.0008215792985652811
397 2.5892686354369426e-07 -0.0008221088671744976
399 -3.984558416959738e-05 -0.0007898906392358084
401 -2.4864650952246593e-06 -0.00075987800844357
403 2.051858718791891e-05 -0.0007789961856020739
405 1.5658690990361505e-05 -0.0007554064665488225
407 -1.7224697196353e-05 -0.0008044629899531518
409 4.977909572283058e-06 -0.0007802102198291314
411 -2.402769960268009e-06 -0.0007705977892182192
413 2.8662479168510677e-05 -0.0007784429574983867
415 9.86699812044376e-06 -0.0007858767191772842
417 1.9471376822978037e-05 -0.0007698311653320229
419 -3.0808373157792874e-05 -0.0007619922394071668
421 -1.6650266225682502e-05 -0.0007499721304881173
423 2.3059957556379563e-05 -0.000759333148436919
425 -1.0647654432222035e-05 -0.0007457708365563063
427 3.909332301755158e-06 -0.0007458564552005815
429 -1.2959952941815219e-05 -0.0007470518090683179
431 -2.4143372302622907e-05 -0.0007184771651102461
433 -1.0063106931339168e-05 -0.0007317041056898856
435 2.7087827556050508e-05 -0.0007556644280876963
437 2.8970680683204875e-05 -0.0007468424935310426
439 -4.910513008141344e-07 -0.0007385061035604251
441 -2.8144217086961804e-05 -0.0007343859937626849
443 1.8577456256035037e-05 -0.0007169495276032041
445 6.317611337585095e-07 -0.000710248485455143
447 -1.559528496864749e-05 -0.0007455462706944097
449 -3.498506883048442e-05 -0.0007013855655455673
451 -1.6880347152725533e-05 -0.0006989156482513844
453 -2.51896359421541e-05 -0.0006932526512408724
455 -2.2135927858567354e-05 -0.0006793733834246933
457 1.5739923145094763e-05 -0.000694403120493234
459 -1.162778258201454e-05 -0.000691685844161778
461 3.642723308194227e-05 -0.0006873819768971722
463 2.0442844339872116e-05 -0.0006864534117251284
465 -1.0839669662290266e-05 -0.0006661393186634765
467 2.7234404715356572e-05 -0.0006849583248399318
469 -1.4137465475803854e-06 -0.0006783871659181409
471 8.958001541334698e-07 -0.0006916406476961089
473 2.04943614661468e-05 -0.0006848541724553344
475 3.2768264354416324e-06 -0.0007136220146784668
477 3.319356853618569e-05 -0.0006475711091808583
479 7.731249368364943e-06 -0.0006648248692826177
481 -2.5287371170555297e-06 -0.0006737894813179587
483 -9.057139869223383e-06 -0.0006538528348439452
485 -2.4808972248698488e-05 -0.0006642923588185464
487 -1.255855718124086e-05 -0.0006764135495220716
489 9.048464173157913e-06 -0.0006560504177924901
491 3.399312604668765e-06 -0.0006678457825009184
493 2.7160755389115124e-05 -0.0006377307418355501
495 3.497854825976474e-06 -0.0006460109136009904
497 1.59084927533174e-05 -0.0006445914772141521
499 -3.927047925279377e-05 -0.0006164017295101664
501 3.5482365269239724e-05 -0.0006117354376259242
503 -2.4127758138561995e-05 -0.0006402548581952644
505 3.4832142948091514e-06 -0.0006544583089651834
507 -6.5904418234928e-06 -0.0006100344197110045
509 1.048064996374701e-05 -0.0006056866264710999
511 1.417694561025146e-06 -0.0006038838190117117
513 1.0537641723889596e-05 -0.0006104463909332924
515 1.2524184420274823e-05 -0.00060067276690739
517 -1.0132228426631438e-05 -0.000622227890653955
519 2.5577354904552445e-08 -0.0005893029617490873
521 2.0342907792988783e-05 -0.0006092167202759307
523 -1.1238243551158131e-05 -0.0006240482408811081
525 2.1195449195046925e-05 -0.0006039386584745342
527 9.664092319486173e-06 -0.000606874366624474
529 -1.716416591551829e-05 -0.0006086109897022222
531 -8.92353329680697e-06 -0.0006407738884767544
533 -2.3499247067945363e-05 -0.0005956116766090415
535 2.2795625396179828e-05 -0.0006232262901800184
537 2.391051605263177e-06 -0.0006111948532946409
539 2.6782312627318646e-06 -0.0005906567954710108
541 1.3837678864670678e-05 -0.0006126963203792375
543 -1.7028556605528243e-05 -0.0005588757705603241
545 -1.4657683040677587e-05 -0.0005960821774840436
547 5.864291955610102e-06 -0.0005850114614532642
549 8.388701662578305e-06 -0.0005567284730744404
551 1.1044448931226244e-05 -0.0005949627217549709
553 -2.2141768536319715e-05 -0.0005568933605443135
555 -1.7600770443174618e-05 -0.000581775127498688
557 -8.990880797304359e-06 -0.0006066400932540058
559 1.2793024055062747e-05 -0.0005628754849808613
561 2.5933033474680653e-05 -0.0005473262525602962
563 -1.6345782151702858e-05 -0.0005850199851456378
565 4.2385066028613324e-05 -0.000546504102067384
567 -1.0851582313644217e-05 -0.0005294017619180881
569 -2.9709500403510228e-06 -0.0005695730747754689
571 1.6151680578484843e-05 -0.0005663272215327769
573 -4.3491516844383e-06 -0.0005390850640470384
575 2.0858415354058753e-05 -0.0005645424035869675
577 -6.507257122094729e-06 -0.000556849712678221
579 -3.709686376843135e-06 -0.0005717924102953668
581 -4.4404136694903305e-05 -0.0005465614618305292
583 5.385393119006042e-06 -0.0005374534514192812
585 1.834251682074387e-05 -0.0005241803600515869
587 -1.5524301077603823e-05 -0.0005476456403568068
589 8.818486488899755e-06 -0.0005496697482533974
591 -7.635546217400748e-06 -0.0005342488442322787
593 5.340298553755861e-07 -0.0005452749478148495
595 -5.0512944531212124e-06 -0.0005521713574638164
597 3.10658196742387e-05 -0.0005229485844527915
599 -4.575356793344533e-05 -0.0005394961499969541
601 -8.261191404862696e-06 -0.0005362530650720156
603 -8.466876731385136e-06 -0.0005447400417838643
605 -1.503265906276192e-05 -0.0005304283530462353
607 -7.509700874549126e-06 -0.0005173079296696611
609 7.9905632469097e-06 -0.0005409445620134728
611 1.6320774455182265e-05 -0.0005176433712080626
613 -1.44631458721604e-05 -0.0005238612550067657
615 -1.0153563148808342e-05 -0.0005315381461689236
617 1.7633853222017184e-05 -0.0005561893995658895
619 9.955500555506057e-06 -0.000496125351911068
621 9.001382714390079e-06 -0.0005091153136476548
623 -9.878492534484243e-06 -0.0005144003162315254
625 -4.1495228897659936e-05 -0.0005040099127266441
627 2.1876724660876897e-05 -0.0005022048663720455
629 -3.135409611951595e-05 -0.000505759611350321
631 -1.9042317207329348e-05 -0.0004966653314230315
633 -2.1049872701955702e-05 -0.0005111576461608375
635 5.051461436706811e-05 -0.0004837519760452753
637 1.29572630956344e-05 -0.0005158614140548186
639 -7.35671689974914e-06 -0.0004834384948806597
641 6.53046696468014e-06 -0.0004939499441876877
643 -2.2739418861841825e-05 -0.0005155753582288201
645 -1.3057296162276842e-05 -0.0004704198025325513
647 1.973163428879411e-05 -0.0005072854624934876
649 3.1040527297199666e-06 -0.0004925433438181327
651 -1.043640077331206e-06 -0.0004925682157773458
653 -6.957888043189646e-06 -0.0005108264706579471
655 -1.934682786444005e-06 -0.000473555248292434
657 1.995279329526614e-05 -0.0005308649534123297
659 4.317437811157651e-06 -0.0004662859730945906
661 8.899152284307049e-06 -0.00046650304888520307
663 2.1711580839197177e-05 -0.00048417001547517357
665 -5.540244637219227e-06 -0.0004746554262210232
667 3.700020186152998e-05 -0.0004335922729668721
669 -1.9424800910163377e-05 -0.0004911357298304849
671 -7.1247270103923254e-06 -0.00046257848103364396
673 1.3418003057242803e-05 -0.0004596943619068103
675 6.814285627068075e-07 -0.00047896565557720735
677 -1.9480196044219215e-05 -0.00044623774449958095
679 2.106181646143335e-05 -0.00046610620131454526
681 2.2360728284907e-05 -0.000454306648681111
683 2.2812729889969835e-05 -0.0004667741793387942
685 -2.5921156876764567e-05 -0.0004642145740622538
687 -2.417059493569437e-05 -0.0004831060088066647
689 -1.1479608303101228e-05 -0.0004650521170103565
691 4.291948885055147e-06 -0.00046213310151830644
693 7.86822315952475e-06 -0.0004408056468002204
695 -1.9578063345663274e-05 -0.0004288072306078964
697 2.2472765216102916e-05 -0.00043115938634791896
699 1.0584113297752415e-05 -0.0004546721740565893
701 2.025143674865118e-05 -0.0004681910904927721
703 2.6779072971601054e-05 -0.00045979626384068216
705 9.714638368179695e-06 -0.0004438139461980844
707 1.9558696543138057e-05 -0.000431009330279475
709 3.780775592948896e-06 -0.0004686977851534023
711 -4.494401082549751e-06 -0.00042951114731365513
713 -5.685284191954296e-07 -0.0004410398921081136
715 -2.0440902560522123e-05 -0.0004470810823482631
717 -1.5122528941081634e-05 -0.00043759760098282423
719 -1.5107177142142774e-05 -0.00043387959353378557
721 2.4142812173083863e-05 -0.0004703583141114047
723 -4.7492132815546516e-05 -0.00041164736781841934
725 5.158435234795161e-06 -0.0004657141112993719
727 -1.0877519662188897e-05 -0.00045142170121705775
729 3.802588636422183e-06 -0.00043312928441656125
731 1.6545919354682387e-05 -0.00046741861739249123
733 2.8351945384644094e-05 -0.0004289826505368743
735 -1.5606503574342432e-05 -0.0004441841618450685
737 -7.794505345088314e-06 -0.00044382782779086037
739 1.5890155576105335e-05 -0.0004554965250386433
741 -2.8042558608676344e-06 -0.0004201365282909632
743 -8.498655041398804e-06 -0.00043773745782681574
745 1.934011279670815e-05 -0.0004417945374343247
747 1.1626959426015243e-05 -0.0004482733562694781
749 7.755078649299675e-06 -0.0004548359152640193
751 -2.297812101854626e-05 -0.00045021753363712737
753 2.4580522078669435e-06 -0.00040870931543727666
755 3.443688922250549e-05 -0.00046273766473912254
757 6.854936814913908e-07 -0.00041827266097960565
759 -2.709300839788146e-06 -0.0004124602838708725
761 -4.5308128286075685e-05 -0.0003869346082309531
763 1.6522579733920163e-05 -0.000421799119383393
765 -1.9512153731818764e-05 -0.00041562441966134893
767 4.276444142494763e-06 -0.0004218307316482359
769 -4.730127618747611e-06 -0.00043353100181995713
771 6.668013939866478e-06 -0.0003924790767592844
773 1.453302758991949e-05 -0.0004418660667021963
775 -1.7516077200520648e-05 -0.00039183801914938866
777 3.13191469188757e-05 -0.00042024692929102606
779 -6.0138368512462035e-06 -0.00042582818512312864
781 6.940480672075325e-06 -0.00037410964982975334
783 1.0488849989773102e-06 -0.00043724978072235023
785 6.671677054031982e-06 -0.00039168394267039073
787 6.649202510929838e-06 -0.0003978686918633769
789 1.8468640505727002e-05 -0.0003826647896689412
791 -1.407145372456665e-05 -0.00038803216529601935
793 1.0928664678242312e-05 -0.00037106642499043735
795 -7.978490099947581e-06 -0.00040243302931628833
797 -7.108584907304013e-06 -0.00039272215077712416
799 -1.0637388910886388e-05 -0.0004173396996014046
801 3.658131471440547e-05 -0.0004038814487136191
803 2.8459516992262253e-05 -0.0004295010305059003
805 1.5040032776265776e-06 -0.0003910819298555027
807 1.523722010889877e-05 -0.00038065636498615246
809 2.1936210907329458e-05 -0.00038712217487764844
811 1.6561729495715265e-05 -0.00040938431205153527
813 -3.9562285394173685e-05 -0.0003677819119434865
815 -2.5568623444898805e-06 -0.00040658792839732557
817 1.8296869408643851e-06 -0.000372560301071321
819 3.2798064489807007e-06 -0.0004026586576894228
821 8.847251239185467e-06 -0.0004200825465696528
823 1.2485796488271323e-05 -0.0003844327900133376
825 1.2267042628098095e-05 -0.0004022131508622112
827 1.534461194289119e-05 -0.0003738576998862669
829 -4.793953909393792e-06 -0.000393309444973677
831 1.8914689314096592e-05 -0.0003464308535867966
833 -6.580145498184585e-06 -0.00037995066120046297
835 -1.8057641053132188e-05 -0.00036240903761961576
837 -7.35751826915933e-06 -0.0003822076590769683
839 -1.349383378963342e-05 -0.00037450564039165997
841 -6.286406481857856e-06 -0.0003844596328433217
843 -7.611602731562155e-06 -0.00037265300616594343
845 -3.5551998807536115e-05 -0.00040455317429824856
847 -3.104821655315214e-06 -0.0003746797205783413
849 1.0136720568891924e-05 -0.00031562039403435735
851 -2.075390581355007e-05 -0.0003428537132239014
853 6.822370137840504e-06 -0.0003885836861287884
855 -2.8914935516380134e-05 -0.0004168625173326792
857 1.3230183831330704e-05 -0.0003512920066916999
859 1.4543488522518904e-05 -0.0003759533620364321
861 8.550515209467778e-07 -0.00038019603823297025
863 -1.784677705008269e-05 -0.00038343584366220255
865 -1.640277591575564e-05 -0.00038224038032676644
867 -7.844836816445148e-06 -0.0003456325243054542
869 2.59675455221042e-05 -0.000370058459987623
871 -1.3106114418621922e-05 -0.0003685164038533977
873 -1.4195198047078297e-05 -0.0003748461761095261
875 -3.918541778772103e-06 -0.0003790130234235398
877 -1.434891596264455e-05 -0.0003682711809531251
879 -7.968621167091988e-07 -0.0003369617689075824
881 -4.049486901224601e-05 -0.00034843625135825586
883 3.957220344102495e-05 -0.0003493910056007426
885 -1.5458972370195525e-05 -0.0003343057766673821
887 -1.6727966255774612e-05 -0.00034105849469322956
889 -7.689017658385293e-06 -0.00035890869058066986
891 -2.1828610032003768e-05 -0.00035298131488838765
893 -4.883572667064257e-06 -0.00036946997234287807
895 -2.8978525030616787e-05 -0.0003970439595878446
897 -5.6607307559708775e-05 -0.0003763976856823452
899 1.5355424960908112e-05 -0.00034648119435522776
901 -3.1033797227845845e-05 -0.00036657802035659114
903 -5.379230583140996e-06 -0.0003537615557004719
905 2.2658888361880327e-05 -0.00035251570424401035
907 -1.400345998164386e-05 -0.00039014587145640704
909 6.639315899616378e-06 -0.00036013887932151905
911 -7.4043029340321706e-06 -0.00035129807935172283
913 2.088972400879915e-05 -0.00035683562402038913
915 1.2541839802635616e-05 -0.00036552746740354126
917 -1.0080559569558209e-05 -0.00034373823486295955
919 2.8864547156214637e-05 -0.0003528736942378631
921 -1.803817335404427e-05 -0.00035503599629256545
923 1.74581920050889e-05 -0.0003352736117660915
925 2.802519179622161e-05 -0.00036315543516818733
927 -1.5472345728091204e-06 -0.00034165195313294177
929 1.958293822022075e-05 -0.00037735566546408933
931 7.3577721367496545e-06 -0.00035357683716366215
933 2.966113589926205e-05 -0.0003503299390556259
935 -6.629468508293498e-06 -0.0003412306015561499
937 -2.150903349946834e-06 -0.0003180036697397674
939 5.2706433600529156e-06 -0.0003625584697352622
941 -2.8903222166120655e-05 -0.0003435880888159842
943 9.584011817772232e-06 -0.0003414990479195548
945 -6.082342277385515e-06 -0.0003560305624699307
947 3.769765174899971e-05 -0.0003481322076080962
949 -8.581362912365816e-06 -0.00029850774308986063
951 -2.6531314505775238e-05 -0.00038046410139308675
953 -1.1085618613651484e-05 -0.0002902685516783173
955 5.74199786494832e-06 -0.0003555894111612128
957 -3.749122757046909e-06 -0.0003307957014308299
959 3.113741273063776e-05 -0.0003286298934359067
961 1.1925131678330375e-06 -0.0003128108398334303
963 -1.4583747977532346e-05 -0.00031570796164055476
965 3.701255754927606e-06 -0.000335350633589214
967 4.222403892954549e-06 -0.00032103028645005414
969 4.826206166548132e-06 -0.00030399947543718946
971 -1.6423376463837455e-05 -0.0002981094009720062
973 3.366919427681354e-05 -0.00034208808758369924
975 4.337289519603708e-06 -0.000341798288034446
977 -2.576009318166201e-05 -0.0003679044527554669
979 -1.0861535366252854e-05 -0.00030838587848887273
981 2.2928738936920636e-05 -0.000299088748482333
983 -1.053123400813067e-05 -0.0003150328668097792
985 -1.8359793957415348e-05 -0.00033151278206977467
987 8.012457347820697e-06 -0.0003300030936788442
989 -6.13615358382855e-07 -0.00033876177719931573
991 -5.413137622862738e-06 -0.0003401357953055081
993 5.126460462791111e-06 -0.00033310424503401286
995 -7.925435893896257e-06 -0.00032865234802863426
997 -7.704244713683866e-06 -0.0003105676666822498
999 1.947264040320658e-06 -0.00029637549044899504
1001 1.6701231668804805e-05 -0.0003365883457708648
1003 -5.647527045195205e-06 -0.0003398655902155104
1005 1.3684241032799594e-06 -0.0003203611383123062
1007 1.4413218204978796e-05 -0.0003216672521186668
1009 -4.970389656424864e-06 -0.00029737109393494787
1011 1.920139842698793e-05 -0.00030371523018643976
1013 3.0994829051830572e-06 -0.00030732396539379753
1015 1.1772080482589343e-05 -0.00030508409554663653
1017 -5.6313786864178235e-06 -0.00030589823144891085
1019 -2.0154088540778977e-05 -0.00033188138807238024
1021 1.4564593484681385e-06 -0.00029807755166321776
1023 -1.6352671961521767e-05 -0.00034621768928156304
1025 -1.9938781056960605e-06 -0.00031812057661389283
1027 -6.609596483369659e-06 -0.00033689417977006994
1029 4.1067468207686155e-06 -0.0003258788259586997
1031 -1.7082452584159826e-06 -0.0003044335268167971
1033 1.1746134509209808e-05 -0.0003371582911164128
1035 -1.0019252935242595e-05 -0.0003162045621193832
1037 -9.292934961161467e-06 -0.0002907924107054176
1039 -3.126338240495886e-06 -0.0002902740227629786
1041 2.157831838350535e-06 -0.0003000213949564197
1043 1.92321487144618e-05 -0.00028234604005600294
1045 4.807557848795703e-06 -0.00029041247025688355
1047 1.3891258346678619e-05 -0.0003009224655005154
1049 1.676733902365803e-05 -0.0002943530667349683
1051 4.172650618357849e-05 -0.00030308458636885317
1053 2.426822340813382e-05 -0.0002968768715295197
1055 -3.2690798846890952e-06 -0.00030672489827148825
1057 -1.0976404895866577e-05 -0.0003016026851674174
1059 -6.50634272241744e-06 -0.0002853249589322168
1061 -2.5607575568557327e-06 -0.00031611141742761694
1063 6.2554418865963535e-06 -0.0003084738686781571
1065 -1.773564802106807e-05 -0.0003150607099082442
1067 2.0552264160733627e-05 -0.000342698060465282
1069 2.356129616921682e-06 -0.00028868076376824833
1071 -2.037923547767194e-05 -0.00029166897913337786
1073 -8.244126455437936e-06 -0.0003150430968224359
1075 2.244025515562366e-06 -0.00026646353788421957
1077 8.4863126894231e-06 -0.0003221762044864912
1079 -5.222195457516285e-06 -0.0002813369935508643
1081 2.887394035633003e-05 -0.0003015540080222036
1083 2.2919882121426186e-06 -0.00026695383534523293
1085 9.61027822298314e-06 -0.0003088172721423087
1087 -4.331239691485005e-05 -0.00028436105189745515
1089 1.972798543753082e-05 -0.00028712681040453803
1091 2.770075201253532e-05 -0.00031821120713092704
1093 1.139369046546361e-06 -0.0002711237094200909
1095 -1.542488283285681e-06 -0.00028631620293227504
1097 8.467261469963897e-06 -0.0002774354187237133
1099 -9.785333631145743e-06 -0.00029214893639038444
1101 -1.1815850020707626e-05 -0.00029137118654126465
1103 8.109474954063427e-06 -0.0003033757486905556
1105 3.566835037513319e-05 -0.00031230159279018534
1107 4.3661097422324356e-06 -0.00025960084706154533
1109 1.9780245597714268e-05 -0.00029814074084311354
1111 -7.756870325731576e-06 -0.0002568853222754799
1113 1.6390641511188518e-05 -0.00031122722341343767
1115 -2.536088408501869e-06 -0.0002878886737067252
1117 2.036371976105883e-05 -0.0003079219583267157
1119 3.833239086729482e-06 -0.00025478100221200335
1121 -2.383027396461306e-05 -0.0003219629643016152
1123 -8.429986810625966e-06 -0.0002775743391343632
1125 1.3625821800380692e-05 -0.0003020805460440207
1127 -2.0646438542927997e-05 -0.00031875465625934556
1129 3.6946379372147987e-06 -0.00031833494896980896
1131 2.79022113856748e-05 -0.00029928329153132297
1133 6.184412691938659e-06 -0.00030329516859425133
1135 -4.586137222995815e-06 -0.0002734120258299592
1137 -1.7877114689716524e-05 -0.0002929319623900578
1139 3.873249490630529e-06 -0.00025187232163399596
1141 -1.6407201675398914e-06 -0.0002600663465496799
1143 -1.6148228090567045e-05 -0.00027378225777724164
1145 2.9087867562958594e-05 -0.00026037953676563924
1147 -2.3148512355489638e-05 -0.00028393305204884765
1149 -3.9772128867495123e-05 -0.00031656248835337314
1151 -2.605462486162989e-05 -0.00026851452655024814
1153 -5.968277999978675e-06 -0.0002488840271675051
1155 -1.3870907706795266e-05 -0.00028379015619839457
1157 9.001177224813556e-06 -0.0002564748161290243
1159 1.1382253680871887e-05 -0.00028363696597147493
1161 -1.3273031709838815e-07 -0.00027107143694366306
1163 6.611403588681643e-06 -0.0002620974807922631
1165 -1.626384602523021e-05 -0.00027750072647029903
1167 -7.388651678813351e-06 -0.0002396089767039247
1169 6.6021447017659136e-06 -0.0002514787451105765
1171 -8.949546556228654e-06 -0.0002733694679329854
1173 -6.787171983840599e-06 -0.00025869330891373443
1175 -2.0907570843144933e-06 -0.0002371471771974385
1177 6.905311927351186e-06 -0.00026529713043237454
1179 -4.14296985433618e-06 -0.00022945240238309765
1181 1.595133412735456e-05 -0.00027295746698564486
1183 1.4471749905109612e-07 -0.00030509043942392855
1185 -9.365209803048165e-06 -0.0002763839570697965
1187 1.0461581678134564e-05 -0.0003106262872032271
1189 5.441152476407044e-06 -0.00027708844551826837
1191 2.5702751121449542e-05 -0.0002653407257632533
1193 1.469110479583747e-05 -0.00026173735388122435
1195 -1.3876895752934286e-05 -0.00028024341050868787
1197 2.061696047166552e-05 -0.0002827526493157143
1199 3.615406230424105e-05 -0.00025392838080520724
1201 1.1404477197837999e-05 -0.000280586188902827
1203 -5.253056757931624e-06 -0.00027933561008888346
1205 2.2605459229269586e-05 -0.00025572660837897086
1207 -1.9704607656163126e-05 -0.0002820993456069926
1209 -8.902743079939266e-06 -0.00026991684312961797
1211 -1.993206009969757e-06 -0.00026383024697590175
1213 1.4289865049569365e-05 -0.0002893953526259681
1215 -2.2776847312164066e-05 -0.00024440903869791625
1217 -1.0550984697642684e-05 -0.00028813342218616335
1219 -2.8941148199431712e-06 -0.00028229838896501493
1221 1.5413298507795603e-05 -0.0002486820847606723
1223 -1.6090987842399196e-05 -0.0002696871676114872
1225 2.055893692498376e-05 -0.0002687215991856659
1227 2.8911017785318413e-05 -0.0002837014899518786
1229 1.984130117986247e-06 -0.0002467542732963948
1231 -2.8540851351786118e-05 -0.00027621978529555294
1233 1.0979420709342993e-05 -0.00024878933131944336
1235 -3.7141822471013e-05 -0.00026335278474715285
1237 1.8483279070279112e-05 -0.00024534269259687054
1239 -7.204514248797895e-06 -0.0002599958297690686
1241 4.825446103509962e-06 -0.0002589484692000183
1243 2.7091407187532453e-05 -0.00025818403651344657
1245 -2.7859500767231283e-05 -0.0002421569288251508
1247 -1.1180423250742896e-05 -0.0002628216254724005
1249 9.896363944906216e-06 -0.0002481137288963369
1251 -5.22102065016734e-06 -0.00023713313869023632
1253 6.689885523912545e-06 -0.0002564135417188663
1255 2.9220556843966558e-05 -0.0002305953888902355
1257 -1.842230630979531e-05 -0.0002631661318642403
1259 1.3045692283833872e-05 -0.0002689302990442584
1261 -2.9059125418228517e-05 -0.00024785139311046616
1263 1.0298023255546274e-05 -0.0002451904127331237
1265 -3.8253572109946495e-05 -0.00022556520379524495
1267 1.8082796564297562e-05 -0.00027764602649371374
1269 -1.690127289973933e-05 -0.00024816402428419086
1271 8.727024861329763e-06 -0.0002642398356184303
1273 -8.67532167597796e-06 -0.0002462767142728923
1275 4.658899386700926e-07 -0.00021885107680233993
1277 -1.4625599739900527e-05 -0.00025742068037549993
1279 3.961291809396398e-05 -0.00023594011075871936
1281 -1.3542412554889e-05 -0.00023459205525380787
1283 1.327064743475946e-05 -0.00023261946734543312
1285 -1.9101871386134248e-05 -0.00025671793681178413
1287 6.570396017369888e-06 -0.0002548440734267071
1289 -2.339125264812547e-05 -0.00027727216445676
1291 2.8028469413814236e-06 -0.00025744847665074515
1293 2.934797739507242e-07 -0.0002516378920088704
1295 -1.5379181799244553e-05 -0.0002531690006419409
1297 -1.6568535307616012e-06 -0.00022826811125317074
1299 -1.5099957009353136e-05 -0.00024126489602146453
1301 -2.2129472891449402e-05 -0.00025137756440636507
1303 -6.930280094526868e-06 -0.0002299950834868901
1305 2.1465634029853337e-05 -0.00024689019452638815
1307 -4.7049109434556275e-06 -0.00026607252865566667
1309 -1.2166607296502815e-05 -0.00025136060850312496
1311 1.1345763833745568e-05 -0.00024461793814050444
1313 1.9261811334606663e-05 -0.00025451879836094557
1315 -1.1033848062331722e-05 -0.0002645799365746175
1317 -7.1653907263874325e-06 -0.0002633452766908051
1319 1.6044411342871336e-05 -0.000271289749974739
1321 -1.931454530633401e-05 -0.0002121950884128804
1323 1.0594594391063462e-05 -0.00023494558256943783
1325 9.987424751338097e-06 -0.00025818611958569853
1327 -8.062530780620174e-06 -0.00021557969492391703
1329 4.593961859350372e-06 -0.00028716073338901755
1331 3.6366272892643766e-06 -0.00020477724621019696
1333 -2.5815545503043066e-05 -0.00025009120450189673
1335 3.1343479434497395e-06 -0.00022590011425944448
1337 1.6778840669526702e-05 -0.00026945178218557654
1339 1.4727639940591154e-05 -0.0002387519644141668
1341 2.1789863083635777e-05 -0.00023157263632535865
1343 -1.1672075520696174e-05 -0.00025083204797980924
1345 -2.6500266420065853e-05 -0.00021263287441304184
1347 1.41273885852907e-05 -0.0001902448887449295
1349 3.7391155957199434e-05 -0.00022828410719125572
1351 7.740251345300191e-06 -0.0002254535877341256
1353 1.9234821738745265e-05 -0.00023523509663365624
1355 -1.375085782207843e-05 -0.00023894094769016754
1357 1.7264525818551646e-05 -0.00023568270973968133
1359 6.865460800183213e-06 -0.00020773022455935082
1361 -7.265749119010952e-06 -0.00022313716403580094
1363 1.9958204767396244e-05 -0.00023968117572033238
1365 -8.815348225129338e-06 -0.00026074243458625273
1367 2.6062916630562613e-05 -0.0002436424971855174
1369 -7.80215122039826e-06 -0.0002470868815798266
1371 -2.3087662211487225e-05 -0.00022111960869520162
1373 -9.360561114272366e-07 -0.00022828279834502614
1375 -5.2267342264148e-06 -0.00023799570061859432
1377 1.1255273449410726e-05 -0.000226079106204264
1379 3.301743763198384e-05 -0.00020385659580850958
1381 -1.9750253925360677e-05 -0.00021633684921728284
1383 -2.0829788120019773e-05 -0.00022574732939223754
1385 6.559906118826635e-07 -0.00024590456387760696
1387 -1.100936945310181e-05 -0.0002141920932681743
1389 2.229588477397682e-05 -0.00019385332757816665
1391 -1.247874382035416e-05 -0.0002606045783760299
1393 -1.5234073412554153e-05 -0.00021727292699325659
1395 6.811173864453906e-06 -0.00020432772115295452
1397 -2.95278603407928e-05 -0.0002612665288164822
1399 1.6458778568896905e-05 -0.00024954141289253374
1401 -2.197198216891408e-06 -0.00024794428456401796
1403 -4.0285492798785975e-05 -0.00022578955669200538
1405 -5.061127852220728e-07 -0.00022510109676684883
1407 -4.2266696332464554e-05 -0.0002302481896214452
1409 1.464243398737412e-05 -0.0002434792306533069
1411 -2.4331810649539854e-05 -0.00021609797261651521
1413 -1.9927488100857882e-05 -0.00019849386519438182
1415 1.2480789345934255e-05 -0.00021184343753186162
1417 1.402303377198585e-05 -0.00021491089420900699
1419 -9.279044666966302e-06 -0.00022709347167846816
1421 1.5170718777930928e-05 -0.00019084366283845616
1423 6.369362531067103e-06 -0.00024687056061563253
1425 -2.8963749660234592e-05 -0.0001906436205644005
1427 -1.1905847306025417e-05 -0.0002214193874106698
1429 -6.272351302614271e-06 -0.0002475457540751631
1431 1.8403923048050642e-05 -0.00020726000752988158
1433 -4.826267039857309e-06 -0.0002422282336063174
1435 -1.2052407675906302e-05 -0.00021199190913705974
1437 -1.8020320072919547e-05 -0.00025791054438090513
1439 -4.0447381876919756e-05 -0.0002070877572700607
1441 1.0108268207108135e-05 -0.0002140786837302591
1443 -1.7092727605955499e-06 -0.0002000009089262574
1445 -7.912788795076414e-06 -0.00024988632857470363
1447 2.1603420098238494e-05 -0.00021156007426351218
1449 -5.114743594458159e-06 -0.0001802970602277551
1451 -3.779965054615084e-06 -0.00025519662720360526
1453 8.620174983772498e-06 -0.00020553133870992394
1455 -1.0628055836571775e-05 -0.00023445818628603792
1457 4.213800026297307e-06 -0.00021572764770911348
1459 -1.3180789896817327e-05 -0.00021801429927544136
1461 -1.8294926487590143e-05 -0.0002316138394982425
1463 7.889829158398061e-06 -0.0002218047746391919
1465 4.523980568902016e-06 -0.00022219285538044732
1467 -1.697545682042176e-05 -0.00021669439411719604
1469 -2.643806631108062e-06 -0.00020580019089514763
1471 3.8015289960883003e-06 -0.00019235945385356223
1473 2.560556881788536e-05 -0.00018697415954856654
1475 -8.91823263988089e-06 -0.00020496646781255308
1477 -5.731520772804014e-06 -0.0002187964217613503
1479 -1.528810967850499e-05 -0.0002465712685964731
1481 -1.0483293086139537e-05 -0.00019975628585838112
1483 3.642031661242688e-06 -0.00022932538299028768
1485 -1.9113718687625198e-05 -0.00019444986033332863
1487 2.5119267557716693e-06 -0.00021781347288862192
1489 1.0506291899097916e-05 -0.00023224965603254298
1491 2.0350781398403136e-05 -0.00022475267483026295
1493 -1.0467515243254549e-05 -0.00022675789931697913
1495 -1.2081357969434522e-05 -0.00023084343318518065
1497 2.4525706865981465e-05 -0.00020590725593307366
1499 7.422261748118196e-06 -0.00021831560409303272
1501 1.3153546753726115e-05 -0.0002168081995238337
1503 -1.2613031080132865e-05 -0.00021214742225810713
1505 6.372918598950758e-06 -0.00024054042328904278
1507 2.2474770935560194e-06 -0.00020324583799640115
1509 -1.4532229811891865e-05 -0.00020727990758594302
1511 -1.746693593032812e-05 -0.0001990974086496331
1513 -2.193536976788998e-06 -0.00020203757889906734
1515 2.7115547781471743e-05 -0.00021401261410901697
1517 -3.8937449654892e-05 -0.00022664431589498158
1519 -4.2277522773266235e-06 -0.00021597969632576835
1521 -5.374279923777248e-06 -0.00021876862190162242
1523 9.175071169287622e-06 -0.00023310104249439346
1525 4.336516558507059e-06 -0.00022084041841279937
1527 1.6721580552298033e-05 -0.00017938918263442875
1529 3.071483429554552e-05 -0.00019625516288025155
1531 2.1584453409848063e-05 -0.00018464254401364194
1533 2.0688601818308603e-05 -0.00020568657654296382
1535 -2.7996137718665496e-05 -0.00020769129876392796
1537 -4.921395006952617e-06 -0.00017150790365806677
1539 -1.4929598645528915e-05 -0.00019629472251521269
1541 -3.451375667587605e-06 -0.00020420383061004087
1543 -2.4046179728315462e-05 -0.0002013237598754238
1545 1.5567086942613043e-05 -0.0001972252947848426
1547 2.1636097157893222e-05 -0.00021262466683205633
1549 9.425408291010602e-06 -0.0002074321353460663
1551 1.085761299616633e-05 -0.00022550921193627228
1553 -1.0009920327718941e-05 -0.00021874794105887323
1555 2.7783628565698556e-05 -0.00024411766676451916
1557 -3.205939933250177e-06 -0.0002234175337310309
1559 -2.497640861389386e-05 -0.00021694575452778735
1561 1.390469011222643e-05 -0.0002213897160271909
1563 1.2741745438627314e-05 -0.00019357122031938255
1565 -8.478352694855284e-06 -0.00018466837432946622
1567 1.43232346411543e-05 -0.00022763860635806064
1569 -2.9267606374515513e-05 -0.00018743736252335746
1571 1.5918337635882952e-05 -0.00022296743199020594
1573 -2.5431683401105255e-06 -0.00019916096260300662
1575 -3.0631206343623197e-06 -0.00023291365745894887
1577 1.2937459701298964e-05 -0.00019748237651741362
1579 -2.413928558804172e-05 -0.0002252813047575112
1581 1.700730705195666e-05 -0.00021683054258467128
1583 -1.1189489455266974e-05 -0.0001986793402154224
1585 4.572218732368278e-05 -0.00020132105289547692
1587 -4.6768557763328295e-06 -0.00019933411313218774
1589 -1.4039493879576e-05 -0.00018250733146770804
1591 -2.907652314800848e-06 -0.0002177480315125542
1593 -7.423805535047502e-06 -0.00018946129087484478
1595 -2.1796544643697587e-05 -0.00021270299832254903
1597 1.701657471165998e-05 -0.00021375606796844503
1599 1.0445346044997821e-05 -0.00024467688220627894
1601 1.330565806038887e-05 -0.00022018765464493754
1603 6.370359770526369e-06 -0.0001635589504478978
1605 -1.2289005408224882e-05 -0.00018889696340488514
1607 -1.8429136921217812e-05 -0.00020789407644903119
1609 8.818441339994047e-06 -0.00021735500797281327
1611 -3.0679690471993883e-06 -0.00021299392296638902
1613 -1.7624108434603882e-05 -0.00016994303004460408
1615 1.8725738032061403e-05 -0.00019424343632622876
1617 -4.4636162874135e-06 -0.00017713507354835206
1619 -2.9793232673022787e-05 -0.0002033779541624348
1621 -1.52759677252629e-05 -0.00021237304805450246
1623 7.672700191515036e-06 -0.00019966333410786205
1625 -1.8655105300379605e-05 -0.00021756209980102712
1627 -4.137986889480724e-06 -0.0001901103151972312
1629 3.942384601782496e-05 -0.0001685422647510427
1631 -1.687166516958389e-05 -0.00021809343229589758
1633 -1.774651891312096e-05 -0.0001787150186295173
1635 -1.8689820812013125e-05 -0.00018588522378405213
1637 2.6973499891137376e-05 -0.00018281491460359943
1639 0.0 -0.00019420981463318527
1641 0.0 -0.00019397311772321186
1643 0.0 -0.00019373699706864923
1645 0.0 -0.00019350145056765394
1647 0.0 -0.00019326647612859178
1649 0.0 -0.00019303207166997615
1651 0.0 -0.00019279823512040624
1653 0.0 -0.00019256496441850618
1655 0.0 -0.00019233225751286444
1657 0.0 -0.00019210011236197387
1659 0.0 -0.0001918685269341716
1661 0.0 -0.00019163749920758018
1663 0.0 -0.0001914070271700485
1665 0.0 -0.0001911771088190935
1667 0.0 -0.00019094774216184206
1669 0.0 -0.00019071892521497344
1671 0.0 -0.0001904906560046623
1673 0.0 -0.00019026293256652163
1675 0.0 -0.00019003575294554667
1677 0.0 -0.00018980911519605884
1679 0.0 -0.00018958301738165021
1681 0.0 -0.0001893574575751283
1683 0.0 -0.00018913243385846148
1685 0.0 -0.00018890794432272444
1687 0.0 -0.00018868398706804428
1689 0.0 -0.0001884605602035469
1691 0.0 -0.00018823766184730378
1693 0.0 -0.0001880152901262792
1695 0.0 -0.0001877934431762777
1697 0.0 -0.00018757211914189196
1699 0.0 -0.00018735131617645125
1701 0.0 -0.00018713103244196984
1703 0.0 -0.00018691126610909613
1705 0.0 -0.00018669201535706197
1707 0.0 -0.0001864732783736325
1709 0.0 -0.000186255053355056
1711 0.0 -0.00018603733850601443
1713 0.0 -0.00018582013203957424
1715 0.0 -0.00018560343217713743
1717 0.0 -0.00018538723714839296
1719 0.0 -0.00018517154519126857
1721 0.0 -0.000184956354551883
1723 0.0 -0.00018474166348449837
1725 0.0 -0.00018452747025147288
1727 0.0 -0.00018431377312321404
1729 0.0 -0.00018410057037813226
1731 0.0 -0.00018388786030259428
1733 0.0 -0.0001836756411908775
1735 0.0 -0.0001834639113451243
1737 0.0 -0.0001832526690752969
1739 0.0 -0.0001830419126991321
1741 0.0 -0.00018283164054209687
1743 0.0 -0.00018262185093734405
1745 0.0 -0.00018241254222566803
1747 0.0 -0.00018220371275546118
1749 0.0 -0.0001819953608826705
1751 0.0 -0.00018178748497075424
1753 0.0 -0.0001815800833906393
1755 0.0 -0.00018137315452067848
1757 0.0 -0.00018116669674660824
1759 0.0 -0.00018096070846150694
1761 0.0 -0.0001807551880657528
1763 0.0 -0.0001805501339669828
1765 0.0 -0.00018034554458005138
1767 0.0 -0.00018014141832698965
1769 0.0 -0.0001799377536369648
1771 0.0 -0.00017973454894623978
1773 0.0 -0.0001795318026981335
1775 0.0 -0.00017932951334298066
1777 0.0 -0.00017912767933809268
1779 0.0 -0.0001789262991477182
1781 0.0 -0.00017872537124300432
1783 0.0 -0.00017852489410195775
1785 0.0 -0.00017832486620940653
1787 0.0 -0.00017812528605696176
1789 0.0 -0.0001779261521429797
1791 0.0 -0.00017772746297252412
1793 0.0 -0.00017752921705732887
1795 0.0 -0.00017733141291576083
1797 0.0 -0.0001771340490727828
1799 0.0 -0.00017693712405991702
1801 0.0 -0.00017674063641520858
1803 0.0 -0.0001765445846831895
1805 0.0 -0.0001763489674148425
1807 0.0 -0.00017615378316756538
1809 0.0 -0.0001759590305051358
1811 0.0 -0.0001757647079976757
1813 0.0 -0.00017557081422161648
1815 0.0 -0.00017537734775966427
1817 0.0 -0.00017518430720076536
1819 0.0 -0.00017499169114007184
1821 0.0 -0.00017479949817890758
1823 0.0 -0.00017460772692473432
1825 0.0 -0.0001744163759911182
1827 0.0 -0.00017422544399769605
1829 0.0 -0.0001740349295701425
1831 0.0 -0.0001738448313401369
1833 0.0 -0.00017365514794533043
1835 0.0 -0.00017346587802931373
1837 0.0 -0.00017327702024158448
1839 0.0 -0.00017308857323751532
1841 0.0 -0.00017290053567832193
1843 0.0 -0.00017271290623103132
1845 0.0 -0.00017252568356845022
1847 0.0 -0.0001723388663691341
1849 0.0 -0.0001721524533173557
1851 0.0 -0.00017196644310307437
1853 0.0 -0.0001717808344219054
1855 0.0 -0.0001715956259750893
1857 0.0 -0.00017141081646946188
1859 0.0 -0.0001712264046174237
1861 0.0 -0.00017104238913691062
1863 0.0 -0.00017085876875136378
1865 0.0 -0.0001706755421897001
1867 0.0 -0.00017049270818628317
1869 0.0 -0.0001703102654808939
1871 0.0 -0.0001701282128187016
1873 0.0 -0.00016994654895023526
1875 0.0 -0.00016976527263135502
1877 0.0 -0.0001695843826232236
1879 0.0 -0.0001694038776922782
1881 0.0 -0.00016922375661020236
1883 0.0 -0.0001690440181538984
1885 0.0 -0.00016886466110545926
1887 0.0 -0.00016868568425214135
1889 0.0 -0.00016850708638633705
1891 0.0 -0.0001683288663055477
1893 0.0 -0.00016815102281235642
1895 0.0 -0.0001679735547144014
1897 0.0 -0.00016779646082434933
1899 0.0 -0.00016761973995986872
1901 0.0 -0.00016744339094360375
1903 0.0 -0.00016726741260314801
1905 0.0 -0.00016709180377101873
1907 0.0 -0.00016691656328463066
1909 0.0 -0.00016674168998627068
1911 0.0 -0.00016656718272307203
1913 0.0 -0.00016639304034698937
1915 0.0 -0.0001662192617147732
1917 0.0 -0.00016604584568794505
1919 0.0 -0.00016587279113277264
1921 0.0 -0.000165700096920245
1923 0.0 -0.00016552776192604822
1925 0.0 -0.0001653557850305406
1927 0.0 -0.00016518416511872893
1929 0.0 -0.000165012901080244
1931 0.0 -0.00016484199180931677
1933 0.0 -0.0001646714362047546
1935 0.0 -0.00016450123316991768
1937 0.0 -0.00016433138161269526
1939 0.0 -0.00016416188044548254
1941 0.0 -0.0001639927285851575
1943 0.0 -0.00016382392495305749
1945 0.0 -0.00016365546847495665
1947 0.0 -0.00016348735808104298
1949 0.0 -0.0001633195927058957
1951 0.0 -0.00016315217128846267
1953 0.0 -0.00016298509277203822
1955 0.0 -0.00016281835610424075
1957 0.0 -0.00016265196023699065
1959 0.0 -0.00016248590412648836
1961 0.0 -0.00016232018673319258
1963 0.0 -0.0001621548070217986
1965 0.0 -0.00016198976396121663
1967 0.0 -0.00016182505652455044
1969 0.0 -0.00016166068368907602
1971 0.0 -0.00016149664443622055
1973 0.0 -0.00016133293775154117
1975 0.0 -0.00016116956262470414
1977 0.0 -0.00016100651804946416
1979 0.0 -0.0001608438030236436
1981 0.0 -0.0001606814165491119
1983 0.0 -0.00016051935763176535
1985 0.0 -0.00016035762528150664
1987 0.0 -0.00016019621851222482
1989 0.0 -0.0001600351363417751
1991 0.0 -0.00015987437779195916
1993 0.0 -0.00015971394188850512
1995 0.0 -0.00015955382766104796
1997 0.0 -0.00015939403414310998
1999 0.0 -0.00015923456037208138
2001 0.0 -0.00015907540538920076
2003 0.0 -0.00015891656823953604
2005 0.0 -0.00015875804797196543
2007 0.0 -0.00015859984363915828
2009 0.0 -0.00015844195429755634
2011 0.0 -0.0001582843790073549
2013 0.0 -0.00015812711683248418
2015 0.0 -0.0001579701668405909
2017 0.0 -0.00015781352810301968
2019 0.0 -0.00015765719969479478
2021 0.0 -0.00015750118069460202
2023 0.0 -0.0001573454701847705
2025 0.0 -0.00015719006725125467
2027 0.0 -0.00015703497098361652
2029 0.0 -0.00015688018047500772
2031 0.0 -0.000156725694822152
2033 0.0 -0.00015657151312532745
2035 0.0 -0.00015641763448834923
2037 0.0 -0.00015626405801855213
2039 0.0 -0.00015611078282677326
2041 0.0 -0.00015595780802733495
2043 0.0 -0.00015580513273802775
2045 0.0 -0.00015565275608009325
2047 0.0 -0.00015550067717820748
2049 0.0 -0.00015534889516046396
