1 0.0 0.00015534889516046396
3 0.0 0.00015550067717820748
5 0.0 0.00015565275608009325
7 0.0 0.00015580513273802775
9 0.0 0.00015595780802733495
11 0.0 0.00015611078282677326
13 0.0 0.00015626405801855213
15 0.0 0.00015641763448834923
17 0.0 0.00015657151312532745
19 0.0 0.000156725694822152
21 0.0 0.00015688018047500772
23 0.0 0.00015703497098361652
25 0.0 0.00015719006725125467
27 0.0 0.0001573454701847705
29 0.0 0.00015750118069460202
31 0.0 0.00015765719969479478
33 0.0 0.00015781352810301968
35 0.0 0.0001579701668405909
37 0.0 0.00015812711683248418
39 0.0 0.0001582843790073549
41 0.0 0.00015844195429755634
43 0.0 0.00015859984363915828
45 0.0 0.00015875804797196543
47 0.0 0.00015891656823953604
49 0.0 0.00015907540538920076
51 0.0 0.00015923456037208138
53 0.0 0.00015939403414310998
55 0.0 0.00015955382766104796
57 0.0 0.00015971394188850512
59 0.0 0.00015987437779195916
61 0.0 0.0001600351363417751
63 0.0 0.00016019621851222482
65 0.0 0.00016035762528150664
67 0.0 0.00016051935763176535
69 0.0 0.0001606814165491119
71 0.0 0.0001608438030236436
73 0.0 0.00016100651804946416
75 0.0 0.00016116956262470414
77 0.0 0.00016133293775154117
79 0.0 0.00016149664443622055
81 0.0 0.00016166068368907602
83 0.0 0.00016182505652455044
85 0.0 0.00016198976396121663
87 0.0 0.0001621548070217986
89 0.0 0.00016232018673319258
91 0.0 0.00016248590412648836
93 0.0 0.00016265196023699065
95 0.0 0.00016281835610424075
97 0.0 0.00016298509277203822
99 0.0 0.00016315217128846267
101 0.0 0.0001633195927058957
103 0.0 0.00016348735808104298
105 0.0 0.00016365546847495665
107 0.0 0.00016382392495305749
109 0.0 0.0001639927285851575
111 0.0 0.00016416188044548254
113 0.0 0.00016433138161269526
115 0.0 0.00016450123316991768
117 0.0 0.0001646714362047546
119 0.0 0.00016484199180931677
121 0.0 0.000165012901080244
123 0.0 0.00016518416511872893
125 0.0 0.0001653557850305406
127 0.0 0.00016552776192604822
129 0.0 0.000165700096920245
131 0.0 0.00016587279113277264
133 0.0 0.00016604584568794505
135 0.0 0.0001662192617147732
137 0.0 0.00016639304034698937
139 0.0 0.00016656718272307203
141 0.0 0.00016674168998627068
143 0.0 0.00016691656328463066
145 0.0 0.00016709180377101873
147 0.0 0.00016726741260314801
149 0.0 0.00016744339094360375
151 0.0 0.00016761973995986872
153 0.0 0.00016779646082434933
155 0.0 0.0001679735547144014
157 0.0 0.00016815102281235642
159 0.0 0.0001683288663055477
161 0.0 0.00016850708638633705
163 0.0 0.00016868568425214135
165 0.0 0.00016886466110545926
167 0.0 0.0001690440181538984
169 0.0 0.00016922375661020236
171 0.0 0.0001694038776922782
173 0.0 0.0001695843826232236
175 0.0 0.00016976527263135502
177 0.0 0.00016994654895023526
179 0.0 0.0001701282128187016
181 0.0 0.0001703102654808939
183 0.0 0.00017049270818628317
185 0.0 0.0001706755421897001
187 0.0 0.00017085876875136378
189 0.0 0.00017104238913691062
191 0.0 0.0001712264046174237
193 0.0 0.00017141081646946188
195 0.0 0.0001715956259750893
197 0.0 0.0001717808344219054
199 0.0 0.00017196644310307437
201 0.0 0.0001721524533173557
203 0.0 0.0001723388663691341
205 0.0 0.00017252568356845022
207 0.0 0.00017271290623103132
209 0.0 0.00017290053567832193
211 0.0 0.00017308857323751532
213 0.0 0.00017327702024158448
215 0.0 0.00017346587802931373
217 0.0 0.00017365514794533043
219 0.0 0.0001738448313401369
221 0.0 0.0001740349295701425
223 0.0 0.00017422544399769605
225 0.0 0.0001744163759911182
227 0.0 0.00017460772692473432
229 0.0 0.00017479949817890758
231 0.0 0.00017499169114007184
233 0.0 0.00017518430720076536
235 0.0 0.00017537734775966427
237 0.0 0.00017557081422161648
239 0.0 0.0001757647079976757
241 0.0 0.0001759590305051358
243 0.0 0.00017615378316756538
245 0.0 0.0001763489674148425
247 0.0 0.0001765445846831895
249 0.0 0.00017674063641520858
251 0.0 0.00017693712405991702
253 0.0 0.0001771340490727828
255 0.0 0.00017733141291576083
257 0.0 0.00017752921705732887
259 0.0 0.00017772746297252412
261 0.0 0.0001779261521429797
263 0.0 0.00017812528605696176
265 0.0 0.00017832486620940653
267 0.0 0.00017852489410195775
269 0.0 0.00017872537124300432
271 0.0 0.0001789262991477182
273 0.0 0.00017912767933809268
275 0.0 0.00017932951334298066
277 0.0 0.0001795318026981335
279 0.0 0.00017973454894623978
281 0.0 0.0001799377536369648
283 0.0 0.00018014141832698965
285 0.0 0.00018034554458005138
287 0.0 0.0001805501339669828
289 0.0 0.0001807551880657528
291 0.0 0.00018096070846150694
293 0.0 0.00018116669674660824
295 0.0 0.00018137315452067848
297 0.0 0.0001815800833906393
299 0.0 0.00018178748497075424
301 0.0 0.0001819953608826705
303 0.0 0.00018220371275546118
305 0.0 0.00018241254222566803
307 0.0 0.00018262185093734405
309 0.0 0.00018283164054209687
311 0.0 0.0001830419126991321
313 0.0 0.0001832526690752969
315 0.0 0.0001834639113451243
317 0.0 0.0001836756411908775
319 0.0 0.00018388786030259428
321 0.0 0.00018410057037813226
323 0.0 0.00018431377312321404
325 0.0 0.00018452747025147288
327 0.0 0.00018474166348449837
329 0.0 0.000184956354551883
331 0.0 0.00018517154519126857
333 0.0 0.00018538723714839296
335 0.0 0.00018560343217713743
337 0.0 0.00018582013203957424
339 0.0 0.00018603733850601443
341 0.0 0.000186255053355056
343 0.0 0.0001864732783736325
345 0.0 0.00018669201535706197
347 0.0 0.00018691126610909613
349 0.0 0.00018713103244196984
351 0.0 0.00018735131617645125
353 0.0 0.00018757211914189196
355 0.0 0.0001877934431762777
357 0.0 0.0001880152901262792
359 0.0 0.00018823766184730378
361 0.0 0.0001884605602035469
363 0.0 0.00018868398706804428
365 0.0 0.00018890794432272444
367 0.0 0.00018913243385846148
369 0.0 0.0001893574575751283
371 0.0 0.00018958301738165021
373 0.0 0.00018980911519605884
375 0.0 0.00019003575294554667
377 0.0 0.00019026293256652163
379 0.0 0.0001904906560046623
381 0.0 0.00019071892521497344
383 0.0 0.00019094774216184206
385 0.0 0.0001911771088190935
387 0.0 0.0001914070271700485
389 0.0 0.00019163749920758018
391 0.0 0.0001918685269341716
393 0.0 0.00019210011236197387
395 0.0 0.00019233225751286444
397 0.0 0.00019256496441850618
399 0.0 0.00019279823512040624
401 0.0 0.00019303207166997615
403 0.0 0.00019326647612859178
405 0.0 0.00019350145056765394
407 0.0 0.00019373699706864923
409 0.0 0.00019397311772321186
411 0.0 0.00019420981463318527
413 1.6655284498206324e-06 0.0001763438047795455
415 -5.396340439721541e-06 0.00019600654632931464
417 -1.0991569248385036e-05 0.00018581733729993116
419 -2.9853386557574446e-05 0.00020126740349430335
421 9.622280111962058e-06 0.00018977753987591014
423 -1.5935768396062974e-05 0.0001932294168755332
425 4.547878727225137e-06 0.00022003959436463205
427 1.4220258521413367e-05 0.00021088257377972202
429 7.34316384351994e-06 0.0001926722869267826
431 -2.4182221372188125e-07 0.00018140412359149487
433 -2.582135948122655e-06 0.00020186407165192515
435 9.193678270106216e-06 0.00020191078245259514
437 7.924548681906113e-06 0.00019430742953184944
439 3.393382489890612e-06 0.00020941552885773694
441 -2.146033372515819e-06 0.00021380276000142995
443 1.8822348932771596e-05 0.00023045813806391973
445 -1.8371485145808425e-05 0.00020244121116656422
447 2.4950139359894504e-05 0.00019038106309864018
449 -6.617753715976873e-06 0.00017867456957351723
451 9.063049270378116e-06 0.00022512525016985484
453 9.655139917616418e-06 0.0002030442260472719
455 2.069734167172289e-06 0.0001792176157401808
457 3.0223961488581927e-06 0.000183192035710036
459 3.1624452189337834e-06 0.00018675887319312916
461 -1.1364099108100248e-05 0.0002115972956616164
463 8.312966882566708e-06 0.00021353190968996275
465 1.6292390694935818e-05 0.00020396269567339023
467 -2.029976387770926e-06 0.0001948190683495676
469 3.104643192071744e-05 0.0002057114630522736
471 9.865925432992783e-06 0.00019680897048936398
473 1.198028539659965e-05 0.00019435336479385712
475 -1.2672136323077365e-05 0.0002235251129768721
477 1.0329673634605371e-05 0.00020735495749771188
479 2.1770961129795983e-05 0.00018473069227109977
481 -1.4430661256184302e-05 0.00020272625267673871
483 -1.9474083705912194e-05 0.00021162493982151165
485 -2.3082107453839567e-06 0.00019285173355531357
487 1.4075274227421554e-05 0.00019069648476824347
489 -7.967220332119398e-06 0.000207970839378323
491 -2.1813366859448845e-05 0.00020266084536416635
493 -5.704137902954887e-06 0.00019262555529442953
495 -7.702887966609872e-06 0.00021938358629079236
497 -1.8148037913448148e-05 0.00019512048141118605
499 3.549982718074284e-05 0.00020794242879937786
501 -4.212791485612227e-06 0.00020623553995994056
503 -1.646412393333889e-06 0.00020521603749627397
505 -7.915690332193558e-06 0.00021214459730005918
507 -4.3271897995578955e-06 0.0002079033469904414
509 2.8566232841641368e-05 0.00021105558775325525
511 -2.577572115323106e-05 0.000190767311755749
513 -4.305660338246838e-06 0.0002049636947893839
515 -1.723602781978455e-05 0.00020693551034744198
517 -8.913905969646384e-06 0.0002030069145730917
519 -3.3729940157108484e-06 0.00020376216742568838
521 1.827753263856165e-05 0.0001972345022352318
523 1.085574640046182e-05 0.00019360685667844306
525 3.976662214018807e-06 0.00023970883220338242
527 -7.516042137433024e-07 0.00021264310885831612
529 -1.5786810211768682e-05 0.00021088333082126048
531 -7.960653396843834e-06 0.00022545763689392397
533 -2.4484197235976783e-05 0.00019746945109883873
535 -1.6655239776989373e-06 0.00022080697374363158
537 -4.032897326989959e-06 0.00017398998451044449
539 -2.8165638397214418e-05 0.0002110543658881051
541 -3.928270396443539e-05 0.00018107413344628794
543 -1.2170084622858061e-05 0.000212862829964951
545 7.635503165463786e-06 0.00020813089419950386
547 -1.44386650350231e-05 0.00021997690487351068
549 -9.045644044676272e-06 0.0001955126847417724
551 -1.7211673532866248e-05 0.00020944911569125522
553 7.582416458118131e-06 0.00021951372159829247
555 -1.02882277380009e-05 0.00023626188118692527
557 -2.783126213809704e-06 0.00023016986375259268
559 -4.926478613888022e-06 0.0001877971850660725
561 8.654938452351086e-06 0.00020107576708369704
563 2.228838079656165e-06 0.00022177011083437248
565 -1.7136303503195573e-06 0.00019530250050992412
567 2.1631523269492732e-05 0.0002306512417148428
569 2.520031408296204e-06 0.0002013430695030698
571 -1.351388874683842e-05 0.00023585632667863672
573 -4.397862480971819e-06 0.0002173203809772178
575 4.593713171295879e-06 0.00020006611803107124
577 4.040797917168968e-06 0.00019756614136424923
579 5.857632960076498e-07 0.0001921274609656131
581 -1.1677337538730775e-05 0.00021839106309714463
583 6.059306937784259e-06 0.00019075660057317378
585 1.9425548282198397e-06 0.00021358382498494133
587 -3.678411601568611e-05 0.000187591403070345
589 1.5878535132353397e-05 0.0002276176969939445
591 -1.8988172052803745e-05 0.00022209990886421557
593 1.651191966516733e-05 0.00021832963240564217
595 1.4019228195480152e-05 0.00022236034557809525
597 1.4338443489519894e-05 0.00021997457303102002
599 7.266503405185004e-06 0.00021533037630627364
601 8.608278815188103e-06 0.0001830974182084702
603 4.639141034477676e-05 0.00022960976170015426
605 5.25571338808008e-06 0.00023670039789538876
607 -1.7855009466464068e-06 0.00020986402157696318
609 -6.2459828196740235e-06 0.00023099102039007767
611 -2.1229495760224717e-06 0.00020961314792971312
613 -1.2510881523726457e-05 0.00025244806964933134
615 1.0065987458250252e-07 0.0002367259305884116
617 1.8150363524311257e-05 0.00022581391721692394
619 2.205016177035731e-05 0.00022161579662131355
621 2.6213668210768105e-07 0.00026044126396306704
623 1.805467939023606e-05 0.00021537535079473497
625 1.5520897129901136e-07 0.0002274555849046304
627 6.5026366032907e-06 0.0002106033506070123
629 3.63693497890254e-05 0.00020434435484260318
631 -1.0485340834578031e-05 0.00023036344368300606
633 1.1725355258360517e-05 0.00023579652606663183
635 9.967238568127016e-06 0.00019843012297563747
637 -5.126553493132261e-06 0.00021617884709071515
639 2.5737610988236934e-05 0.00023411054842752013
641 8.562747529482623e-06 0.00025004116737293956
643 -3.092178126411738e-05 0.0001898150465879997
645 8.231053375544923e-06 0.00022118535774066922
647 1.2308399900643243e-05 0.00021661980503684126
649 -1.0457359790544466e-05 0.00022361066243667779
651 1.7371793261191645e-05 0.00022606859445217578
653 -9.746270203081553e-06 0.00022064627774797527
655 -8.245512411772576e-06 0.000223559737005331
657 -2.70267983183568e-05 0.00024169671333791945
659 -4.781033507384586e-06 0.00022712098846572847
661 -3.46200329009862e-07 0.00020730259925535695
663 -1.9174123794099434e-06 0.00023076301397563446
665 -1.1910810531951916e-05 0.00023282590600844696
667 1.9647814457508868e-05 0.00022167740681607764
669 -1.1210576556110528e-05 0.00024387997091096985
671 -7.1677404733940784e-06 0.00023238166060420291
673 1.0867705705012618e-05 0.0002514210056700116
675 -3.97491082721898e-06 0.00024242489609108407
677 -1.1120845640686366e-06 0.0002257661194933487
679 -3.854071143848363e-06 0.00024276079760978693
681 -1.1560063798930781e-05 0.00023621356555401774
683 2.1884491360489266e-05 0.0002332559470258249
685 1.2293931699782611e-05 0.00023272420780298024
687 2.328636810897709e-05 0.00023436537155792117
689 9.126871006230879e-06 0.00024166975402474633
691 -2.855354483401103e-06 0.00020989901380718626
693 -1.917433364370039e-06 0.00022340519955744425
695 -9.556480502593617e-07 0.0002625755532055171
697 8.350224759353645e-06 0.00023156032365672212
699 1.1763452741159188e-07 0.00023901102611746094
701 1.4249425666863276e-05 0.00023883082088490596
703 1.1760972879594091e-05 0.00021134874657714937
705 5.107674868219834e-06 0.00024327570975239901
707 -1.1110985408986713e-05 0.0002427406707839003
709 1.1687841097235095e-05 0.0001944411362896008
711 8.557917465219529e-06 0.0002455345412206214
713 1.1461011948540013e-06 0.00023984405005808852
715 4.255328554772708e-06 0.00025358342890444943
717 1.3275203620856603e-05 0.00022198389004680078
719 -1.223015916934057e-05 0.0002555143016062829
721 4.315211758152114e-06 0.0002497872675808063
723 -8.030935422821616e-06 0.00023918083900316422
725 -9.488588084035226e-06 0.00023823303824707293
727 1.5018947389426211e-05 0.00022066623255516946
729 9.831062665326935e-07 0.00022441294653403163
731 1.1247270293858282e-05 0.00026904225933735486
733 4.901443210690486e-07 0.0002451398247349083
735 2.285643304135881e-06 0.00023991422451016697
737 -9.341272305739527e-06 0.00022809344410890974
739 2.9237963851925464e-06 0.0002274737758060783
741 1.0214063973012679e-05 0.00025116420753572137
743 1.0899326683131474e-05 0.00024293935561702447
745 2.011273600799641e-05 0.0002499728269993306
747 -1.183078172857134e-05 0.00027039059568555017
749 1.2083019194426977e-05 0.00023768441409333777
751 1.8328397749770997e-05 0.00023294003024124536
753 1.2833659839007906e-05 0.00025092302633367234
755 1.0022731137760593e-05 0.00026890343217307296
757 3.852893950526501e-06 0.00025750902129118014
759 -4.003258971542909e-07 0.00026695303542499183
761 1.730592808713384e-05 0.0002292749313745538
763 -1.0729073297315935e-06 0.00026391850005108314
765 -1.1496739639587902e-05 0.0002452476169799678
767 2.2287210583933475e-05 0.00025117761743473984
769 -2.3419643182150003e-05 0.00023855097564583924
771 2.8619119576370657e-05 0.00023331965228582565
773 1.561949056140666e-05 0.00025199453756519176
775 1.2358299312462493e-05 0.00022851288685826572
777 8.994855515046598e-06 0.0002692698264205851
779 1.5962582120349903e-05 0.0002576205564193629
781 -8.793242892922998e-07 0.00027457261027896636
783 -2.472381379949169e-05 0.00025940785368113725
785 -1.27040098384833e-05 0.00026188645902792355
787 -2.382772709765746e-07 0.00023920713096667453
789 9.489461516460021e-06 0.000261703407978028
791 -1.1274828299939346e-05 0.0002635143745452172
793 -1.9159820467946734e-05 0.0002665403611860389
795 7.414279292962472e-07 0.00023579544292175566
797 1.4831773903755566e-05 0.00024830401615169204
799 -1.311606448271895e-06 0.0002637457584767049
801 3.3998459741167886e-06 0.00025495532759111034
803 -1.957329503482989e-05 0.00027544751652196914
805 -2.2055528604056595e-05 0.00023272653788886162
807 2.320244890963206e-05 0.000270730420940461
809 -8.629577986509516e-07 0.0002540859751271372
811 -1.4946511455496863e-05 0.0002285163358422107
813 9.433922404121697e-06 0.00024031338852356976
815 -1.7930514958949376e-05 0.0002575643183086783
817 6.825572777007499e-06 0.00026892286215711664
819 -1.6399616744076596e-05 0.00027830207896952473
821 5.179998988952056e-07 0.00025753582295264465
823 4.232181386605051e-06 0.0002559753376226809
825 5.546729210844232e-07 0.0002549993234073307
827 9.812039816543685e-07 0.0002772065133872367
829 -6.0993630991928724e-06 0.0002724233432981121
831 2.6385429670681934e-05 0.00023805907890105232
833 6.8256596539073e-06 0.00026527692628813316
835 9.776930601134312e-06 0.00027617667334373726
837 1.6854625833227274e-05 0.0002640010188160866
839 -2.1130238674621837e-06 0.0002927661409611806
841 -2.9339823871588286e-05 0.0002452074276320187
843 -2.0384761401430234e-05 0.0002921969993781675
845 6.1886400554955995e-06 0.00025770409734792495
847 -1.9446465553952238e-05 0.00028025374333461673
849 9.102060921941318e-06 0.0002595183447378299
851 1.9534515992738977e-06 0.00025484535086739776
853 6.151775885079174e-07 0.0002806764092028273
855 6.651739321163482e-06 0.0002783873748881492
857 5.679966451270821e-06 0.00025626450849049615
859 1.850225776470975e-05 0.00028709267648883004
861 1.2472195907252499e-05 0.0002692103200917239
863 -9.796751337285597e-07 0.0002662999574640262
865 1.5300522445652027e-05 0.0002637039190201929
867 -1.6926015465322016e-05 0.000269377419623683
869 -3.0265765310667187e-06 0.00026061755958328063
871 1.3615932998602743e-05 0.0002482806839562582
873 6.857187711739091e-06 0.000268737075560317
875 -1.061381780274695e-05 0.00027105119801520234
877 1.3992733566915466e-05 0.00027163189006338653
879 1.3818832009282893e-05 0.0002877674534663556
881 4.014806126711237e-06 0.0002769720175556968
883 -6.311488007983552e-06 0.00027875273569883134
885 1.891208993246089e-05 0.00025707271948917273
887 8.746704320503257e-06 0.0002666413024777841
889 1.1096215690946613e-05 0.00028334621677805646
891 1.5396794878876597e-06 0.0002611043142235272
893 1.8745641566265453e-05 0.0002674527184449288
895 -2.27711668401129e-05 0.00027969027356113005
897 1.2525998675239471e-05 0.00027556090734872024
899 2.6807753277629573e-05 0.00028452738798851997
901 -5.149034004832615e-06 0.00026235674905249624
903 6.318318572237386e-06 0.0002865845194859363
905 -3.694858231379905e-07 0.0002623655745247922
907 -5.081305450267914e-06 0.00025833373250857953
909 -4.060685627916685e-06 0.00028718224686523786
911 4.979416218123651e-06 0.00025129079550320155
913 9.19377349866466e-06 0.00029148372895192897
915 3.3015558856116245e-05 0.0002485935791902058
917 3.9117907662011535e-06 0.0002769176636184645
919 -5.282255462747781e-06 0.0003032203802956736
921 1.2572087099465687e-05 0.0002909554593028846
923 1.0134165401414365e-06 0.00029921752462154066
925 1.3866095839228142e-05 0.00028672571715223657
927 7.77601382650376e-06 0.00028019967964009444
929 -1.608647447052281e-05 0.00030139637664105396
931 7.645303719710227e-06 0.00027663535614094124
933 1.0422154834440355e-05 0.0003044995891777944
935 -4.729967976666976e-06 0.00029218374071283124
937 -8.639203487811756e-06 0.00029499738376504445
939 -2.7892331129714655e-05 0.00028016268174364817
941 8.945650471335088e-06 0.00029392843680855357
943 1.78227818728598e-06 0.00028307411615519497
945 -1.0503083490077962e-05 0.0002908094364447956
947 1.8258889157341746e-06 0.00030414720637087525
949 -4.672557292256179e-06 0.00026656409395476455
951 1.189214953353124e-05 0.0003129776412938487
953 -9.03390595610003e-07 0.0002711172494100778
955 -1.6302975830765596e-05 0.0002960016531616735
957 -1.3294565513713903e-05 0.0002664769661988656
959 2.6117586519768917e-05 0.00029577391519937423
961 4.835272299128116e-06 0.0002710709405645956
963 -4.0637932870228765e-06 0.0002805687562896263
965 -8.804218151897033e-06 0.0002927432932642542
967 -1.982688441824131e-05 0.00031145606983459773
969 2.8699642156600536e-05 0.00030175703990338137
971 1.3874768723024737e-05 0.00029004075722933526
973 2.1132921747669575e-05 0.0002989325827198648
975 9.018076297488983e-06 0.0002749701311586674
977 -1.0692921366340543e-05 0.0003079339620252456
979 4.2594641211687343e-07 0.0002740487647234017
981 -8.702033693307278e-06 0.00027831140445669307
983 2.503478828000235e-05 0.0003057900588138073
985 -1.8725788104726537e-05 0.0003069745242604852
987 6.856229596188544e-06 0.0003163448897686218
989 2.2711455975703738e-05 0.0003223632708043064
991 2.7201703367104878e-05 0.00030922609559037704
993 -7.389127187393647e-06 0.0002829305861950228
995 -1.8582727353817768e-06 0.00029026022892320985
997 -7.248852638992058e-06 0.00032750131709731196
999 2.131704127794566e-05 0.0002945496019779248
1001 -4.612115996857958e-06 0.000293697577467145
1003 1.3893256490851862e-05 0.00030440605541161595
1005 -2.0497430595864375e-05 0.000291709404264046
1007 -3.64808934381364e-06 0.00029502840238704255
1009 2.327256228209178e-06 0.00030433221682765814
1011 -1.2689223593219811e-05 0.0002847743285890675
1013 -1.881797629777983e-06 0.00029209269450217895
1015 -2.7631890290283397e-05 0.00029778620342347183
1017 2.404577558585932e-05 0.0003127443573473129
1019 1.957229596848258e-05 0.0003285787779560919
1021 -2.7057537645043248e-05 0.000306787419645735
1023 -6.033216946756239e-08 0.00030238740981256235
1025 1.1530001557068002e-05 0.00033236966568638904
1027 2.616907877615428e-05 0.0003294199812462599
1029 5.998666796356205e-06 0.00030272507036486096
1031 -5.769948224118982e-06 0.0003024666471900899
1033 1.4648580662879898e-05 0.00032536439691164285
1035 1.6024253727408076e-06 0.0002808476440206876
1037 -1.4861487355615712e-05 0.00031941794195221063
1039 5.287299740671616e-06 0.00029049780196803725
1041 -3.8090680747814363e-06 0.0003260932682177376
1043 2.1427445436503135e-06 0.00032973226507831846
1045 2.2754224128227543e-05 0.0003089829048462818
1047 -1.9676504421618518e-05 0.000326091480917668
1049 -6.403016305033961e-06 0.0002998315370282374
1051 -7.396303004068259e-06 0.0002809951169662332
1053 -6.868112121585751e-07 0.00032353834379927443
1055 1.4243096626717516e-05 0.00031646265973476166
1057 -1.3592502537863739e-05 0.00033502628517696113
1059 -6.9905291466505e-06 0.0003213162752120806
1061 -1.1127263849948155e-05 0.0003591548570196151
1063 7.0544271669440795e-06 0.00032274943801351673
1065 -2.439618549248376e-08 0.0003226732835232716
1067 -1.0626845614912992e-05 0.0003303686871030906
1069 -6.7176966227792575e-06 0.0003097794895728897
1071 -1.3130861670936588e-05 0.0003132842195895565
1073 -8.341667772095522e-06 0.00034832781978153015
1075 6.344174512977759e-06 0.0003353123737049981
1077 1.7970866452660666e-05 0.0003378919654083587
1079 3.8563191205828084e-07 0.00031094045013631776
1081 -4.99593053312664e-06 0.0002869667795449668
1083 6.425383846560792e-07 0.0003411314368029101
1085 1.7374183125630165e-06 0.00035365898956741507
1087 -1.2635989136010307e-06 0.0003241790746339442
1089 1.6577268057100345e-05 0.000306755259459788
1091 2.1779553108944736e-09 0.0003352844935971353
1093 -3.183885114233335e-05 0.00033160429562051894
1095 1.680533343404345e-06 0.0003029102024308954
1097 -1.421928069371972e-05 0.0003134252576344548
1099 -1.3409457448623194e-05 0.0003435829874344108
1101 -8.403173715285694e-06 0.00033032558849772426
1103 1.073912190392496e-05 0.0003406297079202816
1105 -1.3882941751259385e-05 0.0003429185475040656
1107 1.7362917553970162e-05 0.00034335361369304865
1109 -1.0513816397965835e-05 0.00034653717555782225
1111 2.2021651900546587e-05 0.00035370201789460134
1113 1.1467043714502498e-05 0.0003244794838583282
1115 -1.0201820954995383e-05 0.0003473841210912069
1117 -2.3248940060182434e-06 0.0003391817123433995
1119 8.280839299566243e-06 0.00034210490424964313
1121 2.530162410012044e-05 0.0003466592063189606
1123 -3.6894079841003606e-06 0.0003343567599923104
1125 4.885277668439087e-05 0.0003348344543192136
1127 -2.1320729840194024e-05 0.00034804488698033775
1129 5.165441393543941e-07 0.00032989227222439584
1131 2.8458995771971204e-05 0.00037987655865554817
1133 -5.952937660391351e-06 0.00033184697969373283
1135 -3.5472195474334085e-07 0.0003607142906750859
1137 1.7805925696497158e-05 0.00032243963739185533
1139 2.770600545590803e-05 0.0003740705668355851
1141 -7.83424687534919e-07 0.0003690050422681671
1143 -1.6972581273542875e-05 0.00037219978778155595
1145 2.4148097242244767e-06 0.00035799303560846726
1147 -2.483796173603969e-05 0.00037033996430637636
1149 1.585679998508648e-05 0.0003657511571848338
1151 3.523029680370484e-05 0.00035287776451175
1153 -1.2339412591243187e-05 0.0003828881792210729
1155 -2.9646893005853035e-05 0.0003789033153730846
1157 -1.7976641463056045e-05 0.00037302968875724783
1159 -3.185021187617982e-05 0.0003360892021810261
1161 7.71965868355733e-06 0.00036226053820861005
1163 -1.3065267934521362e-05 0.00035735499831993
1165 6.433859069536127e-06 0.00033624087952052045
1167 1.9028630263954546e-05 0.0003723559397595213
1169 5.9017977651194115e-06 0.00038294687903049553
1171 5.960705221287353e-06 0.0003491513579043849
1173 1.0911480681599973e-05 0.00036100215492374107
1175 8.391353114734842e-07 0.00040168290776167713
1177 -4.424031582702006e-06 0.0003718192473720656
1179 -1.9169678841868066e-05 0.0003455237729298292
1181 1.4347121974509437e-05 0.0003681693280043781
1183 9.03393072390775e-06 0.00037485104283259597
1185 -7.79715190610126e-06 0.0003664332134764135
1187 1.6533846861860638e-06 0.00036028574658675743
1189 1.669064317234919e-05 0.0003790361116081744
1191 3.4719637135269495e-05 0.00039608628785771534
1193 1.4470255181643084e-05 0.00037589063900917975
1195 -4.672397118403017e-06 0.00037699792464991096
1197 1.5756712102388405e-05 0.00038624927677326535
1199 -2.5728829764626473e-05 0.00036325285522746534
1201 -1.507674635817722e-05 0.00037299463764898247
1203 1.4605716015619525e-05 0.0003543053112908197
1205 5.448776978839872e-06 0.00037808481825985966
1207 6.489533190767405e-06 0.0003832951257212872
1209 -1.7067009214941375e-05 0.000371505409498017
1211 -2.9420334035870947e-05 0.00037829109542940066
1213 -2.5884875606831173e-06 0.0004073376147692707
1215 3.077823787715068e-06 0.00037867141699113256
1217 2.424927474945556e-05 0.00040595955224020935
1219 -7.796596053806226e-06 0.0003806467942819445
1221 -1.415279764039052e-07 0.00040940664020388656
1223 -1.0600367979339166e-05 0.00038205017037823126
1225 1.5452180327215071e-06 0.00040925719571779126
1227 9.398572933580277e-06 0.00040077388402415265
1229 2.1075095307195987e-06 0.00039107087830838087
1231 5.77885489527244e-06 0.0003907140279976113
1233 1.7207846642639588e-05 0.0003772641836572667
1235 -5.045588791951852e-06 0.00039938225756359604
1237 -1.1518546250299736e-05 0.00040263030710744414
1239 5.093720020626746e-06 0.0004003003361504079
1241 -8.761778972967505e-06 0.00038654076530535283
1243 6.322358909721747e-06 0.0003770064675803976
1245 -6.212765313356847e-06 0.00038942128598266787
1247 6.2982841585591856e-06 0.00038793777059750755
1249 5.473737991345477e-06 0.000403956317789993
1251 -2.0591897808995164e-05 0.0003875176743285049
1253 3.3409185341554366e-06 0.000420329537888132
1255 1.961582077295408e-05 0.0003960187598607023
1257 1.1055650760058515e-05 0.0004028157744170266
1259 1.3476101742466629e-05 0.0004037885640668311
1261 -3.3838680876393e-06 0.0003998857739090686
1263 -5.242245508747973e-07 0.0004031317657036664
1265 4.63496451065567e-05 0.0004117948953446553
1267 8.475476252853903e-06 0.0004203727120703478
1269 4.566075840505156e-06 0.000385576168651613
1271 1.388692008202316e-05 0.000401773608491535
1273 1.1155171178008306e-05 0.0004322194783800967
1275 -8.447725705506971e-06 0.0004211297496341724
1277 2.6385339211750176e-05 0.0004108675822383547
1279 -1.1076093850263656e-05 0.0004127437398194479
1281 -5.803090128629805e-06 0.00041160065083105553
1283 -1.396444265760928e-05 0.00041195241895735594
1285 -6.704407955086372e-06 0.0004256712502561332
1287 1.5099739339837925e-05 0.0004071505391906154
1289 -2.885931846161593e-05 0.00041656144674711415
1291 -1.932062153092229e-06 0.00041823352496013694
1293 -1.4575888454005897e-05 0.0004077794217560026
1295 1.0187718093467875e-05 0.00040675140261885206
1297 -2.341948546546688e-07 0.00043532634257556686
1299 -9.645681659389386e-06 0.0004308194835963545
1301 1.0797781640457053e-06 0.0004407918797928398
1303 6.613101071389045e-06 0.00044165719871435804
1305 9.495257796997708e-06 0.00047092513181990706
1307 -1.7091286197968092e-05 0.00042877999382141005
1309 1.256725109301552e-05 0.0004218020151656523
1311 -8.497166712272134e-06 0.0004515961458923412
1313 -4.6044867901344786e-08 0.0004340540349220061
1315 -2.154678528728116e-05 0.0004217429962282845
1317 -2.0753243457040636e-05 0.000427693079121231
1319 -5.465154344137367e-06 0.00043228712871455573
1321 -1.129009172986018e-05 0.00043580787766081395
1323 -5.801352174199987e-06 0.00045581433854756473
1325 -1.644988554837865e-05 0.0004476304755923136
1327 -1.1401546922258304e-05 0.000434366027568498
1329 2.5600677370846732e-05 0.0004539966191128826
1331 -9.540108835485274e-07 0.0004232411002412963
1333 5.8974350999933045e-06 0.0004281578187988384
1335 -1.812878758590982e-05 0.000453073181720521
1337 -1.1362585640525511e-05 0.00043023450213576324
1339 -1.854214208185942e-05 0.0004632976430917741
1341 4.456921319222454e-06 0.0004427881361174488
1343 3.705779117522386e-06 0.00045672961733779277
1345 7.023305251345621e-06 0.00043415911112795676
1347 2.7353202177984912e-05 0.00045965878159188046
1349 3.526056840595317e-06 0.0004398435231344507
1351 1.4862468917411803e-05 0.0004615979183361965
1353 -6.737334473393628e-06 0.0004545861728426573
1355 -2.2566882488372065e-05 0.00047350370607381287
1357 4.585009558705444e-06 0.00044516057398349496
1359 -1.316038433046866e-05 0.000483956715950304
1361 3.5558594053934453e-06 0.0004597738190409371
1363 -1.7598137938713582e-05 0.0004682631856763941
1365 1.1527742750134736e-05 0.0004746317448317353
1367 -3.676143185648975e-06 0.0004738464396747252
1369 9.546621539696167e-06 0.00045424637346699377
1371 -4.833762746207563e-06 0.00047015759219131364
1373 -1.1507455194336424e-05 0.0004778891001470274
1375 -1.1841024031716942e-06 0.0004999298303861549
1377 1.5835376419851317e-05 0.0004756386207504741
1379 -1.9472804492619632e-05 0.0004949398962373284
1381 8.93527109356454e-06 0.0004903778979130297
1383 2.1396925488032937e-05 0.000452608500683295
1385 5.672467513211544e-06 0.00048735914593797783
1387 4.335129102878145e-06 0.00046655450614880185
1389 -3.100122531345497e-06 0.0005025273601336997
1391 -6.804880208122961e-06 0.0005082198133081497
1393 1.9771683042337416e-05 0.0004713287030804818
1395 -2.188016808673204e-06 0.0004889386828076573
1397 -1.5581974879479625e-05 0.0004892532995788479
1399 -1.742576430749179e-06 0.000495105431493316
1401 -2.1946401388605634e-05 0.0005014139690598659
1403 3.413185563274885e-05 0.0005086615459172589
1405 -2.7537275790886226e-05 0.0004780079550135008
1407 1.5263729005673976e-05 0.0004980108945624526
1409 8.282357246924723e-06 0.0004887567022063761
1411 -2.958849233727774e-06 0.0004800462210170624
1413 -1.4004392454286846e-06 0.0005159372956099438
1415 1.4686113324987704e-05 0.000510351263008152
1417 -2.0787052154208743e-05 0.0005140323340787039
1419 2.3329693856796732e-05 0.0005121189685444352
1421 2.1617921805370703e-05 0.0005076219000784232
1423 1.5643688215999627e-05 0.0004980338203530558
1425 -1.8880781545476508e-06 0.0005335628194866457
1427 1.4661244645852695e-05 0.0004960696166201282
1429 -2.9002352234254928e-06 0.000503231064765115
1431 -1.9407746804927186e-05 0.000498239487877591
1433 -1.6296842308541083e-05 0.0005245894786792186
1435 3.4684724228943135e-06 0.0005255354769629107
1437 2.204621665819552e-06 0.0005025189210465544
1439 1.1325126700955189e-05 0.0005243840694574516
1441 7.164887280334117e-07 0.0005509063303448487
1443 -5.842046413876402e-06 0.0005524284980844418
1445 2.054736036308806e-06 0.0005277196755422735
1447 1.3078360359524013e-05 0.0005441408343069578
1449 -1.8334840411159607e-05 0.0005190645238255742
1451 -7.98743082550936e-06 0.0005357137753299199
1453 1.0339120053435933e-05 0.0005406433427197236
1455 2.916669738780738e-07 0.0005367286225186627
1457 -8.604132854531363e-06 0.0005526490399217475
1459 -2.4506267618421868e-05 0.0005368472733736494
1461 -2.8713122768169396e-06 0.000557828580684392
1463 1.5987287792466183e-05 0.0005226134234305294
1465 -6.809389614541074e-06 0.000523906563816958
1467 6.920894508387603e-06 0.0005302740660709555
1469 -2.1224028175700202e-05 0.0005313699431451938
1471 4.451443784496406e-06 0.0005262148027562719
1473 1.0162139576345699e-05 0.0005582970956161468
1475 3.3459077597132715e-06 0.0005582753830639355
1477 1.597054516407946e-05 0.0005412599800873192
1479 -3.6136609900853767e-06 0.0005836607934045991
1481 -3.2374543568833494e-06 0.0005455760232776171
1483 1.9181599292980297e-06 0.0005781429816571837
1485 3.5488444169602855e-06 0.0005518486746575742
1487 -8.675293383287581e-06 0.0005656957605754345
1489 -9.705181155561163e-06 0.000590059273553659
1491 5.617856952962559e-06 0.0005492815072955878
1493 1.5003645798971496e-05 0.0005996768013795448
1495 -9.020105125380425e-06 0.0005748907915622321
1497 1.4006986951727863e-05 0.0005774635855649832
1499 -5.887338132748221e-06 0.0005685206035516347
1501 9.801414779840231e-06 0.0005640289978979638
1503 2.7922425258726296e-06 0.0005889559183083522
1505 -1.339583614363766e-05 0.0005816271168202172
1507 2.134152389259742e-05 0.0005634040307669552
1509 1.3418824521416577e-05 0.0005808235736403127
1511 1.1392436339107772e-05 0.0005963280754267721
1513 -1.0854753687502668e-05 0.0005994027844347499
1515 8.315797452852177e-06 0.0006100297497470144
1517 -1.0710834631596621e-05 0.0005777441813998724
1519 -1.568807425619819e-05 0.0006222541578330889
1521 -2.3992674141280766e-05 0.000604545975033373
1523 -2.080237584535053e-05 0.0006328543575703702
1525 -8.08153313444986e-06 0.000591313443996692
1527 1.4504224447442498e-05 0.0006041396579236749
1529 1.0870630210811521e-05 0.000608246144296204
1531 2.3503121517730013e-05 0.0005967417412508433
1533 -3.460414423558039e-06 0.0006081855092874862
1535 1.2362363440812704e-05 0.0006131571155149446
1537 2.3582999609707787e-06 0.0006308505590443121
1539 -1.4430668149253886e-05 0.0006201469789505708
1541 5.712931420158563e-07 0.0006010460926272981
1543 -1.3762795131502312e-05 0.0006020785570096266
1545 -6.988364306086635e-06 0.0006218357416680545
1547 1.21315793895801e-05 0.0006181464417111821
1549 2.9579060772323157e-05 0.000641251974084174
1551 -2.975090953971751e-05 0.0006345004607546395
1553 7.569086944229425e-06 0.0006418059918866077
1555 6.48927962040388e-06 0.000631593126748378
1557 3.268722037166522e-05 0.0006371255318449631
1559 1.5152898055771832e-05 0.0006478320821214156
1561 -9.20836068661297e-06 0.0006339203331823107
1563 -3.5071220458034007e-07 0.0006701763152709312
1565 1.310065535026618e-05 0.0006463630672286123
1567 4.426607273340386e-06 0.0006586587968149895
1569 -6.46457949334167e-06 0.0006599128641045092
1571 1.0986631197421839e-05 0.000665362327665414
1573 1.1319902019673999e-05 0.0006568390640225978
1575 -1.4436602892069154e-05 0.000664554319567191
1577 2.657393831122575e-05 0.0006973334859838187
1579 2.161171840491504e-05 0.0006725938798211511
1581 -2.4125376911804115e-06 0.0006611217438761055
1583 -1.552522605085484e-06 0.0006868199080333883
1585 -7.5616243872127325e-06 0.0006593238386992421
1587 1.1042947966219305e-05 0.0006598937179633662
1589 2.27505303913334e-06 0.0006842099549346467
1591 1.1047007391055003e-05 0.0006777366645386948
1593 3.713571423229694e-05 0.0007315718582565828
1595 3.517869299536415e-06 0.0007047031257763606
1597 -1.035287316208356e-05 0.0006702166087565957
1599 2.100754955379366e-05 0.0006993996056344655
1601 1.2747359468486798e-05 0.0006710018431853035
1603 -1.2989170197165577e-05 0.0007207744181745885
1605 -8.142399671600583e-06 0.000676025329607801
1607 1.1980750454626959e-05 0.000742951187382703
1609 1.3029614310276784e-05 0.0007021125294545053
1611 -4.940251459710649e-06 0.0007354450392612395
1613 -9.25398159487539e-06 0.0007114846061866624
1615 3.179659164505475e-05 0.0007747874235528778
1617 2.0599805810634516e-07 0.0007482975214076518
1619 1.3070951644297477e-05 0.0007372824858216162
1621 8.548512456694259e-06 0.000746010593894155
1623 1.6220970414882085e-05 0.0007299575409298457
1625 7.583582368087221e-06 0.0007630456356687489
1627 -3.922313388613404e-08 0.0007566132100057246
1629 2.212804404413804e-05 0.0007356341172687431
1631 4.457655211682845e-06 0.000766826407295571
1633 -2.8612218929711894e-06 0.0007740508767607339
1635 2.335091480951786e-05 0.0008174099977611818
1637 1.5673413371193318e-05 0.000793290734104927
1639 7.2062536573499685e-06 0.0007707243871724135
1641 1.532894956749043e-05 0.0007949671270651159
1643 -1.1162451528472109e-05 0.0007820913078827058
1645 3.073824512121528e-05 0.0007839688423988094
1647 -4.561525282353465e-06 0.0007947154432924118
1649 6.855070630321393e-06 0.0007683708803076543
1651 1.007822633856617e-05 0.0008056523214437862
1653 1.727497681255908e-05 0.0008167829392190763
1655 2.2205501823591885e-05 0.000798612144648852
1657 -6.569673691766587e-06 0.0008432678008128168
1659 -2.9009404210221744e-05 0.0007960188544626018
1661 3.1075489764517605e-06 0.0008207265560051143
1663 7.685273895875972e-06 0.0008275066398605725
1665 1.3437953555845592e-05 0.0008236048804399048
1667 -1.5284031087743685e-05 0.0008200693359562386
1669 2.1288876536766574e-06 0.0008364372451119007
1671 -5.502833957333153e-06 0.0008511319175313861
1673 -1.0583123900029454e-05 0.0008145850581855921
1675 1.4757545984006788e-05 0.0008265529510728389
1677 1.5768254569257154e-06 0.0008456868158860871
1679 -5.648249265724936e-06 0.0008735327521310806
1681 8.01571890480582e-06 0.0008456815633711684
1683 -5.605861904149516e-06 0.0008525853268174456
1685 3.165061403650945e-05 0.0008536058778788874
1687 -6.347718418844619e-06 0.0008785535668492535
1689 -4.372579170525356e-06 0.0009087364836484128
1691 1.1815789208408628e-05 0.0008902070652178978
1693 -6.19272539812027e-06 0.0009078656216913881
1695 -7.078627647573227e-06 0.0008841771319278007
1697 4.245656386256982e-06 0.000873465967701065
1699 -8.98315851658346e-06 0.0009353711820232591
1701 1.8631696722295578e-05 0.0009075362111110059
1703 -1.0394811839837312e-05 0.0009060370641311097
1705 -2.5294405834557548e-05 0.0009085015489824523
1707 3.7642178763272668e-06 0.0009172282740641088
1709 1.3798697795163844e-05 0.0009408872518471431
1711 -3.1142497946733544e-05 0.0009206832011102329
1713 -1.6094017521428978e-05 0.0009488784514469866
1715 2.1820321134593175e-05 0.0009650237824136203
1717 -6.151782111867953e-06 0.0009413494171286547
1719 -3.067764574716551e-06 0.0009631232561600063
1721 -1.211990382226708e-06 0.0009828266165227547
1723 9.081448933495813e-06 0.0009469299198458129
1725 1.4743244366108438e-05 0.0009892769362527221
1727 4.163376269598645e-06 0.0009698339276611754
1729 8.924698513393292e-06 0.001008149630053337
1731 -3.028724951312511e-07 0.0010203941172475606
1733 1.1353823602297906e-05 0.0010063919427243256
1735 2.816466150695371e-06 0.0010189005481758633
1737 -1.497518965845504e-06 0.0010374549667684283
1739 -9.83168500730647e-06 0.001026238959903606
1741 -2.443369040255326e-06 0.0010161830192007082
1743 7.246425816593745e-07 0.0010060305000498117
1745 -1.3718592868334412e-05 0.0010331897996479556
1747 4.1193205377976865e-06 0.0010660940152476994
1749 4.740089028145904e-06 0.001053007088841636
1751 9.218406551262104e-06 0.0010653900610414597
1753 -1.2601229104281936e-05 0.001062175999218365
1755 -1.221933098796746e-05 0.0010819638153921228
1757 1.1179981695201044e-05 0.001106190988211146
1759 -3.5773506371622265e-06 0.0010950017982040289
1761 8.923855837372221e-06 0.0011042123971775131
1763 -1.739428898779627e-05 0.001093947921140624
1765 -2.541066180490912e-07 0.001093580637846556
1767 2.307998619827976e-05 0.001093418210052555
1769 -5.456927883847083e-06 0.0011136929503049004
1771 3.6106326067651635e-05 0.0011293974247870257
1773 -4.291049956822799e-06 0.0011559662270983044
1775 4.224347469906262e-06 0.0011335521380491616
1777 -7.943516305299336e-06 0.0011658972630419649
1779 -2.0304228434078163e-06 0.001174557834322301
1781 -4.656899520108551e-06 0.0011759363118740054
1783 1.0201132187765406e-05 0.0011842956990191357
1785 2.908417471633656e-05 0.001194134506544714
1787 6.22866257348688e-06 0.001211900687121386
1789 -1.4918709798201946e-05 0.0012081306374900798
1791 9.49870063840916e-07 0.0012089013438851123
1793 -7.598417768020824e-06 0.0012394225201244659
1795 -2.2724595863528205e-05 0.001240516461668021
1797 1.486651412820728e-05 0.0012495018545593216
1799 -2.0617461166626147e-05 0.0012592450810213081
1801 -3.5254283625891833e-06 0.0012706602930618745
1803 -2.9556023144573355e-05 0.0012955683454692177
1805 -1.9433077103361783e-05 0.0013028078184743504
1807 1.7710084944729058e-05 0.0012955076266667942
1809 -1.6794280461587682e-05 0.00131510462076908
1811 1.463032815190134e-05 0.001354943479118405
1813 -9.258105682465033e-06 0.0013244450522302254
1815 1.5963735576232453e-06 0.0013597912282184476
1817 -1.901630049677495e-05 0.0013784572313709756
1819 1.9393277619189717e-05 0.001362518478454043
1821 -2.0073408585228736e-05 0.0013896149183971738
1823 8.29540411052763e-06 0.0013863701840677414
1825 -1.9286059758847394e-05 0.0014128535446632697
1827 7.507639562011249e-06 0.0014244639706701859
1829 1.2745598443283956e-06 0.0014310847382196653
1831 -8.817408830729538e-06 0.0014616664128623941
1833 1.8410029997651503e-05 0.0014762706485968193
1835 -2.6353617856844463e-05 0.0014787016602910642
1837 4.205101287083744e-06 0.0014865825409244788
1839 -1.9579583011439176e-06 0.0015145121534276692
1841 -1.7173374865536697e-05 0.0015370303833854698
1843 -6.013930185723943e-06 0.001539933159742595
1845 2.4909064452208424e-07 0.0015473249451222132
1847 -2.1416286595743756e-05 0.001578228183811883
1849 -1.6811837803560725e-08 0.0015724272934190772
1851 -1.2591392473449882e-05 0.0016230436290624347
1853 2.491144078528933e-06 0.0016267217028727134
1855 -2.138204529586702e-05 0.0016073419395913025
1857 1.075865336079354e-05 0.0016544787967924797
1859 -2.688198186752319e-05 0.0016765269396441665
1861 1.14453883945184e-05 0.0016993249468357284
1863 7.230406946960965e-06 0.001686689376729403
1865 8.505747906108541e-06 0.001710153065491846
1867 -2.0811118745705436e-05 0.0017527029131879164
1869 -6.751938372504019e-06 0.0017444587524020276
1871 -7.335615899987827e-06 0.0017599539150148326
1873 4.278233222310073e-05 0.0018258933556215282
1875 1.698398477599836e-05 0.0018077053569129538
1877 -2.4893360247708722e-06 0.001852226197026266
1879 8.883122253089159e-06 0.001857112907407205
1881 -1.7322745239642567e-06 0.0018706221954094058
1883 7.977061047173447e-06 0.0018882177134814562
1885 3.97183039527578e-06 0.0019316225764074697
1887 1.3566031311390916e-05 0.001971340717510194
1889 1.0703175814331656e-05 0.0020034504146540376
1891 9.40611757548333e-06 0.0019909503952239157
1893 -1.1105911255139298e-05 0.0020566866226237332
1895 -5.234889642228349e-06 0.0020526117690256884
1897 1.7685287323133646e-06 0.0020822088992630424
1899 -1.8243628680845997e-05 0.002109640011582225
1901 6.652493457906278e-06 0.002156998301514258
1903 1.701333994891546e-05 0.0021855567335582154
1905 1.9147202876912103e-06 0.0022236834188095814
1907 -5.075634287170938e-06 0.0022225351086816673
1909 3.300248567164297e-06 0.002261400263456649
1911 5.2771645984881245e-06 0.0023250290655693986
1913 1.7573724838012158e-05 0.002351170538711338
1915 -2.6906004262016666e-05 0.00235614006530605
1917 1.878707431477381e-05 0.0023889674639757503
1919 -3.6345833480795525e-06 0.002433444689338409
1921 -1.2195937408389845e-05 0.002501215155618445
1923 -3.501079765537796e-06 0.0025143147983686907
1925 -1.115096472863938e-05 0.0025513021731097224
1927 1.3651162008348711e-05 0.0026102491928036565
1929 8.087324838857668e-06 0.002627170427088952
1931 1.7238621892128208e-05 0.0026755536565073695
1933 1.9570794167548385e-05 0.0027215464056920546
1935 3.64459492358412e-05 0.0027481264274506222
1937 -1.0543606681541911e-05 0.002828490617523796
1939 -1.0080397606381039e-05 0.0028550591266923537
1941 -7.947676317319275e-06 0.002917827507124394
1943 -1.6557256697871087e-05 0.0029602293036329994
1945 1.896883707342976e-05 0.0030416532633464094
1947 -1.0949359589093009e-05 0.0030950805090220876
1949 1.1951634512960373e-05 0.0031636466384142494
1951 4.044678210691585e-05 0.0032004561956943205
1953 -4.35826092315191e-05 0.0032408573117019657
1955 1.6859571252674188e-05 0.0033514832388623393
1957 -1.1866595105013023e-05 0.0033993792799807718
1959 1.1493751378123925e-05 0.0034948642534602687
1961 -6.907200861155416e-06 0.003594767663117786
1963 -6.209372733760265e-06 0.0036418877015986033
1965 1.3421753393823363e-05 0.0037406340461193866
1967 3.489899847886691e-05 0.0038363898558657025
1969 -1.760556183741196e-05 0.00394459256769429
1971 9.754793513585666e-06 0.004011830004910357
1973 2.313403212336856e-05 0.004161164619362501
1975 -4.22763910311155e-06 0.004255956807504631
1977 -2.0794029391333284e-05 0.0043685359505783485
1979 3.004105079558864e-05 0.004502314114035168
1981 -8.38597690240766e-06 0.004601086590591452
1983 4.889727894686271e-06 0.004754256400008488
1985 -2.2932643835637927e-05 0.004911647531274596
1987 -1.9382947659654614e-06 0.005039443007101382
1989 1.5771282113372267e-05 0.00523410071484823
1991 1.094074843653007e-06 0.005392571286842143
1993 6.646328902784897e-06 0.005594428006659548
1995 -7.954078140959322e-08 0.005779397103590949
1997 7.885247046552043e-07 0.005995639950066627
1999 2.3219209036407808e-05 0.006287701073744496
2001 7.955003338071821e-06 0.0065038718408835265
2003 -2.8175066948241087e-05 0.006755797907939399
2005 -1.1236553338991422e-05 0.007080222026628284
2007 1.959514182013088e-05 0.007391896938397599
2009 5.278785638712509e-06 0.007755081579538315
2011 -1.2223970536010518e-06 0.008165640698048761
2013 3.43258921716014e-08 0.008584086244094869
2015 4.0386375717943413e-05 0.009072610341349985
2017 -8.392013148669128e-06 0.00963011081189755
2019 5.535164525903446e-06 0.010251975736861022
2021 1.527035100228087e-05 0.010987881121393477
2023 1.820747912687078e-05 0.011776180462257705
2025 -9.315019358745341e-06 0.012733481499196961
2027 2.265308215356082e-05 0.013855504919594301
2029 1.0524462640896351e-06 0.01515013669658694
2031 -1.1318660411985829e-05 0.016748481677077133
2033 -1.0156016131051058e-05 0.018725396738567778
2035 -4.05685749974904e-05 0.021208350798973746
2037 1.3089027841491722e-05 0.024446991561818072
2039 1.2545088954013114e-05 0.02892192392435859
2041 7.690791542039005e-07 0.035354490627516666
2043 -1.344555452624926e-05 0.04543902129848801
2045 -1.6299372335424947e-05 0.06354407881519765
2047 6.421999143523546e-06 0.1054908362135075
2049 -1.538818427007695e-05 0.3037899229069222
2051 -1.538818427007489e-05 -0.3037899229069222
2053 6.4219991435236346e-06 -0.1054908362135075
2055 -1.6299372335424924e-05 -0.06354407881519765
2057 -1.344555452624924e-05 -0.04543902129848801
2059 7.690791542039151e-07 -0.035354490627516666
2061 1.254508895401312e-05 -0.02892192392435859
2063 1.3089027841491766e-05 -0.024446991561818072
2065 -4.0568574997490616e-05 -0.021208350798973746
2067 -1.0156016131050748e-05 -0.018725396738567778
2069 -1.1318660411985853e-05 -0.016748481677077133
2071 1.0524462640895983e-06 -0.01515013669658694
2073 2.2653082153561028e-05 -0.013855504919594301
2075 -9.315019358745462e-06 -0.012733481499196961
2077 1.82074791268708e-05 -0.011776180462257705
2079 1.527035100228089e-05 -0.010987881121393477
2081 5.5351645259034436e-06 -0.010251975736861022
2083 -8.392013148669172e-06 -0.00963011081189755
2085 4.0386375717943413e-05 -0.009072610341349985
2087 3.432589217162512e-08 -0.008584086244094869
2089 -1.22239705360117e-06 -0.008165640698048761
2091 5.278785638712612e-06 -0.007755081579538315
2093 1.959514182013088e-05 -0.007391896938397599
2095 -1.1236553338991432e-05 -0.007080222026628284
2097 -2.817506694824107e-05 -0.006755797907939399
2099 7.955003338071853e-06 -0.0065038718408835265
2101 2.3219209036407798e-05 -0.006287701073744496
2103 7.885247046551668e-07 -0.005995639950066627
2105 -7.954078140966607e-08 -0.005779397103590949
2107 6.646328902785015e-06 -0.005594428006659548
2109 1.0940748436529923e-06 -0.005392571286842143
2111 1.577128211337224e-05 -0.00523410071484823
2113 -1.9382947659653674e-06 -0.005039443007101382
2115 -2.2932643835638005e-05 -0.004911647531274596
2117 4.889727894686233e-06 -0.004754256400008488
2119 -8.385976902407647e-06 -0.004601086590591452
2121 3.004105079558864e-05 -0.004502314114035168
2123 -2.0794029391333305e-05 -0.0043685359505783485
2125 -4.227639103111572e-06 -0.004255956807504631
2127 2.3134032123368546e-05 -0.004161164619362501
2129 9.754793513585704e-06 -0.004011830004910356
2131 -1.760556183741207e-05 -0.003944592567694291
2133 3.4898998478866865e-05 -0.0038363898558657025
2135 1.3421753393823367e-05 -0.0037406340461193866
2137 -6.209372733760246e-06 -0.0036418877015986033
2139 -6.907200861155402e-06 -0.003594767663117786
2141 1.149375137812394e-05 -0.0034948642534602687
2143 -1.1866595105013021e-05 -0.0033993792799807718
2145 1.685957125267415e-05 -0.0033514832388623393
2147 -4.358260923151903e-05 -0.0032408573117019657
2149 4.044678210691586e-05 -0.0032004561956943205
2151 1.195163451296037e-05 -0.0031636466384142494
2153 -1.0949359589092975e-05 -0.0030950805090220876
2155 1.896883707342971e-05 -0.0030416532633464094
2157 -1.6557256697871107e-05 -0.0029602293036329994
2159 -7.94767631731927e-06 -0.002917827507124394
2161 -1.0080397606381022e-05 -0.0028550591266923537
2163 -1.0543606681541898e-05 -0.002828490617523796
2165 3.644594923584123e-05 -0.0027481264274506222
2167 1.95707941675484e-05 -0.0027215464056920546
2169 1.7238621892128126e-05 -0.0026755536565073695
2171 8.087324838857841e-06 -0.002627170427088952
2173 1.365116200834869e-05 -0.0026102491928036565
2175 -1.1150964728639392e-05 -0.0025513021731097224
2177 -3.50107976553779e-06 -0.0025143147983686907
2179 -1.2195937408389801e-05 -0.002501215155618445
2181 -3.6345833480795585e-06 -0.002433444689338409
2183 1.8787074314773802e-05 -0.0023889674639757503
2185 -2.6906004262016673e-05 -0.00235614006530605
2187 1.7573724838012192e-05 -0.002351170538711338
2189 5.277164598488109e-06 -0.0023250290655693986
2191 3.3002485671642904e-06 -0.002261400263456649
2193 -5.075634287170928e-06 -0.0022225351086816673
2195 1.9147202876912154e-06 -0.0022236834188095814
2197 1.7013339948915468e-05 -0.0021855567335582154
2199 6.652493457906298e-06 -0.002156998301514258
2201 -1.8243628680846038e-05 -0.0021096400115822246
2203 1.7685287323133545e-06 -0.0020822088992630424
2205 -5.234889642228391e-06 -0.002052611769025689
2207 -1.1105911255139193e-05 -0.0020566866226237332
2209 9.40611757548313e-06 -0.001990950395223916
2211 1.070317581433134e-05 -0.0020034504146540376
2213 1.3566031311390989e-05 -0.001971340717510194
2215 3.97183039527574e-06 -0.0019316225764074697
2217 7.977061047173462e-06 -0.0018882177134814562
2219 -1.732274523964272e-06 -0.0018706221954094058
2221 8.8831222530892e-06 -0.001857112907407205
2223 -2.489336024770895e-06 -0.001852226197026266
2225 1.6983984775998337e-05 -0.0018077053569129536
2227 4.2782332223100794e-05 -0.0018258933556215282
2229 -7.335615899987784e-06 -0.0017599539150148329
2231 -6.751938372504024e-06 -0.0017444587524020276
2233 -2.0811118745705368e-05 -0.0017527029131879164
2235 8.505747906108524e-06 -0.001710153065491846
2237 7.230406946960978e-06 -0.001686689376729403
2239 1.1445388394518417e-05 -0.0016993249468357284
2241 -2.688198186752315e-05 -0.0016765269396441665
2243 1.0758653360793502e-05 -0.0016544787967924797
2245 -2.1382045295867012e-05 -0.0016073419395913025
2247 2.491144078528958e-06 -0.0016267217028727134
2249 -1.259139247344987e-05 -0.0016230436290624347
2251 -1.6811837803593124e-08 -0.0015724272934190772
2253 -2.1416286595743712e-05 -0.001578228183811883
2255 2.4909064452206814e-07 -0.0015473249451222132
2257 -6.0139301857239724e-06 -0.001539933159742595
2259 -1.7173374865536683e-05 -0.0015370303833854698
2261 -1.9579583011439024e-06 -0.0015145121534276692
2263 4.205101287083717e-06 -0.0014865825409244788
2265 -2.6353617856844477e-05 -0.0014787016602910642
2267 1.8410029997651554e-05 -0.0014762706485968193
2269 -8.817408830729531e-06 -0.0014616664128623941
2271 1.2745598443283964e-06 -0.0014310847382196653
2273 7.507639562011266e-06 -0.0014244639706701859
2275 -1.9286059758847405e-05 -0.0014128535446632697
2277 8.295404110527635e-06 -0.0013863701840677414
2279 -2.0073408585228787e-05 -0.0013896149183971738
2281 1.9393277619189697e-05 -0.001362518478454043
2283 -1.9016300496774953e-05 -0.0013784572313709756
2285 1.5963735576232462e-06 -0.0013597912282184476
2287 -9.258105682465017e-06 -0.0013244450522302254
2289 1.4630328151901162e-05 -0.0013549434791184048
2291 -1.6794280461587584e-05 -0.00131510462076908
2293 1.771008494472905e-05 -0.0012955076266667942
2295 -1.9433077103361793e-05 -0.0013028078184743504
2297 -2.955602314457339e-05 -0.0012955683454692177
2299 -3.5254283625892303e-06 -0.0012706602930618745
2301 -2.0617461166626126e-05 -0.0012592450810213081
2303 1.4866514128207306e-05 -0.0012495018545593216
2305 -2.272459586352826e-05 -0.001240516461668021
2307 -7.598417768020822e-06 -0.001239422520124466
2309 9.498700638409249e-07 -0.0012089013438851123
2311 -1.4918709798201957e-05 -0.0012081306374900798
2313 6.228662573486943e-06 -0.001211900687121386
2315 2.9084174716336537e-05 -0.0011941345065447143
2317 1.0201132187765412e-05 -0.0011842956990191357
2319 -4.656899520108534e-06 -0.0011759363118740054
2321 -2.0304228434077896e-06 -0.001174557834322301
2323 -7.94351630529936e-06 -0.0011658972630419649
2325 4.2243474699062495e-06 -0.0011335521380491616
2327 -4.2910499568228235e-06 -0.0011559662270983046
2329 3.610632606765183e-05 -0.0011293974247870257
2331 -5.456927883847324e-06 -0.0011136929503049004
2333 2.307998619827976e-05 -0.001093418210052555
2335 -2.541066180490732e-07 -0.001093580637846556
2337 -1.7394288987796302e-05 -0.001093947921140624
2339 8.923855837372189e-06 -0.0011042123971775131
2341 -3.5773506371622015e-06 -0.0010950017982040289
2343 1.1179981695201047e-05 -0.001106190988211146
2345 -1.2219330987967492e-05 -0.0010819638153921228
2347 -1.2601229104281887e-05 -0.001062175999218365
2349 9.218406551262079e-06 -0.0010653900610414595
2351 4.740089028145881e-06 -0.001053007088841636
2353 4.119320537797693e-06 -0.0010660940152476994
2355 -1.3718592868334416e-05 -0.0010331897996479556
2357 7.24642581659394e-07 -0.0010060305000498117
2359 -2.4433690402553352e-06 -0.0010161830192007082
2361 -9.831685007306457e-06 -0.001026238959903606
2363 -1.497518965845497e-06 -0.0010374549667684283
2365 2.816466150695399e-06 -0.0010189005481758633
2367 1.1353823602297867e-05 -0.0010063919427243256
2369 -3.0287249513165895e-07 -0.0010203941172475604
2371 8.924698513393612e-06 -0.0010081496300533366
2373 4.163376269598653e-06 -0.0009698339276611754
2375 1.4743244366108472e-05 -0.0009892769362527224
2377 9.081448933495847e-06 -0.0009469299198458129
2379 -1.2119903822267148e-06 -0.0009828266165227547
2381 -3.0677645747165934e-06 -0.0009631232561600063
2383 -6.151782111867928e-06 -0.0009413494171286547
2385 2.182032113459318e-05 -0.0009650237824136203
2387 -1.6094017521428934e-05 -0.0009488784514469866
2389 -3.114249794673355e-05 -0.000920683201110233
2391 1.3798697795163816e-05 -0.0009408872518471431
2393 3.7642178763273015e-06 -0.0009172282740641087
2395 -2.5294405834557555e-05 -0.0009085015489824523
2397 -1.0394811839837336e-05 -0.0009060370641311097
2399 1.8631696722295568e-05 -0.0009075362111110059
2401 -8.983158516583493e-06 -0.000935371182023259
2403 4.245656386256962e-06 -0.000873465967701065
2405 -7.078627647573225e-06 -0.0008841771319278008
2407 -6.1927253981203e-06 -0.0009078656216913881
2409 1.1815789208408651e-05 -0.0008902070652178977
2411 -4.372579170525419e-06 -0.0009087364836484128
2413 -6.347718418844598e-06 -0.0008785535668492535
2415 3.165061403650943e-05 -0.0008536058778788873
2417 -5.605861904149517e-06 -0.0008525853268174456
2419 8.015718904805794e-06 -0.0008456815633711684
2421 -5.648249265724945e-06 -0.0008735327521310806
2423 1.5768254569257228e-06 -0.0008456868158860872
2425 1.4757545984006786e-05 -0.0008265529510728389
2427 -1.058312390002949e-05 -0.0008145850581855921
2429 -5.502833957333163e-06 -0.0008511319175313861
2431 2.128887653676677e-06 -0.0008364372451119007
2433 -1.5284031087743712e-05 -0.0008200693359562386
2435 1.3437953555845592e-05 -0.0008236048804399047
2437 7.685273895876027e-06 -0.0008275066398605725
2439 3.107548976451728e-06 -0.0008207265560051143
2441 -2.900940421022175e-05 -0.0007960188544626018
2443 -6.5696736917666075e-06 -0.0008432678008128168
2445 2.2205501823591868e-05 -0.000798612144648852
2447 1.7274976812559097e-05 -0.0008167829392190763
2449 1.0078226338566471e-05 -0.0008056523214437863
2451 6.855070630321641e-06 -0.0007683708803076547
2453 -4.5615252823534375e-06 -0.0007947154432924119
2455 3.073824512121526e-05 -0.0007839688423988094
2457 -1.1162451528472112e-05 -0.0007820913078827059
2459 1.5328949567490308e-05 -0.000794967127065116
2461 7.206253657350123e-06 -0.0007707243871724135
2463 1.5673413371193338e-05 -0.0007932907341049269
2465 2.3350914809517772e-05 -0.0008174099977611819
2467 -2.861221892971239e-06 -0.0007740508767607338
2469 4.457655211682864e-06 -0.0007668264072955712
2471 2.2128044044138164e-05 -0.000735634117268743
2473 -3.922313388622848e-08 -0.0007566132100057245
2475 7.583582368087172e-06 -0.000763045635668749
2477 1.622097041488207e-05 -0.0007299575409298457
2479 8.548512456694284e-06 -0.0007460105938941549
2481 1.307095164429743e-05 -0.0007372824858216164
2483 2.059980581063998e-07 -0.0007482975214076518
2485 3.179659164505473e-05 -0.0007747874235528778
2487 -9.253981594875402e-06 -0.0007114846061866624
2489 -4.940251459710622e-06 -0.0007354450392612395
2491 1.3029614310276791e-05 -0.0007021125294545054
2493 1.1980750454626973e-05 -0.0007429511873827032
2495 -8.14239967160053e-06 -0.000676025329607801
2497 -1.2989170197165588e-05 -0.0007207744181745885
2499 1.2747359468486814e-05 -0.0006710018431853035
2501 2.1007549553793664e-05 -0.0006993996056344655
2503 -1.0352873162083527e-05 -0.0006702166087565957
2505 3.517869299536428e-06 -0.0007047031257763606
2507 3.713571423229698e-05 -0.0007315718582565828
2509 1.1047007391054997e-05 -0.0006777366645386948
2511 2.275053039133363e-06 -0.0006842099549346467
2513 1.104294796621929e-05 -0.0006598937179633662
2515 -7.561624387212739e-06 -0.0006593238386992421
2517 -1.552522605085461e-06 -0.0006868199080333883
2519 -2.4125376911804055e-06 -0.0006611217438761055
2521 2.1611718404915004e-05 -0.0006725938798211511
2523 2.6573938311225736e-05 -0.0006973334859838187
2525 -1.4436602892069197e-05 -0.000664554319567191
2527 1.1319902019674045e-05 -0.0006568390640225978
2529 1.0986631197422101e-05 -0.0006653623276654141
2531 -6.464579493341869e-06 -0.0006599128641045091
2533 4.426607273340399e-06 -0.0006586587968149895
2535 1.3100655350266166e-05 -0.0006463630672286123
2537 -3.507122045803443e-07 -0.0006701763152709312
2539 -9.208360686612963e-06 -0.0006339203331823107
2541 1.515289805577181e-05 -0.0006478320821214157
2543 3.268722037166521e-05 -0.0006371255318449631
2545 6.48927962040388e-06 -0.000631593126748378
2547 7.569086944229421e-06 -0.0006418059918866079
2549 -2.9750909539717496e-05 -0.0006345004607546395
2551 2.957906077232319e-05 -0.000641251974084174
2553 1.2131579389580119e-05 -0.0006181464417111821
2555 -6.988364306086607e-06 -0.0006218357416680545
2557 -1.3762795131502325e-05 -0.0006020785570096266
2559 5.712931420158427e-07 -0.0006010460926272981
2561 -1.44306681492539e-05 -0.0006201469789505708
2563 2.358299960970763e-06 -0.0006308505590443121
2565 1.2362363440812735e-05 -0.0006131571155149446
2567 -3.4604144235580387e-06 -0.0006081855092874862
2569 2.3503121517729786e-05 -0.0005967417412508433
2571 1.0870630210811595e-05 -0.000608246144296204
2573 1.45042244474425e-05 -0.0006041396579236749
2575 -8.081533134449866e-06 -0.000591313443996692
2577 -2.080237584535058e-05 -0.0006328543575703702
2579 -2.3992674141280837e-05 -0.000604545975033373
2581 -1.5688074256198185e-05 -0.0006222541578330889
2583 -1.0710834631596604e-05 -0.0005777441813998724
2585 8.315797452852102e-06 -0.0006100297497470144
2587 -1.085475368750266e-05 -0.0005994027844347499
2589 1.1392436339107785e-05 -0.0005963280754267721
2591 1.3418824521416606e-05 -0.0005808235736403127
2593 2.1341523892597443e-05 -0.0005634040307669552
2595 -1.3395836143637704e-05 -0.0005816271168202172
2597 2.7922425258726397e-06 -0.000588955918308352
2599 9.801414779840215e-06 -0.0005640289978979638
2601 -5.887338132748222e-06 -0.0005685206035516347
2603 1.4006986951727885e-05 -0.0005774635855649832
2605 -9.020105125380443e-06 -0.0005748907915622321
2607 1.500364579897148e-05 -0.0005996768013795448
2609 5.6178569529626535e-06 -0.0005492815072955878
2611 -9.705181155561292e-06 -0.000590059273553659
2613 -8.675293383287598e-06 -0.0005656957605754345
2615 3.5488444169603194e-06 -0.0005518486746575741
2617 1.918159929298057e-06 -0.0005781429816571837
2619 -3.237454356883336e-06 -0.0005455760232776171
2621 -3.613660990085352e-06 -0.000583660793404599
2623 1.5970545164079486e-05 -0.0005412599800873192
2625 3.3459077597132893e-06 -0.0005582753830639355
2627 1.0162139576345743e-05 -0.0005582970956161468
2629 4.451443784496404e-06 -0.0005262148027562719
2631 -2.122402817570022e-05 -0.0005313699431451937
2633 6.920894508387618e-06 -0.0005302740660709555
2635 -6.809389614541067e-06 -0.0005239065638169578
2637 1.5987287792466176e-05 -0.0005226134234305293
2639 -2.8713122768169463e-06 -0.000557828580684392
2641 -2.4506267618421885e-05 -0.0005368472733736494
2643 -8.604132854531386e-06 -0.0005526490399217475
2645 2.9166697387808607e-07 -0.0005367286225186627
2647 1.0339120053435958e-05 -0.0005406433427197236
2649 -7.987430825509342e-06 -0.00053571377532992
2651 -1.8334840411159553e-05 -0.0005190645238255742
2653 1.3078360359524043e-05 -0.0005441408343069578
2655 2.054736036308796e-06 -0.0005277196755422735
2657 -5.842046413876426e-06 -0.000552428498084442
2659 7.164887280334269e-07 -0.0005509063303448488
2661 1.132512670095519e-05 -0.0005243840694574518
2663 2.204621665819577e-06 -0.0005025189210465544
2665 3.4684724228943355e-06 -0.0005255354769629107
2667 -1.6296842308541053e-05 -0.0005245894786792184
2669 -1.9407746804927156e-05 -0.0004982394878775911
2671 -2.9002352234254936e-06 -0.000503231064765115
2673 1.4661244645852736e-05 -0.0004960696166201281
2675 -1.888078154547638e-06 -0.0005335628194866457
2677 1.5643688215999664e-05 -0.0004980338203530558
2679 2.161792180537072e-05 -0.0005076219000784232
2681 2.3329693856796722e-05 -0.0005121189685444352
2683 -2.0787052154208753e-05 -0.0005140323340787039
2685 1.4686113324987679e-05 -0.000510351263008152
2687 -1.4004392454287148e-06 -0.0005159372956099439
2689 -2.958849233727906e-06 -0.0004800462210170624
2691 8.282357246924666e-06 -0.0004887567022063759
2693 1.5263729005673983e-05 -0.0004980108945624527
2695 -2.7537275790886233e-05 -0.0004780079550135008
2697 3.413185563274881e-05 -0.000508661545917259
2699 -2.194640138860564e-05 -0.0005014139690598659
2701 -1.7425764307491747e-06 -0.000495105431493316
2703 -1.558197487947964e-05 -0.0004892532995788479
2705 -2.1880168086732396e-06 -0.0004889386828076573
2707 1.9771683042337416e-05 -0.0004713287030804818
2709 -6.804880208122937e-06 -0.0005082198133081497
2711 -3.100122531345516e-06 -0.0005025273601336997
2713 4.33512910287817e-06 -0.00046655450614880185
2715 5.6724675132115775e-06 -0.00048735914593797783
2717 2.1396925488032927e-05 -0.000452608500683295
2719 8.935271093564513e-06 -0.0004903778979130296
2721 -1.9472804492619612e-05 -0.0004949398962373284
2723 1.583537641985136e-05 -0.0004756386207504741
2725 -1.1841024031717268e-06 -0.0004999298303861549
2727 -1.150745519433635e-05 -0.00047788910014702734
2729 -4.833762746207576e-06 -0.0004701575921913137
2731 9.546621539696158e-06 -0.0004542463734669938
2733 -3.6761431856488964e-06 -0.0004738464396747252
2735 1.1527742750134753e-05 -0.0004746317448317353
2737 -1.759813793871361e-05 -0.0004682631856763941
2739 3.5558594053934325e-06 -0.0004597738190409371
2741 -1.3160384330468691e-05 -0.00048395671595030394
2743 4.585009558705424e-06 -0.00044516057398349496
2745 -2.2566882488372082e-05 -0.00047350370607381287
2747 -6.73733447339365e-06 -0.0004545861728426573
2749 1.4862468917411828e-05 -0.0004615979183361965
2751 3.526056840595362e-06 -0.0004398435231344507
2753 2.7353202177984912e-05 -0.00045965878159188046
2755 7.023305251345663e-06 -0.00043415911112795676
2757 3.70577911752237e-06 -0.00045672961733779277
2759 4.456921319222436e-06 -0.0004427881361174488
2761 -1.85421420818594e-05 -0.0004632976430917741
2763 -1.1362585640525523e-05 -0.00043023450213576324
2765 -1.8128787585909816e-05 -0.000453073181720521
2767 5.89743509999331e-06 -0.0004281578187988384
2769 -9.540108835486345e-07 -0.0004232411002412962
2771 2.5600677370846665e-05 -0.0004539966191128829
2773 -1.1401546922258304e-05 -0.000434366027568498
2775 -1.6449885548378663e-05 -0.00044763047559231355
2777 -5.80135217419995e-06 -0.00045581433854756484
2779 -1.1290091729860097e-05 -0.00043580787766081395
2781 -5.465154344137359e-06 -0.0004322871287145557
2783 -2.0753243457040632e-05 -0.000427693079121231
2785 -2.1546785287281227e-05 -0.0004217429962282845
2787 -4.6044867901380573e-08 -0.0004340540349220061
2789 -8.497166712272151e-06 -0.00045159614589234114
2791 1.2567251093015507e-05 -0.0004218020151656523
2793 -1.7091286197968075e-05 -0.0004287799938214101
2795 9.495257796997699e-06 -0.0004709251318199071
2797 6.613101071389093e-06 -0.00044165719871435804
2799 1.0797781640457019e-06 -0.0004407918797928398
2801 -9.645681659389396e-06 -0.0004308194835963545
2803 -2.34194854654687e-07 -0.00043532634257556686
2805 1.0187718093467899e-05 -0.00040675140261885206
2807 -1.457588845400593e-05 -0.00040777942175600267
2809 -1.9320621530922816e-06 -0.00041823352496013694
2811 -2.8859318461615988e-05 -0.00041656144674711415
2813 1.5099739339837918e-05 -0.00040715053919061544
2815 -6.704407955086409e-06 -0.0004256712502561333
2817 -1.3964442657609271e-05 -0.00041195241895735594
2819 -5.803090128629786e-06 -0.0004116006508310555
2821 -1.1076093850263654e-05 -0.0004127437398194479
2823 2.638533921175015e-05 -0.0004108675822383547
2825 -8.447725705507002e-06 -0.0004211297496341724
2827 1.1155171178008282e-05 -0.0004322194783800966
2829 1.3886920082023183e-05 -0.000401773608491535
2831 4.5660758405051635e-06 -0.00038557616865161307
2833 8.475476252853883e-06 -0.00042037271207034775
2835 4.634964510655668e-05 -0.0004117948953446553
2837 -5.24224550874796e-07 -0.00040313176570366637
2839 -3.383868087639281e-06 -0.00039988577390906866
2841 1.347610174246663e-05 -0.0004037885640668311
2843 1.1055650760058559e-05 -0.00040281577441702654
2845 1.9615820772954083e-05 -0.00039601875986070234
2847 3.3409185341554815e-06 -0.00042032953788813203
2849 -2.0591897808995144e-05 -0.0003875176743285059
2851 5.473737991345052e-06 -0.0004039563177899927
2853 6.298284158559203e-06 -0.0003879377705975075
2855 -6.212765313356836e-06 -0.0003894212859826679
2857 6.32235890972177e-06 -0.0003770064675803976
2859 -8.76177897296749e-06 -0.00038654076530535283
2861 5.093720020626763e-06 -0.00040030033615040794
2863 -1.1518546250299763e-05 -0.00040263030710744414
2865 -5.04558879195184e-06 -0.000399382257563596
2867 1.7207846642639554e-05 -0.0003772641836572667
2869 5.778854895272418e-06 -0.0003907140279976114
2871 2.107509530719603e-06 -0.00039107087830838087
2873 9.398572933580272e-06 -0.00040077388402415265
2875 1.5452180327214716e-06 -0.0004092571957177913
2877 -1.060036797933919e-05 -0.00038205017037823126
2879 -1.4152797640395942e-07 -0.00040940664020388656
2881 -7.796596053806184e-06 -0.0003806467942819445
2883 2.4249274749455613e-05 -0.00040595955224020935
2885 3.0778237877149894e-06 -0.0003786714169911325
2887 -2.5884875606831495e-06 -0.0004073376147692707
2889 -2.9420334035870886e-05 -0.0003782910954294007
2891 -1.706700921494135e-05 -0.00037150540949801704
2893 6.489533190767424e-06 -0.0003832951257212872
2895 5.44877697883987e-06 -0.00037808481825985966
2897 1.4605716015619488e-05 -0.0003543053112908197
2899 -1.5076746358177247e-05 -0.00037299463764898247
2901 -2.5728829764626443e-05 -0.0003632528552274653
2903 1.5756712102388405e-05 -0.00038624927677326535
2905 -4.672397118403019e-06 -0.000376997924649911
2907 1.4470255181643084e-05 -0.00037589063900917986
2909 3.471963713526946e-05 -0.00039608628785771534
2911 1.669064317234916e-05 -0.0003790361116081744
2913 1.6533846861860894e-06 -0.0003602857465867575
2915 -7.79715190610128e-06 -0.0003664332134764135
2917 9.033930723907739e-06 -0.00037485104283259597
2919 1.4347121974509435e-05 -0.0003681693280043781
2921 -1.9169678841868073e-05 -0.00034552377292982917
2923 -4.424031582702017e-06 -0.0003718192473720656
2925 8.391353114734838e-07 -0.00040168290776167713
2927 1.0911480681599983e-05 -0.00036100215492374107
2929 5.960705221287489e-06 -0.0003491513579043849
2931 5.901797765119381e-06 -0.0003829468790304954
2933 1.9028630263954557e-05 -0.00037235593975952134
2935 6.433859069536146e-06 -0.0003362408795205205
2937 -1.3065267934521378e-05 -0.00035735499831993
2939 7.719658683557308e-06 -0.00036226053820861005
2941 -3.1850211876179783e-05 -0.0003360892021810261
2943 -1.7976641463056062e-05 -0.00037302968875724783
2945 -2.9646893005853035e-05 -0.0003789033153730846
2947 -1.2339412591243156e-05 -0.0003828881792210729
2949 3.523029680370482e-05 -0.00035287776451175
2951 1.5856799985086447e-05 -0.0003657511571848339
2953 -2.4837961736039676e-05 -0.0003703399643063763
2955 2.4148097242244445e-06 -0.00035799303560846726
2957 -1.6972581273542862e-05 -0.00037219978778155595
2959 -7.834246875349389e-07 -0.0003690050422681671
2961 2.7706005455908032e-05 -0.0003740705668355851
2963 1.7805925696497147e-05 -0.00032243963739185533
2965 -3.547219547433239e-07 -0.00036071429067508593
2967 -5.952937660391318e-06 -0.00033184697969373283
2969 2.8458995771971164e-05 -0.00037987655865554817
2971 5.165441393544534e-07 -0.0003298922722243958
2973 -2.1320729840194044e-05 -0.00034804488698033775
2975 4.885277668439087e-05 -0.00033483445431921365
2977 -3.6894079841003877e-06 -0.00033435675999231036
2979 2.5301624100120417e-05 -0.0003466592063189606
2981 8.28083929956624e-06 -0.00034210490424964313
2983 -2.324894006018246e-06 -0.0003391817123433995
2985 -1.0201820954995342e-05 -0.00034738412109120695
2987 1.1467043714502547e-05 -0.0003244794838583282
2989 2.2021651900546597e-05 -0.00035370201789460134
2991 -1.0513816397965867e-05 -0.0003465371755578222
2993 1.7362917553970175e-05 -0.00034335361369304865
2995 -1.3882941751259373e-05 -0.0003429185475040655
2997 1.0739121903924951e-05 -0.0003406297079202816
2999 -8.403173715285724e-06 -0.00033032558849772426
3001 -1.3409457448623187e-05 -0.0003435829874344108
3003 -1.421928069371968e-05 -0.0003134252576344548
3005 1.680533343404359e-06 -0.00030291020243089533
3007 -3.183885114233333e-05 -0.00033160429562051894
3009 2.1779553107614894e-09 -0.0003352844935971354
3011 1.6577268057100314e-05 -0.0003067552594597879
3013 -1.2635989136009996e-06 -0.0003241790746339442
3015 1.7374183125630118e-06 -0.000353658989567415
3017 6.425383846560843e-07 -0.00034113143680291003
3019 -4.995930533126604e-06 -0.0002869667795449668
3021 3.8563191205827914e-07 -0.0003109404501363177
3023 1.7970866452660646e-05 -0.00033789196540835866
3025 6.344174512977749e-06 -0.0003353123737049981
3027 -8.341667772095542e-06 -0.00034832781978153015
3029 -1.3130861670936575e-05 -0.0003132842195895565
3031 -6.717696622779227e-06 -0.0003097794895728897
3033 -1.0626845614912981e-05 -0.0003303686871030906
3035 -2.4396185492460044e-08 -0.00032267328352327153
3037 7.054427166944072e-06 -0.00032274943801351673
3039 -1.112726384994815e-05 -0.0003591548570196151
3041 -6.990529146650515e-06 -0.0003213162752120806
3043 -1.3592502537863732e-05 -0.0003350262851769611
3045 1.4243096626717521e-05 -0.00031646265973476166
3047 -6.868112121585734e-07 -0.0003235383437992745
3049 -7.396303004068188e-06 -0.0002809951169662332
3051 -6.403016305033947e-06 -0.0002998315370282374
3053 -1.9676504421618515e-05 -0.0003260914809176681
3055 2.2754224128227553e-05 -0.0003089829048462818
3057 2.1427445436503097e-06 -0.00032973226507831846
3059 -3.8090680747814486e-06 -0.00032609326821773764
3061 5.287299740671624e-06 -0.00029049780196803725
3063 -1.4861487355615734e-05 -0.00031941794195221063
3065 1.6024253727407797e-06 -0.00028084764402068767
3067 1.4648580662879934e-05 -0.00032536439691164285
3069 -5.7699482241189734e-06 -0.0003024666471900899
3071 5.998666796356198e-06 -0.000302725070364861
3073 2.616907877615429e-05 -0.0003294199812462599
3075 1.153000155706802e-05 -0.0003323696656863891
3077 -6.033216946753444e-08 -0.00030238740981256235
3079 -2.705753764504325e-05 -0.000306787419645735
3081 1.9572295968482546e-05 -0.0003285787779560919
3083 2.4045775585859324e-05 -0.000312744357347313
3085 -2.7631890290283376e-05 -0.00029778620342347183
3087 -1.8817976297779516e-06 -0.000292092694502179
3089 -1.268922359321983e-05 -0.00028477432858906737
3091 2.3272562282092982e-06 -0.0003043322168276581
3093 -3.6480893438135987e-06 -0.00029502840238704255
3095 -2.0497430595864355e-05 -0.00029170940426404603
3097 1.3893256490851889e-05 -0.00030440605541161595
3099 -4.6121159968579735e-06 -0.000293697577467145
3101 2.1317041277945667e-05 -0.0002945496019779248
3103 -7.248852638992068e-06 -0.00032750131709731196
3105 -1.858272735381781e-06 -0.00029026022892320985
3107 -7.389127187393647e-06 -0.0002829305861950228
3109 2.720170336710488e-05 -0.000309226095590377
3111 2.2711455975703674e-05 -0.0003223632708043064
3113 6.8562295961885604e-06 -0.0003163448897686218
3115 -1.872578810472648e-05 -0.00030697452426048524
3117 2.5034788280002326e-05 -0.0003057900588138073
3119 -8.702033693307244e-06 -0.00027831140445669307
3121 4.25946412116887e-07 -0.0002740487647234017
3123 -1.0692921366340567e-05 -0.0003079339620252456
3125 9.01807629748898e-06 -0.0002749701311586674
3127 2.113292174766958e-05 -0.0002989325827198648
3129 1.387476872302475e-05 -0.0002900407572293351
3131 2.8699642156600397e-05 -0.00030175703990338126
3133 -1.9826884418241276e-05 -0.0003114560698345978
3135 -8.804218151897062e-06 -0.0002927432932642542
3137 -4.063793287022868e-06 -0.0002805687562896263
3139 4.835272299128118e-06 -0.0002710709405645956
3141 2.6117586519768897e-05 -0.00029577391519937423
3143 -1.3294565513713886e-05 -0.0002664769661988657
3145 -1.630297583076564e-05 -0.0002960016531616735
3147 -9.033905956100513e-07 -0.00027111724941007785
3149 1.1892149533531264e-05 -0.00031297764129384874
3151 -4.672557292256141e-06 -0.00026656409395476455
3153 1.8258889157341365e-06 -0.00030414720637087525
3155 -1.0503083490078004e-05 -0.0002908094364447956
3157 1.7822781872859893e-06 -0.00028307411615519497
3159 8.945650471335136e-06 -0.00029392843680855357
3161 -2.7892331129714638e-05 -0.00028016268174364817
3163 -8.639203487811762e-06 -0.00029499738376504445
3165 -4.729967976667011e-06 -0.00029218374071283124
3167 1.0422154834440336e-05 -0.0003044995891777944
3169 7.64530371971013e-06 -0.00027663535614094113
3171 -1.6086474470522823e-05 -0.0003013963766410539
3173 7.776013826503793e-06 -0.00028019967964009444
3175 1.3866095839228136e-05 -0.00028672571715223657
3177 1.0134165401414314e-06 -0.0002992175246215407
3179 1.2572087099465685e-05 -0.00029095545930288465
3181 -5.282255462747749e-06 -0.0003032203802956736
3183 3.911790766201161e-06 -0.0002769176636184645
3185 3.3015558856116225e-05 -0.00024859357919020586
3187 9.193773498664608e-06 -0.00029148372895192897
3189 4.9794162181237035e-06 -0.0002512907955032015
3191 -4.06068562791663e-06 -0.0002871822468652379
3193 -5.081305450267931e-06 -0.0002583337325085796
3195 -3.694858231379528e-07 -0.0002623655745247922
3197 6.318318572237413e-06 -0.00028658451948593636
3199 -5.149034004832666e-06 -0.0002623567490524963
3201 2.6807753277629637e-05 -0.0002845273879885199
3203 1.2525998675239525e-05 -0.0002755609073487203
3205 -2.277116684011293e-05 -0.00027969027356113005
3207 1.874564156626545e-05 -0.0002674527184449288
3209 1.5396794878876233e-06 -0.00026110431422352715
3211 1.1096215690946559e-05 -0.0002833462167780564
3213 8.746704320503223e-06 -0.0002666413024777841
3215 1.8912089932460897e-05 -0.00025707271948917273
3217 -6.3114880079835694e-06 -0.00027875273569883134
3219 4.014806126711215e-06 -0.0002769720175556968
3221 1.3818832009282912e-05 -0.0002877674534663556
3223 1.399273356691546e-05 -0.0002716318900633866
3225 -1.0613817802746944e-05 -0.0002710511980152023
3227 6.857187711739107e-06 -0.00026873707556031697
3229 1.3615932998602727e-05 -0.00024828068395625825
3231 -3.0265765310667285e-06 -0.00026061755958328063
3233 -1.692601546532204e-05 -0.000269377419623683
3235 1.530052244565203e-05 -0.0002637039190201929
3237 -9.796751337285487e-07 -0.00026629995746402615
3239 1.2472195907252506e-05 -0.00026921032009172383
3241 1.850225776470976e-05 -0.00028709267648883004
3243 5.679966451270853e-06 -0.00025626450849049615
3245 6.651739321163465e-06 -0.0002783873748881492
3247 6.151775885079539e-07 -0.0002806764092028272
3249 1.9534515992739807e-06 -0.0002548453508673978
3251 9.102060921941284e-06 -0.0002595183447378301
3253 -1.9446465553952217e-05 -0.0002802537433346167
3255 6.188640055495588e-06 -0.00025770409734792495
3257 -2.0384761401430193e-05 -0.00029219699937816756
3259 -2.9339823871588245e-05 -0.0002452074276320187
3261 -2.113023867462184e-06 -0.0002927661409611806
3263 1.685462583322727e-05 -0.00026400101881608664
3265 9.776930601134255e-06 -0.00027617667334373726
3267 6.8256596539073e-06 -0.00026527692628813316
3269 2.6385429670681984e-05 -0.00023805907890105232
3271 -6.099363099192863e-06 -0.0002724233432981121
3273 9.812039816543583e-07 -0.0002772065133872367
3275 5.546729210844215e-07 -0.00025499932340733065
3277 4.232181386605041e-06 -0.0002559753376226809
3279 5.179998988951997e-07 -0.0002575358229526447
3281 -1.6399616744076606e-05 -0.00027830207896952473
3283 6.825572777007479e-06 -0.00026892286215711664
3285 -1.7930514958949383e-05 -0.0002575643183086783
3287 9.433922404121626e-06 -0.00024031338852356974
3289 -1.4946511455496863e-05 -0.0002285163358422107
3291 -8.629577986509351e-07 -0.00025408597512713727
3293 2.3202448909632027e-05 -0.000270730420940461
3295 -2.2055528604056575e-05 -0.00023272653788886162
3297 -1.9573295034829897e-05 -0.0002754475165219691
3299 3.3998459741167696e-06 -0.00025495532759111034
3301 -1.3116064482718628e-06 -0.00026374575847670485
3303 1.4831773903755571e-05 -0.00024830401615169204
3305 7.414279292962517e-07 -0.00023579544292175568
3307 -1.915982046794673e-05 -0.00026654036118603893
3309 -1.127482829993932e-05 -0.0002635143745452173
3311 9.489461516460057e-06 -0.00026170340797802805
3313 -2.382772709765475e-07 -0.0002392071309666746
3315 -1.2704009838483268e-05 -0.00026188645902792355
3317 -2.4723813799491676e-05 -0.0002594078536811372
3319 -8.79324289292348e-07 -0.00027457261027896636
3321 1.596258212034987e-05 -0.0002576205564193629
3323 8.99485551504656e-06 -0.00026926982642058505
3325 1.2358299312462482e-05 -0.00022851288685826572
3327 1.5619490561406656e-05 -0.0002519945375651917
3329 2.8619119576370505e-05 -0.00023331965228582586
3331 -2.3419643182150186e-05 -0.00023855097564583934
3333 2.228721058393346e-05 -0.0002511776174347399
3335 -1.1496739639587885e-05 -0.00024524761697996785
3337 -1.0729073297315827e-06 -0.0002639185000510832
3339 1.7305928087133852e-05 -0.0002292749313745538
3341 -4.003258971543104e-07 -0.00026695303542499183
3343 3.852893950526498e-06 -0.0002575090212911802
3345 1.0022731137760567e-05 -0.00026890343217307296
3347 1.28336598390079e-05 -0.00025092302633367234
3349 1.8328397749771035e-05 -0.0002329400302412454
3351 1.2083019194427e-05 -0.0002376844140933378
3353 -1.1830781728571371e-05 -0.0002703905956855501
3355 2.0112736007996377e-05 -0.0002499728269993306
3357 1.0899326683131439e-05 -0.00024293935561702447
3359 1.0214063973012649e-05 -0.0002511642075357213
3361 2.9237963851925265e-06 -0.0002274737758060783
3363 -9.341272305739515e-06 -0.0002280934441089097
3365 2.2856433041358744e-06 -0.00023991422451016697
3367 4.90144321069056e-07 -0.00024513982473490836
3369 1.1247270293858153e-05 -0.00026904225933735486
3371 9.831062665326868e-07 -0.00022441294653403171
3373 1.501894738942623e-05 -0.0002206662325551695
3375 -9.488588084035224e-06 -0.00023823303824707293
3377 -8.030935422821617e-06 -0.0002391808390031642
3379 4.315211758152121e-06 -0.0002497872675808063
3381 -1.2230159169340556e-05 -0.0002555143016062829
3383 1.32752036208566e-05 -0.00022198389004680078
3385 4.255328554772687e-06 -0.0002535834289044494
3387 1.1461011948539594e-06 -0.00023984405005808847
3389 8.557917465219481e-06 -0.0002455345412206214
3391 1.1687841097235107e-05 -0.0001944411362896008
3393 -1.111098540898675e-05 -0.00024274067078390026
3395 5.107674868219776e-06 -0.000243275709752399
3397 1.1760972879594137e-05 -0.00021134874657714937
3399 1.4249425666863279e-05 -0.00023883082088490594
3401 1.1763452741157197e-07 -0.00023901102611746086
3403 8.350224759353645e-06 -0.0002315603236567221
3405 -9.55648050259372e-07 -0.0002625755532055171
3407 -1.917433364370067e-06 -0.00022340519955744425
3409 -2.855354483401097e-06 -0.0002098990138071864
3411 9.126871006230872e-06 -0.0002416697540247464
3413 2.3286368108977094e-05 -0.00023436537155792123
3415 1.2293931699782567e-05 -0.00023272420780298024
3417 2.1884491360489235e-05 -0.00023325594702582487
3419 -1.1560063798930803e-05 -0.0002362135655540177
3421 -3.8540711438483595e-06 -0.0002427607976097869
3423 -1.1120845640686658e-06 -0.00022576611949334872
3425 -3.9749108272189346e-06 -0.00024242489609108407
3427 1.0867705705012649e-05 -0.00025142100567001165
3429 -7.167740473394107e-06 -0.00023238166060420291
3431 -1.1210576556110508e-05 -0.00024387997091096988
3433 1.9647814457508848e-05 -0.00022167740681607764
3435 -1.1910810531951936e-05 -0.00023282590600844693
3437 -1.9174123794099218e-06 -0.00023076301397563446
3439 -3.462003290098857e-07 -0.00020730259925535695
3441 -4.7810335073846116e-06 -0.00022712098846572847
3443 -2.702679831835683e-05 -0.00024169671333791945
3445 -8.245512411772566e-06 -0.00022355973700533097
3447 -9.746270203081536e-06 -0.0002206462777479753
3449 1.737179326119164e-05 -0.00022606859445217578
3451 -1.0457359790544393e-05 -0.00022361066243667779
3453 1.2308399900643241e-05 -0.0002166198050368413
3455 8.231053375544922e-06 -0.00022118535774066925
3457 -3.0921781264117396e-05 -0.00018981504658799965
3459 8.562747529482586e-06 -0.0002500411673729396
3461 2.5737610988236927e-05 -0.00023411054842752013
3463 -5.12655349313226e-06 -0.00021617884709071518
3465 9.967238568126998e-06 -0.00019843012297563747
3467 1.172535525836051e-05 -0.00023579652606663183
3469 -1.0485340834578045e-05 -0.00023036344368300606
3471 3.636934978902537e-05 -0.00020434435484260318
3473 6.502636603290678e-06 -0.00021060335060701235
3475 1.552089712990012e-07 -0.0002274555849046304
3477 1.8054679390236086e-05 -0.00021537535079473494
3479 2.621366821076929e-07 -0.00026044126396306704
3481 2.2050161770357286e-05 -0.00022161579662131352
3483 1.815036352431122e-05 -0.00022581391721692394
3485 1.0065987458250675e-07 -0.0002367259305884116
3487 -1.2510881523726376e-05 -0.00025244806964933134
3489 -2.1229495760225657e-06 -0.00020961314792971317
3491 -6.2459828196740566e-06 -0.00023099102039007765
3493 -1.7855009466463555e-06 -0.0002098640215769632
3495 5.255713388080098e-06 -0.00023670039789538876
3497 4.639141034477674e-05 -0.00022960976170015423
3499 8.608278815188127e-06 -0.0001830974182084702
3501 7.266503405185012e-06 -0.00021533037630627364
3503 1.4338443489519892e-05 -0.00021997457303102005
3505 1.4019228195480162e-05 -0.00022236034557809528
3507 1.651191966516731e-05 -0.0002183296324056421
3509 -1.8988172052803765e-05 -0.00022209990886421557
3511 1.5878535132353346e-05 -0.00022761769699394455
3513 -3.678411601568613e-05 -0.00018759140307034492
3515 1.942554828219871e-06 -0.0002135838249849413
3517 6.059306937784279e-06 -0.00019075660057317384
3519 -1.167733753873078e-05 -0.0002183910630971446
3521 5.857632960076676e-07 -0.0001921274609656131
3523 4.040797917168988e-06 -0.0001975661413642492
3525 4.5937131712958764e-06 -0.00020006611803107124
3527 -4.3978624809718425e-06 -0.0002173203809772178
3529 -1.3513888746838396e-05 -0.00023585632667863672
3531 2.520031408296172e-06 -0.00020134306950306974
3533 2.163152326949272e-05 -0.0002306512417148428
3535 -1.7136303503195645e-06 -0.00019530250050992412
3537 2.2288380796561968e-06 -0.00022177011083437248
3539 8.654938452351116e-06 -0.000201075767083697
3541 -4.926478613888036e-06 -0.00018779718506607248
3543 -2.7831262138097133e-06 -0.00023016986375259266
3545 -1.0288227738000903e-05 -0.00023626188118692527
3547 7.5824164581180855e-06 -0.00021951372159829247
3549 -1.7211673532866224e-05 -0.00020944911569125522
3551 -9.045644044676238e-06 -0.0001955126847417724
3553 -1.443866503502311e-05 -0.00021997690487351074
3555 7.635503165463788e-06 -0.00020813089419950383
3557 -1.2170084622858058e-05 -0.000212862829964951
3559 -3.928270396443539e-05 -0.00018107413344628794
3561 -2.816563839721442e-05 -0.0002110543658881051
3563 -4.032897326989981e-06 -0.0001739899845104445
3565 -1.6655239776989297e-06 -0.00022080697374363156
3567 -2.4484197235976817e-05 -0.00019746945109883876
3569 -7.960653396843734e-06 -0.00022545763689392408
3571 -1.5786810211768594e-05 -0.0002108833308212608
3573 -7.516042137433219e-07 -0.0002126431088583161
3575 3.976662214018783e-06 -0.0002397088322033824
3577 1.0855746400461835e-05 -0.00019360685667844306
3579 1.827753263856167e-05 -0.00019723450223523177
3581 -3.3729940157108272e-06 -0.00020376216742568838
3583 -8.913905969646369e-06 -0.00020300691457309173
3585 -1.7236027819784595e-05 -0.00020693551034744196
3587 -4.305660338246896e-06 -0.0002049636947893839
3589 -2.577572115323103e-05 -0.00019076731175574898
3591 2.8566232841641354e-05 -0.00021105558775325522
3593 -4.327189799557894e-06 -0.00020790334699044143
3595 -7.915690332193561e-06 -0.00021214459730005918
3597 -1.6464123933339057e-06 -0.00020521603749627394
3599 -4.212791485612246e-06 -0.00020623553995994054
3601 3.5499827180742854e-05 -0.0002079424287993779
3603 -1.8148037913448175e-05 -0.00019512048141118608
3605 -7.702887966609845e-06 -0.00021938358629079241
3607 -5.704137902954863e-06 -0.00019262555529442953
3609 -2.181336685944884e-05 -0.00020266084536416627
3611 -7.967220332119549e-06 -0.00020797083937832306
3613 1.4075274227421646e-05 -0.00019069648476824352
3615 -2.3082107453841215e-06 -0.0001928517335553135
3617 -1.9474083705912017e-05 -0.00021162493982151138
3619 -1.4430661256184048e-05 -0.00020272625267673899
3621 2.177096112979583e-05 -0.00018473069227109977
3623 1.0329673634605419e-05 -0.0002073549574977119
3625 -1.2672136323077433e-05 -0.00022352511297687208
3627 1.1980285396599698e-05 -0.00019435336479385712
3629 9.865925432992731e-06 -0.00019680897048936398
3631 3.104643192071744e-05 -0.0002057114630522736
3633 -2.029976387770923e-06 -0.00019481906834956762
3635 1.629239069493585e-05 -0.00020396269567339023
3637 8.312966882566708e-06 -0.0002135319096899628
3639 -1.1364099108100207e-05 -0.0002115972956616164
3641 3.162445218933779e-06 -0.0001867588731931291
3643 3.022396148858196e-06 -0.00018319203571003597
3645 2.069734167172294e-06 -0.0001792176157401808
3647 9.655139917616454e-06 -0.00020304422604727185
3649 9.063049270377979e-06 -0.0002251252501698553
3651 -6.617753715977296e-06 -0.00017867456957351737
3653 2.495013935989452e-05 -0.00019038106309864016
3655 -1.837148514580837e-05 -0.0002024412111665642
3657 1.88223489327716e-05 -0.00023045813806391976
3659 -2.146033372515837e-06 -0.00021380276000142998
3661 3.393382489890604e-06 -0.00020941552885773691
3663 7.92454868190615e-06 -0.00019430742953184944
3665 9.193678270106179e-06 -0.00020191078245259512
3667 -2.5821359481226353e-06 -0.00020186407165192512
3669 -2.4182221372187447e-07 -0.0001814041235914949
3671 7.343163843519927e-06 -0.0001926722869267826
3673 1.4220258521413335e-05 -0.00021088257377972194
3675 4.5478787272251445e-06 -0.00022003959436463203
3677 -1.5935768396062963e-05 -0.00019322941687553317
3679 9.622280111962068e-06 -0.0001897775398759101
3681 -2.985338655757444e-05 -0.00020126740349430335
3683 -1.0991569248385016e-05 -0.00018581733729993122
3685 -5.396340439721565e-06 -0.00019600654632931464
3687 1.665528449820612e-06 -0.0001763438047795455
3689 0.0 -0.00019420981463318527
3691 0.0 -0.00019397311772321186
3693 0.0 -0.00019373699706864923
3695 0.0 -0.00019350145056765394
3697 0.0 -0.00019326647612859178
3699 0.0 -0.00019303207166997615
3701 0.0 -0.00019279823512040624
3703 0.0 -0.00019256496441850618
3705 0.0 -0.00019233225751286444
3707 0.0 -0.00019210011236197387
3709 0.0 -0.0001918685269341716
3711 0.0 -0.00019163749920758018
3713 0.0 -0.0001914070271700485
3715 0.0 -0.0001911771088190935
3717 0.0 -0.00019094774216184206
3719 0.0 -0.00019071892521497344
3721 0.0 -0.0001904906560046623
3723 0.0 -0.00019026293256652163
3725 0.0 -0.00019003575294554667
3727 0.0 -0.00018980911519605884
3729 0.0 -0.00018958301738165021
3731 0.0 -0.0001893574575751283
3733 0.0 -0.00018913243385846148
3735 0.0 -0.00018890794432272444
3737 0.0 -0.00018868398706804428
3739 0.0 -0.0001884605602035469
3741 0.0 -0.00018823766184730378
3743 0.0 -0.0001880152901262792
3745 0.0 -0.0001877934431762777
3747 0.0 -0.00018757211914189196
3749 0.0 -0.00018735131617645125
3751 0.0 -0.00018713103244196984
3753 0.0 -0.00018691126610909613
3755 0.0 -0.00018669201535706197
3757 0.0 -0.0001864732783736325
3759 0.0 -0.000186255053355056
3761 0.0 -0.00018603733850601443
3763 0.0 -0.00018582013203957424
3765 0.0 -0.00018560343217713743
3767 0.0 -0.00018538723714839296
3769 0.0 -0.00018517154519126857
3771 0.0 -0.000184956354551883
3773 0.0 -0.00018474166348449837
3775 0.0 -0.00018452747025147288
3777 0.0 -0.00018431377312321404
3779 0.0 -0.00018410057037813226
3781 0.0 -0.00018388786030259428
3783 0.0 -0.0001836756411908775
3785 0.0 -0.0001834639113451243
3787 0.0 -0.0001832526690752969
3789 0.0 -0.0001830419126991321
3791 0.0 -0.00018283164054209687
3793 0.0 -0.00018262185093734405
3795 0.0 -0.00018241254222566803
3797 0.0 -0.00018220371275546118
3799 0.0 -0.0001819953608826705
3801 0.0 -0.00018178748497075424
3803 0.0 -0.0001815800833906393
3805 0.0 -0.00018137315452067848
3807 0.0 -0.00018116669674660824
3809 0.0 -0.00018096070846150694
3811 0.0 -0.0001807551880657528
3813 0.0 -0.0001805501339669828
3815 0.0 -0.00018034554458005138
3817 0.0 -0.00018014141832698965
3819 0.0 -0.0001799377536369648
3821 0.0 -0.00017973454894623978
3823 0.0 -0.0001795318026981335
3825 0.0 -0.00017932951334298066
3827 0.0 -0.00017912767933809268
3829 0.0 -0.0001789262991477182
3831 0.0 -0.00017872537124300432
3833 0.0 -0.00017852489410195775
3835 0.0 -0.00017832486620940653
3837 0.0 -0.00017812528605696176
3839 0.0 -0.0001779261521429797
3841 0.0 -0.00017772746297252412
3843 0.0 -0.00017752921705732887
3845 0.0 -0.00017733141291576083
3847 0.0 -0.0001771340490727828
3849 0.0 -0.00017693712405991702
3851 0.0 -0.00017674063641520858
3853 0.0 -0.0001765445846831895
3855 0.0 -0.0001763489674148425
3857 0.0 -0.00017615378316756538
3859 0.0 -0.0001759590305051358
3861 0.0 -0.0001757647079976757
3863 0.0 -0.00017557081422161648
3865 0.0 -0.00017537734775966427
3867 0.0 -0.00017518430720076536
3869 0.0 -0.00017499169114007184
3871 0.0 -0.00017479949817890758
3873 0.0 -0.00017460772692473432
3875 0.0 -0.0001744163759911182
3877 0.0 -0.00017422544399769605
3879 0.0 -0.0001740349295701425
3881 0.0 -0.0001738448313401369
3883 0.0 -0.00017365514794533043
3885 0.0 -0.00017346587802931373
3887 0.0 -0.00017327702024158448
3889 0.0 -0.00017308857323751532
3891 0.0 -0.00017290053567832193
3893 0.0 -0.00017271290623103132
3895 0.0 -0.00017252568356845022
3897 0.0 -0.0001723388663691341
3899 0.0 -0.0001721524533173557
3901 0.0 -0.00017196644310307437
3903 0.0 -0.0001717808344219054
3905 0.0 -0.0001715956259750893
3907 0.0 -0.00017141081646946188
3909 0.0 -0.0001712264046174237
3911 0.0 -0.00017104238913691062
3913 0.0 -0.00017085876875136378
3915 0.0 -0.0001706755421897001
3917 0.0 -0.00017049270818628317
3919 0.0 -0.0001703102654808939
3921 0.0 -0.0001701282128187016
3923 0.0 -0.00016994654895023526
3925 0.0 -0.00016976527263135502
3927 0.0 -0.0001695843826232236
3929 0.0 -0.0001694038776922782
3931 0.0 -0.00016922375661020236
3933 0.0 -0.0001690440181538984
3935 0.0 -0.00016886466110545926
3937 0.0 -0.00016868568425214135
3939 0.0 -0.00016850708638633705
3941 0.0 -0.0001683288663055477
3943 0.0 -0.00016815102281235642
3945 0.0 -0.0001679735547144014
3947 0.0 -0.00016779646082434933
3949 0.0 -0.00016761973995986872
3951 0.0 -0.00016744339094360375
3953 0.0 -0.00016726741260314801
3955 0.0 -0.00016709180377101873
3957 0.0 -0.00016691656328463066
3959 0.0 -0.00016674168998627068
3961 0.0 -0.00016656718272307203
3963 0.0 -0.00016639304034698937
3965 0.0 -0.0001662192617147732
3967 0.0 -0.00016604584568794505
3969 0.0 -0.00016587279113277264
3971 0.0 -0.000165700096920245
3973 0.0 -0.00016552776192604822
3975 0.0 -0.0001653557850305406
3977 0.0 -0.00016518416511872893
3979 0.0 -0.000165012901080244
3981 0.0 -0.00016484199180931677
3983 0.0 -0.0001646714362047546
3985 0.0 -0.00016450123316991768
3987 0.0 -0.00016433138161269526
3989 0.0 -0.00016416188044548254
3991 0.0 -0.0001639927285851575
3993 0.0 -0.00016382392495305749
3995 0.0 -0.00016365546847495665
3997 0.0 -0.00016348735808104298
3999 0.0 -0.0001633195927058957
4001 0.0 -0.00016315217128846267
4003 0.0 -0.00016298509277203822
4005 0.0 -0.00016281835610424075
4007 0.0 -0.00016265196023699065
4009 0.0 -0.00016248590412648836
4011 0.0 -0.00016232018673319258
4013 0.0 -0.0001621548070217986
4015 0.0 -0.00016198976396121663
4017 0.0 -0.00016182505652455044
4019 0.0 -0.00016166068368907602
4021 0.0 -0.00016149664443622055
4023 0.0 -0.00016133293775154117
4025 0.0 -0.00016116956262470414
4027 0.0 -0.00016100651804946416
4029 0.0 -0.0001608438030236436
4031 0.0 -0.0001606814165491119
4033 0.0 -0.00016051935763176535
4035 0.0 -0.00016035762528150664
4037 0.0 -0.00016019621851222482
4039 0.0 -0.0001600351363417751
4041 0.0 -0.00015987437779195916
4043 0.0 -0.00015971394188850512
4045 0.0 -0.00015955382766104796
4047 0.0 -0.00015939403414310998
4049 0.0 -0.00015923456037208138
4051 0.0 -0.00015907540538920076
4053 0.0 -0.00015891656823953604
4055 0.0 -0.00015875804797196543
4057 0.0 -0.00015859984363915828
4059 0.0 -0.00015844195429755634
4061 0.0 -0.0001582843790073549
4063 0.0 -0.00015812711683248418
4065 0.0 -0.0001579701668405909
4067 0.0 -0.00015781352810301968
4069 0.0 -0.00015765719969479478
4071 0.0 -0.00015750118069460202
4073 0.0 -0.0001573454701847705
4075 0.0 -0.00015719006725125467
4077 0.0 -0.00015703497098361652
4079 0.0 -0.00015688018047500772
4081 0.0 -0.000156725694822152
4083 0.0 -0.00015657151312532745
4085 0.0 -0.00015641763448834923
4087 0.0 -0.00015626405801855213
4089 0.0 -0.00015611078282677326
4091 0.0 -0.00015595780802733495
4093 0.0 -0.00015580513273802775
4095 0.0 -0.00015565275608009325
4097 0.0 -0.00015550067717820748
4099 0.0 -0.00015534889516046396
