-2049 0.0 0.00015534889516046396
-2047 0.0 0.00015550067717820748
-2045 0.0 0.00015565275608009325
-2043 0.0 0.00015580513273802775
-2041 0.0 0.00015595780802733495
-2039 0.0 0.00015611078282677326
-2037 0.0 0.00015626405801855213
-2035 0.0 0.00015641763448834923
-2033 0.0 0.00015657151312532745
-2031 0.0 0.000156725694822152
-2029 0.0 0.00015688018047500772
-2027 0.0 0.00015703497098361652
-2025 0.0 0.00015719006725125467
-2023 0.0 0.0001573454701847705
-2021 0.0 0.00015750118069460202
-2019 0.0 0.00015765719969479478
-2017 0.0 0.00015781352810301968
-2015 0.0 0.0001579701668405909
-2013 0.0 0.00015812711683248418
-2011 0.0 0.0001582843790073549
-2009 0.0 0.00015844195429755634
-2007 0.0 0.00015859984363915828
-2005 0.0 0.00015875804797196543
-2003 0.0 0.00015891656823953604
-2001 0.0 0.00015907540538920076
-1999 0.0 0.00015923456037208138
-1997 0.0 0.00015939403414310998
-1995 0.0 0.00015955382766104796
-1993 0.0 0.00015971394188850512
-1991 0.0 0.00015987437779195916
-1989 0.0 0.0001600351363417751
-1987 0.0 0.00016019621851222482
-1985 0.0 0.00016035762528150664
-1983 0.0 0.00016051935763176535
-1981 0.0 0.0001606814165491119
-1979 0.0 0.0001608438030236436
-1977 0.0 0.00016100651804946416
-1975 0.0 0.00016116956262470414
-1973 0.0 0.00016133293775154117
-1971 0.0 0.00016149664443622055
-1969 0.0 0.00016166068368907602
-1967 0.0 0.00016182505652455044
-1965 0.0 0.00016198976396121663
-1963 0.0 0.0001621548070217986
-1961 0.0 0.00016232018673319258
-1959 0.0 0.00016248590412648836
-1957 0.0 0.00016265196023699065
-1955 0.0 0.00016281835610424075
-1953 0.0 0.00016298509277203822
-1951 0.0 0.00016315217128846267
-1949 0.0 0.0001633195927058957
-1947 0.0 0.00016348735808104298
-1945 0.0 0.00016365546847495665
-1943 0.0 0.00016382392495305749
-1941 0.0 0.0001639927285851575
-1939 0.0 0.00016416188044548254
-1937 0.0 0.00016433138161269526
-1935 0.0 0.00016450123316991768
-1933 0.0 0.0001646714362047546
-1931 0.0 0.00016484199180931677
-1929 0.0 0.000165012901080244
-1927 0.0 0.00016518416511872893
-1925 0.0 0.0001653557850305406
-1923 0.0 0.00016552776192604822
-1921 0.0 0.000165700096920245
-1919 0.0 0.00016587279113277264
-1917 0.0 0.00016604584568794505
-1915 0.0 0.0001662192617147732
-1913 0.0 0.00016639304034698937
-1911 0.0 0.00016656718272307203
-1909 0.0 0.00016674168998627068
-1907 0.0 0.00016691656328463066
-1905 0.0 0.00016709180377101873
-1903 0.0 0.00016726741260314801
-1901 0.0 0.00016744339094360375
-1899 0.0 0.00016761973995986872
-1897 0.0 0.00016779646082434933
-1895 0.0 0.0001679735547144014
-1893 0.0 0.00016815102281235642
-1891 0.0 0.0001683288663055477
-1889 0.0 0.00016850708638633705
-1887 0.0 0.00016868568425214135
-1885 0.0 0.00016886466110545926
-1883 0.0 0.0001690440181538984
-1881 0.0 0.00016922375661020236
-1879 0.0 0.0001694038776922782
-1877 0.0 0.0001695843826232236
-1875 0.0 0.00016976527263135502
-1873 0.0 0.00016994654895023526
-1871 0.0 0.0001701282128187016
-1869 0.0 0.0001703102654808939
-1867 0.0 0.00017049270818628317
-1865 0.0 0.0001706755421897001
-1863 0.0 0.00017085876875136378
-1861 0.0 0.00017104238913691062
-1859 0.0 0.0001712264046174237
-1857 0.0 0.00017141081646946188
-1855 0.0 0.0001715956259750893
-1853 0.0 0.0001717808344219054
-1851 0.0 0.00017196644310307437
-1849 0.0 0.0001721524533173557
-1847 0.0 0.0001723388663691341
-1845 0.0 0.00017252568356845022
-1843 0.0 0.00017271290623103132
-1841 0.0 0.00017290053567832193
-1839 0.0 0.00017308857323751532
-1837 0.0 0.00017327702024158448
-1835 0.0 0.00017346587802931373
-1833 0.0 0.00017365514794533043
-1831 0.0 0.0001738448313401369
-1829 0.0 0.0001740349295701425
-1827 0.0 0.00017422544399769605
-1825 0.0 0.0001744163759911182
-1823 0.0 0.00017460772692473432
-1821 0.0 0.00017479949817890758
-1819 0.0 0.00017499169114007184
-1817 0.0 0.00017518430720076536
-1815 0.0 0.00017537734775966427
-1813 0.0 0.00017557081422161648
-1811 0.0 0.0001757647079976757
-1809 0.0 0.0001759590305051358
-1807 0.0 0.00017615378316756538
-1805 0.0 0.0001763489674148425
-1803 0.0 0.0001765445846831895
-1801 0.0 0.00017674063641520858
-1799 0.0 0.00017693712405991702
-1797 0.0 0.0001771340490727828
-1795 0.0 0.00017733141291576083
-1793 0.0 0.00017752921705732887
-1791 0.0 0.00017772746297252412
-1789 0.0 0.0001779261521429797
-1787 0.0 0.00017812528605696176
-1785 0.0 0.00017832486620940653
-1783 0.0 0.00017852489410195775
-1781 0.0 0.00017872537124300432
-1779 0.0 0.0001789262991477182
-1777 0.0 0.00017912767933809268
-1775 0.0 0.00017932951334298066
-1773 0.0 0.0001795318026981335
-1771 0.0 0.00017973454894623978
-1769 0.0 0.0001799377536369648
-1767 0.0 0.00018014141832698965
-1765 0.0 0.00018034554458005138
-1763 0.0 0.0001805501339669828
-1761 0.0 0.0001807551880657528
-1759 0.0 0.00018096070846150694
-1757 0.0 0.00018116669674660824
-1755 0.0 0.00018137315452067848
-1753 0.0 0.0001815800833906393
-1751 0.0 0.00018178748497075424
-1749 0.0 0.0001819953608826705
-1747 0.0 0.00018220371275546118
-1745 0.0 0.00018241254222566803
-1743 0.0 0.00018262185093734405
-1741 0.0 0.00018283164054209687
-1739 0.0 0.0001830419126991321
-1737 0.0 0.0001832526690752969
-1735 0.0 0.0001834639113451243
-1733 0.0 0.0001836756411908775
-1731 0.0 0.00018388786030259428
-1729 0.0 0.00018410057037813226
-1727 0.0 0.00018431377312321404
-1725 0.0 0.00018452747025147288
-1723 0.0 0.00018474166348449837
-1721 0.0 0.000184956354551883
-1719 0.0 0.00018517154519126857
-1717 0.0 0.00018538723714839296
-1715 0.0 0.00018560343217713743
-1713 0.0 0.00018582013203957424
-1711 0.0 0.00018603733850601443
-1709 0.0 0.000186255053355056
-1707 0.0 0.0001864732783736325
-1705 0.0 0.00018669201535706197
-1703 0.0 0.00018691126610909613
-1701 0.0 0.00018713103244196984
-1699 0.0 0.00018735131617645125
-1697 0.0 0.00018757211914189196
-1695 0.0 0.0001877934431762777
-1693 0.0 0.0001880152901262792
-1691 0.0 0.00018823766184730378
-1689 0.0 0.0001884605602035469
-1687 0.0 0.00018868398706804428
-1685 0.0 0.00018890794432272444
-1683 0.0 0.00018913243385846148
-1681 0.0 0.0001893574575751283
-1679 0.0 0.00018958301738165021
-1677 0.0 0.00018980911519605884
-1675 0.0 0.00019003575294554667
-1673 0.0 0.00019026293256652163
-1671 0.0 0.0001904906560046623
-1669 0.0 0.00019071892521497344
-1667 0.0 0.00019094774216184206
-1665 0.0 0.0001911771088190935
-1663 0.0 0.0001914070271700485
-1661 0.0 0.00019163749920758018
-1659 0.0 0.0001918685269341716
-1657 0.0 0.00019210011236197387
-1655 0.0 0.00019233225751286444
-1653 0.0 0.00019256496441850618
-1651 0.0 0.00019279823512040624
-1649 0.0 0.00019303207166997615
-1647 0.0 0.00019326647612859178
-1645 0.0 0.00019350145056765394
-1643 0.0 0.00019373699706864923
-1641 0.0 0.00019397311772321186
-1639 0.0 0.00019420981463318527
-1637 4.694804272793436e-06 0.00018611502864709995
-1635 -8.167478271906911e-06 0.00018415539712898874
-1633 -1.17212286159938e-05 0.0001916945335779475
-1631 -3.05907139802157e-05 0.00021149075807401645
-1629 1.0831088517134869e-05 0.0002009964729230617
-1627 -8.769141383713609e-06 0.0001919727649940039
-1625 1.492142566226113e-06 0.00020183655533813146
-1623 5.538621205411884e-06 0.00020483278681180614
-1621 1.5238885316503722e-05 0.00019196504117558857
-1619 -1.1883526688752288e-05 0.00020288172231829437
-1617 1.1364814710708309e-05 0.0002013976046484208
-1615 -1.4740360661360589e-05 0.00019761024545492293
-1613 2.0589511131490793e-05 0.0001914019243126974
-1611 1.547722352547463e-05 0.00020846091007481547
-1609 2.3590378452282251e-07 0.0002100188067439329
-1607 2.819619090258636e-06 0.0002203135057964337
-1605 -1.7725680313477245e-05 0.0001981823101153599
-1603 -5.913769221237075e-06 0.00018177857474459172
-1601 -7.738548187170017e-06 0.00019268377383753187
-1599 -9.038427765492372e-07 0.0002199877296193338
-1597 3.4884838828635445e-06 0.00019878678864113032
-1595 -1.6151765502777366e-05 0.00020518055482418782
-1593 8.609158588419893e-06 0.00018342851776156018
-1591 -6.560900561391445e-06 0.0002129643535435341
-1589 -1.2444331168897235e-05 0.0001871756483906925
-1587 -3.6633655061077176e-06 0.00020429075310680536
-1585 2.1557176995420572e-05 0.00019420953911196038
-1583 -5.0619520330493184e-06 0.0001912260598246935
-1581 1.4637482811047467e-05 0.00018035152295615853
-1579 -1.7252720188305846e-06 0.00019710859585666328
-1577 1.1354555041227609e-05 0.00019953833854733044
-1575 -1.2923337957144859e-05 0.00021812212349214594
-1573 7.463554081767417e-06 0.00021393785946918385
-1571 1.9879570235437226e-05 0.00018287158008825876
-1569 -1.3392347946171512e-06 0.00019871465419399128
-1567 -2.614055102410202e-05 0.0002063213593094669
-1565 1.1401587106196777e-05 0.00017968090911744134
-1563 -1.70022614286649e-05 0.00020897630963039049
-1561 -6.526156646681789e-07 0.0002188826044794123
-1559 -3.885277154097531e-05 0.00020899088327185644
-1557 -7.427920412170618e-06 0.00021686172046717843
-1555 -1.3114976990117605e-06 0.00020677190255747615
-1553 1.0306878858885484e-05 0.00020670373261452414
-1551 1.5758197501603922e-05 0.00021308505094980528
-1549 -1.6181994453572136e-05 0.0002118485715947303
-1547 7.487844623349878e-06 0.00023065263382451162
-1545 -1.1394178181718554e-05 0.00020107498239657292
-1543 -1.169311613474722e-05 0.00020867427575739522
-1541 1.4257475746125796e-05 0.0002196984651828917
-1539 -1.79463784141979e-05 0.0001973360364359005
-1537 3.7832330805176017e-10 0.00020849578433198917
-1535 -9.798557301231764e-06 0.0001892083989494816
-1533 -1.5807809936765123e-05 0.00021016009889023946
-1531 -1.1983895882595116e-05 0.0002052278540762025
-1529 1.2331114317379567e-06 0.00019159275972689606
-1527 -9.516994307166184e-06 0.00019854592968507686
-1525 7.956891763813794e-06 0.00024549296104443537
-1523 -2.750022841953961e-06 0.00021539169651539942
-1521 -2.3534273772855665e-05 0.00021623978439414712
-1519 -2.258778434970183e-05 0.0002246075447348644
-1517 -1.1550358715511291e-05 0.0001978544272844546
-1515 5.175406024006712e-06 0.00021535807309568624
-1513 7.704019860554559e-06 0.00017784995376143384
-1511 -8.517731711434009e-06 0.0002009523529617787
-1509 -2.7715213772285235e-05 0.0001816156957464792
-1507 -1.9081674073126847e-05 0.00020291714412254026
-1505 -1.5308282063433723e-05 0.00023068556781581165
-1503 7.533460649142428e-08 0.00019142504643993542
-1501 1.9817866763273102e-06 0.0002052338254545896
-1499 -1.776629439663802e-05 0.00020372376166328653
-1497 1.6707595713040364e-05 0.0002093820717889978
-1495 -3.739073722401226e-05 0.00021393527584431275
-1493 4.270797983753438e-06 0.00022462772253705975
-1491 -1.3089133099535831e-05 0.00023592320178994345
-1489 2.7312265594569177e-05 0.00020797568889255875
-1487 3.224834614036105e-05 0.00020142504071038553
-1485 -1.2452648617091672e-05 0.00020126050826356796
-1483 7.652441174236599e-06 0.00023960462897602193
-1481 5.264575267648114e-06 0.00021058305493173966
-1479 3.3573713474038227e-06 0.0002338447943874778
-1477 1.0766662526258146e-05 0.0002235142935432893
-1475 -2.81985977806889e-06 0.00021177922790172635
-1473 1.0060246032278782e-05 0.00020327556576041567
-1471 1.6670007291271628e-06 0.0002003470394209121
-1469 -4.182162702247823e-06 0.00020134738209424806
-1467 1.3683329019784337e-06 0.00021707810552949367
-1465 -4.739619353971772e-06 0.00023704658455605477
-1463 -1.0842194573799632e-06 0.00020860569221226253
-1461 -1.5103053063894798e-05 0.00021823279291276597
-1459 1.8370880199694586e-05 0.0002458241468169264
-1457 1.928689510267757e-05 0.00021687967955450867
-1455 8.418245154218896e-07 0.00021895755221965348
-1453 -2.5278232614603973e-06 0.00021671114069667032
-1451 3.280310092452454e-06 0.0002320524992482066
-1449 -1.7066741333919723e-06 0.00018883207187344244
-1447 2.7551296663040516e-05 0.0002086588253805798
-1445 1.3616765519553593e-06 0.00024138480098269524
-1443 -9.377775484103109e-06 0.00021604564774845998
-1441 9.425516713815958e-06 0.00021869216227668356
-1439 -1.1008642279500998e-05 0.0002143730327639971
-1437 4.538085713754487e-07 0.00023881917652623631
-1435 1.1736100245751456e-06 0.0002188502929413918
-1433 -5.691725646429281e-07 0.00020763142018547428
-1431 1.5472563779205419e-06 0.00021004735586246492
-1429 -4.244166372549596e-06 0.00024975676751116455
-1427 -8.802668411282177e-06 0.0002549434087478939
-1425 9.882807272892014e-06 0.00021632357064900066
-1423 1.2109617553653467e-05 0.00023077216025544115
-1421 2.0285192000500534e-05 0.00022403208310637534
-1419 -1.1971665600536878e-05 0.0002205070507149765
-1417 7.31924021844747e-06 0.00020761466516802278
-1415 1.1862970404313762e-05 0.00020770271194338273
-1413 -4.821121869775624e-06 0.000209031524456866
-1411 2.753196068506575e-05 0.00022409335017463153
-1409 1.981123585049311e-05 0.00022393286666237875
-1407 -1.0367093443983875e-05 0.00020418127517906416
-1405 9.241828157561776e-06 0.00023921277537783942
-1403 2.307030481989939e-05 0.00021227729683762406
-1401 -6.298579099166275e-07 0.00023659992357006782
-1399 6.046911481687702e-06 0.00025068005879562986
-1397 4.239008046309517e-07 0.00022568713217525213
-1395 -9.512219918510255e-06 0.00023228905717734578
-1393 -4.344512792095437e-06 0.00022182725679101842
-1391 -2.528203152181546e-05 0.00023116426976126618
-1389 -8.329397356408757e-06 0.0002200193478366615
-1387 -6.62861022022836e-06 0.000214186671105765
-1385 -9.401501170100283e-06 0.0002476243428490831
-1383 6.436101352849969e-06 0.0002306045743147964
-1381 -2.8059619233830045e-05 0.00021919427364706776
-1379 -7.30022609169397e-06 0.0002052014672832952
-1377 -1.8477418193435623e-05 0.00023525437791356647
-1375 7.01353206327272e-06 0.00022686255989702508
-1373 1.1665600377500147e-05 0.0002176994174751192
-1371 -2.4192309838532996e-06 0.00023174738413212485
-1369 -5.606800725582979e-06 0.00024326996525172315
-1367 2.2444740189312102e-05 0.00023729732259852212
-1365 -7.371093393538558e-07 0.00022416599150163662
-1363 2.1390607379153628e-07 0.00025810216281278443
-1361 1.911189401504335e-05 0.00022790068365128387
-1359 2.4850273829724284e-05 0.00021448252585481477
-1357 -1.3831480828377426e-05 0.0002256414690201029
-1355 -2.455293911935435e-06 0.0002477159545191528
-1353 6.0857722395150545e-06 0.0002228002569267276
-1351 -1.1219955274604759e-05 0.00022697224507041089
-1349 6.6409354969292394e-06 0.000237291431420166
-1347 -6.943819969227709e-07 0.0002210347455156121
-1345 -1.9768950869336463e-05 0.0002575977087983271
-1343 -1.2499676749695073e-06 0.00023793268777134695
-1341 1.0984922934614076e-05 0.00021534518077446376
-1339 2.700424896772009e-06 0.00024068669728376945
-1337 1.9388597053878063e-05 0.00024579796892773955
-1335 -2.3524254266066266e-06 0.00022914583348584392
-1333 7.455854337981186e-08 0.00022856430179196599
-1331 7.328275631233688e-07 0.0002591544014783949
-1329 -3.1125174137327002e-06 0.0002518566058909511
-1327 -2.2388628332219855e-05 0.00023117188236841996
-1325 -7.190507878256213e-06 0.00024150978230583724
-1323 2.021276976284111e-05 0.00022811130629580445
-1321 -1.1328409109362368e-05 0.00022874473014997162
-1319 1.628675073171975e-06 0.00026476998465588844
-1317 1.5673788259472266e-05 0.00025705096948488277
-1315 5.914964148640229e-06 0.0002340654327145546
-1313 -2.7071524949097963e-06 0.0002468031356951498
-1311 -2.9542843518415835e-06 0.0002646197815564358
-1309 4.909442600265061e-06 0.00022922120222570948
-1307 -8.092175784677341e-06 0.0002549548054719064
-1305 1.121006085204711e-05 0.0002549887775854625
-1303 -7.166520606986447e-06 0.00025642227230193205
-1301 7.1343329801095885e-06 0.00024061904412722143
-1299 -6.393584233448461e-06 0.00024984330020073333
-1297 -1.9114070271089525e-05 0.00024247417601226033
-1295 -1.2965302888447324e-05 0.0002532292354211826
-1293 -2.1676524284625927e-05 0.0002643973083439653
-1291 5.209733197493393e-06 0.00027030775436808445
-1289 -2.0696033369089555e-05 0.0002286624007769557
-1287 5.489752347926127e-06 0.0002607064911655274
-1285 -1.1100128792460226e-05 0.00022916661630541045
-1283 3.185215189277378e-05 0.0002443992765146363
-1281 -2.4183859919300015e-05 0.00021910315117808232
-1279 2.2149823173918424e-05 0.00025820420757714465
-1277 8.464591169802312e-06 0.00023154418188992413
-1275 1.151089607045249e-05 0.00021650075882109987
-1273 -8.839933760090514e-06 0.0002465724430869816
-1271 3.167763011531224e-05 0.00024007129538827928
-1269 1.5609133661420744e-05 0.0002585169319018277
-1267 -1.2313679151935718e-05 0.0002469101008816829
-1265 -3.472260260151399e-06 0.00026740076331953474
-1263 -3.225162056402807e-06 0.0002590680033820615
-1261 1.549922816578137e-05 0.0002608035113983105
-1259 1.3616108052210954e-06 0.00026566608480403143
-1257 -1.3398827592073142e-06 0.00024460313978540247
-1255 -2.8342450825816505e-06 0.00024495127296615427
-1253 -1.0017325668506749e-05 0.0002546556391961317
-1251 -8.486695446276977e-06 0.00021911176591871284
-1249 -3.949846492291888e-06 0.00024785058470382554
-1247 -2.5116092274150013e-05 0.00027492335575650097
-1245 -1.0384963824417208e-05 0.00024683061084576017
-1243 1.604095268903348e-05 0.0002596002911461177
-1241 9.099286247266835e-06 0.0002535610716953263
-1239 -9.514268970918042e-06 0.00023956605335532762
-1237 -1.4945270713381968e-05 0.0002476897392577761
-1235 -1.3377346723369224e-05 0.00024286885272804327
-1233 -2.079545939338962e-05 0.00026022238167883573
-1231 -2.8725763711778436e-05 0.000251817948739298
-1229 -1.6703560956955782e-06 0.00027048674010183476
-1227 9.063523435533232e-06 0.00027614212231751804
-1225 1.6901039920799942e-05 0.00023334352220413066
-1223 7.005061228108264e-07 0.00028241511677442883
-1221 -1.7542601614326959e-06 0.00028194198026313083
-1219 8.102547068564115e-06 0.000244997251798011
-1217 2.634825357411172e-06 0.0002686472969740401
-1215 7.964446141035262e-06 0.0002802603239998393
-1213 6.692360205374446e-06 0.0002696459240747356
-1211 -1.897176682874484e-05 0.0002950433170472433
-1209 -1.4930519330304276e-05 0.00026281718941905074
-1207 1.2763002783632665e-06 0.0002672144660001714
-1205 9.752084400168362e-08 0.00025805421931488734
-1203 -1.7859099257147965e-05 0.00029013576610550804
-1201 1.955750454380492e-05 0.0002809750381912479
-1199 1.5819779552323798e-05 0.000266211898525618
-1197 1.4585247187464558e-05 0.00026783854660201843
-1195 1.2700075706280953e-05 0.0002709317111144142
-1193 2.1362912843029305e-05 0.00026237336511495605
-1191 1.949275392489171e-05 0.0002594514688224756
-1189 8.475063337950676e-06 0.0002521279278046133
-1187 -2.0669675369474492e-05 0.0002852265950539385
-1185 1.8126870841798587e-05 0.000273268670726022
-1183 -5.5432444872504895e-06 0.00024304988735807356
-1181 1.5188936028393245e-05 0.00027920628082198014
-1179 1.471431314306743e-05 0.0002498072317886966
-1177 2.2616061655426924e-05 0.0002668708470593603
-1175 -4.149697749442703e-07 0.000275407547559997
-1173 2.3128364763694787e-05 0.00026324865626094267
-1171 7.619984965287261e-06 0.00030517756508784057
-1169 -1.7061097762825445e-05 0.0002638261919842218
-1167 1.1240332176391535e-05 0.0002580562408847382
-1165 3.6931480920092663e-06 0.0002583811224585334
-1163 -1.2189257975384154e-06 0.0002830821074477626
-1161 6.228772738607914e-06 0.0002636374137206106
-1159 9.3602677346456e-06 0.0002916888160557025
-1157 1.0214220463108958e-05 0.0002443924715414874
-1155 -4.778297810843031e-05 0.0002716345480451679
-1153 1.5975714305904724e-05 0.00027014066045591173
-1151 -4.02232784546277e-06 0.00026162343168628416
-1149 -9.07214819058955e-06 0.0002793069036286249
-1147 9.372331023828168e-06 0.00028279006405877044
-1145 -2.9612671136933287e-05 0.0002593027249282418
-1143 3.312784081840333e-06 0.00026633201581541065
-1141 6.988798971811967e-06 0.00028887056671916123
-1139 2.216580619156205e-05 0.0002503175319097989
-1137 -1.042789512409596e-05 0.00029941429891044925
-1135 2.2771168690983978e-05 0.0002537182228035196
-1133 8.23844175984844e-06 0.0002698561075765215
-1131 -1.7778265396181646e-06 0.0003007359841969356
-1129 1.1600508252881182e-05 0.0002787408520011342
-1127 1.6582882277209483e-06 0.00029298668599382085
-1125 1.729310092270203e-05 0.00031283517933773273
-1123 4.4921937825034955e-07 0.00028965910100904244
-1121 -8.674006021037495e-06 0.0003091353499983334
-1119 -6.921752282071625e-06 0.0002737192001140445
-1117 1.2235637278330052e-05 0.00029851209957010055
-1115 -1.4497240565954537e-05 0.00029354179717411543
-1113 -1.5587038932109007e-05 0.00031443477390628654
-1111 -2.9922350370346755e-05 0.0002680087626967234
-1109 1.1441842672282248e-05 0.0002993015209121251
-1107 -8.818484218094385e-06 0.0002844149745718442
-1105 1.219751435646369e-05 0.0002904190972055381
-1103 -1.0483757802064929e-06 0.0002997293405471058
-1101 6.872268887080953e-06 0.00027487913010114514
-1099 6.741158428759082e-06 0.00031496989656086815
-1097 1.0887167818669013e-05 0.00027302076855842845
-1095 -5.289892899340144e-06 0.0003058255049619835
-1093 8.142808675064684e-06 0.0002655329114853856
-1091 3.22073564451092e-05 0.0002950301705674072
-1089 4.170684905550166e-06 0.00025921219146597994
-1087 -1.8895003703399933e-05 0.00028420560757516563
-1085 1.2520553082231845e-05 0.0003104959356461938
-1083 2.461081708794113e-06 0.0003004103535405862
-1081 3.8810883782313055e-05 0.0002947111471481523
-1079 1.7158527601423956e-05 0.000291725231388435
-1077 2.9359815439524157e-06 0.000299664647930726
-1075 2.1221993685276938e-05 0.0002819872027695498
-1073 -2.368471083643033e-05 0.0003063812118412493
-1071 -4.650677351368782e-06 0.00030178196209744575
-1069 -1.070432100420689e-05 0.00029472579618962516
-1067 1.579203820599178e-05 0.0003180384155904684
-1065 -2.4571101556967774e-05 0.0003057563255338514
-1063 -7.298974828254089e-06 0.0003248698042012121
-1061 8.438122453613387e-06 0.0003205516882034186
-1059 3.392157438303372e-05 0.00029910379602695605
-1057 -1.1697674823276e-06 0.00030651616002720633
-1055 -1.8964988803263068e-05 0.0002991384788963049
-1053 1.692085166895322e-06 0.00033121854234453407
-1051 1.719714435587521e-05 0.0002962800280494245
-1049 1.9810637860482053e-05 0.00030709178223698477
-1047 4.823343039504708e-06 0.00029999609812570685
-1045 -9.81581822371233e-06 0.0003203719560936841
-1043 6.859626156024627e-07 0.0003149418389044377
-1041 -1.8877366938538537e-05 0.00031046573350917376
-1039 4.363171162331116e-06 0.00029135644236025476
-1037 8.586496743624127e-06 0.0003081433469999961
-1035 -1.88092509148934e-05 0.00029461585786029986
-1033 9.756887814104913e-06 0.0002946350745226723
-1031 2.3753090580064128e-05 0.00033049290714172225
-1029 -1.5713149201106877e-05 0.00031365175387924735
-1027 -5.999860660893844e-06 0.00031870125735941607
-1025 1.1545717453176716e-05 0.00035061051621445584
-1023 2.1914226427152432e-05 0.000333450619628529
-1021 -1.026495774308627e-06 0.00030862078755382723
-1019 -4.987612055905385e-06 0.00029606073428167296
-1017 1.1367990029345597e-05 0.0003249790121772797
-1015 1.927565164417841e-05 0.0002990004346313755
-1013 3.0633669703284154e-06 0.00032071366219717077
-1011 1.8589692943221054e-06 0.00032033125964450184
-1009 -9.373221409810646e-06 0.0003205838938794564
-1007 1.3499854477697355e-05 0.0003193757363894785
-1005 9.828604244807057e-06 0.00031392382527807024
-1003 -1.1391254291492123e-05 0.00033307630479759756
-1001 2.154816384462893e-05 0.0003199576811725404
-999 3.3990684803194477e-06 0.00030314132733473044
-997 9.976756125510646e-06 0.0003353266005963376
-995 2.1932950499816803e-05 0.00030622023657200906
-993 7.186255711507021e-06 0.0003512342171825256
-991 -1.1044341042567548e-05 0.0003261610168614189
-989 -1.2746105965554412e-05 0.00034641270151179526
-987 -6.1588704125121325e-06 0.0003214572485338541
-985 -5.5097290751573055e-06 0.0003116550716611504
-983 -1.9159170330915067e-05 0.0003303076875658736
-981 1.9671786341280388e-05 0.00029328302271128964
-979 -7.392141152608978e-06 0.00032123111691743244
-977 -2.0826851637433233e-05 0.0003308011713097942
-975 9.440364393365416e-06 0.00035469620372635116
-973 1.2889825624834848e-05 0.0003214328537284432
-971 6.348701273767247e-06 0.0003211200133236397
-969 1.3364191793518424e-05 0.0003090307708098649
-967 2.2301976883709127e-06 0.0003492155474211238
-965 2.56791415449635e-05 0.00033112808479831386
-963 -1.3002206827013183e-05 0.0003360894321273336
-961 1.569061473698981e-05 0.0003336015917685263
-959 -6.394315490375635e-06 0.0003155867469974026
-957 -9.53040233203964e-06 0.00032568299571924164
-955 -1.78624526233413e-05 0.0003198877733429077
-953 -8.760970764400595e-06 0.0003215873411248931
-951 -7.0604020455287585e-06 0.00033819401306421794
-949 1.0379199184675245e-05 0.00031916398424738316
-947 5.219946450466539e-06 0.00033452261345804214
-945 -2.2353554077595793e-06 0.0003594347441115555
-943 2.3980103376821027e-05 0.0003515973675777638
-941 -1.4304121724522073e-05 0.00034023639445540557
-939 -1.5452995234148398e-06 0.0003659066071792888
-937 -2.098523206012758e-07 0.0003307609563915376
-935 8.700482490302285e-06 0.00034335551319442076
-933 6.819708048028452e-06 0.00034113888801851744
-931 -7.162012242974489e-06 0.0003546389127444459
-929 -3.8075968488776144e-06 0.0003462278758988794
-927 -1.8050901361229753e-06 0.0003470198669017431
-925 1.5874616481338242e-05 0.00033807092758916796
-923 -1.5258862205951834e-06 0.00033762557142887967
-921 -3.7588732563802302e-06 0.00034492877906694197
-919 5.582677703279897e-06 0.000343352312625608
-917 -6.6629007215929965e-06 0.00033680125594518916
-915 2.4140841250467556e-06 0.0003602624517367178
-913 1.1933103525439187e-05 0.0003385807698436534
-911 3.0655347579619455e-05 0.00035951160826552857
-909 -2.44981539103053e-06 0.0003782518737649829
-907 -1.1509136654708031e-05 0.00036697829396324297
-905 -2.272205981706105e-06 0.0003456557288897095
-903 -3.0196732046219673e-05 0.0003447802272269608
-901 7.448786757575046e-06 0.00038739418954429465
-899 3.849220099336442e-05 0.0003642106073145412
-897 -2.47556224241322e-05 0.00036837990832555453
-895 1.2224864082158413e-06 0.0003711543102693849
-893 -1.8710125102443396e-06 0.00036305145960316274
-891 -2.6396931347130964e-05 0.0003716265264436413
-889 -1.1929474101546168e-05 0.0003517759086059932
-887 -7.697239558932891e-06 0.00035837725758701834
-885 -8.949361222992194e-06 0.00032365186715339905
-883 2.9128230511529267e-05 0.00037769751628716235
-881 -1.830507020402775e-05 0.0003659948441099705
-879 7.280658118983078e-06 0.0003605408584871773
-877 5.372713847630777e-06 0.00037440140855184384
-875 2.1093274294281244e-05 0.0004029996845117979
-873 -1.0122792461736024e-05 0.00035397074961667635
-871 -2.9247340614894874e-05 0.00036763956503422157
-869 5.076411543769664e-06 0.0003697343170768264
-867 -8.865573385869745e-06 0.0003748766268262753
-865 4.262521483814602e-06 0.00038028393198135296
-863 -5.060159845611467e-06 0.0003629367243172594
-861 1.933575402203261e-05 0.00038033161792481177
-859 3.437235699992425e-05 0.00036607137160190033
-857 1.5013036965627913e-05 0.00035140930822414424
-855 -3.6563032224132615e-06 0.0003843315207012425
-853 1.799024936927944e-07 0.00037344728111116094
-851 -1.1498796591089252e-05 0.0003481858217368062
-849 -3.709751896706134e-05 0.0003628774306751775
-847 1.74841330234565e-05 0.00037753148701396324
-845 2.1984470671450634e-06 0.0003730632981792352
-843 9.916915343295299e-07 0.00038824659305515286
-841 -2.233005587280462e-05 0.00037779894255176953
-839 -2.6371648125526815e-05 0.0003800247865810554
-837 1.3284108250030877e-05 0.00037567185096419066
-835 -1.9902655819144718e-05 0.0003980573285662896
-833 -7.013964515311295e-06 0.0003929300607628044
-831 6.111132468215137e-06 0.0003938486413285686
-829 -1.507934655971261e-05 0.0004102947951605916
-827 2.9380627666497985e-06 0.0003610838062536282
-825 -1.1837483490565196e-05 0.00040119512976322563
-823 -2.8175523081699463e-06 0.0003995127455774478
-821 4.029381518268261e-06 0.00037818750304097887
-819 1.2914396172446005e-05 0.00038254186687172937
-817 2.178100758672333e-05 0.00036366323491765105
-815 -4.384544406765777e-06 0.0003871755080079644
-813 -1.5681340388316913e-05 0.0004020804029691636
-811 5.6385274447771395e-06 0.0004150374663925427
-809 1.0628187716989035e-05 0.0003958264723332463
-807 1.4774881397173554e-05 0.00038537942417455755
-805 -1.0954314637588875e-05 0.00039999556491283704
-803 1.221930491728045e-05 0.0004076155139163529
-801 -2.066343406006115e-07 0.00037685886234200183
-799 1.996991949998326e-06 0.000395104357105652
-797 -8.017791932471699e-06 0.00041816263375215267
-795 -9.342092099663416e-06 0.00041087152201965937
-793 6.713854010605095e-06 0.00038395816376014867
-791 -1.2579817247884657e-05 0.0004068913825458641
-789 -4.767803368206263e-06 0.000397756775142394
-787 -6.260441439558726e-07 0.0003989919477951378
-785 2.37968900454129e-05 0.0004041940186244446
-783 2.0035820205717483e-05 0.0004051311044762507
-781 1.695923572797102e-05 0.00038666314756992447
-779 -9.18530919817269e-06 0.0003857539081639655
-777 1.7429309298223805e-05 0.0004307871087534113
-775 -2.0282684148025314e-05 0.00041957280632698
-773 2.8544208521210346e-05 0.00039512919634557763
-771 -1.748574568749616e-05 0.00042323365781691007
-769 -1.927089724562475e-06 0.0004045361568008922
-767 -8.191217223384022e-06 0.00042505708918242426
-765 2.504269258312317e-06 0.00041983773514867425
-763 7.5018397288419245e-06 0.00040544898413267963
-761 -4.011014158578959e-05 0.0004234094592496191
-759 -2.4983783726192553e-05 0.0003978567267679596
-757 -9.036001210932631e-06 0.0004122194918159464
-755 -6.097087886393681e-06 0.00043299242745398653
-753 -5.919390571520285e-06 0.00042942305204320987
-751 -9.097253997005047e-06 0.00042352312316640094
-749 1.7572737602533814e-05 0.00044701570239894396
-747 1.2161661577629256e-05 0.00043775271928722973
-745 -1.546324021190449e-05 0.00045692013636923224
-743 -1.0977515969397857e-05 0.00044468741921128215
-741 4.016097008843953e-06 0.00043247959069151604
-739 1.615873528054641e-06 0.0004452594079884061
-737 -4.810666063664927e-06 0.0004261941894922316
-735 -2.6198660891360324e-05 0.0004218588808210592
-733 -5.686486811299562e-06 0.00045520496959197774
-731 -3.3500843172730225e-07 0.00042889293266250555
-729 -1.1556579269870926e-05 0.00042339520867021546
-727 -6.024723306212385e-06 0.0004651861801928957
-725 5.042819146331795e-06 0.0004362931249834808
-723 2.227001197485545e-05 0.00041977650648205976
-721 2.399406172151512e-05 0.00044408585918793346
-719 2.084719103944728e-06 0.0004586131292706038
-717 -7.066418367327017e-06 0.00042350478971588134
-715 -1.5187451238704694e-05 0.0004429910876631671
-713 -1.788782652446659e-05 0.00044576947621504726
-711 -1.5834099044828902e-05 0.00043901983120861606
-709 9.42279596792622e-06 0.00042421254437213074
-707 2.7167403384718712e-06 0.0004775391267377518
-705 2.424757456896545e-06 0.00044603610625265107
-703 7.0945808463925904e-06 0.00045276113149664933
-701 1.9102842184961663e-05 0.0004376900180689907
-699 -8.39292026687828e-06 0.0004409218065607882
-697 -1.0757397045281942e-06 0.00046326068028638013
-695 -1.946154470167155e-05 0.0004596611897970794
-693 2.8825431171812683e-05 0.00042825093280816147
-691 1.97130797728543e-06 0.00048155158450294917
-689 -5.8951465552054175e-06 0.00043603551149398425
-687 -2.9166633660216195e-05 0.0004747254611080457
-685 1.983411961437153e-05 0.0004607197840730847
-683 8.970898944671338e-06 0.00046806715343510204
-681 5.183658545776089e-06 0.00045091027662889633
-679 2.249765498629363e-05 0.0004725174857212425
-677 -2.7895369308595193e-05 0.00047819111808324873
-675 -9.439200283402572e-06 0.0004814216815792863
-673 -1.062405019205839e-05 0.0005039725846233624
-671 -2.1137194015877363e-05 0.0004700444212154086
-669 -4.390134059179268e-06 0.0004872858146971793
-667 1.423859338555185e-05 0.0004551097906746973
-665 -2.050104152790076e-05 0.0004907152745895585
-663 8.285116486186317e-06 0.00045780165046302765
-661 -1.9137521301079516e-05 0.0005042226613935688
-659 -6.469869931000143e-06 0.0004843600434805419
-657 2.493287986820737e-05 0.0004748467793416956
-655 1.6160681951033595e-05 0.0004873565770522862
-653 -1.61607722254828e-05 0.00048057079826128367
-651 -4.481177794650906e-06 0.0004786039248373351
-649 -1.3948034029286785e-05 0.0004986338049813569
-647 3.744691519853868e-05 0.0005282087927546725
-645 -2.813744581450844e-05 0.0004928561607193855
-643 -1.2198444508794072e-05 0.0005138131349185892
-641 1.8444228336947413e-06 0.0004880309595312849
-639 9.294969132398968e-06 0.0004882874095190051
-637 8.221724157265838e-06 0.0005004510806056245
-635 2.2517760429875604e-05 0.0005107329247125917
-633 -1.7418264776460636e-05 0.0004992075487528636
-631 1.9036917613320776e-05 0.0004958599148470744
-629 -3.899919349354192e-06 0.000479853723102257
-627 7.71439271266936e-06 0.0004910627563893832
-625 -8.186453105255784e-06 0.0004938762873726179
-623 -5.543901690827397e-06 0.0005003646282450081
-621 8.776773262058404e-06 0.000510881340936213
-619 -8.290144164391864e-06 0.000508155360944407
-617 -1.4902541136358758e-05 0.0005188403585752385
-615 2.221884573125503e-05 0.0005269635369113965
-613 -1.1081798367658202e-05 0.0005105067081095963
-611 -1.9020610699830869e-06 0.0005276605772551233
-609 5.59715533923995e-06 0.0005298568390124225
-607 -8.006003245769094e-07 0.0005124812106670925
-605 2.0435726812334188e-05 0.0005152683054357056
-603 -8.996635833468335e-07 0.000553995058427363
-601 -2.0635992994990984e-05 0.0005171151635485646
-599 2.5822426015618935e-05 0.0005569998727888333
-597 1.5221788663392922e-05 0.000566142278620497
-595 -1.1613730550894016e-05 0.0005176194697990485
-593 9.438987004653989e-06 0.0005600177258333849
-591 -2.7543024202145906e-05 0.0005510268231780425
-589 -8.515225962281011e-07 0.0005482586703683211
-587 1.278184476135811e-05 0.0005303271201172277
-585 -1.5559195582088588e-05 0.0005511029917076805
-583 -2.691290012153578e-06 0.0005256037794473273
-581 1.3505475407733658e-06 0.0005348625362355549
-579 5.160149646639398e-06 0.0005227968179130558
-577 1.3840568884068823e-05 0.0005708930008001246
-575 1.3544204374749059e-05 0.0005730000709509922
-573 1.895456110405407e-05 0.0005615132800527777
-571 -6.949704460313545e-06 0.0005786488151447576
-569 1.0010823259236489e-05 0.0005519062615850826
-567 2.0011691531451533e-05 0.0005645460621610751
-565 1.0052298281101856e-05 0.0005316238067902835
-563 5.244161141724231e-06 0.0005712710799895008
-561 1.0822990848485985e-05 0.0005863138907519914
-559 1.1726664803911735e-06 0.000560394558208388
-557 2.226998405379737e-05 0.0005962908455577528
-555 1.0944092841066451e-06 0.0005790178531574922
-553 4.845843764686828e-06 0.0005748976362646945
-551 -4.713636470116669e-06 0.0005379684747123555
-549 1.1331410985265755e-05 0.0005524558300365961
-547 3.7962683956804116e-05 0.0005840293195809968
-545 -2.4056004689033583e-05 0.0005816949845985915
-543 -1.6408456242309987e-05 0.0005563427317433232
-541 1.301659446737056e-05 0.0005731242405804533
-539 7.898980969980266e-06 0.000609479896071284
-537 5.524474248684228e-06 0.0005981238439441119
-535 1.3323183040560784e-05 0.0005927567124952625
-533 -1.7136303294724147e-05 0.0005960280784580888
-531 -2.029541335703703e-05 0.000622378808275364
-529 -8.299722206212344e-06 0.000614516648090531
-527 -1.4555930125786105e-05 0.0006004705163584755
-525 -1.0477774867648727e-05 0.0005797692720995483
-523 -1.5315032077174326e-06 0.0005909438984680839
-521 1.362846448911141e-05 0.0006204774635713708
-519 2.3275746447387445e-05 0.0006118493194003399
-517 3.455209987430866e-06 0.0006323542765153779
-515 -1.835790888476048e-06 0.0006114682579620407
-513 2.159025900315244e-05 0.0006292285135373152
-511 8.479934760419327e-06 0.0006234914376487367
-509 -8.144845801069802e-06 0.0006042543443566756
-507 1.904702227808567e-06 0.0006150008802965794
-505 8.295836516622889e-06 0.0006255477140006697
-503 5.172572356184404e-06 0.000638950276908124
-501 2.653722817819971e-05 0.0006409530820041175
-499 -1.5877223015561673e-05 0.0006244395414459166
-497 1.4708440362006412e-06 0.0006446190543502737
-495 1.5283809483974232e-05 0.0006382818758060024
-493 3.2598976837178354e-05 0.0006465711238023436
-491 1.4869343933514241e-05 0.0006558783016859042
-489 3.548656244651391e-06 0.0006471138941515475
-487 -1.0338455991641698e-05 0.0006760189097588086
-485 -3.5928692201501015e-07 0.0006608534796774163
-483 1.3409059277992188e-05 0.0006592420820693504
-481 -1.4876044992482472e-05 0.0006642498858047772
-479 3.063678182413311e-05 0.0006601915402989991
-477 -3.5980324903566136e-06 0.0006489461345236466
-475 -2.988665667219552e-05 0.0006582632336652509
-473 1.8062088918668094e-05 0.0006605944000757472
-471 1.6537120458406045e-05 0.000679035085011991
-469 -3.0624731263618354e-05 0.00066665394220582
-467 1.1860547284492161e-05 0.0006730092903369249
-465 -2.0489116788612147e-05 0.0006729531115188683
-463 2.3001063612578843e-05 0.0006830785081858131
-461 -7.603461748943656e-06 0.0006879846573650178
-459 -5.825838150969135e-06 0.0006842950555061472
-457 1.996111086539701e-05 0.0007243426032850782
-455 -1.1286892480617448e-05 0.0006784356211085372
-453 -1.6728696799101308e-05 0.0006904077019714447
-451 3.226584831452059e-06 0.0007254634083600227
-449 1.1631981748227363e-05 0.0007202975818804971
-447 -1.5074779769374935e-05 0.0007364139174053114
-445 -3.143388256521892e-05 0.0007076702427143572
-443 2.5918995110459998e-05 0.0007322301884354377
-441 1.4814874804854306e-05 0.000722414123455023
-439 3.083685137617153e-06 0.00074438757330399
-437 -1.8845266061110873e-05 0.0007458650214332425
-435 5.186746276567323e-06 0.0007526397484651655
-433 2.2285546611886326e-05 0.0007457440173868469
-431 9.433467192275392e-06 0.000742285036878057
-429 8.115044652013745e-06 0.0007429437392192693
-427 5.966033336341878e-06 0.0007284423514233729
-425 9.672791910027751e-07 0.0007506855399724162
-423 2.9582138675962653e-05 0.0007550899710364555
-421 8.667983052165441e-06 0.000760130944267442
-419 -9.591440294733673e-06 0.0007474204592249349
-417 -9.019461669318509e-06 0.000745859733352762
-415 8.932731251328518e-06 0.000808260875140645
-413 7.333393004832463e-06 0.000769549719085765
-411 2.1154720617793043e-06 0.0007786840366746649
-409 3.9194154275758124e-06 0.0007987523071240836
-407 9.300960894447485e-07 0.0008068157678974861
-405 2.418445353897658e-05 0.0007829453155877233
-403 -7.758205717860148e-07 0.0008119833135362777
-401 1.2113520355088937e-07 0.0007740890759467332
-399 1.4841591546059092e-05 0.0008151875617682332
-397 5.328811176126929e-06 0.0008025463935195327
-395 2.968537051837704e-06 0.0008016695379532877
-393 2.4989106355224914e-05 0.0008379819365442681
-391 -1.9132116738184287e-07 0.0008123225598687174
-389 1.6573517287741937e-05 0.0008060795537890543
-387 8.073764931008263e-06 0.0008349742027790781
-385 5.530460786496794e-06 0.0007960756754059264
-383 -8.141568355845068e-06 0.0008206982941939305
-381 1.4162057428578473e-05 0.0008263585286231756
-379 -8.346950316762346e-06 0.0008457420808882979
-377 2.2089482305485072e-05 0.0008187053084802701
-375 1.2562814754927495e-05 0.0008488337937905506
-373 2.6862380290783416e-05 0.0008237856543588526
-371 -2.263041099552829e-05 0.0008685818036773833
-369 -1.4220986838699691e-05 0.0008488108064108745
-367 -1.6257299517332367e-05 0.0008561532067306565
-365 3.476246084104568e-05 0.000865549364159798
-363 -3.238064911990297e-05 0.000892711306441911
-361 9.87453556908839e-06 0.0008937210911418764
-359 1.2306869884012072e-05 0.0008975342264828243
-357 2.6851545223526606e-06 0.0008898027767685483
-355 -3.72839319423392e-07 0.0008933863766011691
-353 9.102870573016625e-06 0.0008973368731231982
-351 3.4354303156618073e-06 0.000945225340821699
-349 1.8879835577490124e-05 0.0009178783632726645
-347 -1.3697754126882317e-05 0.0009102941997932928
-345 -1.3602698006343335e-05 0.0009108344744500701
-343 9.607434679531972e-06 0.0009096326080894846
-341 8.804246010218431e-06 0.0009391191171662298
-339 -3.1506332079966654e-06 0.000938940224279295
-337 -3.4725238512932576e-06 0.0009343852862592112
-335 1.4159619537914288e-05 0.0009502274894429881
-333 -5.731773425328073e-06 0.0009356337202658966
-331 -6.710737902114551e-06 0.0009564181681637734
-329 -4.355354416523893e-06 0.00096809086963711
-327 1.7933680621194068e-05 0.0009560607639798275
-325 1.5811776611488068e-05 0.0009936139034255214
-323 -9.029045093346555e-06 0.0009603722174722685
-321 9.872336130698909e-06 0.0009885885250843752
-319 2.3558554603063714e-06 0.0010073790981987884
-317 2.4366258841060944e-05 0.0009989619531722699
-315 8.379627947317317e-06 0.0010278531561649909
-313 -1.4458091108348773e-05 0.0010385751355893125
-311 1.1820310059114192e-05 0.0010139742425795744
-309 -1.4975078397629458e-05 0.001016000143416226
-307 -4.017176774488752e-06 0.0010346999722860612
-305 -2.1274825561578775e-05 0.0010080508913151442
-303 2.4112495398345385e-05 0.00106281722996086
-301 1.3504257802287854e-06 0.001045982156740858
-299 -1.8861136634813588e-06 0.0010679595785986662
-297 -2.820996892647462e-06 0.0010634885474869102
-295 -1.998723258536572e-06 0.0010857996575091722
-293 -1.4858082828199148e-06 0.0011108572916487679
-291 5.719743861170981e-06 0.001096654318922581
-289 3.62668665248778e-05 0.0011163609426633604
-287 -1.0963239868458344e-05 0.0010966804577056634
-285 2.9502324822637292e-06 0.0010919418812305518
-283 3.148958257060675e-05 0.001097121408638251
-281 -1.8552043070995827e-05 0.0011275116894603069
-279 2.9617407812535384e-05 0.001135952910940367
-277 5.390638616232982e-07 0.0011506693769474537
-275 1.2768952433886638e-06 0.0011347740663629202
-273 1.1877114438883652e-05 0.0011632711383880103
-271 -1.2429094410538956e-05 0.0011671947548785914
-269 1.2801401729041991e-05 0.0011839355566923072
-267 3.066434277482196e-05 0.0012054856184111852
-265 -7.868347704373226e-06 0.001193907810915148
-263 1.031625447865828e-05 0.0012302698886886166
-261 -1.6297869782750513e-05 0.0012194541981668877
-259 -5.990774167883877e-06 0.0012307134353297569
-257 -1.4706112625062235e-06 0.0012324997502332921
-255 -1.2067144244765392e-05 0.0012538640237848351
-253 2.5745714972593083e-06 0.0012491512996197411
-251 -6.034983347242849e-06 0.0012722411122021134
-249 -5.2366312028945094e-06 0.0012544580578595205
-247 -2.1627919987497216e-05 0.0012810464337170441
-245 -6.6621060240113265e-06 0.0012927119036731888
-243 -1.0372847664114285e-05 0.0012778618888424703
-241 5.635586460725087e-06 0.0013349130658694194
-239 -1.2407388959488582e-06 0.0013483685318037661
-237 1.7758031773163875e-05 0.001329786565905917
-235 1.611061165156276e-06 0.0013651488396432556
-233 -6.292440448630289e-06 0.0013771630446657262
-231 4.6746062778104664e-06 0.0013609785444673268
-229 -4.620007277050742e-06 0.001392373968927998
-227 8.652480448331724e-06 0.001410666119410313
-225 1.0770234679225267e-05 0.001414666815214857
-223 1.3869641121373249e-05 0.0014251796143350474
-221 -1.9222596598813366e-06 0.0014369136098750475
-219 -1.70154299398025e-05 0.001488563460697917
-217 8.062678779926846e-06 0.0014749879731897318
-215 -1.986514871243522e-05 0.0014961720222540285
-213 8.432990716834766e-06 0.0014845979841506892
-211 -2.147611348699604e-05 0.0015312965174732454
-209 -1.0536914393806755e-05 0.0015400356934708766
-207 -4.954740031265212e-06 0.0015741706810453579
-205 1.5363784352108567e-05 0.001568069115538366
-203 8.396242475968424e-06 0.001557154651305781
-201 9.070196779489277e-07 0.0015750344702807036
-199 -8.020465814773806e-06 0.0016071125190521872
-197 5.552299132566042e-06 0.0016043042210774218
-195 -6.431204542704168e-06 0.0016157504780001412
-193 9.222937738933646e-07 0.001678994060150864
-191 -9.347272409792207e-06 0.0016667402332320566
-189 1.9713064199192985e-05 0.0016913724108151686
-187 -1.946765569842988e-05 0.0017045242449278003
-185 2.379173910496615e-06 0.0017066387016450347
-183 -1.7170609668666165e-06 0.0017549656197268088
-181 -5.288142300053556e-06 0.0017574715903977594
-179 1.9896133974631387e-06 0.0017774511096888233
-177 1.5700224022886903e-05 0.001819306479340427
-175 2.1117397337121648e-05 0.0018032648342518507
-173 6.803854043019897e-06 0.0018430158748329558
-171 1.280254630510175e-06 0.0018509894710830796
-169 1.4476439994070216e-05 0.0018802834464481074
-167 5.383124205763949e-06 0.0019265950994945304
-165 -1.4837505959942254e-06 0.0019304788688262252
-163 8.811199586011256e-06 0.0019583608030828326
-161 -6.60253051597658e-06 0.0019961975221340677
-159 3.878973936011452e-06 0.001998350175704804
-157 2.7012937319980954e-06 0.002049354348156526
-155 -1.532516088795236e-05 0.0020685946200670576
-153 9.902751388336011e-06 0.0020817894611989914
-151 1.078847633929158e-05 0.0021208467212773864
-149 -1.0980260623354054e-06 0.0021464742288526835
-147 5.9221850547412775e-06 0.002173549794361356
-145 1.128094894882437e-05 0.002222533658788861
-143 7.031925897781264e-07 0.0022073878721918998
-141 7.449668205425215e-06 0.002248750396101358
-139 1.2022120635289516e-05 0.0023065405424547583
-137 1.934886545276326e-05 0.002340361615533282
-135 -2.8966527415971363e-05 0.002360805028996722
-133 4.133326408222063e-06 0.002392815155006311
-131 -5.273102616264247e-06 0.002425867236161153
-129 -2.8990281981484775e-05 0.00250253807993337
-127 -6.878891918335712e-06 0.0025041280001031826
-125 1.1944937543934756e-05 0.0025562063578475416
-123 1.808377128029744e-06 0.002581587207523838
-121 5.5740281810123e-06 0.0026279520839681313
-119 1.535786951369782e-05 0.002653094362362325
-117 2.6061579674029894e-05 0.002735704110895914
-115 1.4271873226106085e-05 0.002764938617264919
-113 -1.905229791878575e-05 0.0028214338509674575
-111 -1.2403821595871431e-05 0.002858296336749835
-109 6.6855043003788945e-06 0.0029102475562617397
-107 -3.8296662742145343e-05 0.0029583984161004762
-105 -1.3350666552619648e-05 0.0030405337084487326
-103 -2.8607111342575466e-06 0.00310619796418426
-101 1.175831871922729e-05 0.003157740660429469
-99 1.9970579138265353e-05 0.003195590703398637
-97 -1.8501370700506842e-05 0.003259355401327121
-95 2.608689927651477e-05 0.0033622046091969144
-93 -3.7523184121174758e-06 0.003401961512283853
-91 -3.6067169445333116e-06 0.0034900455598447185
-89 2.2212490032750536e-07 0.003587234943383663
-87 -9.431262964927253e-06 0.00363245905284712
-85 2.1126830787059394e-05 0.003748989710268732
-83 2.1226253865880964e-05 0.0038499517422763054
-81 -2.9336182450435648e-06 0.003952794439059352
-79 -6.371448354664439e-06 0.004007024206961723
-77 1.111348401749902e-05 0.004147822465980969
-75 -2.4968916923191842e-05 0.0042375543747095465
-73 6.63941440942948e-06 0.004376121084792614
-71 2.3418603950572355e-05 0.004502757526905157
-69 -2.1992596125067877e-05 0.004598357465128171
-67 2.329848000678733e-05 0.004751544579998822
-65 -1.1833491712843606e-05 0.004894032050909792
-63 -1.33847809628408e-05 0.005041449172189252
-61 1.712737725132517e-05 0.005206356148369044
-59 -9.644373217482148e-06 0.0053953653565817095
-57 -2.0051505211583785e-06 0.005590214905745647
-55 -8.953018687489785e-06 0.005780482324718311
-53 2.2179895405143823e-06 0.006004399013485084
-51 2.432818521466378e-05 0.006261831376862207
-49 -1.5283795730177387e-05 0.006476004991308713
-47 -1.5130504480778541e-05 0.006761914221168961
-45 -1.210607836105409e-05 0.0070676991786317485
-43 -4.189793478980978e-06 0.007376726959223556
-41 -1.0863875655556187e-05 0.007765383788651716
-39 -1.2451180585684373e-05 0.008159603445242235
-37 2.147456485414844e-05 0.00859955365087183
-35 3.196973359354173e-05 0.009076571636341959
-33 -3.592114639826058e-06 0.009633705057966584
-31 1.0000607691336236e-05 0.010272318022533505
-29 2.6505282283072234e-05 0.010972213626521869
-27 -9.267789446237536e-06 0.011792309417201174
-25 -2.428718245161687e-05 0.012716174698575696
-23 2.0687280618860363e-05 0.013857174327544425
-21 -4.98307631386963e-06 0.015164877184166764
-19 -3.928209965989763e-06 0.016771451800648943
-17 -1.0048750503185405e-05 0.01870726000073057
-15 -3.0793777108721104e-05 0.02122912201795259
-13 -1.0154275766303002e-06 0.024454016569773585
-11 4.017127339678719e-06 0.028940269665703008
-9 3.4730021383527715e-05 0.035378016097027426
-7 6.2500346792015544e-06 0.04542363024812339
-5 -8.23839565386017e-06 0.06353649647148761
-3 3.731253326101702e-07 0.10549640131417064
-1 -2.194208055470045e-05 0.30377671390686384
1 -2.1942080554698475e-05 -0.30377671390686384
3 3.7312533261025957e-07 -0.10549640131417064
5 -8.238395653860167e-06 -0.06353649647148761
7 6.250034679201557e-06 -0.04542363024812339
9 3.473002138352772e-05 -0.035378016097027426
11 4.017127339678697e-06 -0.028940269665703008
13 -1.0154275766302685e-06 -0.024454016569773585
15 -3.079377710872138e-05 -0.02122912201795259
17 -1.0048750503185144e-05 -0.01870726000073057
19 -3.928209965989758e-06 -0.016771451800648943
21 -4.983076313869618e-06 -0.015164877184166764
23 2.0687280618860543e-05 -0.013857174327544425
25 -2.4287182451617043e-05 -0.012716174698575696
27 -9.26778944623753e-06 -0.011792309417201174
29 2.650528228307228e-05 -0.010972213626521869
31 1.0000607691336253e-05 -0.010272318022533505
33 -3.592114639826068e-06 -0.009633705057966584
35 3.196973359354176e-05 -0.009076571636341959
37 2.1474564854148445e-05 -0.00859955365087183
39 -1.245118058568451e-05 -0.008159603445242235
41 -1.086387565555609e-05 -0.007765383788651716
43 -4.189793478980998e-06 -0.007376726959223556
45 -1.2106078361054086e-05 -0.0070676991786317485
47 -1.5130504480778518e-05 -0.006761914221168961
49 -1.528379573017736e-05 -0.006476004991308713
51 2.4328185214663774e-05 -0.006261831376862207
53 2.2179895405143586e-06 -0.006004399013485084
55 -8.953018687489851e-06 -0.005780482324718311
57 -2.0051505211582917e-06 -0.005590214905745647
59 -9.644373217482158e-06 -0.0053953653565817095
61 1.7127377251325194e-05 -0.005206356148369044
63 -1.3384780962840704e-05 -0.005041449172189252
65 -1.183349171284363e-05 -0.004894032050909792
67 2.3298480006787335e-05 -0.004751544579998822
69 -2.199259612506784e-05 -0.004598357465128171
71 2.341860395057235e-05 -0.004502757526905157
73 6.639414409429477e-06 -0.004376121084792614
75 -2.4968916923191866e-05 -0.0042375543747095465
77 1.1113484017499058e-05 -0.004147822465980969
79 -6.371448354664221e-06 -0.004007024206961722
81 -2.93361824504352e-06 -0.003952794439059353
83 2.1226253865880943e-05 -0.0038499517422763054
85 2.11268307870594e-05 -0.003748989710268732
87 -9.431262964927262e-06 -0.00363245905284712
89 2.2212490032752146e-07 -0.003587234943383663
91 -3.6067169445333108e-06 -0.0034900455598447185
93 -3.7523184121174923e-06 -0.003401961512283853
95 2.6086899276514705e-05 -0.0033622046091969144
97 -1.8501370700506798e-05 -0.003259355401327121
99 1.9970579138265346e-05 -0.003195590703398637
101 1.1758318719227295e-05 -0.003157740660429469
103 -2.8607111342575043e-06 -0.00310619796418426
105 -1.3350666552619646e-05 -0.0030405337084487326
107 -3.8296662742145364e-05 -0.0029583984161004767
109 6.685504300378903e-06 -0.0029102475562617397
111 -1.2403821595871367e-05 -0.002858296336749835
113 -1.9052297918785703e-05 -0.0028214338509674575
115 1.4271873226106108e-05 -0.002764938617264919
117 2.60615796740299e-05 -0.002735704110895914
119 1.5357869513697747e-05 -0.0026530943623623254
121 5.574028181012489e-06 -0.0026279520839681313
123 1.8083771280297287e-06 -0.002581587207523838
125 1.1944937543934773e-05 -0.002556206357847541
127 -6.878891918335691e-06 -0.0025041280001031826
129 -2.8990281981484717e-05 -0.00250253807993337
131 -5.273102616264266e-06 -0.002425867236161153
133 4.1333264082220446e-06 -0.002392815155006311
135 -2.8966527415971384e-05 -0.002360805028996722
137 1.9348865452763276e-05 -0.002340361615533282
139 1.2022120635289526e-05 -0.0023065405424547583
141 7.4496682054252594e-06 -0.002248750396101358
143 7.031925897781044e-07 -0.0022073878721918998
145 1.1280948948824302e-05 -0.002222533658788861
147 5.922185054741305e-06 -0.002173549794361356
149 -1.0980260623353732e-06 -0.0021464742288526835
151 1.07884763392915e-05 -0.0021208467212773864
153 9.902751388336008e-06 -0.0020817894611989914
155 -1.5325160887952422e-05 -0.0020685946200670576
157 2.7012937319981962e-06 -0.002049354348156526
159 3.8789739360113e-06 -0.0019983501757048043
161 -6.602530515976787e-06 -0.0019961975221340677
163 8.811199586011327e-06 -0.0019583608030828326
165 -1.4837505959942783e-06 -0.0019304788688262252
167 5.383124205764017e-06 -0.0019265950994945301
169 1.4476439994070206e-05 -0.0018802834464481074
171 1.280254630510186e-06 -0.0018509894710830796
173 6.8038540430199074e-06 -0.0018430158748329556
175 2.1117397337121628e-05 -0.0018032648342518507
177 1.570022402288692e-05 -0.001819306479340427
179 1.9896133974631625e-06 -0.0017774511096888233
181 -5.288142300053549e-06 -0.0017574715903977596
183 -1.7170609668665817e-06 -0.001754965619726809
185 2.3791739104965693e-06 -0.001706638701645035
187 -1.946765569842988e-05 -0.0017045242449278003
189 1.9713064199192965e-05 -0.0016913724108151686
191 -9.34727240979219e-06 -0.0016667402332320566
193 9.22293773893333e-07 -0.001678994060150864
195 -6.431204542704171e-06 -0.0016157504780001412
197 5.552299132566065e-06 -0.0016043042210774218
199 -8.02046581477377e-06 -0.0016071125190521872
201 9.070196779488309e-07 -0.0015750344702807034
203 8.396242475968417e-06 -0.001557154651305781
205 1.5363784352108557e-05 -0.001568069115538366
207 -4.954740031265252e-06 -0.0015741706810453576
209 -1.0536914393806778e-05 -0.0015400356934708766
211 -2.1476113486995994e-05 -0.0015312965174732454
213 8.432990716834754e-06 -0.0014845979841506892
215 -1.9865148712435253e-05 -0.0014961720222540285
217 8.06267877992689e-06 -0.0014749879731897318
219 -1.701542993980248e-05 -0.001488563460697917
221 -1.922259659881341e-06 -0.0014369136098750475
223 1.3869641121373257e-05 -0.0014251796143350474
225 1.0770234679225262e-05 -0.001414666815214857
227 8.652480448331767e-06 -0.001410666119410313
229 -4.620007277050772e-06 -0.001392373968927998
231 4.6746062778104326e-06 -0.0013609785444673268
233 -6.29244044863032e-06 -0.0013771630446657262
235 1.6110611651562735e-06 -0.0013651488396432556
237 1.7758031773163888e-05 -0.001329786565905917
239 -1.2407388959488459e-06 -0.001348368531803766
241 5.635586460725325e-06 -0.0013349130658694194
243 -1.0372847664114273e-05 -0.0012778618888424703
245 -6.662106024011336e-06 -0.0012927119036731888
247 -2.162791998749723e-05 -0.0012810464337170441
249 -5.236631202894511e-06 -0.0012544580578595205
251 -6.034983347242862e-06 -0.0012722411122021134
253 2.574571497259292e-06 -0.0012491512996197411
255 -1.2067144244765426e-05 -0.0012538640237848351
257 -1.4706112625062002e-06 -0.0012324997502332923
259 -5.990774167883919e-06 -0.0012307134353297569
261 -1.6297869782750577e-05 -0.0012194541981668877
263 1.0316254478658297e-05 -0.0012302698886886166
265 -7.868347704373259e-06 -0.001193907810915148
267 3.066434277482195e-05 -0.0012054856184111852
269 1.280140172904199e-05 -0.0011839355566923072
271 -1.2429094410538998e-05 -0.0011671947548785914
273 1.1877114438883566e-05 -0.0011632711383880103
275 1.2768952433886744e-06 -0.0011347740663629202
277 5.390638616233353e-07 -0.001150669376947454
279 2.9617407812535594e-05 -0.0011359529109403667
281 -1.8552043070996098e-05 -0.0011275116894603069
283 3.148958257060676e-05 -0.0010971214086382508
285 2.950232482263733e-06 -0.001091941881230552
287 -1.0963239868458383e-05 -0.0010966804577056634
289 3.626686652487778e-05 -0.0011163609426633604
291 5.719743861170979e-06 -0.001096654318922581
293 -1.4858082828199042e-06 -0.0011108572916487679
295 -1.998723258536565e-06 -0.0010857996575091722
297 -2.820996892647384e-06 -0.0010634885474869102
299 -1.886113663481361e-06 -0.0010679595785986662
301 1.35042578022878e-06 -0.001045982156740858
303 2.4112495398345395e-05 -0.00106281722996086
305 -2.1274825561578768e-05 -0.0010080508913151442
307 -4.017176774488733e-06 -0.0010346999722860612
309 -1.4975078397629488e-05 -0.001016000143416226
311 1.1820310059114143e-05 -0.0010139742425795744
313 -1.4458091108348757e-05 -0.0010385751355893125
315 8.37962794731739e-06 -0.0010278531561649909
317 2.4366258841060883e-05 -0.0009989619531722699
319 2.355855460306114e-06 -0.0010073790981987884
321 9.872336130699378e-06 -0.0009885885250843747
323 -9.029045093346538e-06 -0.0009603722174722685
325 1.5811776611488126e-05 -0.0009936139034255214
327 1.7933680621194085e-05 -0.0009560607639798275
329 -4.3553544165238844e-06 -0.00096809086963711
331 -6.710737902114616e-06 -0.0009564181681637734
333 -5.731773425328061e-06 -0.0009356337202658967
335 1.4159619537914271e-05 -0.0009502274894429881
337 -3.4725238512932864e-06 -0.0009343852862592112
339 -3.150633207996673e-06 -0.000938940224279295
341 8.804246010218408e-06 -0.0009391191171662298
343 9.607434679531969e-06 -0.0009096326080894846
345 -1.360269800634334e-05 -0.0009108344744500701
347 -1.3697754126882314e-05 -0.0009102941997932928
349 1.8879835577490127e-05 -0.0009178783632726645
351 3.435430315661811e-06 -0.000945225340821699
353 9.102870573016662e-06 -0.0008973368731231982
355 -3.7283931942339287e-07 -0.0008933863766011691
357 2.685154522352669e-06 -0.0008898027767685483
359 1.2306869884012096e-05 -0.0008975342264828242
361 9.874535569088289e-06 -0.0008937210911418765
363 -3.238064911990295e-05 -0.000892711306441911
365 3.4762460841045666e-05 -0.000865549364159798
367 -1.625729951733238e-05 -0.0008561532067306565
369 -1.4220986838699676e-05 -0.0008488108064108745
371 -2.2630410995528275e-05 -0.0008685818036773833
373 2.6862380290783437e-05 -0.0008237856543588526
375 1.2562814754927509e-05 -0.0008488337937905504
377 2.2089482305485092e-05 -0.00081870530848027
379 -8.346950316762358e-06 -0.0008457420808882979
381 1.4162057428578483e-05 -0.0008263585286231755
383 -8.14156835584509e-06 -0.0008206982941939305
385 5.530460786496771e-06 -0.0007960756754059264
387 8.073764931008314e-06 -0.0008349742027790781
389 1.657351728774192e-05 -0.0008060795537890543
391 -1.9132116738182847e-07 -0.0008123225598687174
393 2.4989106355224944e-05 -0.0008379819365442681
395 2.9685370518376723e-06 -0.0008016695379532877
397 5.328811176126865e-06 -0.0008025463935195327
399 1.484159154605936e-05 -0.000815187561768233
401 1.2113520355105878e-07 -0.0007740890759467334
403 -7.758205717860868e-07 -0.0008119833135362778
405 2.4184453538976548e-05 -0.0007829453155877233
407 9.300960894447756e-07 -0.000806815767897486
409 3.919415427575712e-06 -0.0007987523071240837
411 2.115472061779426e-06 -0.000778684036674665
413 7.333393004832458e-06 -0.0007695497190857649
415 8.9327312513284e-06 -0.0008082608751406452
417 -9.019461669318575e-06 -0.0007458597333527618
419 -9.591440294733688e-06 -0.000747420459224935
421 8.667983052165568e-06 -0.0007601309442674419
423 2.958213867596255e-05 -0.0007550899710364554
425 9.672791910027097e-07 -0.0007506855399724163
427 5.96603333634191e-06 -0.000728442351423373
429 8.115044652013765e-06 -0.0007429437392192693
431 9.433467192275348e-06 -0.000742285036878057
433 2.2285546611886384e-05 -0.0007457440173868467
435 5.186746276567315e-06 -0.0007526397484651654
437 -1.884526606111086e-05 -0.0007458650214332425
439 3.0836851376171605e-06 -0.00074438757330399
441 1.4814874804854342e-05 -0.0007224141234550232
443 2.591899511046e-05 -0.0007322301884354376
445 -3.1433882565218867e-05 -0.0007076702427143573
447 -1.5074779769374926e-05 -0.0007364139174053114
449 1.1631981748227353e-05 -0.0007202975818804971
451 3.2265848314520592e-06 -0.0007254634083600229
453 -1.6728696799101308e-05 -0.0006904077019714447
455 -1.1286892480617502e-05 -0.0006784356211085372
457 1.9961110865397016e-05 -0.0007243426032850782
459 -5.8258381509691165e-06 -0.0006842950555061472
461 -7.603461748943619e-06 -0.0006879846573650177
463 2.3001063612578826e-05 -0.0006830785081858131
465 -2.0489116788612174e-05 -0.0006729531115188683
467 1.1860547284492164e-05 -0.0006730092903369249
469 -3.0624731263618334e-05 -0.0006666539422058201
471 1.6537120458406e-05 -0.000679035085011991
473 1.8062088918668067e-05 -0.0006605944000757472
475 -2.9886656672195578e-05 -0.000658263233665251
477 -3.598032490356566e-06 -0.0006489461345236467
479 3.063678182413336e-05 -0.0006601915402989992
481 -1.4876044992482617e-05 -0.0006642498858047773
483 1.3409059277992284e-05 -0.0006592420820693504
485 -3.592869220150072e-07 -0.0006608534796774163
487 -1.0338455991641735e-05 -0.0006760189097588086
489 3.5486562446513515e-06 -0.0006471138941515475
491 1.4869343933514257e-05 -0.0006558783016859042
493 3.259897683717834e-05 -0.0006465711238023436
495 1.5283809483974276e-05 -0.0006382818758060024
497 1.4708440362006516e-06 -0.0006446190543502737
499 -1.587722301556168e-05 -0.0006244395414459167
501 2.6537228178199744e-05 -0.0006409530820041174
503 5.172572356184381e-06 -0.000638950276908124
505 8.295836516622879e-06 -0.0006255477140006698
507 1.9047022278085796e-06 -0.0006150008802965794
509 -8.144845801069765e-06 -0.0006042543443566756
511 8.479934760419315e-06 -0.0006234914376487367
513 2.159025900315244e-05 -0.0006292285135373152
515 -1.835790888475996e-06 -0.0006114682579620407
517 3.4552099874308174e-06 -0.0006323542765153779
519 2.3275746447387235e-05 -0.00061184931940034
521 1.3628464489111433e-05 -0.0006204774635713709
523 -1.5315032077174834e-06 -0.0005909438984680839
525 -1.0477774867648705e-05 -0.0005797692720995483
527 -1.4555930125786134e-05 -0.0006004705163584755
529 -8.299722206212383e-06 -0.0006145166480905308
531 -2.0295413357036992e-05 -0.000622378808275364
533 -1.7136303294724127e-05 -0.0005960280784580888
535 1.3323183040560737e-05 -0.0005927567124952625
537 5.524474248684221e-06 -0.0005981238439441119
539 7.898980969980253e-06 -0.000609479896071284
541 1.3016594467370536e-05 -0.0005731242405804533
543 -1.6408456242309967e-05 -0.0005563427317433232
545 -2.405600468903357e-05 -0.0005816949845985916
547 3.7962683956804096e-05 -0.0005840293195809968
549 1.1331410985265751e-05 -0.0005524558300365961
551 -4.7136364701166445e-06 -0.0005379684747123555
553 4.845843764686832e-06 -0.0005748976362646944
555 1.0944092841066176e-06 -0.0005790178531574922
557 2.2269984053797388e-05 -0.0005962908455577528
559 1.1726664803911498e-06 -0.0005603945582083881
561 1.0822990848485835e-05 -0.0005863138907519915
563 5.244161141724214e-06 -0.0005712710799895008
565 1.0052298281101883e-05 -0.0005316238067902835
567 2.0011691531451513e-05 -0.0005645460621610751
569 1.001082325923646e-05 -0.0005519062615850826
571 -6.94970446031356e-06 -0.0005786488151447576
573 1.8954561104054077e-05 -0.0005615132800527778
575 1.3544204374749064e-05 -0.0005730000709509922
577 1.384056888406886e-05 -0.0005708930008001246
579 5.1601496466393776e-06 -0.0005227968179130558
581 1.3505475407733782e-06 -0.0005348625362355549
583 -2.6912900121535397e-06 -0.0005256037794473273
585 -1.5559195582088578e-05 -0.0005511029917076805
587 1.278184476135811e-05 -0.0005303271201172276
589 -8.515225962281149e-07 -0.0005482586703683211
591 -2.754302420214592e-05 -0.0005510268231780426
593 9.438987004653973e-06 -0.0005600177258333849
595 -1.1613730550893992e-05 -0.0005176194697990484
597 1.5221788663392897e-05 -0.000566142278620497
599 2.582242601561893e-05 -0.0005569998727888333
601 -2.0635992994990963e-05 -0.0005171151635485646
603 -8.996635833468288e-07 -0.000553995058427363
605 2.0435726812334205e-05 -0.0005152683054357056
607 -8.006003245769238e-07 -0.0005124812106670925
609 5.597155339239965e-06 -0.0005298568390124226
611 -1.902061069983114e-06 -0.0005276605772551233
613 -1.1081798367658221e-05 -0.0005105067081095963
615 2.221884573125496e-05 -0.0005269635369113965
617 -1.4902541136358791e-05 -0.0005188403585752385
619 -8.290144164391879e-06 -0.000508155360944407
621 8.776773262058384e-06 -0.0005108813409362129
623 -5.5439016908274084e-06 -0.0005003646282450081
625 -8.186453105255795e-06 -0.0004938762873726179
627 7.714392712669405e-06 -0.0004910627563893832
629 -3.899919349354136e-06 -0.000479853723102257
631 1.9036917613320755e-05 -0.0004958599148470743
633 -1.741826477646062e-05 -0.0004992075487528636
635 2.2517760429875655e-05 -0.0005107329247125917
637 8.221724157265846e-06 -0.0005004510806056246
639 9.294969132398958e-06 -0.0004882874095190051
641 1.8444228336947714e-06 -0.0004880309595312847
643 -1.2198444508794067e-05 -0.0005138131349185892
645 -2.8137445814508406e-05 -0.0004928561607193855
647 3.744691519853869e-05 -0.0005282087927546725
649 -1.394803402928676e-05 -0.0004986338049813569
651 -4.481177794650867e-06 -0.0004786039248373351
653 -1.616077222548278e-05 -0.00048057079826128367
655 1.61606819510336e-05 -0.0004873565770522862
657 2.493287986820739e-05 -0.0004748467793416956
659 -6.469869931000138e-06 -0.0004843600434805419
661 -1.913752130107952e-05 -0.0005042226613935688
663 8.28511648618628e-06 -0.0004578016504630276
665 -2.050104152790078e-05 -0.0004907152745895585
667 1.4238593385551873e-05 -0.00045510979067469736
669 -4.3901340591792835e-06 -0.0004872858146971793
671 -2.1137194015877353e-05 -0.00047004442121540866
673 -1.0624050192058363e-05 -0.0005039725846233624
675 -9.439200283402583e-06 -0.0004814216815792863
677 -2.7895369308595183e-05 -0.0004781911180832488
679 2.249765498629367e-05 -0.0004725174857212425
681 5.18365854577607e-06 -0.00045091027662889633
683 8.97089894467135e-06 -0.00046806715343510204
685 1.983411961437155e-05 -0.0004607197840730847
687 -2.916663366021619e-05 -0.0004747254611080457
689 -5.895146555205409e-06 -0.00043603551149398425
691 1.9713079772854117e-06 -0.00048155158450294917
693 2.8825431171812697e-05 -0.00042825093280816147
695 -1.946154470167157e-05 -0.00045966118979707935
697 -1.0757397045282171e-06 -0.0004632606802863802
699 -8.39292026687827e-06 -0.0004409218065607882
701 1.9102842184961676e-05 -0.0004376900180689907
703 7.094580846392592e-06 -0.0004527611314966494
705 2.424757456896542e-06 -0.00044603610625265107
707 2.716740338471891e-06 -0.0004775391267377518
709 9.422795967926252e-06 -0.00042421254437213074
711 -1.583409904482888e-05 -0.00043901983120861606
713 -1.788782652446661e-05 -0.0004457694762150473
715 -1.5187451238704695e-05 -0.00044299108766316715
717 -7.066418367326984e-06 -0.0004235047897158814
719 2.0847191039449034e-06 -0.00045861312927060374
721 2.3994061721515178e-05 -0.0004440858591879337
723 2.227001197485549e-05 -0.00041977650648205976
725 5.042819146331819e-06 -0.00043629312498348074
727 -6.024723306212348e-06 -0.00046518618019289573
729 -1.1556579269870894e-05 -0.00042339520867021546
731 -3.350084317272853e-07 -0.00042889293266250555
733 -5.686486811299558e-06 -0.00045520496959197774
735 -2.6198660891360337e-05 -0.0004218588808210592
737 -4.8106660636649545e-06 -0.0004261941894922316
739 1.6158735280546529e-06 -0.0004452594079884061
741 4.016097008843986e-06 -0.000432479590691516
743 -1.0977515969397863e-05 -0.0004446874192112822
745 -1.5463240211904463e-05 -0.0004569201363692322
747 1.2161661577629301e-05 -0.0004377527192872297
749 1.7572737602533807e-05 -0.00044701570239894396
751 -9.09725399700508e-06 -0.00042352312316640094
753 -5.9193905715202945e-06 -0.00042942305204320987
755 -6.097087886393667e-06 -0.0004329924274539865
757 -9.036001210932614e-06 -0.0004122194918159464
759 -2.49837837261926e-05 -0.00039785672676795965
761 -4.011014158578961e-05 -0.00042340945924961904
763 7.501839728841958e-06 -0.00040544898413267963
765 2.504269258312295e-06 -0.00041983773514867425
767 -8.191217223384018e-06 -0.0004250570891824242
769 -1.9270897245624753e-06 -0.0004045361568008922
771 -1.7485745687496166e-05 -0.00042323365781691007
773 2.8544208521210332e-05 -0.00039512919634557763
775 -2.0282684148025317e-05 -0.00041957280632697996
777 1.742930929822379e-05 -0.00043078710875341135
779 -9.185309198172678e-06 -0.00038575390816396554
781 1.6959235727971046e-05 -0.0003866631475699246
783 2.0035820205717496e-05 -0.0004051311044762508
785 2.379689004541288e-05 -0.0004041940186244446
787 -6.260441439558946e-07 -0.0003989919477951378
789 -4.767803368206272e-06 -0.00039775677514239404
791 -1.257981724788464e-05 -0.0004068913825458641
793 6.713854010605087e-06 -0.00038395816376014867
795 -9.342092099663441e-06 -0.00041087152201965937
797 -8.017791932471667e-06 -0.00041816263375215267
799 1.9969919499985977e-06 -0.00039510435710565263
801 -2.0663434060080038e-07 -0.00037685886234200145
803 1.2219304917280477e-05 -0.00040761551391635284
805 -1.0954314637588851e-05 -0.00039999556491283704
807 1.477488139717354e-05 -0.00038537942417455755
809 1.0628187716989072e-05 -0.00039582647233324625
811 5.638527444777143e-06 -0.0004150374663925427
813 -1.5681340388316957e-05 -0.0004020804029691636
815 -4.384544406765752e-06 -0.00038717550800796433
817 2.17810075867234e-05 -0.0003636632349176511
819 1.2914396172445962e-05 -0.0003825418668717294
821 4.029381518268243e-06 -0.00037818750304097887
823 -2.817552308169909e-06 -0.0003995127455774478
825 -1.183748349056524e-05 -0.00040119512976322563
827 2.938062766649801e-06 -0.0003610838062536282
829 -1.5079346559712643e-05 -0.0004102947951605916
831 6.111132468215164e-06 -0.0003938486413285687
833 -7.0139645153112476e-06 -0.0003929300607628044
835 -1.990265581914474e-05 -0.0003980573285662895
837 1.3284108250030877e-05 -0.00037567185096419066
839 -2.6371648125526842e-05 -0.00038002478658105535
841 -2.2330055872804713e-05 -0.00037779894255176953
843 9.916915343295858e-07 -0.00038824659305515286
845 2.1984470671450825e-06 -0.00037306329817923513
847 1.7484133023456437e-05 -0.00037753148701396324
849 -3.7097518967061376e-05 -0.00036287743067517743
851 -1.1498796591089225e-05 -0.00034818582173680614
853 1.799024936928249e-07 -0.000373447281111161
855 -3.6563032224133174e-06 -0.00038433152070124245
857 1.501303696562793e-05 -0.00035140930822414413
859 3.4372356999924227e-05 -0.00036607137160190033
861 1.9335754022032614e-05 -0.0003803316179248118
863 -5.060159845611462e-06 -0.0003629367243172594
865 4.26252148381458e-06 -0.00038028393198135296
867 -8.865573385869721e-06 -0.00037487662682627525
869 5.076411543769656e-06 -0.0003697343170768264
871 -2.9247340614894884e-05 -0.00036763956503422157
873 -1.0122792461736012e-05 -0.00035397074961667635
875 2.1093274294281274e-05 -0.00040299968451179785
877 5.37271384763077e-06 -0.00037440140855184384
879 7.280658118983223e-06 -0.0003605408584871774
881 -1.8305070204027564e-05 -0.0003659948441099706
883 2.9128230511529267e-05 -0.0003776975162871623
885 -8.949361222992148e-06 -0.000323651867153399
887 -7.69723955893289e-06 -0.0003583772575870184
889 -1.1929474101546183e-05 -0.0003517759086059932
891 -2.6396931347130984e-05 -0.0003716265264436413
893 -1.8710125102443531e-06 -0.00036305145960316274
895 1.2224864082158595e-06 -0.0003711543102693849
897 -2.4755622424132132e-05 -0.00036837990832555453
899 3.849220099336441e-05 -0.00036421060731454117
901 7.448786757575068e-06 -0.00038739418954429465
903 -3.0196732046219595e-05 -0.0003447802272269608
905 -2.2722059817061125e-06 -0.0003456557288897095
907 -1.1509136654708014e-05 -0.00036697829396324297
909 -2.4498153910305117e-06 -0.0003782518737649829
911 3.065534757961942e-05 -0.00035951160826552857
913 1.1933103525439199e-05 -0.0003385807698436534
915 2.4140841250467463e-06 -0.0003602624517367178
917 -6.662900721593028e-06 -0.00033680125594518916
919 5.582677703279925e-06 -0.000343352312625608
921 -3.7588732563801815e-06 -0.00034492877906694186
923 -1.5258862205951928e-06 -0.00033762557142887967
925 1.5874616481338242e-05 -0.00033807092758916796
927 -1.8050901361229304e-06 -0.0003470198669017431
929 -3.807596848877573e-06 -0.0003462278758988794
931 -7.162012242974491e-06 -0.00035463891274444584
933 6.819708048028455e-06 -0.0003411388880185175
935 8.700482490302336e-06 -0.0003433555131944208
937 -2.0985232060123176e-07 -0.0003307609563915376
939 -1.545299523414861e-06 -0.0003659066071792888
941 -1.4304121724522084e-05 -0.00034023639445540557
943 2.3980103376821058e-05 -0.0003515973675777638
945 -2.2353554077595306e-06 -0.0003594347441115555
947 5.219946450466536e-06 -0.00033452261345804214
949 1.0379199184675223e-05 -0.0003191639842473832
951 -7.0604020455288085e-06 -0.00033819401306421794
953 -8.760970764400622e-06 -0.0003215873411248931
955 -1.7862452623341303e-05 -0.0003198877733429077
957 -9.530402332039661e-06 -0.0003256829957192417
959 -6.394315490375567e-06 -0.0003155867469974027
961 1.5690614736989876e-05 -0.0003336015917685262
963 -1.3002206827013153e-05 -0.0003360894321273337
965 2.5679141544963483e-05 -0.0003311280847983138
967 2.2301976883709356e-06 -0.0003492155474211238
969 1.3364191793518422e-05 -0.0003090307708098649
971 6.348701273767239e-06 -0.00032112001332363976
973 1.2889825624834846e-05 -0.00032143285372844316
975 9.440364393365406e-06 -0.0003546962037263511
977 -2.082685163743323e-05 -0.0003308011713097942
979 -7.392141152608959e-06 -0.0003212311169174325
981 1.967178634128042e-05 -0.0002932830227112897
983 -1.9159170330915053e-05 -0.0003303076875658736
985 -5.509729075157325e-06 -0.0003116550716611504
987 -6.15887041251213e-06 -0.0003214572485338541
989 -1.2746105965554353e-05 -0.00034641270151179526
991 -1.1044341042567547e-05 -0.0003261610168614189
993 7.1862557115069815e-06 -0.00035123421718252556
995 2.193295049981677e-05 -0.00030622023657200906
997 9.976756125510613e-06 -0.00033532660059633763
999 3.3990684803195027e-06 -0.0003031413273347304
1001 2.1548163844628993e-05 -0.0003199576811725404
1003 -1.139125429149215e-05 -0.0003330763047975976
1005 9.828604244807044e-06 -0.00031392382527807024
1007 1.349985447769734e-05 -0.0003193757363894785
1009 -9.37322140981069e-06 -0.0003205838938794564
1011 1.8589692943220863e-06 -0.00032033125964450184
1013 3.063366970328384e-06 -0.00032071366219717077
1015 1.927565164417841e-05 -0.0002990004346313755
1017 1.136799002934561e-05 -0.0003249790121772797
1019 -4.9876120559054135e-06 -0.00029606073428167296
1021 -1.0264957743086524e-06 -0.00030862078755382723
1023 2.191422642715242e-05 -0.000333450619628529
1025 1.1545717453176705e-05 -0.00035061051621445584
1027 -5.9998606608938476e-06 -0.0003187012573594161
1029 -1.5713149201106897e-05 -0.00031365175387924735
1031 2.3753090580064057e-05 -0.00033049290714172225
1033 9.75688781410487e-06 -0.0002946350745226723
1035 -1.8809250914893398e-05 -0.00029461585786029986
1037 8.58649674362412e-06 -0.0003081433469999961
1039 4.3631711623312375e-06 -0.0002913564423602547
1041 -1.887736693853836e-05 -0.00031046573350917376
1043 6.859626156024864e-07 -0.0003149418389044377
1045 -9.815818223712338e-06 -0.0003203719560936841
1047 4.8233430395046775e-06 -0.00029999609812570685
1049 1.9810637860482042e-05 -0.0003070917822369847
1051 1.7197144355875213e-05 -0.0002962800280494245
1053 1.692085166895285e-06 -0.00033121854234453407
1055 -1.896498880326307e-05 -0.00029913847889630494
1057 -1.1697674823275966e-06 -0.0003065161600272064
1059 3.392157438303371e-05 -0.000299103796026956
1061 8.438122453613377e-06 -0.00032055168820341865
1063 -7.298974828254064e-06 -0.0003248698042012121
1065 -2.457110155696775e-05 -0.0003057563255338514
1067 1.5792038205991777e-05 -0.0003180384155904684
1069 -1.0704321004206883e-05 -0.00029472579618962516
1071 -4.650677351368779e-06 -0.0003017819620974458
1073 -2.3684710836430332e-05 -0.0003063812118412493
1075 2.1221993685276944e-05 -0.0002819872027695498
1077 2.9359815439524233e-06 -0.000299664647930726
1079 1.7158527601424003e-05 -0.000291725231388435
1081 3.8810883782312974e-05 -0.00029471114714815224
1083 2.4610817087940974e-06 -0.00030041035354058627
1085 1.2520553082231873e-05 -0.00031049593564619387
1087 -1.8895003703399916e-05 -0.0002842056075751657
1089 4.1706849055501914e-06 -0.00025921219146597994
1091 3.220735644510919e-05 -0.0002950301705674072
1093 8.142808675064716e-06 -0.0002655329114853856
1095 -5.28989289934021e-06 -0.0003058255049619835
1097 1.0887167818668961e-05 -0.00027302076855842845
1099 6.7411584287591e-06 -0.00031496989656086815
1101 6.872268887080944e-06 -0.00027487913010114514
1103 -1.0483757802065452e-06 -0.0002997293405471058
1105 1.2197514356463675e-05 -0.00029041909720553815
1107 -8.81848421809438e-06 -0.0002844149745718442
1109 1.1441842672282267e-05 -0.00029930152091212515
1111 -2.9922350370346755e-05 -0.0002680087626967234
1113 -1.558703893210902e-05 -0.00031443477390628654
1115 -1.449724056595455e-05 -0.00029354179717411543
1117 1.2235637278330037e-05 -0.00029851209957010055
1119 -6.921752282071757e-06 -0.0002737192001140444
1121 -8.67400602103738e-06 -0.0003091353499983332
1123 4.4921937825034786e-07 -0.00028965910100904244
1125 1.729310092270201e-05 -0.00031283517933773273
1127 1.6582882277209822e-06 -0.00029298668599382085
1129 1.1600508252881189e-05 -0.0002787408520011343
1131 -1.7778265396181206e-06 -0.0003007359841969356
1133 8.238441759848504e-06 -0.00026985610757652154
1135 2.277116869098394e-05 -0.00025371822280351967
1137 -1.042789512409599e-05 -0.00029941429891044925
1139 2.2165806191562112e-05 -0.0002503175319097988
1141 6.988798971811981e-06 -0.0002888705667191613
1143 3.3127840818403126e-06 -0.00026633201581541065
1145 -2.9612671136933277e-05 -0.0002593027249282418
1147 9.372331023828195e-06 -0.00028279006405877044
1149 -9.07214819058963e-06 -0.00027930690362862494
1151 -4.02232784546272e-06 -0.00026162343168628416
1153 1.5975714305904785e-05 -0.0002701406604559118
1155 -4.778297810843034e-05 -0.0002716345480451678
1157 1.0214220463108968e-05 -0.0002443924715414874
1159 9.360267734645606e-06 -0.0002916888160557025
1161 6.228772738607897e-06 -0.0002636374137206106
1163 -1.2189257975384078e-06 -0.0002830821074477626
1165 3.693148092009283e-06 -0.00025838112245853335
1167 1.1240332176391561e-05 -0.0002580562408847382
1169 -1.7061097762825414e-05 -0.0002638261919842218
1171 7.619984965287249e-06 -0.00030517756508784057
1173 2.31283647636948e-05 -0.0002632486562609427
1175 -4.1496977494423156e-07 -0.000275407547559997
1177 2.2616061655426917e-05 -0.0002668708470593603
1179 1.4714313143067413e-05 -0.00024980723178869653
1181 1.5188936028393234e-05 -0.00027920628082198014
1183 -5.543244487250524e-06 -0.00024304988735807356
1185 1.81268708417986e-05 -0.000273268670726022
1187 -2.066967536947449e-05 -0.00028522659505393844
1189 8.47506333795068e-06 -0.0002521279278046133
1191 1.9492753924891723e-05 -0.00025945146882247553
1193 2.1362912843029312e-05 -0.00026237336511495605
1195 1.2700075706280961e-05 -0.0002709317111144142
1197 1.4585247187464504e-05 -0.0002678385466020185
1199 1.5819779552323876e-05 -0.00026621189852561787
1201 1.955750454380493e-05 -0.00028097503819124784
1203 -1.7859099257148026e-05 -0.0002901357661055081
1205 9.752084400166371e-08 -0.00025805421931488734
1207 1.2763002783632614e-06 -0.00026721446600017144
1209 -1.493051933030427e-05 -0.00026281718941905074
1211 -1.897176682874483e-05 -0.0002950433170472433
1213 6.692360205374448e-06 -0.0002696459240747356
1215 7.96444614103516e-06 -0.0002802603239998393
1217 2.6348253574111207e-06 -0.00026864729697404014
1219 8.102547068564145e-06 -0.00024499725179801093
1221 -1.7542601614327323e-06 -0.00028194198026313083
1223 7.005061228108065e-07 -0.0002824151167744289
1225 1.6901039920799925e-05 -0.0002333435222041307
1227 9.063523435533201e-06 -0.00027614212231751804
1229 -1.6703560956955934e-06 -0.00027048674010183476
1231 -2.8725763711778446e-05 -0.000251817948739298
1233 -2.0795459393389662e-05 -0.00026022238167883573
1235 -1.3377346723369207e-05 -0.00024286885272804327
1237 -1.4945270713381967e-05 -0.0002476897392577761
1239 -9.51426897091809e-06 -0.00023956605335532762
1241 9.099286247266845e-06 -0.00025356107169532635
1243 1.6040952689033465e-05 -0.0002596002911461177
1245 -1.038496382441722e-05 -0.0002468306108457602
1247 -2.5116092274150013e-05 -0.00027492335575650097
1249 -3.9498464922918625e-06 -0.00024785058470382554
1251 -8.486695446276961e-06 -0.00021911176591871286
1253 -1.0017325668506793e-05 -0.00025465563919613174
1255 -2.834245082581659e-06 -0.00024495127296615427
1257 -1.339882759207309e-06 -0.0002446031397854025
1259 1.3616108052210815e-06 -0.00026566608480403143
1261 1.549922816578135e-05 -0.00026080351139831057
1263 -3.2251620564027994e-06 -0.00025906800338206155
1265 -3.4722602601513784e-06 -0.00026740076331953474
1267 -1.2313679151935713e-05 -0.0002469101008816829
1269 1.5609133661420777e-05 -0.00025851693190182776
1271 3.167763011531223e-05 -0.00024007129538827928
1273 -8.83993376009055e-06 -0.00024657244308698157
1275 1.1510896070452519e-05 -0.00021650075882109987
1277 8.464591169802336e-06 -0.00023154418188992413
1279 2.2149823173918265e-05 -0.00025820420757714476
1281 -2.4183859919300313e-05 -0.00021910315117808237
1283 3.1852151892773796e-05 -0.00024439927651463635
1285 -1.1100128792460194e-05 -0.00022916661630541043
1287 5.4897523479261335e-06 -0.0002607064911655274
1289 -2.0696033369089555e-05 -0.00022866240077695565
1291 5.209733197493371e-06 -0.0002703077543680844
1293 -2.1676524284625934e-05 -0.00026439730834396525
1295 -1.2965302888447315e-05 -0.0002532292354211826
1297 -1.9114070271089495e-05 -0.00024247417601226036
1299 -6.393584233448444e-06 -0.0002498433002007333
1301 7.1343329801095445e-06 -0.0002406190441272214
1303 -7.16652060698642e-06 -0.00025642227230193205
1305 1.1210060852047091e-05 -0.0002549887775854625
1307 -8.092175784677355e-06 -0.0002549548054719064
1309 4.909442600265083e-06 -0.0002292212022257095
1311 -2.9542843518416123e-06 -0.0002646197815564358
1313 -2.707152494909816e-06 -0.00024680313569514986
1315 5.914964148640254e-06 -0.00023406543271455463
1317 1.5673788259472307e-05 -0.00025705096948488277
1319 1.6286750731718357e-06 -0.0002647699846558885
1321 -1.1328409109362368e-05 -0.00022874473014997164
1323 2.0212769762841127e-05 -0.0002281113062958044
1325 -7.190507878256221e-06 -0.00024150978230583724
1327 -2.2388628332219814e-05 -0.00023117188236841993
1329 -3.1125174137326265e-06 -0.0002518566058909511
1331 7.328275631233485e-07 -0.0002591544014783949
1333 7.455854337982414e-08 -0.000228564301791966
1335 -2.352425426606617e-06 -0.0002291458334858439
1337 1.9388597053878042e-05 -0.0002457979689277395
1339 2.7004248967720046e-06 -0.00024068669728376948
1341 1.0984922934614081e-05 -0.00021534518077446374
1343 -1.2499676749695753e-06 -0.00023793268777134693
1345 -1.976895086933651e-05 -0.0002575977087983271
1347 -6.943819969227374e-07 -0.00022103474551561213
1349 6.640935496929215e-06 -0.000237291431420166
1351 -1.1219955274604786e-05 -0.00022697224507041089
1353 6.085772239515061e-06 -0.0002228002569267276
1355 -2.4552939119354205e-06 -0.0002477159545191528
1357 -1.3831480828377445e-05 -0.00022564146902010292
1359 2.4850273829724365e-05 -0.0002144825258548147
1361 1.911189401504334e-05 -0.00022790068365128387
1363 2.1390607379152781e-07 -0.00025810216281278443
1365 -7.371093393538542e-07 -0.0002241659915016366
1367 2.2444740189312102e-05 -0.00023729732259852214
1369 -5.60680072558299e-06 -0.00024326996525172315
1371 -2.4192309838533128e-06 -0.00023174738413212482
1373 1.1665600377500093e-05 -0.0002176994174751192
1375 7.01353206327275e-06 -0.00022686255989702508
1377 -1.8477418193435613e-05 -0.00023525437791356647
1379 -7.300226091693975e-06 -0.0002052014672832952
1381 -2.8059619233830052e-05 -0.0002191942736470678
1383 6.436101352849985e-06 -0.00023060457431479643
1385 -9.40150117010025e-06 -0.00024762434284908305
1387 -6.628610220228366e-06 -0.00021418667110576498
1389 -8.329397356408754e-06 -0.00022001934783666153
1391 -2.528203152181545e-05 -0.00023116426976126615
1393 -4.344512792095439e-06 -0.0002218272567910184
1395 -9.51221991851025e-06 -0.00023228905717734576
1397 4.239008046309881e-07 -0.00022568713217525216
1399 6.046911481687653e-06 -0.00025068005879562986
1401 -6.298579099166106e-07 -0.0002365999235700678
1403 2.3070304819899408e-05 -0.0002122772968376241
1405 9.241828157561759e-06 -0.00023921277537783945
1407 -1.0367093443983865e-05 -0.0002041812751790641
1409 1.9811235850493114e-05 -0.00022393286666237875
1411 2.753196068506577e-05 -0.00022409335017463156
1413 -4.8211218697756415e-06 -0.00020903152445686605
1415 1.1862970404313752e-05 -0.00020770271194338273
1417 7.3192402184474445e-06 -0.00020761466516802272
1419 -1.197166560053688e-05 -0.0002205070507149765
1421 2.0285192000500547e-05 -0.00022403208310637534
1423 1.210961755365344e-05 -0.0002307721602554412
1425 9.882807272892e-06 -0.0002163235706490007
1427 -8.802668411282169e-06 -0.00025494340874789397
1429 -4.244166372549618e-06 -0.0002497567675111646
1431 1.5472563779204843e-06 -0.0002100473558624649
1433 -5.691725646429543e-07 -0.00020763142018547428
1435 1.1736100245751756e-06 -0.00021885029294139175
1437 4.538085713754885e-07 -0.00023881917652623634
1439 -1.100864227950111e-05 -0.00021437303276399718
1441 9.425516713815878e-06 -0.00021869216227668345
1443 -9.37777548410305e-06 -0.00021604564774845998
1445 1.3616765519553534e-06 -0.00024138480098269524
1447 2.755129666304049e-05 -0.00020865882538057982
1449 -1.7066741333919605e-06 -0.00018883207187344242
1451 3.2803100924524434e-06 -0.00023205249924820658
1453 -2.5278232614603914e-06 -0.00021671114069667032
1455 8.418245154219192e-07 -0.00021895755221965348
1457 1.9286895102677577e-05 -0.00021687967955450862
1459 1.8370880199694576e-05 -0.00024582414681692646
1461 -1.5103053063894798e-05 -0.000218232792912766
1463 -1.0842194573799319e-06 -0.00020860569221226244
1465 -4.739619353971738e-06 -0.00023704658455605475
1467 1.368332901978434e-06 -0.0002170781055294937
1469 -4.182162702247804e-06 -0.00020134738209424808
1471 1.6670007291271802e-06 -0.00020034703942091212
1473 1.0060246032278797e-05 -0.00020327556576041567
1475 -2.819859778068858e-06 -0.00021177922790172637
1477 1.0766662526258124e-05 -0.0002235142935432893
1479 3.3573713474038625e-06 -0.00023384479438747787
1481 5.264575267648224e-06 -0.0002105830549317397
1483 7.652441174236588e-06 -0.0002396046289760219
1485 -1.2452648617091676e-05 -0.00020126050826356796
1487 3.224834614036109e-05 -0.00020142504071038556
1489 2.7312265594569184e-05 -0.00020797568889255875
1491 -1.3089133099535853e-05 -0.00023592320178994345
1493 4.2707979837534416e-06 -0.00022462772253705978
1495 -3.7390737224012285e-05 -0.00021393527584431275
1497 1.6707595713040303e-05 -0.00020938207178899782
1499 -1.776629439663802e-05 -0.00020372376166328656
1501 1.981786676327362e-06 -0.00020523382545458961
1503 7.533460649138108e-08 -0.00019142504643993548
1505 -1.5308282063433733e-05 -0.00023068556781581163
1507 -1.9081674073126827e-05 -0.00020291714412254026
1509 -2.7715213772285245e-05 -0.0001816156957464792
1511 -8.517731711433997e-06 -0.00020095235296177868
1513 7.704019860554583e-06 -0.00017784995376143381
1515 5.175406024006702e-06 -0.0002153580730956862
1517 -1.1550358715511332e-05 -0.00019785442728445466
1519 -2.2587784349701873e-05 -0.0002246075447348643
1521 -2.353427377285561e-05 -0.00021623978439414687
1523 -2.7500228419539405e-06 -0.00021539169651539945
1525 7.956891763813785e-06 -0.00024549296104443537
1527 -9.516994307166182e-06 -0.00019854592968507686
1529 1.2331114317379484e-06 -0.0001915927597268961
1531 -1.1983895882595089e-05 -0.00020522785407620244
1533 -1.580780993676511e-05 -0.00021016009889023948
1535 -9.798557301231764e-06 -0.0001892083989494816
1537 3.783233080365136e-10 -0.00020849578433198922
1539 -1.7946378414197913e-05 -0.00019733603643590046
1541 1.4257475746125758e-05 -0.00021969846518289171
1543 -1.1693116134747213e-05 -0.0002086742757573952
1545 -1.1394178181718562e-05 -0.0002010749823965729
1547 7.487844623349909e-06 -0.0002306526338245116
1549 -1.6181994453572173e-05 -0.00021184857159473034
1551 1.5758197501603983e-05 -0.00021308505094980528
1553 1.03068788588855e-05 -0.00020670373261452414
1555 -1.3114976990117537e-06 -0.00020677190255747617
1557 -7.427920412170657e-06 -0.00021686172046717837
1559 -3.8852771540975314e-05 -0.00020899088327185636
1561 -6.526156646683136e-07 -0.00021888260447941232
1563 -1.7002261428664884e-05 -0.00020897630963039049
1565 1.1401587106196628e-05 -0.0001796809091174413
1567 -2.614055102410186e-05 -0.00020632135930946663
1569 -1.3392347946169826e-06 -0.00019871465419399152
1571 1.9879570235437066e-05 -0.0001828715800882588
1573 7.463554081767443e-06 -0.00021393785946918387
1575 -1.2923337957144872e-05 -0.00021812212349214596
1577 1.135455504122768e-05 -0.00019953833854733041
1579 -1.7252720188306502e-06 -0.00019710859585666326
1581 1.4637482811047465e-05 -0.0001803515229561585
1583 -5.061952033049296e-06 -0.00019122605982469347
1585 2.155717699542063e-05 -0.00019420953911196038
1587 -3.6633655061077383e-06 -0.00020429075310680542
1589 -1.244433116889721e-05 -0.00018717564839069246
1591 -6.560900561391464e-06 -0.0002129643535435341
1593 8.609158588419911e-06 -0.00018342851776156018
1595 -1.615176550277739e-05 -0.00020518055482418782
1597 3.4884838828635716e-06 -0.00019878678864113035
1599 -9.038427765492364e-07 -0.00021998772961933367
1601 -7.738548187170461e-06 -0.00019268377383753206
1603 -5.9137692212370245e-06 -0.00018177857474459172
1605 -1.772568031347718e-05 -0.00019818231011535994
1607 2.81961909025859e-06 -0.0002203135057964337
1609 2.359037845228259e-07 -0.0002100188067439329
1611 1.5477223525474647e-05 -0.00020846091007481547
1613 2.0589511131490793e-05 -0.0001914019243126974
1615 -1.47403606613606e-05 -0.0001976102454549229
1617 1.1364814710708297e-05 -0.00020139760464842082
1619 -1.1883526688752273e-05 -0.00020288172231829437
1621 1.523888531650373e-05 -0.00019196504117558857
1623 5.538621205411804e-06 -0.00020483278681180614
1625 1.4921425662261511e-06 -0.00020183655533813146
1627 -8.769141383713605e-06 -0.0001919727649940039
1629 1.083108851713486e-05 -0.0002009964729230617
1631 -3.059071398021573e-05 -0.00021149075807401645
1633 -1.17212286159938e-05 -0.00019169453357794754
1635 -8.167478271906903e-06 -0.0001841553971289887
1637 4.694804272793423e-06 -0.0001861150286470999
1639 0.0 -0.00019420981463318527
1641 0.0 -0.00019397311772321186
1643 0.0 -0.00019373699706864923
1645 0.0 -0.00019350145056765394
1647 0.0 -0.00019326647612859178
1649 0.0 -0.00019303207166997615
1651 0.0 -0.00019279823512040624
1653 0.0 -0.00019256496441850618
1655 0.0 -0.00019233225751286444
1657 0.0 -0.00019210011236197387
1659 0.0 -0.0001918685269341716
1661 0.0 -0.00019163749920758018
1663 0.0 -0.0001914070271700485
1665 0.0 -0.0001911771088190935
1667 0.0 -0.00019094774216184206
1669 0.0 -0.00019071892521497344
1671 0.0 -0.0001904906560046623
1673 0.0 -0.00019026293256652163
1675 0.0 -0.00019003575294554667
1677 0.0 -0.00018980911519605884
1679 0.0 -0.00018958301738165021
1681 0.0 -0.0001893574575751283
1683 0.0 -0.00018913243385846148
1685 0.0 -0.00018890794432272444
1687 0.0 -0.00018868398706804428
1689 0.0 -0.0001884605602035469
1691 0.0 -0.00018823766184730378
1693 0.0 -0.0001880152901262792
1695 0.0 -0.0001877934431762777
1697 0.0 -0.00018757211914189196
1699 0.0 -0.00018735131617645125
1701 0.0 -0.00018713103244196984
1703 0.0 -0.00018691126610909613
1705 0.0 -0.00018669201535706197
1707 0.0 -0.0001864732783736325
1709 0.0 -0.000186255053355056
1711 0.0 -0.00018603733850601443
1713 0.0 -0.00018582013203957424
1715 0.0 -0.00018560343217713743
1717 0.0 -0.00018538723714839296
1719 0.0 -0.00018517154519126857
1721 0.0 -0.000184956354551883
1723 0.0 -0.00018474166348449837
1725 0.0 -0.00018452747025147288
1727 0.0 -0.00018431377312321404
1729 0.0 -0.00018410057037813226
1731 0.0 -0.00018388786030259428
1733 0.0 -0.0001836756411908775
1735 0.0 -0.0001834639113451243
1737 0.0 -0.0001832526690752969
1739 0.0 -0.0001830419126991321
1741 0.0 -0.00018283164054209687
1743 0.0 -0.00018262185093734405
1745 0.0 -0.00018241254222566803
1747 0.0 -0.00018220371275546118
1749 0.0 -0.0001819953608826705
1751 0.0 -0.00018178748497075424
1753 0.0 -0.0001815800833906393
1755 0.0 -0.00018137315452067848
1757 0.0 -0.00018116669674660824
1759 0.0 -0.00018096070846150694
1761 0.0 -0.0001807551880657528
1763 0.0 -0.0001805501339669828
1765 0.0 -0.00018034554458005138
1767 0.0 -0.00018014141832698965
1769 0.0 -0.0001799377536369648
1771 0.0 -0.00017973454894623978
1773 0.0 -0.0001795318026981335
1775 0.0 -0.00017932951334298066
1777 0.0 -0.00017912767933809268
1779 0.0 -0.0001789262991477182
1781 0.0 -0.00017872537124300432
1783 0.0 -0.00017852489410195775
1785 0.0 -0.00017832486620940653
1787 0.0 -0.00017812528605696176
1789 0.0 -0.0001779261521429797
1791 0.0 -0.00017772746297252412
1793 0.0 -0.00017752921705732887
1795 0.0 -0.00017733141291576083
1797 0.0 -0.0001771340490727828
1799 0.0 -0.00017693712405991702
1801 0.0 -0.00017674063641520858
1803 0.0 -0.0001765445846831895
1805 0.0 -0.0001763489674148425
1807 0.0 -0.00017615378316756538
1809 0.0 -0.0001759590305051358
1811 0.0 -0.0001757647079976757
1813 0.0 -0.00017557081422161648
1815 0.0 -0.00017537734775966427
1817 0.0 -0.00017518430720076536
1819 0.0 -0.00017499169114007184
1821 0.0 -0.00017479949817890758
1823 0.0 -0.00017460772692473432
1825 0.0 -0.0001744163759911182
1827 0.0 -0.00017422544399769605
1829 0.0 -0.0001740349295701425
1831 0.0 -0.0001738448313401369
1833 0.0 -0.00017365514794533043
1835 0.0 -0.00017346587802931373
1837 0.0 -0.00017327702024158448
1839 0.0 -0.00017308857323751532
1841 0.0 -0.00017290053567832193
1843 0.0 -0.00017271290623103132
1845 0.0 -0.00017252568356845022
1847 0.0 -0.0001723388663691341
1849 0.0 -0.0001721524533173557
1851 0.0 -0.00017196644310307437
1853 0.0 -0.0001717808344219054
1855 0.0 -0.0001715956259750893
1857 0.0 -0.00017141081646946188
1859 0.0 -0.0001712264046174237
1861 0.0 -0.00017104238913691062
1863 0.0 -0.00017085876875136378
1865 0.0 -0.0001706755421897001
1867 0.0 -0.00017049270818628317
1869 0.0 -0.0001703102654808939
1871 0.0 -0.0001701282128187016
1873 0.0 -0.00016994654895023526
1875 0.0 -0.00016976527263135502
1877 0.0 -0.0001695843826232236
1879 0.0 -0.0001694038776922782
1881 0.0 -0.00016922375661020236
1883 0.0 -0.0001690440181538984
1885 0.0 -0.00016886466110545926
1887 0.0 -0.00016868568425214135
1889 0.0 -0.00016850708638633705
1891 0.0 -0.0001683288663055477
1893 0.0 -0.00016815102281235642
1895 0.0 -0.0001679735547144014
1897 0.0 -0.00016779646082434933
1899 0.0 -0.00016761973995986872
1901 0.0 -0.00016744339094360375
1903 0.0 -0.00016726741260314801
1905 0.0 -0.00016709180377101873
1907 0.0 -0.00016691656328463066
1909 0.0 -0.00016674168998627068
1911 0.0 -0.00016656718272307203
1913 0.0 -0.00016639304034698937
1915 0.0 -0.0001662192617147732
1917 0.0 -0.00016604584568794505
1919 0.0 -0.00016587279113277264
1921 0.0 -0.000165700096920245
1923 0.0 -0.00016552776192604822
1925 0.0 -0.0001653557850305406
1927 0.0 -0.00016518416511872893
1929 0.0 -0.000165012901080244
1931 0.0 -0.00016484199180931677
1933 0.0 -0.0001646714362047546
1935 0.0 -0.00016450123316991768
1937 0.0 -0.00016433138161269526
1939 0.0 -0.00016416188044548254
1941 0.0 -0.0001639927285851575
1943 0.0 -0.00016382392495305749
1945 0.0 -0.00016365546847495665
1947 0.0 -0.00016348735808104298
1949 0.0 -0.0001633195927058957
1951 0.0 -0.00016315217128846267
1953 0.0 -0.00016298509277203822
1955 0.0 -0.00016281835610424075
1957 0.0 -0.00016265196023699065
1959 0.0 -0.00016248590412648836
1961 0.0 -0.00016232018673319258
1963 0.0 -0.0001621548070217986
1965 0.0 -0.00016198976396121663
1967 0.0 -0.00016182505652455044
1969 0.0 -0.00016166068368907602
1971 0.0 -0.00016149664443622055
1973 0.0 -0.00016133293775154117
1975 0.0 -0.00016116956262470414
1977 0.0 -0.00016100651804946416
1979 0.0 -0.0001608438030236436
1981 0.0 -0.0001606814165491119
1983 0.0 -0.00016051935763176535
1985 0.0 -0.00016035762528150664
1987 0.0 -0.00016019621851222482
1989 0.0 -0.0001600351363417751
1991 0.0 -0.00015987437779195916
1993 0.0 -0.00015971394188850512
1995 0.0 -0.00015955382766104796
1997 0.0 -0.00015939403414310998
1999 0.0 -0.00015923456037208138
2001 0.0 -0.00015907540538920076
2003 0.0 -0.00015891656823953604
2005 0.0 -0.00015875804797196543
2007 0.0 -0.00015859984363915828
2009 0.0 -0.00015844195429755634
2011 0.0 -0.0001582843790073549
2013 0.0 -0.00015812711683248418
2015 0.0 -0.0001579701668405909
2017 0.0 -0.00015781352810301968
2019 0.0 -0.00015765719969479478
2021 0.0 -0.00015750118069460202
2023 0.0 -0.0001573454701847705
2025 0.0 -0.00015719006725125467
2027 0.0 -0.00015703497098361652
2029 0.0 -0.00015688018047500772
2031 0.0 -0.000156725694822152
2033 0.0 -0.00015657151312532745
2035 0.0 -0.00015641763448834923
2037 0.0 -0.00015626405801855213
2039 0.0 -0.00015611078282677326
2041 0.0 -0.00015595780802733495
2043 0.0 -0.00015580513273802775
2045 0.0 -0.00015565275608009325
2047 0.0 -0.00015550067717820748
2049 0.0 -0.00015534889516046396
