-2049 0.0 0.00015534889516046396
-2047 0.0 0.00015550067717820748
-2045 0.0 0.00015565275608009325
-2043 0.0 0.00015580513273802775
-2041 0.0 0.00015595780802733495
-2039 0.0 0.00015611078282677326
-2037 0.0 0.00015626405801855213
-2035 0.0 0.00015641763448834923
-2033 0.0 0.00015657151312532745
-2031 0.0 0.000156725694822152
-2029 0.0 0.00015688018047500772
-2027 0.0 0.00015703497098361652
-2025 0.0 0.00015719006725125467
-2023 0.0 0.0001573454701847705
-2021 0.0 0.00015750118069460202
-2019 0.0 0.00015765719969479478
-2017 0.0 0.00015781352810301968
-2015 0.0 0.0001579701668405909
-2013 0.0 0.00015812711683248418
-2011 0.0 0.0001582843790073549
-2009 0.0 0.00015844195429755634
-2007 0.0 0.00015859984363915828
-2005 0.0 0.00015875804797196543
-2003 0.0 0.00015891656823953604
-2001 0.0 0.00015907540538920076
-1999 0.0 0.00015923456037208138
-1997 0.0 0.00015939403414310998
-1995 0.0 0.00015955382766104796
-1993 0.0 0.00015971394188850512
-1991 0.0 0.00015987437779195916
-1989 0.0 0.0001600351363417751
-1987 0.0 0.00016019621851222482
-1985 0.0 0.00016035762528150664
-1983 0.0 0.00016051935763176535
-1981 0.0 0.0001606814165491119
-1979 0.0 0.0001608438030236436
-1977 0.0 0.00016100651804946416
-1975 0.0 0.00016116956262470414
-1973 0.0 0.00016133293775154117
-1971 0.0 0.00016149664443622055
-1969 0.0 0.00016166068368907602
-1967 0.0 0.00016182505652455044
-1965 0.0 0.00016198976396121663
-1963 0.0 0.0001621548070217986
-1961 0.0 0.00016232018673319258
-1959 0.0 0.00016248590412648836
-1957 0.0 0.00016265196023699065
-1955 0.0 0.00016281835610424075
-1953 0.0 0.00016298509277203822
-1951 0.0 0.00016315217128846267
-1949 0.0 0.0001633195927058957
-1947 0.0 0.00016348735808104298
-1945 0.0 0.00016365546847495665
-1943 0.0 0.00016382392495305749
-1941 0.0 0.0001639927285851575
-1939 0.0 0.00016416188044548254
-1937 0.0 0.00016433138161269526
-1935 0.0 0.00016450123316991768
-1933 0.0 0.0001646714362047546
-1931 0.0 0.00016484199180931677
-1929 0.0 0.000165012901080244
-1927 0.0 0.00016518416511872893
-1925 0.0 0.0001653557850305406
-1923 0.0 0.00016552776192604822
-1921 0.0 0.000165700096920245
-1919 0.0 0.00016587279113277264
-1917 0.0 0.00016604584568794505
-1915 0.0 0.0001662192617147732
-1913 0.0 0.00016639304034698937
-1911 0.0 0.00016656718272307203
-1909 0.0 0.00016674168998627068
-1907 0.0 0.00016691656328463066
-1905 0.0 0.00016709180377101873
-1903 0.0 0.00016726741260314801
-1901 0.0 0.00016744339094360375
-1899 0.0 0.00016761973995986872
-1897 0.0 0.00016779646082434933
-1895 0.0 0.0001679735547144014
-1893 0.0 0.00016815102281235642
-1891 0.0 0.0001683288663055477
-1889 0.0 0.00016850708638633705
-1887 0.0 0.00016868568425214135
-1885 0.0 0.00016886466110545926
-1883 0.0 0.0001690440181538984
-1881 0.0 0.00016922375661020236
-1879 0.0 0.0001694038776922782
-1877 0.0 0.0001695843826232236
-1875 0.0 0.00016976527263135502
-1873 0.0 0.00016994654895023526
-1871 0.0 0.0001701282128187016
-1869 0.0 0.0001703102654808939
-1867 0.0 0.00017049270818628317
-1865 0.0 0.0001706755421897001
-1863 0.0 0.00017085876875136378
-1861 0.0 0.00017104238913691062
-1859 0.0 0.0001712264046174237
-1857 0.0 0.00017141081646946188
-1855 0.0 0.0001715956259750893
-1853 0.0 0.0001717808344219054
-1851 0.0 0.00017196644310307437
-1849 0.0 0.0001721524533173557
-1847 0.0 0.0001723388663691341
-1845 0.0 0.00017252568356845022
-1843 0.0 0.00017271290623103132
-1841 0.0 0.00017290053567832193
-1839 0.0 0.00017308857323751532
-1837 0.0 0.00017327702024158448
-1835 0.0 0.00017346587802931373
-1833 0.0 0.00017365514794533043
-1831 0.0 0.0001738448313401369
-1829 0.0 0.0001740349295701425
-1827 0.0 0.00017422544399769605
-1825 0.0 0.0001744163759911182
-1823 0.0 0.00017460772692473432
-1821 0.0 0.00017479949817890758
-1819 0.0 0.00017499169114007184
-1817 0.0 0.00017518430720076536
-1815 0.0 0.00017537734775966427
-1813 0.0 0.00017557081422161648
-1811 0.0 0.0001757647079976757
-1809 0.0 0.0001759590305051358
-1807 0.0 0.00017615378316756538
-1805 0.0 0.0001763489674148425
-1803 0.0 0.0001765445846831895
-1801 0.0 0.00017674063641520858
-1799 0.0 0.00017693712405991702
-1797 0.0 0.0001771340490727828
-1795 0.0 0.00017733141291576083
-1793 0.0 0.00017752921705732887
-1791 0.0 0.00017772746297252412
-1789 0.0 0.0001779261521429797
-1787 0.0 0.00017812528605696176
-1785 0.0 0.00017832486620940653
-1783 0.0 0.00017852489410195775
-1781 0.0 0.00017872537124300432
-1779 0.0 0.0001789262991477182
-1777 0.0 0.00017912767933809268
-1775 0.0 0.00017932951334298066
-1773 0.0 0.0001795318026981335
-1771 0.0 0.00017973454894623978
-1769 0.0 0.0001799377536369648
-1767 0.0 0.00018014141832698965
-1765 0.0 0.00018034554458005138
-1763 0.0 0.0001805501339669828
-1761 0.0 0.0001807551880657528
-1759 0.0 0.00018096070846150694
-1757 0.0 0.00018116669674660824
-1755 0.0 0.00018137315452067848
-1753 0.0 0.0001815800833906393
-1751 0.0 0.00018178748497075424
-1749 0.0 0.0001819953608826705
-1747 0.0 0.00018220371275546118
-1745 0.0 0.00018241254222566803
-1743 0.0 0.00018262185093734405
-1741 0.0 0.00018283164054209687
-1739 0.0 0.0001830419126991321
-1737 0.0 0.0001832526690752969
-1735 0.0 0.0001834639113451243
-1733 0.0 0.0001836756411908775
-1731 0.0 0.00018388786030259428
-1729 0.0 0.00018410057037813226
-1727 0.0 0.00018431377312321404
-1725 0.0 0.00018452747025147288
-1723 0.0 0.00018474166348449837
-1721 0.0 0.000184956354551883
-1719 0.0 0.00018517154519126857
-1717 0.0 0.00018538723714839296
-1715 0.0 0.00018560343217713743
-1713 0.0 0.00018582013203957424
-1711 0.0 0.00018603733850601443
-1709 0.0 0.000186255053355056
-1707 0.0 0.0001864732783736325
-1705 0.0 0.00018669201535706197
-1703 0.0 0.00018691126610909613
-1701 0.0 0.00018713103244196984
-1699 0.0 0.00018735131617645125
-1697 0.0 0.00018757211914189196
-1695 0.0 0.0001877934431762777
-1693 0.0 0.0001880152901262792
-1691 0.0 0.00018823766184730378
-1689 0.0 0.0001884605602035469
-1687 0.0 0.00018868398706804428
-1685 0.0 0.00018890794432272444
-1683 0.0 0.00018913243385846148
-1681 0.0 0.0001893574575751283
-1679 0.0 0.00018958301738165021
-1677 0.0 0.00018980911519605884
-1675 0.0 0.00019003575294554667
-1673 0.0 0.00019026293256652163
-1671 0.0 0.0001904906560046623
-1669 0.0 0.00019071892521497344
-1667 0.0 0.00019094774216184206
-1665 0.0 0.0001911771088190935
-1663 0.0 0.0001914070271700485
-1661 0.0 0.00019163749920758018
-1659 0.0 0.0001918685269341716
-1657 0.0 0.00019210011236197387
-1655 0.0 0.00019233225751286444
-1653 0.0 0.00019256496441850618
-1651 0.0 0.00019279823512040624
-1649 0.0 0.00019303207166997615
-1647 0.0 0.00019326647612859178
-1645 0.0 0.00019350145056765394
-1643 0.0 0.00019373699706864923
-1641 0.0 0.00019397311772321186
-1639 0.0 0.00019420981463318527
-1637 -3.6511399181376376e-07 0.00018120810343835852
-1635 -5.820192880900652e-06 0.00018021714960198373
-1633 -1.6527573143708603e-05 0.00016098796118009095
-1631 -1.8079977106390415e-05 0.00019730520354296162
-1629 2.189306101457084e-05 0.00020218709743012497
-1627 2.882885501145349e-06 0.00019427949126733367
-1625 -7.163034038656965e-06 0.00019622217391249868
-1623 1.1268748103599162e-05 0.00019529673314512422
-1621 1.3704302365203025e-05 0.00019334836771901215
-1619 -6.789829100001392e-06 0.0001727274910212141
-1617 1.5805712775772882e-07 0.00022153060000320703
-1615 1.092117843566789e-05 0.00020081817897928385
-1613 1.901210127172746e-05 0.0001996481726888232
-1611 8.289538101517895e-06 0.00022728229325628653
-1609 9.177277439555247e-06 0.00020707989327275127
-1607 -1.073546537489682e-05 0.00020489080014926482
-1605 -1.0675329850022974e-05 0.00019081261064842956
-1603 6.32717853867637e-06 0.0001945583394231314
-1601 4.053038371178191e-06 0.00019497422526904828
-1599 -7.569002270767501e-07 0.0002124139261478239
-1597 7.214922629715847e-06 0.0001887010975892483
-1595 6.6923301904379e-06 0.00020063555756828934
-1593 4.881090335039708e-06 0.00019244660369768226
-1591 2.9417128304059828e-06 0.00019762551548783557
-1589 -2.1303170240075552e-05 0.0001867088107558276
-1587 -8.104528125789692e-06 0.0002039067420035133
-1585 2.4312684717039477e-05 0.00019597960258620323
-1583 6.835741870990979e-06 0.00019699044743076106
-1581 2.629371061045172e-05 0.0001964475431999859
-1579 1.750481997780091e-05 0.00019676441538757244
-1577 1.3624016095717424e-05 0.00018975494010580325
-1575 -2.7192061060843696e-06 0.00022435420555317785
-1573 1.33930018843792e-05 0.00021220314860870908
-1571 1.2784481140725169e-05 0.0001904722403114148
-1569 -1.7012401916217788e-05 0.00019099970534675856
-1567 -2.2082758061446247e-05 0.00020959179395268964
-1565 2.9867265794804025e-06 0.00019712511118036112
-1563 3.4923381564985114e-06 0.00020788086104115845
-1561 -1.3883878468131045e-05 0.0002007547040142545
-1559 -2.571480243000778e-05 0.00021124464185879636
-1557 -9.997960325456098e-06 0.0001951161123815987
-1555 2.2478732257592375e-05 0.00022067374407622244
-1553 -9.751310763282914e-06 0.00021269501941551883
-1551 1.3075898368026447e-05 0.00019582765953844933
-1549 2.4003691167204243e-05 0.0002081564094081869
-1547 -4.204983073128586e-06 0.00021164690368949196
-1545 -6.826554818516426e-06 0.00019338581431367605
-1543 -1.7110667940120765e-05 0.00019558780198875188
-1541 2.660238781435084e-05 0.00022464187122299452
-1539 -2.90127902343211e-05 0.00021020573232515281
-1537 4.240468643595342e-06 0.0002008652776963942
-1535 -1.0619367479074932e-05 0.00018144492298197062
-1533 -1.2193570331439648e-05 0.00020698400114810706
-1531 -1.584999106335051e-05 0.00021200650331939808
-1529 1.2037486851856254e-05 0.00019904668163006975
-1527 3.2793874189637365e-06 0.00018995804518102114
-1525 1.876122168672332e-05 0.00023854106465572263
-1523 1.0542242161404985e-05 0.00020896983401756758
-1521 -1.682957155661513e-05 0.00021439064860223592
-1519 1.4895960523764602e-06 0.00022352198558807954
-1517 -8.486476615522666e-06 0.00021790284320998698
-1515 1.9007786727243133e-06 0.00022145523043555086
-1513 -1.690239990229809e-05 0.0001842165534598333
-1511 -5.68857721262076e-06 0.00021093123896183112
-1509 -4.209039278677006e-06 0.00019208649961114266
-1507 -1.3031130336599197e-05 0.00021307558923627294
-1505 8.719665220446943e-06 0.00020572119463271293
-1503 -7.670272974120951e-06 0.00022540720256519965
-1501 2.720238320209531e-05 0.0002175786402206764
-1499 -8.613705737040864e-06 0.00019765761635367338
-1497 2.1608587286583297e-05 0.00020482863507583727
-1495 -1.0437549513860842e-05 0.00023406203515654388
-1493 -1.6271513461992743e-05 0.00020914989238545066
-1491 -2.4736048388651672e-05 0.0002019411253749226
-1489 4.100941547621985e-05 0.0001945196458226478
-1487 2.62025005659059e-05 0.00021284683386493165
-1485 -6.21806299767607e-06 0.00020568909812038693
-1483 4.003176996533063e-06 0.00024194454954470606
-1481 5.280235079687587e-06 0.00020550672757316623
-1479 -2.6522994535693204e-05 0.00023135544800955934
-1477 -1.5565277246860382e-05 0.00022812091600624753
-1475 1.2907377174481831e-05 0.00019341277627934724
-1473 2.0713612389117565e-05 0.0002259791374798789
-1471 -1.87504435505525e-05 0.0001881754016493902
-1469 -1.895628126432589e-07 0.0002050037804869669
-1467 -5.018615341135821e-06 0.00020466247630162633
-1465 -2.465516809107426e-05 0.000223275549143257
-1463 -2.6556657201500028e-06 0.00019952755585530592
-1461 -5.554589034512353e-06 0.00024011673593428892
-1459 -5.638188351738739e-07 0.000254702954905402
-1457 1.0178167387670512e-06 0.0002357714190763876
-1455 1.0131928738099162e-05 0.0002199919093417306
-1453 5.824047186517126e-06 0.000214821362881972
-1451 6.974470150576231e-07 0.00023081824885254633
-1449 -3.022425152939783e-05 0.0001896135754485365
-1447 3.516572619199123e-05 0.00021326333065828986
-1445 1.6149611459301734e-05 0.00025912937771645716
-1443 2.8890510646090213e-06 0.00019664439393717346
-1441 2.659254141698497e-06 0.000219946714424018
-1439 3.109856537093097e-06 0.0002110634662588967
-1437 3.717828635703138e-07 0.00022784476675166668
-1435 -9.894717960570343e-06 0.00024175582123362645
-1433 5.273573629506638e-06 0.000213055979299874
-1431 7.466735640342672e-06 0.00021116865480806576
-1429 -1.5423330565456807e-06 0.00022999666449065727
-1427 1.739838968946998e-05 0.00021959376322403825
-1425 -8.842237561641848e-06 0.00021183311274020907
-1423 1.7306027349021468e-05 0.00021720952415374325
-1421 1.760333755049755e-05 0.00023839044128269463
-1419 -1.0246061437981743e-05 0.00023450879353988604
-1417 6.403841692450738e-06 0.00020297919963938263
-1415 1.6316321900325972e-05 0.00022197555535261233
-1413 -1.487331611499985e-05 0.00021708306120877844
-1411 3.0270458582219073e-05 0.00022455350864983712
-1409 1.1387542862533461e-05 0.00021869494679520538
-1407 -1.3958976094576764e-05 0.00019577055672627267
-1405 -9.818897119120202e-07 0.00024906733803094444
-1403 1.0671542949103381e-05 0.00019360329824113771
-1401 -1.5446587873952539e-06 0.00023603687610318218
-1399 2.5604049405780794e-05 0.0002511016291421421
-1397 -3.6643829873592557e-06 0.00021511579480885837
-1395 -1.2769586984945982e-05 0.00020911387108683805
-1393 -1.898192195268321e-05 0.0002138019493316535
-1391 -1.579913453156101e-05 0.00022495831385651216
-1389 1.147885587713883e-05 0.00021820224546007655
-1387 -5.077948930825028e-06 0.00021400860942482578
-1385 -1.79479050731577e-05 0.00024729515251269157
-1383 1.4334082278862013e-05 0.00024190459157679507
-1381 -3.266347588512325e-05 0.00023689393904539026
-1379 7.633718794928146e-06 0.00022554659360441803
-1377 4.867068447701213e-07 0.0002459321499322995
-1375 -7.643028445725643e-06 0.00021733888889245647
-1373 -1.0495247667121236e-06 0.0002276779214256136
-1371 -3.305741080645216e-05 0.00024404442834889486
-1369 -1.4392425157339305e-05 0.00022820835152023044
-1367 2.4608306360280635e-05 0.0002487768890339563
-1365 6.934720573587294e-08 0.0002392933899367743
-1363 -8.470644271816786e-06 0.0002576450063334966
-1361 1.6166625469495106e-05 0.00022606075426412795
-1359 1.9631426184908544e-05 0.00019552211160557174
-1357 -1.8662125508582231e-06 0.0002571226154849935
-1355 4.06636697780198e-06 0.0002593761632271212
-1353 6.406750665609116e-06 0.00023395754179473098
-1351 1.0336319286533299e-05 0.00023971411296253579
-1349 7.184519547398664e-06 0.0002383992144904703
-1347 1.0027923026722282e-05 0.00020822293566696777
-1345 1.4672026826377546e-05 0.00024412910026492195
-1343 6.52469086151665e-06 0.00025246813185727705
-1341 1.0022268427060974e-05 0.00018966462049607437
-1339 -1.1849355570256559e-05 0.0002554410595842141
-1337 -6.609610997553528e-06 0.00023700063839772142
-1335 -1.023156093972031e-05 0.000245506244674124
-1333 -7.2927528848101875e-06 0.0002262126987956009
-1331 -7.899589622441814e-06 0.0002340650894667877
-1329 1.0746534130454538e-06 0.0002500735440575864
-1327 -1.846886870650416e-05 0.00022834700462404794
-1325 -2.9218780703874758e-05 0.00023196670751624685
-1323 4.316801891078127e-06 0.00024625828061432487
-1321 -6.954465472625146e-06 0.00021904960262514764
-1319 1.1338555227839502e-06 0.00026418874250002083
-1317 4.8305478904064475e-06 0.00022874136626004906
-1315 1.110611189998207e-05 0.00024264781124995482
-1313 1.733995140288155e-06 0.0002245825300684841
-1311 1.2135224726723214e-05 0.00023119542805821524
-1309 -1.9916613701566886e-07 0.0002455988101431382
-1307 1.190393146630401e-05 0.0002508657664509994
-1305 8.713574947791565e-06 0.00023428895012429514
-1303 -6.611487427844768e-06 0.00026311022218426653
-1301 1.3800980618138562e-05 0.00024424454436028343
-1299 2.538793617386999e-06 0.0002324686912171265
-1297 4.56762134072782e-06 0.000247220942594514
-1295 9.283965874785642e-07 0.0002584616580477987
-1293 -9.800680360491247e-06 0.000260338969540157
-1291 8.68183740563582e-06 0.00024444760617445336
-1289 -4.948689427231166e-07 0.0002580173736747093
-1287 -6.7480931240862575e-06 0.0002603424834370511
-1285 -2.1198357678793426e-05 0.00026299601393323883
-1283 9.498413968604484e-06 0.00027077164847526795
-1281 -2.292779916418136e-05 0.0002357414050159729
-1279 2.738287958923602e-05 0.00023332423316688603
-1277 1.4868033506169695e-05 0.00026334520027613764
-1275 4.843020792427338e-06 0.00022573222174681283
-1273 4.425014360803163e-06 0.00025857290361443945
-1271 5.06993367416096e-06 0.0002447358528911847
-1269 1.1266381974133574e-05 0.00027458889087910983
-1267 1.991938613741323e-06 0.0002263720606695351
-1265 -2.1642092827149315e-05 0.0002510055922434761
-1263 -8.474307353209834e-06 0.00023041978576097695
-1261 1.7550333035393947e-05 0.00024873137452168084
-1259 -3.1343987447246923e-06 0.00025490824051705043
-1257 -1.736421971416491e-05 0.00023813837594657402
-1255 4.5927152015838946e-07 0.00022986459824668744
-1253 -2.335181576144964e-06 0.00025026660290936156
-1251 2.4551662866164076e-06 0.00023686235527086222
-1249 -9.683427775786763e-06 0.00025692010307610315
-1247 -1.0493750685147134e-05 0.0002890057360622026
-1245 -4.857902879189696e-06 0.0002457523776436394
-1243 2.3696509246862898e-05 0.00027788951610420687
-1241 4.999041242444702e-06 0.000261752784536926
-1239 -1.7539012476357752e-05 0.00024317907231220483
-1237 -1.3244204668390394e-05 0.00025106184128739957
-1235 -1.0198365721901256e-05 0.00025998103027840267
-1233 -2.414086930106223e-06 0.00025556090184141806
-1231 -1.00226919875347e-05 0.00025644623038956037
-1229 1.3050243567579973e-05 0.0002464044299324599
-1227 6.946370645629339e-06 0.0002520846140526195
-1225 2.9321665384894524e-05 0.0002572809916517562
-1223 7.2845266110891404e-06 0.00026572904848687573
-1221 -1.1954828779098409e-05 0.00026275214704844357
-1219 4.648812528137962e-06 0.00024739038865517857
-1217 -3.4702025785633625e-06 0.00026508473870107845
-1215 -4.010101684076666e-06 0.0002896642073977641
-1213 1.672189970014456e-05 0.00026760390203782453
-1211 -1.6487132791073967e-05 0.000276907150217925
-1209 -1.833542109355142e-05 0.0002748121212281947
-1207 -2.34836485586118e-05 0.00028443741423892557
-1205 2.306037922232684e-06 0.00027476085086044106
-1203 -3.405746205362755e-05 0.00027674302549958674
-1201 3.477047457859412e-06 0.00026405187411175906
-1199 1.2437851768114562e-05 0.00025599971827540706
-1197 1.53904981564578e-05 0.00027709247250767285
-1195 -3.720828763759998e-06 0.0002698287262798097
-1193 1.079440944728554e-05 0.00025113929921206327
-1191 9.729362689092739e-06 0.00025928455777711354
-1189 1.5999290177071225e-05 0.00025693923133835356
-1187 -3.303704254130968e-06 0.00027687518235174047
-1185 3.6810557782223983e-06 0.0002896524789986208
-1183 -2.6285097880455738e-05 0.0002544411511994368
-1181 -1.0866500517264034e-05 0.0002684878354571479
-1179 -7.977734729587258e-09 0.00025703804642028045
-1177 5.234892552898565e-06 0.0002643222907111603
-1175 -7.2588881510149975e-06 0.0002653990127203809
-1173 -1.5065125514915246e-05 0.0002641110263460822
-1171 -7.015672131340131e-07 0.0002882898716827101
-1169 1.9263156152647678e-06 0.0002743674832004626
-1167 7.5022896885977054e-06 0.00025604556896259676
-1165 1.5920076324128624e-05 0.0002690769211046375
-1163 -9.47085795058134e-06 0.00027695748891117704
-1161 1.9184060301354965e-05 0.00025999729144115526
-1159 2.9969692600395507e-06 0.00027256558760722016
-1157 2.053211979541871e-06 0.00027681492332579105
-1155 -1.81866953742936e-05 0.00029123435414222935
-1153 1.7765952074214443e-05 0.0002730694217426334
-1151 1.9747039209209304e-06 0.0002961926195583407
-1149 -4.417133316877642e-06 0.0002659461091269622
-1147 1.6354473660231893e-05 0.00028045629379092415
-1145 -2.262924408804931e-05 0.000252390198333617
-1143 5.222954954068938e-07 0.0002697547253972856
-1141 -5.259002716165549e-06 0.00026515341979655024
-1139 2.07120587833775e-05 0.00025786451618395106
-1137 7.381105577377745e-06 0.0002992138034756935
-1135 1.7028011235384493e-05 0.00025147913326405104
-1133 1.217819697811635e-05 0.000275637562649465
-1131 2.6481530299892304e-06 0.0002843387716842046
-1129 -5.556791719351176e-06 0.0002623160718268351
-1127 -3.2002421302926995e-06 0.00029495553041457295
-1125 5.466889129031472e-06 0.0002730964616434265
-1123 -5.371431159095365e-06 0.00027721687873221313
-1121 -1.214830380777919e-05 0.00030274373234027367
-1119 -1.8658470124288069e-06 0.0002672457750732589
-1117 2.7584695918348493e-05 0.00028371438401581433
-1115 -2.393463406941592e-05 0.0002931048187067192
-1113 -2.100492236877367e-05 0.0003197359183890545
-1111 -1.6170804466947277e-06 0.0002701233341217694
-1109 8.665595353053734e-06 0.00029518297591240596
-1107 5.99233271590872e-06 0.0002977395546070583
-1105 3.509197331083358e-06 0.0003062967707598434
-1103 4.60730139691177e-06 0.0003110337626978118
-1101 -3.3851360631630183e-06 0.0002771594972932335
-1099 3.821474684378905e-06 0.000296548301567332
-1097 1.612411260960154e-06 0.00027406929899764586
-1095 -6.78151751552456e-06 0.00031713086418462435
-1093 -4.216289340580363e-06 0.0002764681930104405
-1091 1.865294914798542e-05 0.00030891189549908855
-1089 4.073766148844584e-06 0.0002573031090713215
-1087 -9.5731815207763e-06 0.0002671302293312781
-1085 1.1412529449694781e-05 0.00029967814766802754
-1083 6.6366824416490785e-06 0.0002967476795021539
-1081 2.1804482529797555e-05 0.00027813162046037826
-1079 2.822672461786037e-05 0.00028459560969139406
-1077 2.2661394287152148e-05 0.000274799846832159
-1075 1.9054402217663057e-06 0.0002804418793875872
-1073 -8.106410357738207e-06 0.0002915956521005814
-1071 -3.155661291808757e-06 0.00026736341149565445
-1069 -1.6016534374326744e-05 0.00028608386718719956
-1067 7.640350642078386e-06 0.00031053856801643647
-1065 -2.6775811182152984e-05 0.00030284780747265067
-1063 -1.1644139963984593e-05 0.0003231489283287883
-1061 1.0934099727516876e-05 0.00028502410126181066
-1059 2.911672681901721e-05 0.00030765989555671153
-1057 -5.049064597078223e-06 0.0003096979573987477
-1055 1.4875444607313687e-05 0.00029712311627637145
-1053 -8.51326957062171e-06 0.00032764794523670025
-1051 2.6682936546611855e-05 0.00030065518576984096
-1049 1.4941242188942734e-05 0.0003166528361743821
-1047 6.295931237084133e-06 0.000302359161414015
-1045 -1.3559560713768056e-05 0.00030227510190767155
-1043 -6.425047638200022e-07 0.0002858967386785205
-1041 1.967361299593541e-05 0.0002999958784181784
-1039 6.279910246366121e-06 0.0002934965942106062
-1037 -1.3704143225203517e-05 0.0002905909174863079
-1035 -2.2064428495656476e-05 0.000293044417376188
-1033 6.766729793962567e-06 0.000315062017655643
-1031 1.2140744766907982e-05 0.00029734359742678994
-1029 2.3113120566069354e-06 0.0003179839253482625
-1027 -1.5690704735148423e-05 0.0002875348162616038
-1025 -7.314395965986211e-06 0.00032009592441511943
-1023 6.350457931633278e-06 0.0003297479110741107
-1021 -9.618865809496446e-06 0.00030425759638823225
-1019 -1.5608153493555387e-05 0.00029505822131877186
-1017 1.7290516716809577e-05 0.00031530719971974267
-1015 1.248938360108084e-05 0.000289896997944759
-1013 -1.2554338243831283e-05 0.00031934422744731093
-1011 8.130187232197813e-07 0.00031319285293370696
-1009 -2.1670130232275204e-05 0.00031866966547571007
-1007 1.987511788989985e-05 0.0003207384504030888
-1005 8.385050268841304e-06 0.00032510996899426484
-1003 -3.5498620059343786e-05 0.0003265039273899682
-1001 -5.518452168371452e-06 0.00031186250686385947
-999 1.667083258317418e-05 0.00030483454596870257
-997 -3.0825586378018638e-06 0.00032786816833547125
-995 1.2361522496193744e-05 0.0003221210697809048
-993 -7.335959314591098e-06 0.0003296917396936514
-991 1.0092695434585907e-05 0.00033322058592918675
-989 -1.4248632927588585e-05 0.0003305788322836576
-987 -1.3975388883843982e-05 0.000317000761621518
-985 7.390575790308265e-06 0.0003262408300092121
-983 -7.920372113814323e-06 0.00034279651622986645
-981 9.622641157093989e-06 0.00030658058422921626
-979 -1.1543726035403345e-05 0.0003164480513269195
-977 9.572551644097316e-06 0.0003271718353841921
-975 5.111628969056445e-06 0.00033091740028877946
-973 1.3971045499195573e-05 0.00032772159390213293
-971 9.404568383616323e-07 0.0003283951931507945
-969 6.425723518372922e-06 0.0002782718472041331
-967 -4.884179828791757e-06 0.000345302235123493
-965 1.3267735371226794e-05 0.00035090612692057806
-963 9.760992222407826e-06 0.00032688629103549423
-961 1.3764172923545314e-05 0.00033800557630769406
-959 -8.402081862976303e-06 0.0003293247125842417
-957 -1.6193034878914866e-05 0.000347952011796908
-955 1.4932970530035851e-05 0.0003134803174298316
-953 -1.6523302545954165e-05 0.0003295028740085753
-951 9.010743609167647e-06 0.000335565691460782
-949 -1.7709642832215413e-06 0.00032235409884434944
-947 1.2926394609430032e-05 0.0003397433177643833
-945 -1.33035533047782e-05 0.0003431718465955495
-943 1.8786388569871794e-05 0.00033363515530072013
-941 -1.5034395446960271e-05 0.0003457339263781844
-939 9.386457257974357e-07 0.00035936909312761343
-937 -6.978915365815816e-06 0.00033716194205499233
-935 1.2318847116694896e-05 0.0003422802194883431
-933 4.729196878976316e-06 0.0003458516502839289
-931 7.800237186762144e-06 0.0003352956743166889
-929 -2.0479184994305267e-06 0.00035423450007564163
-927 -1.7239179732314588e-05 0.0003643908665974556
-925 2.1672445442971898e-05 0.0003493724925404213
-923 -1.5641849541517172e-06 0.0003425297515406419
-921 -9.390317383082131e-06 0.0003573570539163603
-919 8.316271032667473e-06 0.00038886784686816277
-917 -6.311392995730472e-06 0.0003582490848342684
-915 -7.73365586158834e-06 0.00033933309963337917
-913 1.620687013453174e-05 0.00031839336494477285
-911 2.4239193603250882e-05 0.00035590367484520237
-909 -1.410430973803637e-05 0.0003755985760967217
-907 -1.5643196875617156e-06 0.0003728624107493656
-905 5.437568874540498e-06 0.0003410904017471365
-903 -4.367722730680513e-06 0.00036304243556406544
-901 7.219377431317326e-06 0.00036261155559042717
-899 1.4416654513838197e-05 0.0003570609445893447
-897 -5.039520455351276e-06 0.000368991723992327
-895 -1.1569232104630082e-05 0.0003521196678520719
-893 -4.65766032945575e-06 0.0003533969582250021
-891 -2.3655707260372643e-05 0.0003379089152780093
-889 6.262854021815067e-06 0.0003737299407823229
-887 -1.3730153000681659e-05 0.0003790051156524264
-885 6.62420324565318e-06 0.00032262587228257597
-883 3.56660631452203e-05 0.00035034878038633444
-881 -1.237774368891024e-06 0.00036970370042145324
-879 4.068896085793944e-06 0.0003711231930861687
-877 7.394068800944204e-06 0.00037023687949151556
-875 -4.946622511332142e-06 0.00040178382505714946
-873 -4.116636636374272e-06 0.0003413677828866352
-871 -4.5831208767023094e-05 0.00036043332469341274
-869 8.44492718935783e-06 0.0003897253049021766
-867 8.4234026422283e-06 0.0003634708018205478
-865 2.0379178152251807e-05 0.00037338519538911125
-863 -1.2505808221021592e-05 0.00037780797535018183
-861 2.754459471173293e-05 0.0003858348329001263
-859 2.9608079526949474e-05 0.0003866157123440863
-857 1.7716306277447554e-05 0.000381965118816612
-855 -1.1268926391782443e-05 0.00038938120977804775
-853 1.1146719152850863e-05 0.00037284744582721726
-851 -3.446163471734323e-05 0.00035707445561366185
-849 -1.486077711151299e-05 0.00036778544224837435
-847 1.4869279385463328e-05 0.00037838372231831864
-845 -3.820120162612984e-06 0.0003795902629118577
-843 2.041339307574442e-05 0.00038442476852082946
-841 -1.8726358202243972e-05 0.00037394516306404196
-839 -1.710638884521241e-05 0.0003696657895887924
-837 -1.5428692836388049e-06 0.0003756128527502815
-835 -4.087628278716299e-06 0.0003972808679192438
-833 1.5203507969291449e-06 0.0004053050864832251
-831 -4.866038180102506e-06 0.00038141432662671206
-829 3.909332042255569e-06 0.00040777614346849695
-827 7.5302879386940205e-06 0.0003567957646485037
-825 -6.399150866064665e-06 0.00040212049513741876
-823 4.384823307406099e-06 0.0003909770939370652
-821 -8.162292489998473e-06 0.00038720373249646005
-819 1.3963957582755531e-05 0.00038495056042966226
-817 2.24433661131865e-05 0.0003534927197306064
-815 -6.285834097287827e-06 0.0003907291144176677
-813 -1.61196170817255e-05 0.00038649000373372564
-811 -6.853857453469735e-06 0.00039953323885440927
-809 -1.0480757592863177e-05 0.0003881864708496715
-807 -9.251924290422875e-06 0.0003742737647532774
-805 -8.392858944753697e-06 0.0004083532800671687
-803 -2.405236953191271e-06 0.00041090603990331665
-801 9.836132603699057e-06 0.00039613394823965
-799 1.2923535231152488e-06 0.0004074897771566885
-797 2.595883726063538e-06 0.000395639430419298
-795 -9.694777127650284e-06 0.0004058864331699679
-793 1.1660733765023004e-05 0.0003923465249509047
-791 2.060929891647186e-06 0.0004183078246740811
-789 5.654059761197083e-06 0.0004198009247056725
-787 -1.0021176603936727e-05 0.0003938001322053611
-785 3.327034821391113e-05 0.0004058290520457916
-783 1.2705713507466822e-05 0.00040038104996144004
-781 7.503531157769482e-06 0.0003898192550076131
-779 -5.533943134015099e-06 0.0004165131354310092
-777 1.277445469784944e-05 0.0004199144137383118
-775 -2.403027177682914e-05 0.00042221001132468784
-773 9.097607364747927e-06 0.000430052160198848
-771 -1.1164360972453361e-05 0.0004201099185509534
-769 -1.9237001561580274e-05 0.00040084549414601343
-767 1.9374182664764693e-05 0.00043515052027269085
-765 -2.3075193939355015e-05 0.00042691803366344934
-763 -2.3983824484035782e-06 0.00041305688240391765
-761 -2.419782295947758e-05 0.0004234851454199793
-759 -1.8038504703021298e-06 0.00042010685772375726
-757 -1.0895669934987734e-05 0.0004137527699531029
-755 -5.458557468832912e-06 0.0004094499707409242
-753 2.9830606000122757e-06 0.0004137411162247395
-751 -1.6923505773951763e-05 0.00042628499335266843
-749 1.0405233628056867e-05 0.00044660306329067517
-747 -6.594597680797788e-06 0.0004416103066449687
-745 1.5510837643342395e-06 0.0004472468778425871
-743 -2.8870908544283806e-05 0.0004320619418607232
-741 1.8713499963609103e-05 0.00043381210691169754
-739 -8.493550993121827e-06 0.0004622105475608076
-737 -1.12957793984434e-06 0.00046049863680293227
-735 -2.581439082745761e-05 0.0004325781112782268
-733 4.761386162885078e-06 0.0004463531846790761
-731 6.077139605672228e-06 0.0004396616928248573
-729 7.997183130200659e-06 0.00041653260761836833
-727 -3.468607924721284e-07 0.00046507400738198565
-725 2.5640994144520596e-05 0.00045703912678509383
-723 1.3320159721550714e-06 0.00042428555631556327
-721 1.6797258730555395e-05 0.0004665079123174753
-719 1.561697249765101e-05 0.0004309279846138499
-717 -7.903752241809593e-06 0.00042659409657062376
-715 -8.74618926260065e-06 0.0004610492656456426
-713 -1.903636881963919e-05 0.0004359447289783531
-711 -8.51110593482619e-06 0.0004450109552572123
-709 1.5121177439577893e-05 0.00045124053120489376
-707 2.168467718026695e-05 0.0004706532327625564
-705 1.2709374239326723e-05 0.00044133768216141447
-703 2.0146906544809255e-05 0.00046606119676598223
-701 1.7111563300156096e-05 0.000439804289749447
-699 -1.0714237830262414e-05 0.0004531165116935237
-697 8.780823761196167e-06 0.000455294713019573
-695 -5.914526813869114e-06 0.0004517512411938225
-693 1.5583031792396986e-05 0.0004487607976000653
-691 -4.860784296267865e-07 0.0004697763626545644
-689 1.1900976407992165e-05 0.0004619044488307714
-687 -4.026898819532001e-05 0.0004683394675993073
-685 1.2636686999598054e-05 0.0004676780740686866
-683 -1.0811548908438937e-05 0.0004514362930067724
-681 -4.7189028837131605e-06 0.0004724150240643078
-679 -1.9468829696468307e-06 0.00046997241146640894
-677 -1.9194538005935835e-05 0.0004811879088888554
-675 -2.208476331649435e-05 0.0004961399616454466
-673 -1.1248931537460611e-05 0.0004885133260519191
-671 -1.712770343150707e-05 0.00048813673919298906
-669 3.94268003162679e-06 0.0004942856939618911
-667 1.8904613826370308e-05 0.00045143810151778536
-665 -1.9350531353654167e-05 0.0004791545397333255
-663 -1.343305837379064e-06 0.0004612848058600314
-661 1.437904128379988e-05 0.0004934705900643973
-659 1.3130714896204055e-06 0.0004846190595337859
-657 1.5495055537336137e-05 0.0004503724976382845
-655 1.9952301838811908e-05 0.00047751199753892924
-653 -5.895493395791116e-06 0.0004907093189215373
-651 1.3637545437062759e-05 0.0004924660569834886
-649 -5.840927133847359e-06 0.0005091340161135219
-647 3.200566218096439e-05 0.0005091804515551205
-645 -4.500307988239557e-05 0.00047116210028202337
-643 -1.9409492811175926e-06 0.0004914107330491955
-641 -2.9083841568949095e-06 0.0005040732641631219
-639 -7.709899790442125e-06 0.00048004629297654556
-637 7.853568217486336e-06 0.0005063011282855779
-635 2.3245763264729623e-05 0.0005070337226181624
-633 -1.4423850423483264e-05 0.0004981037807904986
-631 -6.907565317442575e-06 0.0005051339326697231
-629 9.743848615430048e-07 0.0004982773332557507
-627 2.6902773729713143e-05 0.0005006133350695776
-625 3.827913226652705e-06 0.0005171318869396699
-623 1.1635049833556577e-05 0.0005042592992821599
-621 1.7977636559484873e-05 0.0005145149077525688
-619 -1.8331899757268545e-06 0.00048354767167128773
-617 2.0865908161977735e-06 0.0005206275340192727
-615 1.2315800101326037e-05 0.0005128148290657847
-613 1.7356225214176855e-05 0.0005154716902391062
-611 4.479963342593814e-06 0.0005307378222337959
-609 -5.0372251681301225e-06 0.0005275542634668126
-607 -8.5279247035011e-06 0.0005302684739668971
-605 5.009413444002554e-06 0.0005105525183032506
-603 6.258723628497879e-06 0.0005383770488145159
-601 -1.0742243776081735e-05 0.0005279649418578662
-599 2.047312702480277e-06 0.0005195592560983332
-597 1.9044843320602237e-05 0.0005541868546701197
-595 -2.040870318773654e-06 0.0005473768592011056
-593 -9.115841802970321e-07 0.0005548903628455344
-591 -1.7360454388318648e-05 0.0005427240076698291
-589 -2.3856029398377163e-06 0.0005593901362842687
-587 1.9935061536700155e-05 0.0005343324147649947
-585 1.0251873062447543e-05 0.0005539620540785368
-583 -7.470035213937623e-06 0.0005268607775508484
-581 3.296613954613808e-06 0.0005418355094157015
-579 -4.5794270275974916e-06 0.0005403975599637301
-577 1.9554503007341687e-05 0.0005484901134430758
-575 6.733024437125616e-06 0.0005505242018385123
-573 1.9054717967645423e-05 0.0005484883836179674
-571 -2.5336362698142193e-05 0.000562950711025106
-569 -7.428136643754992e-06 0.0005526403783581347
-567 1.1282533230613654e-05 0.0005610001205033985
-565 1.6318023718435285e-05 0.0005446393424102315
-563 1.6527042395067464e-05 0.0005618160716142224
-561 9.962618395524692e-06 0.0005875408942587506
-559 -1.5869747588651852e-05 0.0005532625289359227
-557 4.4518215471250447e-07 0.000613672123047408
-555 -4.54497752248285e-06 0.0005734760076223772
-553 1.0082671533259028e-05 0.0005829171917149788
-551 2.2479975190125025e-06 0.0005453629206345717
-549 -1.2447958197083146e-05 0.0005767202372075399
-547 1.1608781554677085e-05 0.000583687196986692
-545 -2.4584661415290176e-05 0.0005829502975253104
-543 -7.157993617613049e-07 0.0005628015164364704
-541 3.108976334104238e-05 0.0005790168848252193
-539 1.0795765605311904e-05 0.0005903541321223715
-537 -5.494088445379932e-06 0.0005883663668466987
-535 2.316636275558461e-05 0.0005876608659699955
-533 -1.832530492624189e-05 0.0005720017191778065
-531 -1.1662947968691827e-05 0.0006085057625927902
-529 -1.042202347387336e-05 0.0006204452207377029
-527 -2.4294909648767042e-05 0.0006114869378985161
-525 2.553760276899903e-06 0.0005993686077931291
-523 -3.936900308275086e-07 0.0006039706418325356
-521 1.0802825268952181e-05 0.0006076893576046849
-519 1.2290782877999339e-05 0.0005970309043898049
-517 -2.864281073655691e-06 0.0006383582001578982
-515 1.584430185158283e-05 0.0006004920985003796
-513 1.4203519697877216e-05 0.000632437861613023
-511 -2.7439628114844455e-06 0.0006103635089238159
-509 -1.4375613740232302e-05 0.0006186053381997684
-507 3.1088446112330394e-06 0.0006158910759102191
-505 1.339818788101142e-06 0.0006370125016138972
-503 2.0330939593107407e-06 0.0006426641321657175
-501 5.709721052801563e-06 0.0006356143247793182
-499 7.792861423044957e-06 0.0006309009581468876
-497 -5.2378420341635086e-06 0.0006350514652613919
-495 -1.537069837228925e-05 0.0006464381813624213
-493 2.5267299892453055e-05 0.0006547580968775138
-491 8.758741557279073e-06 0.0006443627171516437
-489 2.3323037010717973e-05 0.0006493563334414262
-487 -1.75199301633055e-06 0.0006584816661749056
-485 -8.68234851914111e-06 0.0006651283584627973
-483 1.6559367093919412e-05 0.0006883289452594023
-481 1.6057204276343568e-06 0.0006529363635716449
-479 8.98552858877498e-06 0.000657014503183975
-477 -1.532851568001807e-05 0.0006397717613000202
-475 -1.9324212123432338e-05 0.0006618735044597075
-473 1.2182162705273211e-05 0.0006774458589605653
-471 8.835504549858957e-06 0.0006685492593226015
-469 -9.22424504753142e-06 0.0006744316544028495
-467 -2.9039717600404277e-06 0.0006725327362110566
-465 -1.9372238368192162e-05 0.0006673822170277695
-463 1.754804527738957e-05 0.000663722649825471
-461 -1.659791902361975e-05 0.0006746942002348278
-459 2.626806677911799e-06 0.0006957566150933299
-457 1.7806585274871328e-05 0.0007190895958580443
-455 1.3025740026878462e-06 0.000695907046045856
-453 -2.39679012864363e-06 0.0006791889788753894
-451 4.3423024445051805e-06 0.000702171742080503
-449 8.18282994400784e-06 0.0007053467229617681
-447 6.3057257585218495e-06 0.0007429267674528897
-445 -2.4690632414228457e-05 0.0007048960533557804
-443 1.2771364732366e-05 0.000740738743722051
-441 3.700496511436432e-05 0.0007279280534784582
-439 1.1678234829406059e-06 0.0007413618754907273
-437 -1.106621953614383e-05 0.0007145447320701888
-435 3.1669757710861956e-06 0.0007738136775170395
-433 1.3647976439859356e-05 0.0007626568168285251
-431 3.970140865445335e-06 0.0007272915396586157
-429 2.3418921114732975e-05 0.0007520463547865798
-427 1.5969468369397498e-05 0.0007252729456239164
-425 -1.0196079922785048e-05 0.0007780321192910217
-423 8.3043534159396e-06 0.0007647867045159445
-421 7.442142954145778e-06 0.0007368815455375528
-419 -7.63720796004326e-06 0.0007592669506917029
-417 2.134048766099525e-06 0.0007814601118010294
-415 7.4175083776274514e-06 0.0007865511074800026
-413 2.4883325655878077e-05 0.0007842218139037409
-411 1.743769739830906e-06 0.0007666900834065175
-409 -7.385222027691478e-06 0.0007997214770811181
-407 -1.5958519986567028e-05 0.0007850565612106588
-405 1.6269003334595014e-05 0.0007747588858002086
-403 6.9292625701477e-06 0.0008130727563950192
-401 1.0431997333524608e-05 0.0007615594166375119
-399 4.410295136898303e-06 0.0008073672829048803
-397 -5.18443181519065e-07 0.0008075224791751729
-395 -7.120857045585899e-06 0.0007883568242147439
-393 -3.989864167414297e-06 0.0008393660450496342
-391 -1.2934196936197784e-05 0.0008114314157932575
-389 3.204757825598139e-06 0.0008244728790142286
-387 2.6254786850495177e-06 0.0008299972570853393
-385 2.5703053417939744e-05 0.0008177370551329699
-383 -2.3577358793662644e-06 0.0008241920970975095
-381 1.2195504458490404e-05 0.0008300912603480088
-379 -1.4062528329752103e-05 0.0008518345553610498
-377 2.7482469085182945e-06 0.000824409520902108
-375 -3.6991849445539863e-06 0.0008506362124983982
-373 1.45361292874101e-05 0.0008260198295103974
-371 -2.6605604361094237e-05 0.0008554931320085081
-369 1.543816981953448e-05 0.0008378364684023206
-367 4.044859516295513e-06 0.0008466003986231913
-365 1.7571115216348965e-05 0.0008733949376984788
-363 -6.328534771521893e-06 0.0008675110735976095
-361 6.163226274537392e-06 0.0009084787484049267
-359 1.0492733955477299e-05 0.0008661472777807433
-357 -2.0459204490296537e-05 0.0009100403546769665
-355 -1.7345965150959622e-05 0.0008850271555177715
-353 -2.6882200640735376e-06 0.0009025035723875756
-351 -7.365319965598121e-06 0.0009279608144197615
-349 2.6113567846382944e-06 0.0009191349052475303
-347 7.328790190077935e-06 0.0009007856348589015
-345 -8.037298036981045e-06 0.0009014870435635278
-343 -8.209763442334753e-07 0.0009364204533758787
-341 4.419055411543906e-06 0.0009347352957107875
-339 -1.165740679476058e-05 0.0009197493839051687
-337 -2.0602863246064512e-05 0.0009552686471490233
-335 -3.6718568139026435e-06 0.0009635360996898207
-333 -2.933932769145338e-06 0.0009436496598461944
-331 7.349056550428128e-06 0.0009352660203926999
-329 1.8758394740112006e-05 0.0009778742240402608
-327 9.016020447994985e-06 0.0009562492350770958
-325 2.051284928438444e-05 0.000993577112916319
-323 3.917474460729131e-06 0.0009803980137716322
-321 1.5648641440998617e-05 0.0010042392691213362
-319 6.852018586558109e-06 0.0010005752138046462
-317 2.406018755076647e-05 0.0010172833558305275
-315 -1.5673703635234988e-05 0.0010209669836985112
-313 -1.3911353220365967e-05 0.0010139744683168917
-311 -3.889877246814967e-06 0.0010093361228627506
-309 -9.320116066416857e-06 0.001026597225399203
-307 -7.497158482959698e-06 0.001011129400709354
-305 -1.3099129854893336e-05 0.001031244403112603
-303 1.8271962780374876e-05 0.0010550675327869602
-301 1.416648971952508e-05 0.001047409326318021
-299 1.9935992124786806e-05 0.0010745307116619375
-297 1.6898270057177439e-06 0.0010726331392822887
-295 -6.654784486788594e-06 0.001091493540087768
-293 -7.582869706751637e-06 0.001122416654409463
-291 1.4243976274889807e-05 0.0011079275723522193
-289 1.554793335894012e-05 0.001119878477865639
-287 1.2189565408989791e-05 0.0010916227454777648
-285 -8.186732035675942e-06 0.0011125580061878988
-283 3.4165910706533555e-06 0.0011001107161760235
-281 -6.587185254237839e-06 0.0011069451799671814
-279 3.5898844762438554e-06 0.0011372765122918042
-277 2.2552040141988194e-05 0.0011678527894262432
-275 2.8725335136022243e-06 0.00113491543714792
-273 1.8042059488466332e-05 0.0011714375794333464
-271 1.3344695043866784e-06 0.0011635218286267508
-269 -1.105577530847432e-05 0.001185808369868631
-267 2.4360808438692113e-05 0.0011945670596538213
-265 4.305349490210215e-06 0.0012075208256255568
-263 9.674566672498198e-06 0.0012129457295730957
-261 1.5870600664360782e-06 0.0012098870743994712
-259 1.6139069462130057e-05 0.0012127276033724057
-257 -1.9943275177369378e-05 0.0012270586456834113
-255 -1.892681392788005e-05 0.001249526845958127
-253 1.456393789545989e-05 0.0012674094122255685
-251 -6.936470850123743e-06 0.001272778121411777
-249 -1.3826968708509276e-05 0.0012918365395304982
-247 -9.553413178906577e-06 0.0012916294408729322
-245 2.9905821588896517e-05 0.0012839122493089356
-243 1.2091002542953251e-05 0.001285546934155032
-241 1.7711660044146489e-06 0.0013192961953454542
-239 2.5410964183305437e-05 0.0013443757902603154
-237 5.6199146121554494e-06 0.0013273612297929561
-235 1.638325811340161e-06 0.001359538665684211
-233 -1.598307104143196e-06 0.001382040728087143
-231 1.8166882510108053e-05 0.0013669808498972427
-229 -4.838380547543979e-06 0.0013831577027988344
-227 -9.733088496736088e-06 0.0014034037463211287
-225 -7.169988371852307e-06 0.0014053240392188243
-223 -1.4173436076425588e-05 0.0014427964903939662
-221 5.463037527482373e-06 0.0014277768881510737
-219 -7.757039782393048e-06 0.0014660522667785034
-217 1.046276709261099e-05 0.0014987282134436512
-215 -1.4356303070494903e-05 0.001493767634731746
-213 2.08200636003411e-05 0.0014810753705338353
-211 -1.5916706497211504e-06 0.0015202263867047127
-209 -1.4716354501188034e-05 0.0015456118613164866
-207 -1.1729689418401727e-05 0.0015430129589778046
-205 4.3926691324925375e-06 0.0015323560283832273
-203 -2.5825550204583917e-05 0.00154790168741133
-201 1.3130679894824496e-06 0.0015706800606707333
-199 -8.94300560590212e-06 0.0015969970079532892
-197 -7.679065615436985e-06 0.0016067648976251499
-195 -1.6667660983518287e-05 0.0016157768453062516
-193 9.078043664710204e-06 0.0016621050179979437
-191 -1.9156161637185215e-05 0.0016677678154473179
-189 3.36605009145866e-05 0.0016753187661503106
-187 -3.5385158455751352e-06 0.0016792076898625914
-185 8.455326137687787e-06 0.0017097880700027727
-183 -1.8116086956303954e-05 0.001730829580155768
-181 3.145550609952396e-06 0.0017378297790079356
-179 -3.4861480203710933e-06 0.0017798111363563943
-177 2.2186763150316718e-05 0.0018132892841580292
-175 1.228604110902293e-05 0.0018232524423756552
-173 1.0715029587336997e-06 0.0018571841715651868
-171 2.322819545224975e-05 0.001864073234897785
-169 5.3582467815629305e-06 0.001880289852637239
-167 5.501649603679229e-07 0.0018919240817369956
-165 -1.4842431870774353e-05 0.0019402419711407111
-163 2.0620624287536687e-05 0.001959859300844165
-161 -1.3083112637899562e-06 0.00197809589089216
-159 4.231849146945461e-06 0.002021216970740693
-157 -2.5035830523627034e-05 0.0020472380969821192
-155 -9.715421344764549e-06 0.0020383679427856145
-153 -2.933984336203398e-06 0.0020728034958769296
-151 3.726017824575318e-06 0.002121831736375632
-149 1.0816912989937974e-05 0.0021508268690187625
-147 8.005208453522373e-06 0.002171000689611565
-145 2.157789791693757e-05 0.0022125224508022564
-143 -1.2769605256379713e-05 0.0022101795391491
-141 -6.9466270614628446e-06 0.0022645519965222146
-139 -7.79249975470148e-07 0.0023184414394008513
-137 1.9022849578747168e-05 0.002342939188947818
-135 -8.36920585882728e-06 0.00236090034668191
-133 1.6002172333155783e-06 0.0024035902434555926
-131 -8.955148739962975e-06 0.0024368733807230715
-129 -7.5233511487250476e-06 0.002502730774780955
-127 8.012764216030541e-06 0.0025176050539228822
-125 2.0488249944701703e-05 0.0025583445742437456
-123 1.1984892076589704e-06 0.0025805505688471096
-121 1.9097332819225728e-05 0.0026277705050866975
-119 8.241241591853003e-06 0.0026832290366291672
-117 1.881368503178007e-05 0.00270246692252737
-115 2.6921364917479703e-05 0.002734526280817282
-113 -1.1095366057991676e-05 0.0028090489859256274
-111 -1.4363233415234516e-05 0.00287754538474894
-109 5.696794667673825e-06 0.0029220190366532786
-107 -2.339796612537942e-05 0.002962331577682535
-105 1.6338164616286936e-05 0.003042507220942042
-103 -2.570712460051615e-05 0.003095967117385804
-101 1.541411374835122e-05 0.003141885376086588
-99 2.7237508016500317e-05 0.0032094683406041677
-97 -3.1569280998197206e-05 0.00326001250691919
-95 2.8663250666219813e-05 0.003350410919491849
-93 -1.3074259518613853e-06 0.003400132147013484
-91 2.026579748227737e-05 0.003509701791034584
-89 1.8718066991946518e-06 0.003579432777015006
-87 4.7614294687429144e-07 0.0036274804422437757
-85 2.1506053912109762e-05 0.003722564002255106
-83 3.621356040803953e-05 0.0038395234757987143
-81 -9.523008053091417e-06 0.003974850386347358
-79 -3.486465342523054e-06 0.0040175156695717845
-77 -5.967563333982921e-06 0.004133025811569639
-75 -1.8339829283269687e-05 0.004226382522867558
-73 -1.0957732415263341e-05 0.0043810383763504875
-71 2.3667189597953977e-05 0.004479886465732843
-69 -1.157700676556444e-05 0.004605621851186959
-67 7.877962207219396e-06 0.004742652340052784
-65 -5.705005543768407e-06 0.004892079630860453
-63 -2.380709006991896e-05 0.005037523559311572
-61 1.2775449097127998e-05 0.005229486539967133
-59 -7.7444915396256e-06 0.005392657333995931
-57 -6.0930932412822615e-06 0.005593070775677914
-55 -2.1518673000366275e-05 0.0057928028829907574
-53 -8.343505467363189e-07 0.006012966196706129
-51 1.105336551866502e-05 0.006254813371000013
-49 -1.6175571704402915e-05 0.00650989686821005
-47 -6.267540478464775e-06 0.006775710600325996
-45 -2.6852026253502217e-06 0.007088794767556144
-43 7.49254691056042e-06 0.007406754544724678
-41 8.268430277636604e-06 0.007753489695161214
-39 5.844119581690375e-06 0.008162800460902734
-37 1.779772472627832e-05 0.008593229898649185
-35 2.341807160797448e-05 0.009074360651883264
-33 1.0929481976028576e-05 0.009626154774687605
-31 -1.547501592283085e-06 0.010253735916048654
-29 1.5581607420182853e-05 0.010979007640681647
-27 1.689102615885824e-05 0.011770775889790128
-25 -2.3389929298618606e-05 0.01272445317132019
-23 9.320600595258768e-06 0.013864001366681658
-21 -8.139328223118982e-06 0.01514631203258671
-19 3.3006834221001555e-06 0.016762826512266373
-17 -1.7217783537787168e-05 0.018728668609943214
-15 8.142007630880534e-07 0.02122182205407311
-13 4.1017427718018e-06 0.024435110208492747
-11 8.239434432756991e-07 0.028920829473008062
-9 1.1966172457896261e-05 0.03535299021852057
-7 -1.5070488759522583e-05 0.04543386454180632
-5 6.452336335380412e-06 0.06355518033211774
-3 9.595093512223317e-06 0.10551089779397302
-1 -1.0452166119684188e-05 0.3037929149572933
1 -1.0452166119682257e-05 -0.3037929149572933
3 9.595093512223402e-06 -0.10551089779397302
5 6.452336335380429e-06 -0.06355518033211774
7 -1.5070488759522587e-05 -0.04543386454180632
9 1.1966172457896266e-05 -0.03535299021852057
11 8.239434432756601e-07 -0.028920829473008062
13 4.101742771801805e-06 -0.024435110208492747
15 8.142007630877476e-07 -0.02122182205407311
17 -1.7217783537786883e-05 -0.018728668609943214
19 3.3006834221001204e-06 -0.016762826512266373
21 -8.13932822311898e-06 -0.01514631203258671
23 9.320600595258948e-06 -0.013864001366681658
25 -2.3389929298618817e-05 -0.01272445317132019
27 1.689102615885828e-05 -0.011770775889790128
29 1.558160742018289e-05 -0.010979007640681647
31 -1.5475015922830647e-06 -0.010253735916048654
33 1.0929481976028566e-05 -0.009626154774687605
35 2.34180716079745e-05 -0.009074360651883264
37 1.779772472627835e-05 -0.008593229898649185
39 5.844119581690303e-06 -0.008162800460902734
41 8.268430277636752e-06 -0.007753489695161213
43 7.492546910560417e-06 -0.007406754544724678
45 -2.685202625350249e-06 -0.007088794767556144
47 -6.26754047846476e-06 -0.006775710600325996
49 -1.6175571704402874e-05 -0.00650989686821005
51 1.1053365518665025e-05 -0.006254813371000013
53 -8.343505467363393e-07 -0.006012966196706129
55 -2.1518673000366346e-05 -0.0057928028829907574
57 -6.093093241282166e-06 -0.005593070775677915
59 -7.7444915396256e-06 -0.005392657333995931
61 1.2775449097128008e-05 -0.005229486539967133
63 -2.3807090069918877e-05 -0.005037523559311572
65 -5.705005543768453e-06 -0.004892079630860453
67 7.877962207219385e-06 -0.004742652340052784
69 -1.1577006765564438e-05 -0.004605621851186959
71 2.3667189597953984e-05 -0.004479886465732843
73 -1.0957732415263335e-05 -0.0043810383763504875
75 -1.8339829283269704e-05 -0.004226382522867558
77 -5.967563333982932e-06 -0.004133025811569639
79 -3.4864653425229347e-06 -0.004017515669571784
81 -9.523008053091414e-06 -0.003974850386347359
83 3.621356040803949e-05 -0.0038395234757987143
85 2.1506053912109776e-05 -0.003722564002255106
87 4.7614294687430076e-07 -0.0036274804422437757
89 1.8718066991946667e-06 -0.003579432777015006
91 2.0265797482277362e-05 -0.003509701791034584
93 -1.307425951861403e-06 -0.003400132147013484
95 2.866325066621975e-05 -0.003350410919491849
97 -3.1569280998197145e-05 -0.00326001250691919
99 2.7237508016500317e-05 -0.0032094683406041677
101 1.5414113748351197e-05 -0.003141885376086588
103 -2.5707124600516106e-05 -0.003095967117385804
105 1.6338164616286922e-05 -0.003042507220942042
107 -2.339796612537947e-05 -0.002962331577682535
109 5.696794667673833e-06 -0.0029220190366532786
111 -1.436323341523451e-05 -0.00287754538474894
113 -1.1095366057991703e-05 -0.0028090489859256274
115 2.69213649174797e-05 -0.002734526280817282
117 1.881368503178014e-05 -0.00270246692252737
119 8.241241591852966e-06 -0.0026832290366291672
121 1.909733281922593e-05 -0.0026277705050866975
123 1.1984892076589704e-06 -0.0025805505688471096
125 2.04882499447017e-05 -0.0025583445742437456
127 8.012764216030556e-06 -0.0025176050539228822
129 -7.523351148724985e-06 -0.002502730774780955
131 -8.955148739963002e-06 -0.0024368733807230715
133 1.600217233315539e-06 -0.0024035902434555926
135 -8.36920585882729e-06 -0.00236090034668191
137 1.9022849578747202e-05 -0.002342939188947818
139 -7.792499754701793e-07 -0.0023184414394008513
141 -6.9466270614628615e-06 -0.0022645519965222146
143 -1.2769605256379706e-05 -0.0022101795391491
145 2.1577897916937513e-05 -0.0022125224508022564
147 8.005208453522403e-06 -0.002171000689611565
149 1.0816912989938006e-05 -0.0021508268690187625
151 3.726017824575303e-06 -0.002121831736375632
153 -2.9339843362033575e-06 -0.0020728034958769296
155 -9.71542134476457e-06 -0.0020383679427856145
157 -2.5035830523626936e-05 -0.0020472380969821192
159 4.2318491469453956e-06 -0.0020212169707406933
161 -1.3083112637901514e-06 -0.0019780958908921596
163 2.0620624287536738e-05 -0.001959859300844165
165 -1.4842431870774407e-05 -0.0019402419711407111
167 5.501649603679615e-07 -0.0018919240817369956
169 5.358246781562853e-06 -0.0018802898526372393
171 2.3228195452249764e-05 -0.001864073234897785
173 1.0715029587336709e-06 -0.0018571841715651868
175 1.2286041109022898e-05 -0.0018232524423756552
177 2.2186763150316786e-05 -0.0018132892841580292
179 -3.486148020371074e-06 -0.0017798111363563943
181 3.1455506099523783e-06 -0.0017378297790079354
183 -1.8116086956303903e-05 -0.001730829580155768
185 8.455326137687762e-06 -0.0017097880700027727
187 -3.538515845575126e-06 -0.0016792076898625914
189 3.36605009145866e-05 -0.0016753187661503108
191 -1.9156161637185208e-05 -0.0016677678154473179
193 9.078043664710165e-06 -0.0016621050179979437
195 -1.66676609835183e-05 -0.0016157768453062516
197 -7.679065615436926e-06 -0.0016067648976251499
199 -8.943005605902084e-06 -0.0015969970079532892
201 1.3130679894823607e-06 -0.0015706800606707333
203 -2.58255502045839e-05 -0.00154790168741133
205 4.392669132492516e-06 -0.0015323560283832273
207 -1.1729689418401755e-05 -0.0015430129589778046
209 -1.4716354501188039e-05 -0.0015456118613164866
211 -1.5916706497210987e-06 -0.0015202263867047127
213 2.082006360034109e-05 -0.0014810753705338353
215 -1.4356303070494976e-05 -0.001493767634731746
217 1.046276709261102e-05 -0.0014987282134436512
219 -7.757039782393043e-06 -0.0014660522667785034
221 5.46303752748236e-06 -0.0014277768881510737
223 -1.4173436076425585e-05 -0.0014427964903939662
225 -7.169988371852332e-06 -0.0014053240392188243
227 -9.733088496736106e-06 -0.0014034037463211287
229 -4.838380547544006e-06 -0.0013831577027988346
231 1.8166882510108077e-05 -0.0013669808498972427
233 -1.5983071041431773e-06 -0.001382040728087143
235 1.6383258113401792e-06 -0.001359538665684211
237 5.619914612155456e-06 -0.0013273612297929561
239 2.5410964183305298e-05 -0.0013443757902603152
241 1.771166004414825e-06 -0.0013192961953454542
243 1.2091002542953273e-05 -0.001285546934155032
245 2.9905821588896497e-05 -0.0012839122493089356
247 -9.553413178906604e-06 -0.0012916294408729322
249 -1.3826968708509281e-05 -0.0012918365395304982
251 -6.9364708501237425e-06 -0.001272778121411777
253 1.4563937895459882e-05 -0.0012674094122255687
255 -1.892681392788008e-05 -0.001249526845958127
257 -1.994327517736935e-05 -0.0012270586456834115
259 1.6139069462130034e-05 -0.0012127276033724057
261 1.5870600664360714e-06 -0.0012098870743994712
263 9.674566672498238e-06 -0.0012129457295730957
265 4.305349490210181e-06 -0.0012075208256255568
267 2.4360808438692103e-05 -0.0011945670596538213
269 -1.1055775308474315e-05 -0.001185808369868631
271 1.3344695043867197e-06 -0.0011635218286267508
273 1.8042059488466302e-05 -0.0011714375794333464
275 2.8725335136022226e-06 -0.00113491543714792
277 2.255204014198823e-05 -0.0011678527894262432
279 3.5898844762441057e-06 -0.0011372765122918042
281 -6.587185254238102e-06 -0.0011069451799671814
283 3.416591070653367e-06 -0.0011001107161760235
285 -8.186732035675918e-06 -0.0011125580061878988
287 1.2189565408989774e-05 -0.0010916227454777648
289 1.5547933358940102e-05 -0.001119878477865639
291 1.4243976274889797e-05 -0.0011079275723522193
293 -7.582869706751669e-06 -0.001122416654409463
295 -6.654784486788617e-06 -0.001091493540087768
297 1.6898270057178074e-06 -0.0010726331392822887
299 1.9935992124786823e-05 -0.0010745307116619373
301 1.416648971952508e-05 -0.001047409326318021
303 1.8271962780374914e-05 -0.0010550675327869602
305 -1.3099129854893302e-05 -0.001031244403112603
307 -7.497158482959706e-06 -0.001011129400709354
309 -9.320116066416852e-06 -0.001026597225399203
311 -3.889877246815009e-06 -0.0010093361228627506
313 -1.3911353220366003e-05 -0.0010139744683168917
315 -1.5673703635234968e-05 -0.0010209669836985112
317 2.4060187550766435e-05 -0.0010172833558305275
319 6.852018586557809e-06 -0.0010005752138046462
321 1.5648641440998912e-05 -0.0010042392691213362
323 3.917474460729138e-06 -0.0009803980137716322
325 2.0512849284384443e-05 -0.000993577112916319
327 9.016020447995048e-06 -0.0009562492350770958
329 1.8758394740112022e-05 -0.0009778742240402608
331 7.3490565504281055e-06 -0.0009352660203926998
333 -2.933932769145322e-06 -0.0009436496598461944
335 -3.6718568139026198e-06 -0.0009635360996898207
337 -2.060286324606446e-05 -0.0009552686471490234
339 -1.1657406794760604e-05 -0.0009197493839051688
341 4.419055411543863e-06 -0.0009347352957107875
343 -8.209763442334169e-07 -0.0009364204533758787
345 -8.037298036981028e-06 -0.0009014870435635278
347 7.3287901900779205e-06 -0.0009007856348589015
349 2.6113567846382876e-06 -0.0009191349052475303
351 -7.365319965598065e-06 -0.0009279608144197615
353 -2.6882200640735223e-06 -0.0009025035723875756
355 -1.734596515095959e-05 -0.0008850271555177717
357 -2.0459204490296527e-05 -0.0009100403546769664
359 1.0492733955477294e-05 -0.0008661472777807433
361 6.163226274537333e-06 -0.0009084787484049268
363 -6.3285347715218465e-06 -0.0008675110735976094
365 1.7571115216348955e-05 -0.0008733949376984788
367 4.044859516295483e-06 -0.0008466003986231913
369 1.543816981953447e-05 -0.0008378364684023206
371 -2.6605604361094224e-05 -0.0008554931320085081
373 1.4536129287410125e-05 -0.0008260198295103975
375 -3.699184944553995e-06 -0.0008506362124983982
377 2.7482469085182708e-06 -0.000824409520902108
379 -1.40625283297521e-05 -0.0008518345553610498
381 1.2195504458490433e-05 -0.0008300912603480088
383 -2.357735879366237e-06 -0.0008241920970975096
385 2.570305341793971e-05 -0.0008177370551329699
387 2.625478685049588e-06 -0.0008299972570853393
389 3.2047578255981145e-06 -0.0008244728790142286
391 -1.2934196936197773e-05 -0.0008114314157932575
393 -3.9898641674142735e-06 -0.0008393660450496342
395 -7.120857045585931e-06 -0.0007883568242147439
397 -5.184431815190815e-07 -0.0008075224791751728
399 4.410295136898631e-06 -0.0008073672829048802
401 1.0431997333524848e-05 -0.0007615594166375121
403 6.929262570147681e-06 -0.0008130727563950192
405 1.6269003334594997e-05 -0.0007747588858002086
407 -1.5958519986567004e-05 -0.0007850565612106587
409 -7.385222027691541e-06 -0.0007997214770811182
411 1.7437697398310469e-06 -0.0007666900834065176
413 2.4883325655878083e-05 -0.0007842218139037408
415 7.4175083776274e-06 -0.0007865511074800026
417 2.134048766099503e-06 -0.0007814601118010293
419 -7.637207960043247e-06 -0.000759266950691703
421 7.442142954145928e-06 -0.0007368815455375527
423 8.304353415939535e-06 -0.0007647867045159445
425 -1.0196079922785087e-05 -0.0007780321192910217
427 1.596946836939749e-05 -0.0007252729456239164
429 2.3418921114733002e-05 -0.0007520463547865798
431 3.970140865445334e-06 -0.0007272915396586157
433 1.3647976439859432e-05 -0.0007626568168285251
435 3.1669757710861744e-06 -0.0007738136775170395
437 -1.1066219536143852e-05 -0.0007145447320701888
439 1.1678234829405656e-06 -0.0007413618754907272
441 3.700496511436435e-05 -0.0007279280534784582
443 1.2771364732366004e-05 -0.000740738743722051
445 -2.469063241422845e-05 -0.0007048960533557804
447 6.305725758521809e-06 -0.0007429267674528897
449 8.182829944007816e-06 -0.000705346722961768
451 4.3423024445052195e-06 -0.000702171742080503
453 -2.3967901286435924e-06 -0.0006791889788753894
455 1.3025740026878572e-06 -0.000695907046045856
457 1.7806585274871386e-05 -0.0007190895958580443
459 2.6268066779118174e-06 -0.0006957566150933299
461 -1.659791902361972e-05 -0.0006746942002348278
463 1.754804527738957e-05 -0.000663722649825471
465 -1.937223836819219e-05 -0.0006673822170277695
467 -2.903971760040392e-06 -0.0006725327362110566
469 -9.224245047531408e-06 -0.0006744316544028496
471 8.835504549858913e-06 -0.0006685492593226015
473 1.2182162705273192e-05 -0.0006774458589605653
475 -1.932421212343238e-05 -0.0006618735044597076
477 -1.5328515680018045e-05 -0.0006397717613000202
479 8.98552858877533e-06 -0.0006570145031839752
481 1.6057204276341874e-06 -0.0006529363635716449
483 1.6559367093919436e-05 -0.0006883289452594023
485 -8.682348519141107e-06 -0.0006651283584627973
487 -1.7519930163305872e-06 -0.0006584816661749056
489 2.3323037010717943e-05 -0.0006493563334414263
491 8.758741557279092e-06 -0.0006443627171516437
493 2.5267299892453055e-05 -0.0006547580968775138
495 -1.5370698372289235e-05 -0.0006464381813624213
497 -5.237842034163482e-06 -0.0006350514652613919
499 7.792861423044925e-06 -0.0006309009581468876
501 5.709721052801584e-06 -0.0006356143247793182
503 2.0330939593107458e-06 -0.0006426641321657175
505 1.3398187881011053e-06 -0.0006370125016138972
507 3.108844611233104e-06 -0.0006158910759102191
509 -1.4375613740232285e-05 -0.0006186053381997685
511 -2.7439628114844357e-06 -0.0006103635089238159
513 1.4203519697877217e-05 -0.000632437861613023
515 1.5844301851582845e-05 -0.0006004920985003796
517 -2.864281073655714e-06 -0.0006383582001578981
519 1.2290782877999206e-05 -0.0005970309043898049
521 1.0802825268952222e-05 -0.000607689357604685
523 -3.93690030827512e-07 -0.0006039706418325355
525 2.553760276899882e-06 -0.0005993686077931291
527 -2.4294909648767042e-05 -0.0006114869378985161
529 -1.0422023473873406e-05 -0.0006204452207377029
531 -1.1662947968691817e-05 -0.0006085057625927902
533 -1.8325304926241874e-05 -0.0005720017191778065
535 2.316636275558457e-05 -0.0005876608659699955
537 -5.494088445379926e-06 -0.0005883663668466987
539 1.0795765605311913e-05 -0.0005903541321223715
541 3.1089763341042394e-05 -0.0005790168848252193
543 -7.157993617613188e-07 -0.0005628015164364704
545 -2.4584661415290207e-05 -0.0005829502975253104
547 1.1608781554677094e-05 -0.0005836871969866919
549 -1.2447958197083146e-05 -0.0005767202372075399
551 2.2479975190124886e-06 -0.0005453629206345717
553 1.0082671533259036e-05 -0.0005829171917149788
555 -4.544977522482852e-06 -0.0005734760076223773
557 4.451821547125197e-07 -0.000613672123047408
559 -1.5869747588651832e-05 -0.0005532625289359226
561 9.962618395524555e-06 -0.0005875408942587506
563 1.652704239506743e-05 -0.0005618160716142224
565 1.631802371843533e-05 -0.0005446393424102315
567 1.1282533230613666e-05 -0.0005610001205033985
569 -7.428136643754997e-06 -0.0005526403783581348
571 -2.5336362698142176e-05 -0.000562950711025106
573 1.905471796764544e-05 -0.0005484883836179674
575 6.733024437125627e-06 -0.0005505242018385122
577 1.9554503007341728e-05 -0.0005484901134430758
579 -4.579427027597485e-06 -0.0005403975599637301
581 3.296613954613819e-06 -0.0005418355094157015
583 -7.470035213937607e-06 -0.0005268607775508484
585 1.0251873062447582e-05 -0.0005539620540785366
587 1.993506153670014e-05 -0.0005343324147649947
589 -2.3856029398377302e-06 -0.0005593901362842687
591 -1.736045438831864e-05 -0.0005427240076698291
593 -9.115841802970571e-07 -0.0005548903628455344
595 -2.040870318773646e-06 -0.0005473768592011056
597 1.904484332060221e-05 -0.0005541868546701197
599 2.047312702480018e-06 -0.0005195592560983334
601 -1.074224377608188e-05 -0.0005279649418578661
603 6.258723628497896e-06 -0.000538377048814516
605 5.00941344400255e-06 -0.0005105525183032506
607 -8.52792470350113e-06 -0.0005302684739668971
609 -5.037225168130104e-06 -0.0005275542634668126
611 4.479963342593817e-06 -0.0005307378222337959
613 1.7356225214176834e-05 -0.0005154716902391062
615 1.2315800101326023e-05 -0.0005128148290657847
617 2.0865908161977748e-06 -0.0005206275340192727
619 -1.833189975726838e-06 -0.00048354767167128773
621 1.7977636559484873e-05 -0.0005145149077525688
623 1.1635049833556579e-05 -0.0005042592992821599
625 3.827913226652696e-06 -0.0005171318869396699
627 2.6902773729713164e-05 -0.0005006133350695776
629 9.743848615430125e-07 -0.0004982773332557507
631 -6.907565317442601e-06 -0.0005051339326697231
633 -1.442385042348328e-05 -0.0004981037807904986
635 2.3245763264729664e-05 -0.0005070337226181624
637 7.853568217486288e-06 -0.0005063011282855779
639 -7.709899790442084e-06 -0.0004800462929765457
641 -2.9083841568947595e-06 -0.0005040732641631218
643 -1.940949281117602e-06 -0.0004914107330491955
645 -4.500307988239557e-05 -0.0004711621002820233
647 3.2005662180964395e-05 -0.0005091804515551205
649 -5.840927133847355e-06 -0.0005091340161135219
651 1.3637545437062739e-05 -0.0004924660569834886
653 -5.895493395791127e-06 -0.0004907093189215373
655 1.995230183881194e-05 -0.0004775119975389292
657 1.5495055537336198e-05 -0.0004503724976382844
659 1.3130714896204152e-06 -0.0004846190595337859
661 1.4379041283799881e-05 -0.0004934705900643973
663 -1.3433058373790907e-06 -0.00046128480586003133
665 -1.9350531353654194e-05 -0.00047915453973332544
667 1.8904613826370308e-05 -0.00045143810151778536
669 3.942680031626778e-06 -0.0004942856939618912
671 -1.7127703431507088e-05 -0.00048813673919298906
673 -1.1248931537460594e-05 -0.0004885133260519191
675 -2.2084763316494367e-05 -0.0004961399616454466
677 -1.9194538005935835e-05 -0.0004811879088888554
679 -1.94688296964677e-06 -0.00046997241146640905
681 -4.718902883713147e-06 -0.0004724150240643078
683 -1.0811548908438944e-05 -0.0004514362930067724
685 1.2636686999598062e-05 -0.0004676780740686866
687 -4.0268988195320015e-05 -0.0004683394675993074
689 1.190097640799214e-05 -0.00046190444883077145
691 -4.860784296267763e-07 -0.0004697763626545644
693 1.5583031792396996e-05 -0.0004487607976000653
695 -5.914526813869141e-06 -0.00045175124119382253
697 8.780823761196175e-06 -0.000455294713019573
699 -1.07142378302624e-05 -0.00045311651169352375
701 1.71115633001561e-05 -0.000439804289749447
703 2.0146906544809232e-05 -0.00046606119676598223
705 1.270937423932673e-05 -0.00044133768216141447
707 2.168467718026695e-05 -0.0004706532327625564
709 1.5121177439577876e-05 -0.00045124053120489376
711 -8.511105934826155e-06 -0.0004450109552572123
713 -1.9036368819639213e-05 -0.0004359447289783531
715 -8.746189262600648e-06 -0.0004610492656456426
717 -7.903752241809564e-06 -0.0004265940965706238
719 1.5616972497651047e-05 -0.00043092798461384993
721 1.6797258730555293e-05 -0.00046650791231747554
723 1.332015972155063e-06 -0.00042428555631556327
725 2.5640994144520583e-05 -0.00045703912678509383
727 -3.468607924721663e-07 -0.0004650740073819857
729 7.997183130200659e-06 -0.0004165326076183684
731 6.077139605672218e-06 -0.0004396616928248573
733 4.761386162885074e-06 -0.0004463531846790761
735 -2.5814390827457668e-05 -0.0004325781112782268
737 -1.129577939844349e-06 -0.00046049863680293227
739 -8.493550993121807e-06 -0.0004622105475608075
741 1.8713499963609106e-05 -0.0004338121069116975
743 -2.887090854428381e-05 -0.0004320619418607232
745 1.5510837643342081e-06 -0.0004472468778425871
747 -6.594597680797788e-06 -0.0004416103066449687
749 1.0405233628056862e-05 -0.00044660306329067517
751 -1.6923505773951824e-05 -0.00042628499335266843
753 2.9830606000122452e-06 -0.00041374111622473944
755 -5.458557468832903e-06 -0.00040944997074092416
757 -1.0895669934987729e-05 -0.00041375276995310293
759 -1.8038504703021438e-06 -0.0004201068577237572
761 -2.419782295947758e-05 -0.0004234851454199792
763 -2.39838244840356e-06 -0.0004130568824039177
765 -2.3075193939355066e-05 -0.00042691803366344934
767 1.9374182664764704e-05 -0.00043515052027269085
769 -1.9237001561580254e-05 -0.0004008454941460134
771 -1.1164360972453373e-05 -0.00042010991855095345
773 9.097607364747913e-06 -0.00043005216019884805
775 -2.4030271776829176e-05 -0.00042221001132468784
777 1.2774454697849395e-05 -0.0004199144137383118
779 -5.533943134015065e-06 -0.00041651313543100916
781 7.503531157769521e-06 -0.00038981925500761313
783 1.2705713507466807e-05 -0.0004003810499614401
785 3.32703482139111e-05 -0.0004058290520457915
787 -1.0021176603936723e-05 -0.0003938001322053611
789 5.654059761197089e-06 -0.00041980092470567256
791 2.060929891647162e-06 -0.0004183078246740811
793 1.1660733765022982e-05 -0.00039234652495090465
795 -9.694777127650282e-06 -0.0004058864331699679
797 2.595883726063593e-06 -0.00039563943041929806
799 1.2923535231148566e-06 -0.00040748977715668924
801 9.836132603698228e-06 -0.0003961339482396492
803 -2.4052369531912964e-06 -0.00041090603990331665
805 -8.392858944753711e-06 -0.0004083532800671687
807 -9.251924290422877e-06 -0.00037427376475327747
809 -1.0480757592863161e-05 -0.0003881864708496715
811 -6.853857453469742e-06 -0.0003995332388544093
813 -1.6119617081725558e-05 -0.00038649000373372564
815 -6.2858340972878425e-06 -0.0003907291144176677
817 2.244336611318648e-05 -0.00035349271973060645
819 1.3963957582755528e-05 -0.0003849505604296623
821 -8.162292489998473e-06 -0.00038720373249646005
823 4.384823307406124e-06 -0.0003909770939370652
825 -6.3991508660646675e-06 -0.00040212049513741876
827 7.530287938693983e-06 -0.0003567957646485037
829 3.909332042255516e-06 -0.00040777614346849695
831 -4.866038180102468e-06 -0.00038141432662671206
833 1.520350796929166e-06 -0.0004053050864832251
835 -4.087628278716345e-06 -0.0003972808679192438
837 -1.5428692836387926e-06 -0.0003756128527502815
839 -1.7106388845212426e-05 -0.0003696657895887924
841 -1.872635820224398e-05 -0.00037394516306404196
843 2.0413393075744445e-05 -0.0003844247685208294
845 -3.820120162612981e-06 -0.0003795902629118577
847 1.4869279385463238e-05 -0.00037838372231831864
849 -1.4860777111513025e-05 -0.0003677854422483743
851 -3.446163471734319e-05 -0.0003570744556136618
853 1.114671915285089e-05 -0.0003728474458272173
855 -1.1268926391782426e-05 -0.00038938120977804775
857 1.7716306277447575e-05 -0.000381965118816612
859 2.9608079526949477e-05 -0.0003866157123440863
861 2.754459471173296e-05 -0.00038583483290012625
863 -1.2505808221021572e-05 -0.00037780797535018183
865 2.037917815225179e-05 -0.00037338519538911125
867 8.4234026422283e-06 -0.00036347080182054774
869 8.444927189357819e-06 -0.0003897253049021766
871 -4.583120876702308e-05 -0.00036043332469341274
873 -4.11663663637424e-06 -0.0003413677828866352
875 -4.946622511332146e-06 -0.00040178382505714946
877 7.394068800944231e-06 -0.00037023687949151556
879 4.068896085793933e-06 -0.0003711231930861687
881 -1.237774368891068e-06 -0.00036970370042145335
883 3.566606314522029e-05 -0.0003503487803863344
885 6.624203245653161e-06 -0.00032262587228257597
887 -1.373015300068167e-05 -0.0003790051156524264
889 6.262854021815086e-06 -0.00037372994078232287
891 -2.3655707260372616e-05 -0.0003379089152780093
893 -4.657660329455738e-06 -0.0003533969582250021
895 -1.1569232104630065e-05 -0.00035211966785207184
897 -5.039520455351288e-06 -0.000368991723992327
899 1.441665451383823e-05 -0.0003570609445893447
901 7.219377431317356e-06 -0.0003626115555904271
903 -4.367722730680506e-06 -0.00036304243556406555
905 5.437568874540506e-06 -0.0003410904017471365
907 -1.5643196875617153e-06 -0.00037286241074936563
909 -1.4104309738036381e-05 -0.0003755985760967217
911 2.4239193603250893e-05 -0.0003559036748452023
913 1.620687013453176e-05 -0.00031839336494477285
915 -7.733655861588311e-06 -0.00033933309963337917
917 -6.311392995730482e-06 -0.00035824908483426845
919 8.316271032667502e-06 -0.00038886784686816277
921 -9.390317383082121e-06 -0.0003573570539163602
923 -1.5641849541517125e-06 -0.0003425297515406419
925 2.16724454429719e-05 -0.00034937249254042124
927 -1.723917973231459e-05 -0.0003643908665974556
929 -2.0479184994305246e-06 -0.00035423450007564163
931 7.800237186762125e-06 -0.0003352956743166889
933 4.729196878976313e-06 -0.00034585165028392897
935 1.2318847116694926e-05 -0.0003422802194883431
937 -6.978915365815764e-06 -0.0003371619420549924
939 9.386457257974057e-07 -0.0003593690931276135
941 -1.5034395446960288e-05 -0.0003457339263781844
943 1.8786388569871808e-05 -0.0003336351553007202
945 -1.3303553304778191e-05 -0.00034317184659554944
947 1.292639460943002e-05 -0.0003397433177643833
949 -1.7709642832215692e-06 -0.0003223540988443495
951 9.010743609167623e-06 -0.000335565691460782
953 -1.6523302545954158e-05 -0.0003295028740085753
955 1.4932970530035863e-05 -0.00031348031742983165
957 -1.619303487891488e-05 -0.00034795201179690797
959 -8.402081862976276e-06 -0.00032932471258424186
961 1.3764172923545435e-05 -0.000338005576307694
963 9.760992222407872e-06 -0.0003268862910354942
965 1.3267735371226818e-05 -0.000350906126920578
967 -4.884179828791765e-06 -0.00034530223512349296
969 6.425723518372939e-06 -0.0002782718472041331
971 9.404568383616141e-07 -0.0003283951931507945
973 1.397104549919556e-05 -0.00032772159390213293
975 5.11162896905647e-06 -0.00033091740028877946
977 9.572551644097356e-06 -0.0003271718353841921
979 -1.1543726035403347e-05 -0.0003164480513269195
981 9.62264115709399e-06 -0.00030658058422921626
983 -7.920372113814302e-06 -0.0003427965162298664
985 7.390575790308236e-06 -0.0003262408300092121
987 -1.3975388883844002e-05 -0.00031700076162151803
989 -1.4248632927588552e-05 -0.0003305788322836576
991 1.009269543458588e-05 -0.00033322058592918675
993 -7.335959314591103e-06 -0.0003296917396936514
995 1.2361522496193703e-05 -0.0003221210697809049
997 -3.082558637801889e-06 -0.0003278681683354713
999 1.6670832583174246e-05 -0.0003048345459687025
1001 -5.5184521683713984e-06 -0.00031186250686385936
1003 -3.549862005934379e-05 -0.0003265039273899683
1005 8.385050268841282e-06 -0.00032510996899426484
1007 1.9875117889899857e-05 -0.0003207384504030888
1009 -2.1670130232275208e-05 -0.00031866966547571007
1011 8.1301872321978e-07 -0.00031319285293370696
1013 -1.2554338243831285e-05 -0.0003193442274473109
1015 1.2489383601080823e-05 -0.00028989699794475905
1017 1.7290516716809577e-05 -0.0003153071997197427
1019 -1.5608153493555367e-05 -0.0002950582213187718
1021 -9.618865809496409e-06 -0.00030425759638823225
1023 6.35045793163327e-06 -0.00032974791107411077
1025 -7.314395965986246e-06 -0.00032009592441511943
1027 -1.5690704735148433e-05 -0.00028753481626160387
1029 2.311312056606911e-06 -0.0003179839253482625
1031 1.2140744766907994e-05 -0.0002973435974267899
1033 6.7667297939625555e-06 -0.000315062017655643
1035 -2.2064428495656462e-05 -0.000293044417376188
1037 -1.3704143225203488e-05 -0.0002905909174863079
1039 6.2799102463660935e-06 -0.0002934965942106062
1041 1.9673612995935546e-05 -0.00029999587841817837
1043 -6.425047638199726e-07 -0.0002858967386785205
1045 -1.355956071376807e-05 -0.00030227510190767155
1047 6.29593123708415e-06 -0.000302359161414015
1049 1.4941242188942739e-05 -0.00031665283617438207
1051 2.6682936546611828e-05 -0.000300655185769841
1053 -8.513269570621741e-06 -0.0003276479452367003
1055 1.4875444607313692e-05 -0.00029712311627637145
1057 -5.0490645970781836e-06 -0.00030969795739874774
1059 2.911672681901722e-05 -0.00030765989555671153
1061 1.0934099727516876e-05 -0.00028502410126181066
1063 -1.1644139963984588e-05 -0.0003231489283287883
1065 -2.6775811182153008e-05 -0.00030284780747265067
1067 7.64035064207841e-06 -0.0003105385680164365
1069 -1.601653437432672e-05 -0.00028608386718719956
1071 -3.155661291808722e-06 -0.00026736341149565445
1073 -8.10641035773819e-06 -0.0002915956521005814
1075 1.9054402217662939e-06 -0.00028044187938758714
1077 2.2661394287152172e-05 -0.0002747998468321591
1079 2.8226724617860412e-05 -0.000284595609691394
1081 2.1804482529797433e-05 -0.0002781316204603782
1083 6.6366824416491e-06 -0.00029674767950215396
1085 1.1412529449694791e-05 -0.00029967814766802754
1087 -9.573181520776291e-06 -0.0002671302293312781
1089 4.073766148844597e-06 -0.00025730310907132143
1091 1.8652949147985407e-05 -0.0003089118954990885
1093 -4.216289340580358e-06 -0.0002764681930104405
1095 -6.781517515524609e-06 -0.0003171308641846244
1097 1.6124112609601652e-06 -0.0002740692989976459
1099 3.821474684378913e-06 -0.000296548301567332
1101 -3.385136063163022e-06 -0.0002771594972932335
1103 4.60730139691179e-06 -0.00031103376269781186
1105 3.509197331083319e-06 -0.0003062967707598434
1107 5.992332715908719e-06 -0.0002977395546070583
1109 8.665595353053741e-06 -0.0002951829759124059
1111 -1.617080446694765e-06 -0.00027012333412176947
1113 -2.100492236877369e-05 -0.0003197359183890545
1115 -2.3934634069415925e-05 -0.00029310481870671915
1117 2.7584695918348514e-05 -0.00028371438401581433
1119 -1.8658470124286925e-06 -0.0002672457750732588
1121 -1.2148303807778905e-05 -0.0003027437323402736
1123 -5.371431159095338e-06 -0.0002772168787322131
1125 5.466889129031453e-06 -0.0002730964616434265
1127 -3.200242130292673e-06 -0.00029495553041457295
1129 -5.556791719351147e-06 -0.0002623160718268351
1131 2.648153029989268e-06 -0.0002843387716842046
1133 1.217819697811638e-05 -0.00027563756264946507
1135 1.702801123538444e-05 -0.00025147913326405104
1137 7.3811055773776765e-06 -0.0002992138034756935
1139 2.0712058783377574e-05 -0.000257864516183951
1141 -5.259002716165519e-06 -0.0002651534197965503
1143 5.222954954068667e-07 -0.0002697547253972856
1145 -2.262924408804933e-05 -0.000252390198333617
1147 1.6354473660231913e-05 -0.00028045629379092415
1149 -4.4171333168776995e-06 -0.0002659461091269622
1151 1.974703920920944e-06 -0.00029619261955834064
1153 1.7765952074214473e-05 -0.00027306942174263346
1155 -1.8186695374293647e-05 -0.0002912343541422293
1157 2.0532119795418635e-06 -0.000276814923325791
1159 2.9969692600395524e-06 -0.0002725655876072201
1161 1.9184060301355006e-05 -0.0002599972914411553
1163 -9.47085795058138e-06 -0.000276957488911177
1165 1.5920076324128634e-05 -0.00026907692110463753
1167 7.5022896885976495e-06 -0.00025604556896259676
1169 1.9263156152647157e-06 -0.0002743674832004626
1171 -7.015672131339961e-07 -0.00028828987168271007
1173 -1.5065125514915236e-05 -0.0002641110263460822
1175 -7.258888151014968e-06 -0.0002653990127203809
1177 5.234892552898588e-06 -0.0002643222907111603
1179 -7.977734729585564e-09 -0.00025703804642028045
1181 -1.086650051726403e-05 -0.0002684878354571479
1183 -2.6285097880455717e-05 -0.0002544411511994368
1185 3.681055778222417e-06 -0.0002896524789986208
1187 -3.3037042541309223e-06 -0.0002768751823517404
1189 1.5999290177071252e-05 -0.0002569392313383535
1191 9.729362689092726e-06 -0.00025928455777711354
1193 1.0794409447285539e-05 -0.00025113929921206327
1195 -3.7208287637599726e-06 -0.00026982872627980963
1197 1.5390498156457823e-05 -0.00027709247250767285
1199 1.2437851768114545e-05 -0.0002559997182754071
1201 3.4770474578593687e-06 -0.0002640518741117592
1203 -3.405746205362757e-05 -0.00027674302549958674
1205 2.306037922232655e-06 -0.000274760850860441
1207 -2.3483648558611776e-05 -0.00028443741423892557
1209 -1.8335421093551413e-05 -0.0002748121212281947
1211 -1.6487132791073927e-05 -0.000276907150217925
1213 1.672189970014459e-05 -0.0002676039020378246
1215 -4.010101684076712e-06 -0.0002896642073977641
1217 -3.47020257856335e-06 -0.00026508473870107845
1219 4.648812528138039e-06 -0.0002473903886551785
1221 -1.1954828779098402e-05 -0.00026275214704844357
1223 7.28452661108912e-06 -0.00026572904848687573
1225 2.932166538489452e-05 -0.00025728099165175613
1227 6.946370645629298e-06 -0.0002520846140526195
1229 1.3050243567579951e-05 -0.0002464044299324599
1231 -1.0022691987534704e-05 -0.00025644623038956037
1233 -2.414086930106262e-06 -0.00025556090184141806
1235 -1.0198365721901249e-05 -0.0002599810302784026
1237 -1.3244204668390404e-05 -0.0002510618412873995
1239 -1.7539012476357766e-05 -0.00024317907231220494
1241 4.999041242444741e-06 -0.00026175278453692606
1243 2.369650924686289e-05 -0.0002778895161042068
1245 -4.8579028791896884e-06 -0.0002457523776436394
1247 -1.0493750685147144e-05 -0.0002890057360622026
1249 -9.683427775786751e-06 -0.0002569201030761032
1251 2.4551662866163796e-06 -0.0002368623552708622
1253 -2.335181576145011e-06 -0.00025026660290936156
1255 4.592715201583888e-07 -0.0002298645982466874
1257 -1.7364219714164904e-05 -0.000238138375946574
1259 -3.1343987447246567e-06 -0.00025490824051705043
1261 1.7550333035393974e-05 -0.0002487313745216809
1263 -8.47430735320986e-06 -0.00023041978576097695
1265 -2.164209282714933e-05 -0.0002510055922434761
1267 1.9919386137413323e-06 -0.00022637206066953506
1269 1.1266381974133584e-05 -0.00027458889087910983
1271 5.069933674160957e-06 -0.0002447358528911847
1273 4.42501436080315e-06 -0.00025857290361443945
1275 4.843020792427356e-06 -0.00022573222174681283
1277 1.4868033506169709e-05 -0.00026334520027613764
1279 2.7382879589236265e-05 -0.00023332423316688636
1281 -2.2927799164181296e-05 -0.0002357414050159731
1283 9.498413968604492e-06 -0.00027077164847526795
1285 -2.11983576787934e-05 -0.0002629960139332388
1287 -6.7480931240862625e-06 -0.0002603424834370511
1289 -4.948689427231352e-07 -0.00025801737367470926
1291 8.68183740563582e-06 -0.00024444760617445336
1293 -9.800680360491249e-06 -0.000260338969540157
1295 9.28396587478582e-07 -0.00025846165804779863
1297 4.56762134072784e-06 -0.00024722094259451403
1299 2.538793617386995e-06 -0.0002324686912171265
1301 1.380098061813857e-05 -0.00024424454436028343
1303 -6.61148742784476e-06 -0.0002631102221842666
1305 8.713574947791548e-06 -0.0002342889501242952
1307 1.1903931466303985e-05 -0.0002508657664509995
1309 -1.9916613701567945e-07 -0.0002455988101431382
1311 1.2135224726723194e-05 -0.00023119542805821524
1313 1.7339951402881509e-06 -0.00022458253006848409
1315 1.1106111899982066e-05 -0.0002426478112499548
1317 4.830547890406466e-06 -0.00022874136626004903
1319 1.1338555227838871e-06 -0.0002641887425000208
1321 -6.954465472625108e-06 -0.00021904960262514764
1323 4.316801891078125e-06 -0.00024625828061432487
1325 -2.9218780703874768e-05 -0.00023196670751624688
1327 -1.846886870650418e-05 -0.00022834700462404792
1329 1.0746534130454397e-06 -0.0002500735440575863
1331 -7.899589622441858e-06 -0.0002340650894667877
1333 -7.292752884810189e-06 -0.0002262126987956009
1335 -1.0231560939720301e-05 -0.000245506244674124
1337 -6.609610997553544e-06 -0.00023700063839772145
1339 -1.1849355570256503e-05 -0.0002554410595842141
1341 1.0022268427061059e-05 -0.00018966462049607434
1343 6.524690861516587e-06 -0.0002524681318572771
1345 1.4672026826377506e-05 -0.00024412910026492195
1347 1.002792302672231e-05 -0.00020822293566696775
1349 7.184519547398656e-06 -0.0002383992144904703
1351 1.0336319286533257e-05 -0.0002397141129625358
1353 6.406750665609089e-06 -0.00023395754179473104
1355 4.066366977801967e-06 -0.00025937616322712124
1357 -1.8662125508582578e-06 -0.0002571226154849935
1359 1.96314261849085e-05 -0.00019552211160557158
1361 1.6166625469495215e-05 -0.00022606075426412787
1363 -8.470644271816796e-06 -0.0002576450063334966
1365 6.934720573584457e-08 -0.00023929338993677426
1367 2.46083063602806e-05 -0.0002487768890339563
1369 -1.4392425157339336e-05 -0.0002282083515202304
1371 -3.3057410806452114e-05 -0.00024404442834889483
1373 -1.0495247667121177e-06 -0.00022767792142561362
1375 -7.643028445725645e-06 -0.00021733888889245647
1377 4.86706844770117e-07 -0.0002459321499322995
1379 7.633718794928141e-06 -0.00022554659360441803
1381 -3.2663475885123255e-05 -0.00023689393904539029
1383 1.4334082278861994e-05 -0.00024190459157679504
1385 -1.7947905073157702e-05 -0.0002472951525126915
1387 -5.077948930825052e-06 -0.00021400860942482572
1389 1.1478855877138805e-05 -0.00021820224546007652
1391 -1.5799134531561017e-05 -0.00022495831385651216
1393 -1.898192195268322e-05 -0.0002138019493316535
1395 -1.2769586984945982e-05 -0.00020911387108683803
1397 -3.664382987359231e-06 -0.00021511579480885837
1399 2.5604049405780737e-05 -0.0002511016291421421
1401 -1.5446587873952365e-06 -0.0002360368761031821
1403 1.0671542949103419e-05 -0.00019360329824113771
1405 -9.818897119120304e-07 -0.00024906733803094444
1407 -1.3958976094576745e-05 -0.00019577055672627264
1409 1.1387542862533483e-05 -0.0002186949467952054
1411 3.0270458582219053e-05 -0.0002245535086498371
1413 -1.4873316114999858e-05 -0.00021708306120877846
1415 1.6316321900325986e-05 -0.00022197555535261233
1417 6.403841692450768e-06 -0.0002029791996393826
1419 -1.0246061437981753e-05 -0.000234508793539886
1421 1.7603337550497537e-05 -0.00023839044128269463
1423 1.7306027349021458e-05 -0.0002172095241537433
1425 -8.842237561641863e-06 -0.00021183311274020907
1427 1.7398389689470005e-05 -0.00021959376322403822
1429 -1.5423330565456774e-06 -0.0002299966644906573
1431 7.466735640342675e-06 -0.00021116865480806576
1433 5.2735736295066576e-06 -0.00021305597929987402
1435 -9.894717960570333e-06 -0.00024175582123362645
1437 3.717828635703299e-07 -0.00022784476675166668
1439 3.1098565370930676e-06 -0.0002110634662588967
1441 2.6592541416984986e-06 -0.000219946714424018
1443 2.889051064609046e-06 -0.00019664439393717346
1445 1.614961145930173e-05 -0.00025912937771645716
1447 3.5165726191991245e-05 -0.00021326333065828983
1449 -3.0224251529397788e-05 -0.00018961357544853647
1451 6.974470150576248e-07 -0.00023081824885254633
1453 5.8240471865171216e-06 -0.000214821362881972
1455 1.013192873809914e-05 -0.0002199919093417306
1457 1.0178167387670622e-06 -0.0002357714190763876
1459 -5.638188351738372e-07 -0.000254702954905402
1461 -5.554589034512324e-06 -0.00024011673593428892
1463 -2.6556657201499697e-06 -0.00019952755585530592
1465 -2.4655168091074263e-05 -0.00022327554914325704
1467 -5.0186153411358e-06 -0.00020466247630162627
1469 -1.8956281264326905e-07 -0.00020500378048696687
1471 -1.8750443550552497e-05 -0.00018817540164939024
1473 2.0713612389117582e-05 -0.0002259791374798789
1475 1.2907377174481813e-05 -0.00019341277627934724
1477 -1.5565277246860355e-05 -0.00022812091600624753
1479 -2.6522994535693282e-05 -0.00023135544800955934
1481 5.280235079687505e-06 -0.00020550672757316623
1483 4.0031769965330955e-06 -0.00024194454954470603
1485 -6.218062997676063e-06 -0.00020568909812038693
1487 2.6202500565905912e-05 -0.00021284683386493163
1489 4.100941547621985e-05 -0.00019451964582264773
1491 -2.473604838865169e-05 -0.0002019411253749226
1493 -1.627151346199274e-05 -0.00020914989238545064
1495 -1.043754951386084e-05 -0.00023406203515654388
1497 2.1608587286583307e-05 -0.0002048286350758373
1499 -8.61370573704086e-06 -0.00019765761635367335
1501 2.720238320209532e-05 -0.00021757864022067637
1503 -7.67027297412092e-06 -0.00022540720256519967
1505 8.719665220446923e-06 -0.0002057211946327129
1507 -1.3031130336599231e-05 -0.00021307558923627294
1509 -4.209039278677011e-06 -0.0001920864996111427
1511 -5.688577212620773e-06 -0.00021093123896183112
1513 -1.690239990229809e-05 -0.00018421655345983331
1515 1.9007786727243142e-06 -0.0002214552304355509
1517 -8.486476615522629e-06 -0.00021790284320998698
1519 1.489596052376538e-06 -0.00022352198558807937
1521 -1.6829571556615073e-05 -0.00021439064860223573
1523 1.0542242161405046e-05 -0.00020896983401756756
1525 1.876122168672334e-05 -0.00023854106465572263
1527 3.2793874189637433e-06 -0.00018995804518102106
1529 1.2037486851856247e-05 -0.00019904668163006975
1531 -1.584999106335049e-05 -0.00021200650331939806
1533 -1.219357033143966e-05 -0.00020698400114810706
1535 -1.0619367479074908e-05 -0.0001814449229819706
1537 4.240468643595342e-06 -0.00020086527769639422
1539 -2.9012790234321098e-05 -0.00021020573232515281
1541 2.660238781435082e-05 -0.00022464187122299452
1543 -1.7110667940120718e-05 -0.00019558780198875185
1545 -6.826554818516404e-06 -0.00019338581431367603
1547 -4.204983073128595e-06 -0.00021164690368949193
1549 2.4003691167204206e-05 -0.00020815640940818694
1551 1.3075898368026485e-05 -0.00019582765953844933
1553 -9.751310763282937e-06 -0.00021269501941551883
1555 2.2478732257592368e-05 -0.0002206737440762224
1557 -9.997960325456108e-06 -0.00019511611238159866
1559 -2.5714802430007733e-05 -0.00021124464185879644
1561 -1.3883878468131025e-05 -0.00020075470401425464
1563 3.4923381564985877e-06 -0.00020788086104115848
1565 2.9867265794802292e-06 -0.00019712511118036112
1567 -2.2082758061446077e-05 -0.00020959179395268937
1569 -1.7012401916217625e-05 -0.00019099970534675883
1571 1.2784481140725021e-05 -0.00019047224031141483
1573 1.3393001884379253e-05 -0.0002122031486087091
1575 -2.719206106084455e-06 -0.00022435420555317787
1577 1.362401609571748e-05 -0.0001897549401058033
1579 1.750481997780089e-05 -0.00019676441538757244
1581 2.6293710610451742e-05 -0.0001964475431999859
1583 6.835741870990984e-06 -0.00019699044743076108
1585 2.431268471703951e-05 -0.00019597960258620325
1587 -8.104528125789739e-06 -0.0002039067420035133
1589 -2.130317024007556e-05 -0.0001867088107558276
1591 2.941712830405983e-06 -0.00019762551548783554
1593 4.881090335039717e-06 -0.0001924466036976823
1595 6.692330190437862e-06 -0.00020063555756828937
1597 7.214922629715909e-06 -0.0001887010975892484
1599 -7.569002270767873e-07 -0.00021241392614782442
1601 4.0530383711779484e-06 -0.00019497422526904872
1603 6.3271785386764185e-06 -0.00019455833942313137
1605 -1.0675329850022943e-05 -0.00019081261064842956
1607 -1.0735465374896854e-05 -0.00020489080014926482
1609 9.177277439555256e-06 -0.00020707989327275127
1611 8.289538101517932e-06 -0.00022728229325628653
1613 1.9012101271727478e-05 -0.00019964817268882317
1615 1.0921178435667806e-05 -0.00020081817897928383
1617 1.5805712775771442e-07 -0.0002215306000032071
1619 -6.789829100001386e-06 -0.0001727274910212141
1621 1.3704302365203015e-05 -0.00019334836771901212
1623 1.1268748103599133e-05 -0.00019529673314512425
1625 -7.163034038656957e-06 -0.00019622217391249868
1627 2.8828855011453303e-06 -0.0001942794912673337
1629 2.1893061014570846e-05 -0.000202187097430125
1631 -1.8079977106390455e-05 -0.0001973052035429616
1633 -1.652757314370862e-05 -0.000160987961180091
1635 -5.820192880900647e-06 -0.00018021714960198373
1637 -3.651139918138239e-07 -0.00018120810343835858
1639 0.0 -0.00019420981463318527
1641 0.0 -0.00019397311772321186
1643 0.0 -0.00019373699706864923
1645 0.0 -0.00019350145056765394
1647 0.0 -0.00019326647612859178
1649 0.0 -0.00019303207166997615
1651 0.0 -0.00019279823512040624
1653 0.0 -0.00019256496441850618
1655 0.0 -0.00019233225751286444
1657 0.0 -0.00019210011236197387
1659 0.0 -0.0001918685269341716
1661 0.0 -0.00019163749920758018
1663 0.0 -0.0001914070271700485
1665 0.0 -0.0001911771088190935
1667 0.0 -0.00019094774216184206
1669 0.0 -0.00019071892521497344
1671 0.0 -0.0001904906560046623
1673 0.0 -0.00019026293256652163
1675 0.0 -0.00019003575294554667
1677 0.0 -0.00018980911519605884
1679 0.0 -0.00018958301738165021
1681 0.0 -0.0001893574575751283
1683 0.0 -0.00018913243385846148
1685 0.0 -0.00018890794432272444
1687 0.0 -0.00018868398706804428
1689 0.0 -0.0001884605602035469
1691 0.0 -0.00018823766184730378
1693 0.0 -0.0001880152901262792
1695 0.0 -0.0001877934431762777
1697 0.0 -0.00018757211914189196
1699 0.0 -0.00018735131617645125
1701 0.0 -0.00018713103244196984
1703 0.0 -0.00018691126610909613
1705 0.0 -0.00018669201535706197
1707 0.0 -0.0001864732783736325
1709 0.0 -0.000186255053355056
1711 0.0 -0.00018603733850601443
1713 0.0 -0.00018582013203957424
1715 0.0 -0.00018560343217713743
1717 0.0 -0.00018538723714839296
1719 0.0 -0.00018517154519126857
1721 0.0 -0.000184956354551883
1723 0.0 -0.00018474166348449837
1725 0.0 -0.00018452747025147288
1727 0.0 -0.00018431377312321404
1729 0.0 -0.00018410057037813226
1731 0.0 -0.00018388786030259428
1733 0.0 -0.0001836756411908775
1735 0.0 -0.0001834639113451243
1737 0.0 -0.0001832526690752969
1739 0.0 -0.0001830419126991321
1741 0.0 -0.00018283164054209687
1743 0.0 -0.00018262185093734405
1745 0.0 -0.00018241254222566803
1747 0.0 -0.00018220371275546118
1749 0.0 -0.0001819953608826705
1751 0.0 -0.00018178748497075424
1753 0.0 -0.0001815800833906393
1755 0.0 -0.00018137315452067848
1757 0.0 -0.00018116669674660824
1759 0.0 -0.00018096070846150694
1761 0.0 -0.0001807551880657528
1763 0.0 -0.0001805501339669828
1765 0.0 -0.00018034554458005138
1767 0.0 -0.00018014141832698965
1769 0.0 -0.0001799377536369648
1771 0.0 -0.00017973454894623978
1773 0.0 -0.0001795318026981335
1775 0.0 -0.00017932951334298066
1777 0.0 -0.00017912767933809268
1779 0.0 -0.0001789262991477182
1781 0.0 -0.00017872537124300432
1783 0.0 -0.00017852489410195775
1785 0.0 -0.00017832486620940653
1787 0.0 -0.00017812528605696176
1789 0.0 -0.0001779261521429797
1791 0.0 -0.00017772746297252412
1793 0.0 -0.00017752921705732887
1795 0.0 -0.00017733141291576083
1797 0.0 -0.0001771340490727828
1799 0.0 -0.00017693712405991702
1801 0.0 -0.00017674063641520858
1803 0.0 -0.0001765445846831895
1805 0.0 -0.0001763489674148425
1807 0.0 -0.00017615378316756538
1809 0.0 -0.0001759590305051358
1811 0.0 -0.0001757647079976757
1813 0.0 -0.00017557081422161648
1815 0.0 -0.00017537734775966427
1817 0.0 -0.00017518430720076536
1819 0.0 -0.00017499169114007184
1821 0.0 -0.00017479949817890758
1823 0.0 -0.00017460772692473432
1825 0.0 -0.0001744163759911182
1827 0.0 -0.00017422544399769605
1829 0.0 -0.0001740349295701425
1831 0.0 -0.0001738448313401369
1833 0.0 -0.00017365514794533043
1835 0.0 -0.00017346587802931373
1837 0.0 -0.00017327702024158448
1839 0.0 -0.00017308857323751532
1841 0.0 -0.00017290053567832193
1843 0.0 -0.00017271290623103132
1845 0.0 -0.00017252568356845022
1847 0.0 -0.0001723388663691341
1849 0.0 -0.0001721524533173557
1851 0.0 -0.00017196644310307437
1853 0.0 -0.0001717808344219054
1855 0.0 -0.0001715956259750893
1857 0.0 -0.00017141081646946188
1859 0.0 -0.0001712264046174237
1861 0.0 -0.00017104238913691062
1863 0.0 -0.00017085876875136378
1865 0.0 -0.0001706755421897001
1867 0.0 -0.00017049270818628317
1869 0.0 -0.0001703102654808939
1871 0.0 -0.0001701282128187016
1873 0.0 -0.00016994654895023526
1875 0.0 -0.00016976527263135502
1877 0.0 -0.0001695843826232236
1879 0.0 -0.0001694038776922782
1881 0.0 -0.00016922375661020236
1883 0.0 -0.0001690440181538984
1885 0.0 -0.00016886466110545926
1887 0.0 -0.00016868568425214135
1889 0.0 -0.00016850708638633705
1891 0.0 -0.0001683288663055477
1893 0.0 -0.00016815102281235642
1895 0.0 -0.0001679735547144014
1897 0.0 -0.00016779646082434933
1899 0.0 -0.00016761973995986872
1901 0.0 -0.00016744339094360375
1903 0.0 -0.00016726741260314801
1905 0.0 -0.00016709180377101873
1907 0.0 -0.00016691656328463066
1909 0.0 -0.00016674168998627068
1911 0.0 -0.00016656718272307203
1913 0.0 -0.00016639304034698937
1915 0.0 -0.0001662192617147732
1917 0.0 -0.00016604584568794505
1919 0.0 -0.00016587279113277264
1921 0.0 -0.000165700096920245
1923 0.0 -0.00016552776192604822
1925 0.0 -0.0001653557850305406
1927 0.0 -0.00016518416511872893
1929 0.0 -0.000165012901080244
1931 0.0 -0.00016484199180931677
1933 0.0 -0.0001646714362047546
1935 0.0 -0.00016450123316991768
1937 0.0 -0.00016433138161269526
1939 0.0 -0.00016416188044548254
1941 0.0 -0.0001639927285851575
1943 0.0 -0.00016382392495305749
1945 0.0 -0.00016365546847495665
1947 0.0 -0.00016348735808104298
1949 0.0 -0.0001633195927058957
1951 0.0 -0.00016315217128846267
1953 0.0 -0.00016298509277203822
1955 0.0 -0.00016281835610424075
1957 0.0 -0.00016265196023699065
1959 0.0 -0.00016248590412648836
1961 0.0 -0.00016232018673319258
1963 0.0 -0.0001621548070217986
1965 0.0 -0.00016198976396121663
1967 0.0 -0.00016182505652455044
1969 0.0 -0.00016166068368907602
1971 0.0 -0.00016149664443622055
1973 0.0 -0.00016133293775154117
1975 0.0 -0.00016116956262470414
1977 0.0 -0.00016100651804946416
1979 0.0 -0.0001608438030236436
1981 0.0 -0.0001606814165491119
1983 0.0 -0.00016051935763176535
1985 0.0 -0.00016035762528150664
1987 0.0 -0.00016019621851222482
1989 0.0 -0.0001600351363417751
1991 0.0 -0.00015987437779195916
1993 0.0 -0.00015971394188850512
1995 0.0 -0.00015955382766104796
1997 0.0 -0.00015939403414310998
1999 0.0 -0.00015923456037208138
2001 0.0 -0.00015907540538920076
2003 0.0 -0.00015891656823953604
2005 0.0 -0.00015875804797196543
2007 0.0 -0.00015859984363915828
2009 0.0 -0.00015844195429755634
2011 0.0 -0.0001582843790073549
2013 0.0 -0.00015812711683248418
2015 0.0 -0.0001579701668405909
2017 0.0 -0.00015781352810301968
2019 0.0 -0.00015765719969479478
2021 0.0 -0.00015750118069460202
2023 0.0 -0.0001573454701847705
2025 0.0 -0.00015719006725125467
2027 0.0 -0.00015703497098361652
2029 0.0 -0.00015688018047500772
2031 0.0 -0.000156725694822152
2033 0.0 -0.00015657151312532745
2035 0.0 -0.00015641763448834923
2037 0.0 -0.00015626405801855213
2039 0.0 -0.00015611078282677326
2041 0.0 -0.00015595780802733495
2043 0.0 -0.00015580513273802775
2045 0.0 -0.00015565275608009325
2047 0.0 -0.00015550067717820748
2049 0.0 -0.00015534889516046396
