-2049 0.0 0.00015534889516046396
-2047 0.0 0.00015550067717820748
-2045 0.0 0.00015565275608009325
-2043 0.0 0.00015580513273802775
-2041 0.0 0.00015595780802733495
-2039 0.0 0.00015611078282677326
-2037 0.0 0.00015626405801855213
-2035 0.0 0.00015641763448834923
-2033 0.0 0.00015657151312532745
-2031 0.0 0.000156725694822152
-2029 0.0 0.00015688018047500772
-2027 0.0 0.00015703497098361652
-2025 0.0 0.00015719006725125467
-2023 0.0 0.0001573454701847705
-2021 0.0 0.00015750118069460202
-2019 0.0 0.00015765719969479478
-2017 0.0 0.00015781352810301968
-2015 0.0 0.0001579701668405909
-2013 0.0 0.00015812711683248418
-2011 0.0 0.0001582843790073549
-2009 0.0 0.00015844195429755634
-2007 0.0 0.00015859984363915828
-2005 0.0 0.00015875804797196543
-2003 0.0 0.00015891656823953604
-2001 0.0 0.00015907540538920076
-1999 0.0 0.00015923456037208138
-1997 0.0 0.00015939403414310998
-1995 0.0 0.00015955382766104796
-1993 0.0 0.00015971394188850512
-1991 0.0 0.00015987437779195916
-1989 0.0 0.0001600351363417751
-1987 0.0 0.00016019621851222482
-1985 0.0 0.00016035762528150664
-1983 0.0 0.00016051935763176535
-1981 0.0 0.0001606814165491119
-1979 0.0 0.0001608438030236436
-1977 0.0 0.00016100651804946416
-1975 0.0 0.00016116956262470414
-1973 0.0 0.00016133293775154117
-1971 0.0 0.00016149664443622055
-1969 0.0 0.00016166068368907602
-1967 0.0 0.00016182505652455044
-1965 0.0 0.00016198976396121663
-1963 0.0 0.0001621548070217986
-1961 0.0 0.00016232018673319258
-1959 0.0 0.00016248590412648836
-1957 0.0 0.00016265196023699065
-1955 0.0 0.00016281835610424075
-1953 0.0 0.00016298509277203822
-1951 0.0 0.00016315217128846267
-1949 0.0 0.0001633195927058957
-1947 0.0 0.00016348735808104298
-1945 0.0 0.00016365546847495665
-1943 0.0 0.00016382392495305749
-1941 0.0 0.0001639927285851575
-1939 0.0 0.00016416188044548254
-1937 0.0 0.00016433138161269526
-1935 0.0 0.00016450123316991768
-1933 0.0 0.0001646714362047546
-1931 0.0 0.00016484199180931677
-1929 0.0 0.000165012901080244
-1927 0.0 0.00016518416511872893
-1925 0.0 0.0001653557850305406
-1923 0.0 0.00016552776192604822
-1921 0.0 0.000165700096920245
-1919 0.0 0.00016587279113277264
-1917 0.0 0.00016604584568794505
-1915 0.0 0.0001662192617147732
-1913 0.0 0.00016639304034698937
-1911 0.0 0.00016656718272307203
-1909 0.0 0.00016674168998627068
-1907 0.0 0.00016691656328463066
-1905 0.0 0.00016709180377101873
-1903 0.0 0.00016726741260314801
-1901 0.0 0.00016744339094360375
-1899 0.0 0.00016761973995986872
-1897 0.0 0.00016779646082434933
-1895 0.0 0.0001679735547144014
-1893 0.0 0.00016815102281235642
-1891 0.0 0.0001683288663055477
-1889 0.0 0.00016850708638633705
-1887 0.0 0.00016868568425214135
-1885 0.0 0.00016886466110545926
-1883 0.0 0.0001690440181538984
-1881 0.0 0.00016922375661020236
-1879 0.0 0.0001694038776922782
-1877 0.0 0.0001695843826232236
-1875 0.0 0.00016976527263135502
-1873 0.0 0.00016994654895023526
-1871 0.0 0.0001701282128187016
-1869 0.0 0.0001703102654808939
-1867 0.0 0.00017049270818628317
-1865 0.0 0.0001706755421897001
-1863 0.0 0.00017085876875136378
-1861 0.0 0.00017104238913691062
-1859 0.0 0.0001712264046174237
-1857 0.0 0.00017141081646946188
-1855 0.0 0.0001715956259750893
-1853 0.0 0.0001717808344219054
-1851 0.0 0.00017196644310307437
-1849 0.0 0.0001721524533173557
-1847 0.0 0.0001723388663691341
-1845 0.0 0.00017252568356845022
-1843 0.0 0.00017271290623103132
-1841 0.0 0.00017290053567832193
-1839 0.0 0.00017308857323751532
-1837 0.0 0.00017327702024158448
-1835 0.0 0.00017346587802931373
-1833 0.0 0.00017365514794533043
-1831 0.0 0.0001738448313401369
-1829 0.0 0.0001740349295701425
-1827 0.0 0.00017422544399769605
-1825 0.0 0.0001744163759911182
-1823 0.0 0.00017460772692473432
-1821 0.0 0.00017479949817890758
-1819 0.0 0.00017499169114007184
-1817 0.0 0.00017518430720076536
-1815 0.0 0.00017537734775966427
-1813 0.0 0.00017557081422161648
-1811 0.0 0.0001757647079976757
-1809 0.0 0.0001759590305051358
-1807 0.0 0.00017615378316756538
-1805 0.0 0.0001763489674148425
-1803 0.0 0.0001765445846831895
-1801 0.0 0.00017674063641520858
-1799 0.0 0.00017693712405991702
-1797 0.0 0.0001771340490727828
-1795 0.0 0.00017733141291576083
-1793 0.0 0.00017752921705732887
-1791 0.0 0.00017772746297252412
-1789 0.0 0.0001779261521429797
-1787 0.0 0.00017812528605696176
-1785 0.0 0.00017832486620940653
-1783 0.0 0.00017852489410195775
-1781 0.0 0.00017872537124300432
-1779 0.0 0.0001789262991477182
-1777 0.0 0.00017912767933809268
-1775 0.0 0.00017932951334298066
-1773 0.0 0.0001795318026981335
-1771 0.0 0.00017973454894623978
-1769 0.0 0.0001799377536369648
-1767 0.0 0.00018014141832698965
-1765 0.0 0.00018034554458005138
-1763 0.0 0.0001805501339669828
-1761 0.0 0.0001807551880657528
-1759 0.0 0.00018096070846150694
-1757 0.0 0.00018116669674660824
-1755 0.0 0.00018137315452067848
-1753 0.0 0.0001815800833906393
-1751 0.0 0.00018178748497075424
-1749 0.0 0.0001819953608826705
-1747 0.0 0.00018220371275546118
-1745 0.0 0.00018241254222566803
-1743 0.0 0.00018262185093734405
-1741 0.0 0.00018283164054209687
-1739 0.0 0.0001830419126991321
-1737 0.0 0.0001832526690752969
-1735 0.0 0.0001834639113451243
-1733 0.0 0.0001836756411908775
-1731 0.0 0.00018388786030259428
-1729 0.0 0.00018410057037813226
-1727 0.0 0.00018431377312321404
-1725 0.0 0.00018452747025147288
-1723 0.0 0.00018474166348449837
-1721 0.0 0.000184956354551883
-1719 0.0 0.00018517154519126857
-1717 0.0 0.00018538723714839296
-1715 0.0 0.00018560343217713743
-1713 0.0 0.00018582013203957424
-1711 0.0 0.00018603733850601443
-1709 0.0 0.000186255053355056
-1707 0.0 0.0001864732783736325
-1705 0.0 0.00018669201535706197
-1703 0.0 0.00018691126610909613
-1701 0.0 0.00018713103244196984
-1699 0.0 0.00018735131617645125
-1697 0.0 0.00018757211914189196
-1695 0.0 0.0001877934431762777
-1693 0.0 0.0001880152901262792
-1691 0.0 0.00018823766184730378
-1689 0.0 0.0001884605602035469
-1687 0.0 0.00018868398706804428
-1685 0.0 0.00018890794432272444
-1683 0.0 0.00018913243385846148
-1681 0.0 0.0001893574575751283
-1679 0.0 0.00018958301738165021
-1677 0.0 0.00018980911519605884
-1675 0.0 0.00019003575294554667
-1673 0.0 0.00019026293256652163
-1671 0.0 0.0001904906560046623
-1669 0.0 0.00019071892521497344
-1667 0.0 0.00019094774216184206
-1665 0.0 0.0001911771088190935
-1663 0.0 0.0001914070271700485
-1661 0.0 0.00019163749920758018
-1659 0.0 0.0001918685269341716
-1657 0.0 0.00019210011236197387
-1655 0.0 0.00019233225751286444
-1653 0.0 0.00019256496441850618
-1651 0.0 0.00019279823512040624
-1649 0.0 0.00019303207166997615
-1647 0.0 0.00019326647612859178
-1645 0.0 0.00019350145056765394
-1643 0.0 0.00019373699706864923
-1641 0.0 0.00019397311772321186
-1639 0.0 0.00019420981463318527
-1637 -4.882358596620779e-06 0.00017128433087161245
-1635 -2.1093807235411964e-05 0.00019876802473487947
-1633 -4.8760968780965225e-06 0.00016203861990357263
-1631 -3.884977727592187e-05 0.00019958076471711248
-1629 2.4303762643680817e-05 0.000193638692759602
-1627 -1.2135191056655495e-05 0.0001666139642679723
-1625 -2.1071091692180773e-05 0.0001955076263892212
-1623 8.141303242822095e-06 0.00019408725470022002
-1621 4.394299381297726e-07 0.00018846223120417554
-1619 9.892491895878994e-06 0.00017219517744849675
-1617 -3.5533796136820942e-06 0.00021162367586715763
-1615 1.116544259528999e-05 0.00020297147448588817
-1613 2.185924370587145e-05 0.0001751179838212779
-1611 9.769562929052838e-07 0.00021842908596772992
-1609 -3.240224618670755e-05 0.00021230979882673687
-1607 -2.240937856914758e-05 0.00021442115072569173
-1605 7.670671076021175e-06 0.00019840093369534193
-1603 -4.047842485823716e-06 0.00017165571767645943
-1601 2.2215422005992407e-06 0.00019434358345199376
-1599 4.406822900418557e-06 0.0002284688541339212
-1597 2.303739984596776e-06 0.0002134301839645337
-1595 -2.101934609148572e-05 0.00021482313230324968
-1593 3.925847486901498e-06 0.00019328798933361803
-1591 -7.3293524491276464e-06 0.00019514085927039982
-1589 -9.917281682983482e-06 0.000180724262092869
-1587 -7.310717837368831e-06 0.0002093712663063906
-1585 2.95036128350558e-05 0.00017973131014710608
-1583 7.458204470307085e-06 0.00017144051490803786
-1581 1.7333017142911468e-05 0.00019035090446020375
-1579 -8.150656715507419e-06 0.00022140924858322868
-1577 2.3062103098191207e-06 0.00020741637009908385
-1575 -1.0083338759805633e-05 0.00022517662987135947
-1573 3.6006063519083264e-05 0.00019079125471111358
-1571 2.575616838376573e-05 0.0002005509673543932
-1569 -7.471592743837615e-06 0.0002091855349877992
-1567 -1.0778402101255354e-06 0.00021316271141184833
-1565 1.8423993423522297e-05 0.00018385458620201234
-1563 3.1632207250973408e-06 0.00019459718974076273
-1561 1.6943949567656443e-05 0.00020356802677566838
-1559 -1.7572863951947032e-05 0.00021389270946217296
-1557 -2.567459268875437e-06 0.00020167515626548
-1555 7.790255883735636e-06 0.00020744497669761852
-1553 6.448026795522073e-07 0.00021126878727414306
-1551 2.1960156224931076e-05 0.00021032260521469293
-1549 -5.2822903466842465e-06 0.00019327766085446121
-1547 -8.650022116446546e-06 0.00020600117343654487
-1545 -8.639890399948007e-06 0.00020653485809188842
-1543 -2.31681911718435e-05 0.00019536972766158643
-1541 1.1987404758688196e-05 0.00021722080501329424
-1539 -3.38958464076765e-05 0.00020513205400702903
-1537 -3.215564014909863e-06 0.00019365668613049953
-1535 3.143454334899294e-06 0.00021083592631687302
-1533 -6.101298967678634e-06 0.00020951406846771655
-1531 3.0403981790058174e-06 0.00019573557522929407
-1529 6.493618713329234e-06 0.00018030706419142276
-1527 6.868602099576864e-06 0.0001990207636242835
-1525 1.677838458411106e-05 0.00022888175443418709
-1523 2.014635818007139e-06 0.00020909309009411946
-1521 -2.4842321414747103e-05 0.0002053123411032951
-1519 -1.3536665261120017e-05 0.00021478098439348467
-1517 -1.2155187615975888e-05 0.00021072185458295744
-1515 5.9744181856277e-06 0.0002338365692751602
-1513 -1.8808327117508533e-05 0.00018984607635065336
-1511 -1.8921044300123964e-05 0.0001985592570660363
-1509 -1.718543773424098e-05 0.00018927820275785966
-1507 1.0227027689623557e-05 0.000222137014476716
-1505 2.902495171556031e-05 0.00021522928777294504
-1503 -3.137046799959291e-05 0.00021214969215736307
-1501 1.535557178810559e-05 0.00020132782073785263
-1499 2.5641166336641656e-06 0.00020280234015994887
-1497 6.372922735736061e-06 0.000209999296445893
-1495 -9.30258779026706e-06 0.00024199357883113436
-1493 -2.4554245722253636e-05 0.00022963465639594708
-1491 7.851704418242557e-06 0.00020619323767487885
-1489 1.8998431137092197e-05 0.0002113115498359082
-1487 3.0509233779427717e-05 0.00021084819921357136
-1485 2.1913203929166748e-05 0.00019946671007141264
-1483 -7.839913697248159e-06 0.00022915027743696366
-1481 -1.4522446349125731e-05 0.0002015411618082807
-1479 -1.8612806053299225e-05 0.00021596754230580732
-1477 6.565406084015846e-07 0.0002275290690253443
-1475 -4.3000423412850195e-06 0.00020156889052385288
-1473 1.2317825073211806e-05 0.00022950199324726738
-1471 -1.2561468893751304e-05 0.00020060170787124078
-1469 -1.2856167164151088e-05 0.0002123480400579789
-1467 -1.7969949955238177e-05 0.00022735569843032312
-1465 -3.4554920519698845e-05 0.00022178228489668988
-1463 -3.3061394079501972e-06 0.0002148781995970613
-1461 -7.909665350811339e-07 0.00023485229612762624
-1459 2.645191884439633e-06 0.00024634351597354936
-1457 -2.4152277155949488e-06 0.0002335276854773854
-1455 -1.4248122914462042e-05 0.00024596540592903985
-1453 1.2846910905331997e-05 0.00022681184326203252
-1451 -4.950022582035165e-06 0.0002212036637404453
-1449 -4.217306789545801e-07 0.00020228986575714444
-1447 1.30447290018492e-05 0.00021695421671115967
-1445 2.4820703134755887e-05 0.00024050482495700353
-1443 -2.242548800299752e-05 0.00020127434955230665
-1441 -1.569294027235839e-07 0.0002149307433501352
-1439 -3.117095651247508e-05 0.0002123972005501431
-1437 -2.0168704405973417e-07 0.0002289914960064198
-1435 8.865763088947105e-06 0.00020933867684654083
-1433 2.1426211521309763e-05 0.00022406368096480672
-1431 7.007603714038614e-06 0.0002072046824232941
-1429 1.9869091688135375e-05 0.00022673379946608484
-1427 -2.715040729098581e-06 0.00023636473536207988
-1425 -1.3512144836953556e-06 0.0002273987178687856
-1423 7.722405376344803e-06 0.00023015473969998325
-1421 1.6413632991389705e-05 0.00021590517076655407
-1419 1.2707468894204486e-05 0.0002261141077958515
-1417 3.202805645686561e-06 0.00022524828938433097
-1415 6.653310790828953e-06 0.00022036523922267412
-1413 -1.4332977847796585e-05 0.0002162279374552422
-1411 4.323556775690322e-05 0.00023197160518756616
-1409 1.4102873690420297e-05 0.0002110949662859925
-1407 -4.371513644246735e-06 0.00020573286545678477
-1405 8.382202575092042e-06 0.000230289530866207
-1403 7.279667744822237e-06 0.00020906093276746373
-1401 -1.860831210183501e-05 0.00023194786264300722
-1399 1.1382290347861514e-05 0.000261235269142206
-1397 6.439369644672087e-07 0.0002261529418310215
-1395 2.332200507584726e-06 0.00021854374643237072
-1393 -1.3183542286682267e-05 0.0002250982965067636
-1391 -1.0592050341858577e-05 0.00023314451612560015
-1389 1.755733561635076e-05 0.00019408472641857017
-1387 -1.1538003890270562e-05 0.00022926191328533635
-1385 -3.250453708155892e-05 0.0002452645148822689
-1383 1.3315610980255693e-05 0.00023386269246708117
-1381 -1.7917545051803128e-05 0.00023228565833826546
-1379 -6.875186795045435e-06 0.0002251635372982129
-1377 1.2575362292488987e-05 0.00023796036291991144
-1375 -2.7589861365274553e-06 0.00021736420720100974
-1373 -1.7729980341093856e-05 0.00023740930603560103
-1371 -6.662103120591136e-06 0.00022731589801931686
-1369 4.676352868654821e-06 0.00023914739979127863
-1367 2.066523200838003e-05 0.0002219576544402459
-1365 1.8575744256769652e-05 0.00022961830682091553
-1363 1.528005878220907e-06 0.0002512811464627497
-1361 8.670751736424635e-06 0.0002240849928906703
-1359 -2.5353002046841726e-06 0.00020123407509961718
-1357 5.300118583581953e-06 0.00020142930637217062
-1355 -6.2466205807474364e-06 0.0002665672959203542
-1353 9.589825616233719e-06 0.0002241347643950064
-1351 -1.0109161407586489e-05 0.00024867169806259287
-1349 4.119594501043313e-06 0.00024666413930422886
-1347 2.1242991090278308e-05 0.00023766187900802212
-1345 -1.1254648981382954e-05 0.00023334376590888404
-1343 4.492620523586041e-06 0.0002392676252946602
-1341 3.4450903291164764e-05 0.00021175710439294668
-1339 -1.8214435785047905e-06 0.0002513291138184752
-1337 6.633731498478089e-06 0.00022187827894699374
-1335 7.20150637382358e-06 0.00022941314856526814
-1333 -2.0405272181994877e-05 0.0002276857592091801
-1331 -1.1238142571843296e-05 0.0002600825010450043
-1329 7.678502424317814e-06 0.0002489738987323692
-1327 -2.176124064972225e-05 0.0002398197832849763
-1325 -6.084436687894903e-06 0.00024872646820151337
-1323 5.2417531326822064e-06 0.00021899120001318953
-1321 9.054286511500931e-07 0.000236310919660888
-1319 -4.821911849344273e-07 0.00027661788110151667
-1317 -1.8087186570726775e-05 0.00022141245614203749
-1315 -1.092135117050003e-05 0.0002397908579446964
-1313 -6.727945443225657e-06 0.00023373944758025818
-1311 -9.97200727436795e-06 0.00024328056139164158
-1309 5.800149145657818e-06 0.00024274140340372632
-1307 2.5953487587867245e-05 0.0002611652867499231
-1305 1.5239940630712353e-05 0.0002493486229859583
-1303 5.519714109434467e-07 0.0002648641576830855
-1301 -2.815407838343989e-05 0.0002349904667741137
-1299 1.3955587548184436e-05 0.00024211322541354915
-1297 9.602506527041462e-06 0.00024294293824592085
-1295 5.5681024918052445e-06 0.00025876918001670375
-1293 -1.9583274214171374e-05 0.0002723077130503706
-1291 -1.700416635439793e-05 0.0002719863789806552
-1289 -5.819784030897071e-06 0.0002485696776841326
-1287 1.7102449086617584e-05 0.00022812476118571595
-1285 -3.1443005627088097e-06 0.0002475141200907083
-1283 1.4604400162185649e-05 0.00025810998589068747
-1281 -1.0532653140376839e-05 0.0002366926684799455
-1279 2.4417458392010527e-05 0.0002622290349179364
-1277 2.8142869373205535e-06 0.00025629024619740675
-1275 1.713762938961474e-05 0.00021664996438179905
-1273 -3.745279424303118e-06 0.00025321448593421364
-1271 1.6169585480449777e-05 0.00022894159852334916
-1269 2.6666997909694004e-05 0.00026679125029922563
-1267 -6.69890093152386e-06 0.0002485632406674457
-1265 -6.612787272133824e-06 0.00025956315005656167
-1263 -1.1543628619306681e-05 0.0002393801641311179
-1261 1.574587322014742e-05 0.00026281287903724086
-1259 1.0577609351696485e-07 0.0002542920957859612
-1257 -1.476550610812573e-05 0.00023610216869511286
-1255 1.3953375085045187e-05 0.00022661723267643587
-1253 -1.1813836664117878e-05 0.00023918256658659456
-1251 -6.833449141990572e-06 0.0002582536430955342
-1249 1.5000924762230717e-06 0.0002441688655370547
-1247 -1.742405409785375e-05 0.00026038854518382047
-1245 -2.566694957403641e-05 0.000261728271210927
-1243 1.4897912635017336e-05 0.0002638037616301139
-1241 -1.9302234489367766e-06 0.0002457328931107544
-1239 -7.27067129106004e-06 0.0002376048316393537
-1237 -3.378055242758442e-05 0.0002601201216606134
-1235 -2.2095948833718173e-05 0.00026729479395328355
-1233 8.368354997268219e-07 0.00026417988327675
-1231 -2.319724933176915e-05 0.00026694417162585277
-1229 2.81225308159538e-06 0.0002477972007184842
-1227 -4.892321714819586e-07 0.00026971163790027997
-1225 2.3660920263197782e-05 0.0002440918030289319
-1223 -5.006989320559428e-07 0.0002730112639293996
-1221 4.162820217863364e-06 0.00024720720828214706
-1219 -1.7412936100114198e-06 0.00023823283828087202
-1217 -1.1216758119221365e-05 0.00025273856290186083
-1215 -1.1627610129605995e-05 0.0002921788215110581
-1213 2.1281832632651684e-05 0.0002707761302326046
-1211 -2.089446156551955e-05 0.0002924101220318832
-1209 -2.7480954010467312e-05 0.00026701596405461804
-1207 -1.0492457565802463e-05 0.00026090521407345837
-1205 1.3118190229786896e-05 0.00027100979085281147
-1203 -2.6942355345830567e-05 0.0002920205119977592
-1201 5.1109359019268854e-06 0.0002769641224205578
-1199 1.2700740076190639e-05 0.00024316442304988536
-1197 9.022340050867992e-06 0.00028568913160286093
-1195 1.0673879955065752e-05 0.00027164114749821924
-1193 -7.12717760931525e-06 0.0002452127561058399
-1191 1.1339308803286864e-05 0.00026947242459629626
-1189 8.601052763066897e-06 0.00025655901781526457
-1187 1.039514338205261e-05 0.0002832388155220011
-1185 3.6693819928967532e-06 0.0002636700976192109
-1183 -8.990009262835811e-07 0.00024623953928089927
-1181 -1.7894739454470107e-05 0.00026567818615475105
-1179 3.07097133293277e-06 0.0002607422865390081
-1177 1.2491994366679613e-05 0.0002655694801145538
-1175 -1.7855485656210913e-05 0.00027441815151975634
-1173 1.6950944845873757e-05 0.00026028539851367444
-1171 4.3856709094697675e-06 0.00029383236386094805
-1169 1.6873165679834362e-06 0.00026483612588811364
-1167 -2.4715902486438784e-06 0.0002470077236269628
-1165 2.54425859673827e-05 0.00024134918240595131
-1163 1.8941308456092329e-06 0.0002688714639972991
-1161 7.12929189243617e-06 0.00026327343585272496
-1159 -3.0899125438009226e-05 0.0002812584024937341
-1157 1.2223148518743946e-05 0.0002714259801632426
-1155 -2.8355450899223807e-05 0.0003052255577120015
-1153 -6.398693764812895e-06 0.0002712836855079194
-1151 3.113535833599452e-05 0.00027351650951296113
-1149 -4.516289789418926e-06 0.00028603537453545226
-1147 5.194062019848804e-07 0.00028370253980685117
-1145 -1.3059310791806128e-05 0.00025825146571231575
-1143 -1.2849666635768528e-05 0.0002719418239054224
-1141 1.150175686148503e-05 0.0002857113461939053
-1139 2.5322135957804947e-05 0.0002507142473097058
-1137 2.320560392126765e-05 0.00031892932813854647
-1135 1.0051549947922428e-05 0.0002418167200486567
-1133 -1.0744711741607788e-05 0.00027493266932148824
-1131 7.79589534543679e-06 0.0002978540654914381
-1129 -3.7219821134764958e-06 0.0002909791006352948
-1127 5.460945521811689e-06 0.0002934949446265396
-1125 7.440036033033424e-07 0.00026960505745840584
-1123 1.3524505193653917e-06 0.0002912461370006028
-1121 -1.0473427869538492e-05 0.00030571935926028795
-1119 -2.2628906750187052e-07 0.00027506629463336146
-1117 1.8856924982501459e-06 0.00028374119523991354
-1115 -2.3662811736726133e-05 0.00027214647464273616
-1113 -2.3543738688116166e-05 0.00030296030136661847
-1111 -1.563062355019527e-05 0.00026616945506581984
-1109 4.654672444157455e-06 0.0002853949906930765
-1107 8.22918658481739e-06 0.00029963926019800435
-1105 -1.2685011154949771e-05 0.00030076533304980544
-1103 -7.392598586503135e-07 0.00031831471740688687
-1101 9.842638356093408e-06 0.0003076974158172464
-1099 -5.500987112086726e-07 0.000316553204532238
-1097 -6.127954961134918e-06 0.00027914292118696017
-1095 -2.4366356921856865e-06 0.00031680835121343704
-1093 1.4939063326881642e-05 0.0002673824640763348
-1091 1.3206729705901716e-05 0.00029197141032682246
-1089 3.54064848840514e-05 0.00027592391570602497
-1087 1.0701423709402779e-05 0.00028047438629224007
-1085 9.019595800747114e-06 0.0003262021805988706
-1083 -2.011230032328021e-06 0.00030738136196655706
-1081 3.855979923937697e-05 0.0003059364007206983
-1079 -5.779163500541751e-06 0.00028057245803094914
-1077 2.1960947663733785e-05 0.00029772429828845993
-1075 6.274622351950207e-07 0.00026558644513021145
-1073 2.5168577728654843e-05 0.000310069114917911
-1071 8.608367348252809e-06 0.0002713227534858956
-1069 -1.067486368518396e-05 0.0003067000688678752
-1067 1.2141417744471223e-05 0.0003132409944949355
-1065 -2.0584324890226197e-05 0.0003165475707083311
-1063 -1.833365467166243e-05 0.00029350093548112353
-1061 7.447921387250132e-06 0.00029435611029944174
-1059 2.3436996646510835e-05 0.0002932554580174987
-1057 4.739742389741124e-06 0.0002866299129400095
-1055 5.041143804598119e-06 0.00030048343313077955
-1053 8.996914847306686e-06 0.00031176684869063735
-1051 1.2246000770823676e-05 0.00028918342914418236
-1049 3.1863911455065485e-05 0.0003039938746007717
-1047 1.0591601293223846e-05 0.00030669429429476704
-1045 -1.36636028975314e-05 0.00030895007536825954
-1043 1.808495359242401e-05 0.0003031553130394604
-1041 -8.595427251846193e-06 0.00028560361225999937
-1039 -7.599956752634111e-06 0.0002821718304630413
-1037 -1.0759013337355034e-05 0.00028871619564343305
-1035 -1.2060421064117116e-05 0.00029809949368486883
-1033 -2.50657261778693e-06 0.00032536359723174746
-1031 3.645238833662998e-05 0.0003154217080416344
-1029 -7.46382412452583e-06 0.0003136148357354335
-1027 -1.5376605285296826e-05 0.0003072814648398065
-1025 2.678663675583945e-05 0.0003429012105894409
-1023 3.638689804966954e-05 0.0003261281703431138
-1021 1.2398072941987617e-05 0.0002893441433259994
-1019 -1.8486158990084324e-05 0.0003052211794962004
-1017 -1.3417785348747969e-05 0.0003177998865819898
-1015 1.2766115461860717e-05 0.0003031296076403279
-1013 4.648081127261914e-06 0.0003049842054314983
-1011 5.8677272883860315e-06 0.0003016408808739884
-1009 -2.6572059866462206e-05 0.0003144811493907477
-1007 -1.6366890331317127e-05 0.0003186605443621351
-1005 1.4777298737302849e-05 0.0002992875439147371
-1003 -8.089546915358857e-06 0.0003171751002010868
-1001 -2.9191819925131773e-06 0.00031755397107853186
-999 2.429602018520975e-06 0.0003012649105689026
-997 -1.2216034642569806e-06 0.0003412602958585116
-995 2.7011582560420957e-05 0.00032526468998888354
-993 -5.778057359299009e-06 0.0003435171584099675
-991 9.174486867068956e-06 0.00030631081064187113
-989 1.510492232016149e-06 0.0003214316011342558
-987 -1.1097235396646425e-05 0.0003290274111659135
-985 2.282536153059907e-06 0.0003246645286585084
-983 -8.566470107914011e-07 0.00032908484322636194
-981 -8.060380270134957e-06 0.00032081842362545145
-979 -1.493453391281448e-05 0.00032018492238730515
-977 -2.34180388744262e-05 0.00033876699081188713
-975 -2.899660801140627e-07 0.0003358567452450495
-973 -2.596165897531789e-05 0.00032098698772263566
-971 -1.9589493802278247e-06 0.00031504024995721545
-969 9.341255550983274e-06 0.0003141220822536452
-967 4.605559328748462e-06 0.0003228592004702089
-965 1.787815822107693e-05 0.00032600447677558686
-963 4.437660710999914e-06 0.0003196352926774099
-961 1.4648129038164019e-05 0.00031909548544230087
-959 5.751512318478889e-06 0.0003397554153323784
-957 -2.529147249183706e-06 0.0003251820403119502
-955 2.2882460712519867e-06 0.0003134289562325121
-953 -5.539230534014415e-06 0.00032004143656891483
-951 -8.20171963379691e-06 0.00034295308592865195
-949 2.6740587708734973e-06 0.0003205002559722951
-947 1.2420284199755597e-05 0.0003350034148662473
-945 -1.753472493975759e-05 0.00035147039552318446
-943 1.7490397942395247e-05 0.0003399445891583894
-941 -2.077542968431106e-05 0.00034977854528476794
-939 -1.1487697811446454e-05 0.0003664708500734803
-937 1.14325059603461e-05 0.0003341526268586288
-935 -2.381077821205497e-06 0.00032308512082925743
-933 2.783050017884091e-06 0.00034278169636256436
-931 -2.636698325048265e-06 0.0003386397126312444
-929 -3.534512858154954e-06 0.00033880852348210327
-927 -1.5207331297005807e-05 0.00034806405258582294
-925 2.1170799193591814e-05 0.0003340946985513555
-923 -3.765217560505753e-05 0.0003260402387267755
-921 -8.906533965944432e-07 0.0003611152195507977
-919 4.896432013844293e-06 0.00036893001185331657
-917 -1.3931002877260393e-05 0.0003470309229208299
-915 4.273529603198462e-06 0.0003498632566559427
-913 1.580779151587428e-05 0.00033059446744883704
-911 -8.137296677534194e-07 0.0003641048190582568
-909 8.60741734602039e-06 0.0003631837023095856
-907 -4.032428972171008e-06 0.0003636058822764899
-905 8.147404635690553e-06 0.00033213045144540957
-903 -5.118086190910628e-06 0.0003428737873934699
-901 4.505296999577013e-06 0.0003871972934391435
-899 1.0645327688854295e-05 0.0003497391333300259
-897 -2.132400502440533e-05 0.0003798832620813198
-895 -1.861337988749681e-05 0.00035612584887885257
-893 -1.8703001591519668e-05 0.00035264060103116005
-891 2.1081580508273967e-06 0.0003397531896438832
-889 5.031193250621341e-08 0.00036375988233736844
-887 -7.911019257661925e-06 0.00037383669016799584
-885 3.7446770035577284e-06 0.0003421878230634487
-883 1.961483288732252e-05 0.00034232428928629926
-881 -1.4231366930938348e-05 0.0003536190668528346
-879 1.2145722288346632e-05 0.00033665503686027107
-877 2.610027749883746e-07 0.00038818078487302564
-875 -2.550963915803001e-06 0.00040913769759928396
-873 1.5288893202587263e-06 0.0003560821426097726
-871 -2.7060050639388836e-05 0.00036387520017444787
-869 4.03274546475371e-06 0.00038281582538872975
-867 4.71154749229516e-06 0.0003702969132325164
-865 4.060297336449003e-06 0.0003680938697385196
-863 -1.4668732731193404e-06 0.00036455202030748164
-861 1.5083184350721996e-05 0.0003962393152746671
-859 3.789224877821272e-05 0.0003782845890208769
-857 1.4930552240140965e-05 0.00035326051380202885
-855 -1.8253069193574518e-05 0.00038223479519025545
-853 8.856705897367231e-06 0.0003762890255272819
-851 -2.694694312635299e-05 0.00035376963547907874
-849 -1.790777662111679e-05 0.00035496929187861634
-847 2.1200742075297248e-05 0.0003794048250756124
-845 -5.559537034230704e-06 0.0003845907545761107
-843 5.7515945920121685e-06 0.00038975222437174177
-841 2.3637783132994784e-07 0.00037855024632478757
-839 -1.66909246898998e-05 0.00038840233700751677
-837 6.96924889263792e-06 0.00036784164226279415
-835 -2.1937741332776508e-05 0.00036391425114290775
-833 -5.839706631500802e-06 0.00041808076255772604
-831 -1.6719148292433556e-05 0.00040199241934702384
-829 3.200841393163777e-06 0.000411580475437416
-827 -5.326034287999412e-07 0.0003502753738331515
-825 -2.3031046120233494e-05 0.0004016667747044913
-823 -1.2686028723081056e-05 0.0004066020462099111
-821 -1.1519795555200667e-05 0.00039550814099059326
-819 1.358450869115629e-05 0.00037890820390625973
-817 7.133895121968817e-07 0.0003719995926951119
-815 -7.724809824188739e-06 0.00039772645905277284
-813 -7.256046363293358e-06 0.00038506294115555847
-811 1.2597682905706947e-05 0.00040885730337313184
-809 8.852989838640445e-06 0.00037685322077122863
-807 2.218108775346134e-05 0.0003827716875878068
-805 -1.2990716487019609e-05 0.0003845831074128659
-803 -8.719935624620366e-06 0.0004102435320034988
-801 1.3989246578098795e-05 0.00039701709069586856
-799 8.39269784522794e-06 0.00039302798617569016
-797 2.3050815954250534e-06 0.0004113556960220466
-795 1.0908594839856521e-05 0.0004144669938546103
-793 1.8765895537902068e-06 0.00037549276387447296
-791 -1.366029655254352e-05 0.00039214882674982386
-789 -3.622100924108626e-06 0.0003937767445692509
-787 8.534416851878927e-07 0.00037882862057982743
-785 2.2376033702859308e-05 0.0004209242320624913
-783 1.6435579040567225e-05 0.0004078457066545257
-781 1.9916425640807987e-05 0.000391993571776684
-779 -1.2479684451615997e-05 0.0004141224413932785
-777 1.778964746656255e-05 0.0004268286613545158
-775 -1.601785104956948e-06 0.00040997771906503235
-773 2.0681404628189902e-05 0.00043947620889878527
-771 -1.724830209543988e-05 0.0004179244934610829
-769 -6.924067974312148e-06 0.0004088371062449719
-767 -1.2237456661476117e-05 0.00041537487987872786
-765 -1.2354602650850571e-05 0.0004078415248128312
-763 -5.626362450754375e-06 0.00043308959267702123
-761 -2.3915322692667052e-05 0.0004233058314460132
-759 -1.271953977639133e-05 0.0004190958805415949
-757 -3.34725882021393e-05 0.0004178375695597108
-755 3.6705495871598303e-06 0.00042002268440037723
-753 6.597526747187587e-06 0.00043433680241419543
-751 -1.2402481608511239e-05 0.0004579875074878871
-749 -6.836328498573162e-06 0.00043538042226980015
-747 1.1602888820679099e-05 0.00042698541923428255
-745 1.6716999518324153e-05 0.0004638663011645825
-743 -3.657434926654596e-06 0.0004391271648134531
-741 1.2235085069223225e-05 0.00041228525563080925
-739 5.226081054814892e-06 0.0004437731493651702
-737 -9.481975764510808e-06 0.00043640852719242264
-735 -1.9802069297753426e-05 0.00044826505864564015
-733 -3.278001001262933e-06 0.0004451926540110945
-731 -5.001921136007634e-06 0.0004366384195168632
-729 -2.4453089257976875e-06 0.000419671882002482
-727 3.166141422299574e-06 0.000446613354444789
-725 -1.0293504651117069e-05 0.0004465525477255693
-723 1.4105915035706475e-05 0.0004133501724164241
-721 9.721835112014139e-06 0.00045969041605144477
-719 -1.388092155576704e-06 0.0004166999505796596
-717 -5.270238449432388e-06 0.00043463873970909546
-715 -8.07116808059365e-06 0.0004616509373056695
-713 -3.3893462195479686e-05 0.00043828520648316716
-711 4.049687696413359e-06 0.000451413953866285
-709 -1.1356021045461393e-05 0.00043797403480292247
-707 9.286480340421852e-06 0.00046567394412080383
-705 4.322813233788579e-06 0.00042564476403891604
-703 1.5799503670647008e-06 0.00046402629170827877
-701 1.8353988588934793e-05 0.0004502480369662686
-699 -1.0261528775535252e-05 0.0004370138044689675
-697 1.2300629710327333e-05 0.00045893050448922315
-695 -7.83076807959569e-06 0.0004612498782986609
-693 1.0574231924340227e-05 0.0004408151454630139
-691 7.499983479483257e-06 0.00047788676785353137
-689 5.637682503830587e-06 0.00045383408763779477
-687 -4.108544279186873e-05 0.0004740589941968646
-685 1.3562543073736364e-06 0.0004789736489670208
-683 -9.139441116403342e-06 0.00045207574122022026
-681 1.4202843434178264e-05 0.00047133260226574377
-679 1.0249813454086879e-05 0.0004708788545892722
-677 -1.941098851637186e-05 0.00047749890799288983
-675 -1.7545734208879728e-05 0.0004713054146298036
-673 1.7692912195466118e-05 0.0004863135854126984
-671 -1.0305561527589476e-05 0.00047977940301899746
-669 2.0693043550680657e-05 0.0004807719004741556
-667 2.0051493105339555e-05 0.00046304888875521133
-665 -8.167111404227841e-06 0.000489153266152875
-663 -8.454537162578778e-06 0.00047056167667562676
-661 -3.3260911892647396e-06 0.0004914865793470332
-659 2.9003470374723126e-06 0.00047917739844903257
-657 4.283824479807374e-06 0.0004945851980115886
-655 5.8672747889259495e-06 0.0004721744850159512
-653 -1.3610971466148477e-06 0.0005038330041073403
-651 1.3440061532717652e-05 0.0005092435751541358
-649 -1.7434537307384555e-05 0.000511339631605924
-647 2.9935861334345516e-05 0.0005128730802782045
-645 -3.354353869459776e-05 0.00047742421410263113
-643 -1.596025519169423e-05 0.0005102875497522989
-641 -4.586598211207481e-06 0.0005124739107127343
-639 -1.1318980697271064e-06 0.0004800614351163966
-637 5.215967084024584e-06 0.0005078405444405469
-635 2.4389312857546405e-05 0.00048646289049930245
-633 -1.766499217265454e-05 0.0005078325946455127
-631 5.763614533522579e-06 0.0005086169189228745
-629 1.5056812411931937e-06 0.0005080825810598116
-627 1.733499099878527e-05 0.0004906884929141264
-625 1.2370283224252602e-05 0.00051093678423133
-623 -5.478816771095381e-06 0.000496757991009699
-621 1.7908846021006247e-05 0.0005121064570595622
-619 7.575474265751928e-07 0.0005034768873540523
-617 -8.326276448729566e-06 0.0005359362160352163
-615 -7.658686607401327e-07 0.0005156888702823012
-613 3.5761898548764847e-06 0.0004966546265074153
-611 1.9671465392308623e-05 0.0005286103336109267
-609 -1.2371828935288213e-05 0.00053433233874513
-607 1.0241892709805516e-05 0.0005287225484593951
-605 -1.0397496330864014e-05 0.0005227567752427743
-603 -5.4846277505289e-06 0.0005374261514326281
-601 5.6254462341672875e-06 0.0005209981919984236
-599 1.3903044648418037e-05 0.0005409926827512831
-597 1.5914472786881755e-05 0.0005660482943619945
-595 -2.940124894808775e-06 0.0005375823693347928
-593 -1.0455112330817713e-05 0.0005416696710236865
-591 -1.2198305275639874e-05 0.0005404047912409276
-589 -2.3421124899842474e-05 0.0005755284393151618
-587 3.4376563720790334e-05 0.0005397548716370027
-585 -1.770308998304277e-05 0.0005417831657967317
-583 -1.2422952904892812e-05 0.0005148442302758293
-581 -9.538762757599275e-06 0.0005254419233380877
-579 -1.2428881449687002e-05 0.0005296307899989607
-577 1.3508621387775384e-05 0.0005602704385404144
-575 1.9801124184826192e-05 0.0005529655386168319
-573 -9.223300213127025e-07 0.0005625491277163575
-571 -1.0990329371830431e-05 0.0005690149372297511
-569 1.822358623973345e-05 0.0005527060018738196
-567 -2.900828258217243e-06 0.0005662310327147135
-565 1.504570120976331e-05 0.0005489142556473057
-563 1.3784326741917089e-05 0.0005685288794926751
-561 8.045265152412249e-06 0.0005887911119261468
-559 6.183260230491103e-06 0.0005379318736875874
-557 4.338837883170599e-06 0.0005839556631180337
-555 7.667298114741365e-06 0.0005865297246123495
-553 1.2826191097017683e-05 0.0005859303899570403
-551 -1.1687660732041235e-05 0.0005570853656852803
-549 4.296694605725198e-07 0.0005697098561794772
-547 1.2261285779859567e-05 0.0005797492899789058
-545 -5.1468274143018556e-06 0.0005836532937583872
-543 -8.700550892115553e-06 0.0005525603774729702
-541 2.5137805541259853e-05 0.0005916714641513344
-539 -5.457392485418909e-06 0.0006116812634355117
-537 1.801099247817308e-06 0.0005841021675328939
-535 1.0505703283156499e-05 0.0006048684768334295
-533 -8.803538767150903e-06 0.0005687404598466144
-531 -1.8106962904074993e-05 0.0006112093637562349
-529 -2.1223009691457967e-05 0.0006086579819262601
-527 -1.8752317221910357e-05 0.0006042306292753127
-525 -1.4408138589753883e-05 0.0005968861500898121
-523 7.775641505302725e-06 0.0006122052905378992
-521 3.670802147910683e-05 0.000620968212448245
-519 1.615009430595273e-05 0.0006079379996504899
-517 -5.6829273520169436e-06 0.0006274173063987363
-515 2.819859136185133e-05 0.0006140466782822661
-513 1.6724127457784693e-06 0.0006237184404412246
-511 7.127709086643018e-06 0.0006030730180374176
-509 -4.697026508565011e-06 0.0006100464155151779
-507 -7.355070519294522e-06 0.0005951142645207782
-505 -1.1514331630923352e-05 0.0006269938421778478
-503 1.5717038838246152e-05 0.0006350944085418601
-501 2.8251065276471094e-06 0.0006379817311491678
-499 -1.2651418757334968e-05 0.0006296417031321475
-497 -1.211977705925822e-05 0.0006532804485269213
-495 -1.2744347965578489e-05 0.0006449773492974704
-493 2.137758796715236e-05 0.0006487546396657968
-491 2.30469978305047e-05 0.0006628838122787683
-489 1.2621096396039642e-05 0.0006574790298919258
-487 -1.7689808140952733e-05 0.000670742727542892
-485 6.834322698940849e-06 0.0006632891252830282
-483 3.850396495326726e-06 0.0006662922736219193
-481 -1.6885250994486437e-05 0.000668450038383054
-479 -5.724388355322447e-06 0.0006718299495436968
-477 -2.589495617692538e-06 0.0006528730526483077
-475 -2.6625135924094717e-05 0.0006700317025713142
-473 3.2990036486882486e-05 0.0006674618801799384
-471 1.1678080221454565e-05 0.0006872741611599609
-469 -1.1771548435734882e-05 0.0006781880426606528
-467 -6.978771697366521e-06 0.0006748597107448981
-465 6.926010445887895e-06 0.0006680974001368578
-463 -6.3245843124412316e-06 0.000657806534430197
-461 1.8661272373109713e-05 0.0006664866264849922
-459 3.8181688133162435e-06 0.0006826508972677076
-457 2.3939728876585948e-05 0.0007141581685396663
-455 5.683790448991205e-06 0.00069956642102723
-453 -1.2026072189509366e-05 0.0006821650144419663
-451 1.4707566373801025e-05 0.0006857296527035093
-449 2.081973549140501e-05 0.0007083778638689735
-447 -1.6983589063316558e-05 0.0007365070247032816
-445 -2.0393896757425657e-05 0.0007170611146232233
-443 3.654256604317311e-05 0.0007485924237769764
-441 2.4838526143084496e-05 0.0007170273103819077
-439 1.965351229823546e-06 0.0007457716251246458
-437 1.9350777783050195e-06 0.000725344053762602
-435 3.155440659085294e-05 0.0007579672155888139
-433 1.5217686436360156e-05 0.0007459407395354356
-431 5.225380108781896e-06 0.0007333330293913492
-429 1.733887502322808e-05 0.0007348084077381224
-427 1.6492094619550155e-05 0.0007375994633064609
-425 -4.544859958530379e-06 0.0007536764258779075
-423 -1.563767546117667e-05 0.0007475906458582771
-421 2.983152908657618e-05 0.0007355774129740609
-419 -6.520832285880521e-06 0.0007690110843834512
-417 -1.039216941938026e-05 0.0007666771561981793
-415 3.381806542734457e-06 0.0007943162325968387
-413 -9.530716277875703e-06 0.0007932987175055861
-411 1.6218121556906008e-06 0.0007803795348688194
-409 2.4679488153065068e-06 0.0007953261572683253
-407 -1.4981601906578577e-05 0.000811469888390606
-405 2.526639581369743e-05 0.0007944601946013102
-403 -2.192534731285804e-05 0.0008053348735610664
-401 1.3944375822587888e-06 0.0007735886065033999
-399 -9.275258815079179e-06 0.0008063647778031179
-397 5.041461958305098e-06 0.0008087973487913084
-395 3.265323936117533e-06 0.000811138005101705
-393 1.8617963078803896e-05 0.0008302508464589314
-391 -1.6289082132085922e-05 0.0008016690100417874
-389 1.7195518719551623e-05 0.0008161426865648041
-387 1.4164009766248588e-05 0.0008309407910221107
-385 1.6523486337141553e-05 0.0008153623583522261
-383 2.4407669826956622e-05 0.0008101583071664043
-381 2.6008018112233012e-06 0.0008513041504320624
-379 -3.162893894395076e-06 0.0008324898194027395
-377 -1.1594755006917694e-05 0.0008287024885964998
-375 -3.6957509322889472e-06 0.0008463408587740497
-373 -8.472182960061584e-06 0.0008433256868568339
-371 -1.3323847186532262e-05 0.0008639698519240576
-369 4.519004745907672e-06 0.0008496712835060383
-367 -7.230981508719373e-06 0.000847843744424957
-365 1.727805417431268e-05 0.0008757310545523783
-363 -5.009609604370908e-07 0.0008883257018813901
-361 6.085309784613068e-06 0.0008986783115654543
-359 1.1926793819194804e-05 0.0008924273294062035
-357 -1.151225242911521e-06 0.0008957240491450489
-355 -1.671698495646419e-05 0.0008870991271469104
-353 1.624314328849946e-06 0.000894193242513939
-351 2.3657965470115893e-05 0.0009221387288131941
-349 -1.879440526332259e-05 0.0009225420074836985
-347 -1.578954069417674e-05 0.0009054227225061945
-345 -4.256435808415508e-06 0.000914684414518737
-343 3.223882151646684e-05 0.0009181418352369489
-341 6.089863333097214e-06 0.0009485611933628698
-339 -1.3218804979886215e-05 0.0009231981849654454
-337 1.144337220821691e-05 0.0009506378249465664
-335 -1.5934717986988086e-06 0.0009602785201900878
-333 1.5677634710933286e-05 0.0009491716022392791
-331 -1.3106496979451485e-05 0.0009357081877935016
-329 1.8839582178549235e-06 0.000981896931987573
-327 1.044960559533613e-05 0.0009534524907757035
-325 1.2888056624670528e-05 0.0010033256680508065
-323 1.1681218235740506e-05 0.0009627786911990141
-321 1.0407131877346155e-05 0.0010258916540861597
-319 1.2541732785191336e-05 0.0010165109838538775
-317 8.87083410341113e-06 0.001025547983121173
-315 -6.437943720983893e-06 0.0010081443618351895
-313 -2.3743535992141227e-05 0.0010307580095971036
-311 9.955556890140073e-07 0.0009998390378386324
-309 -1.0081994720640923e-05 0.001008834090280708
-307 -7.33803537306283e-06 0.0010245211795041555
-305 -1.7175775615049153e-05 0.0010305478585815918
-303 -3.8063149167967706e-06 0.0010678339162191524
-301 1.4836816641621214e-05 0.001067209973190012
-299 1.9191120467853236e-05 0.0010749456500008321
-297 -1.065056270132503e-05 0.0010660099101393228
-295 -1.7632103578067388e-05 0.0010922309566480674
-293 9.906562315777654e-06 0.0010856883607487041
-291 1.0120537183578406e-05 0.0011136502869349893
-289 2.0384085974939363e-05 0.00110846591552149
-287 8.24182338238731e-06 0.0010873564602251545
-285 -2.3478739760555455e-06 0.0011146292731898477
-283 1.7664961094312278e-05 0.0011126535284244632
-281 2.125011914491461e-06 0.0011011656671931307
-279 1.2905138231592513e-05 0.0011298422292196882
-277 9.063649375350245e-06 0.0011713304215715216
-275 8.564047422111832e-06 0.0011313272827570041
-273 1.6414582094055817e-05 0.0011683014347298336
-271 6.5983409834518016e-06 0.0011629344390969335
-269 -9.223721242532555e-06 0.0011727281771291497
-267 2.190601502896045e-05 0.0012002765789352332
-265 4.146870239888287e-06 0.0012087425034675258
-263 -4.611582364123556e-07 0.0012111961245080927
-261 -1.4910824690420294e-05 0.001216894169182888
-259 -3.5367092732580677e-07 0.0012213315533496204
-257 -2.3451526840767938e-05 0.0012296358449351038
-255 -2.946621516837445e-06 0.0012700260961335478
-253 3.640515575391847e-07 0.0012710855144881473
-251 -1.5360003475882327e-05 0.0012810893371108262
-249 -7.559176506085128e-07 0.0012590481743430496
-247 -1.5099745156976122e-05 0.001290179963226794
-245 -8.389561754062811e-06 0.0012816687687574612
-243 1.7735666373742287e-05 0.001292823326182941
-241 -1.9262155110931443e-05 0.0013472809745472996
-239 8.24770699651828e-06 0.0013645251858531288
-237 3.372899975476436e-06 0.0013294147143452862
-235 -4.999345250736776e-06 0.0013359137664731699
-233 -5.718423602845512e-06 0.0013694081690178287
-231 9.950972766065954e-06 0.0013533464209844308
-229 4.5792905683627326e-06 0.0013766815655220262
-227 -1.5879173935138646e-05 0.0014051016986404545
-225 -2.8927932976918394e-05 0.0014231548364103802
-223 -6.188990219174938e-06 0.0014245477595507844
-221 -2.2618234238513274e-06 0.0014374254960674547
-219 -2.4131386361439315e-05 0.0014635586800688753
-217 -4.083536104481943e-06 0.0014655830292569056
-215 -1.507429993914797e-05 0.001488249244664504
-213 8.978781109544864e-06 0.0014946155406413333
-211 -1.3992398260860377e-06 0.001523159283745505
-209 -1.5843116728168388e-05 0.0015179468491181261
-207 -1.722705843277632e-05 0.0015667476490225755
-205 1.5481729101207336e-06 0.0015418741419700053
-203 -7.226231266542986e-06 0.0015569222965242547
-201 4.664137707088157e-06 0.0015964880206909625
-199 -2.247087733588785e-05 0.0016077735074337513
-197 -1.1549420854866946e-05 0.00161369118893225
-195 2.0033050429442902e-05 0.0016050017986724559
-193 1.0122806813392275e-05 0.001673949924048996
-191 7.4037574336562144e-06 0.001656163384574651
-189 1.95574465437023e-05 0.0016809035407637377
-187 -8.582172546640526e-06 0.0016916764185488506
-185 2.0411239835679364e-05 0.0017202676517823834
-183 -3.676468523579674e-06 0.0017535116264492218
-181 -8.474080535576011e-06 0.0017462943845954774
-179 -2.53819003269855e-05 0.0017898880673473132
-177 2.9852360799066664e-05 0.0018097942438425696
-175 6.524658194746619e-08 0.0017935788500515364
-173 1.7235304320989224e-06 0.0018399667280953782
-171 1.1042961391679647e-05 0.0018640177523993756
-169 -3.920394741211298e-06 0.0018823539218202087
-167 3.983160864231294e-06 0.0019021730346642752
-165 -7.924522088560783e-06 0.0019317857899654276
-163 2.0885739784232666e-05 0.001950006233254522
-161 2.0409266468734618e-06 0.0019955986846239056
-159 -1.566931348485395e-05 0.0020109093971953985
-157 -4.489423994003258e-07 0.002038183394165867
-155 -9.868726780328336e-06 0.002056315837244092
-153 9.641587940627544e-07 0.0020616242906312896
-151 1.011819417468981e-05 0.0021188623892284667
-149 -3.048497025762838e-06 0.0021322774528731185
-147 4.0444148729337364e-06 0.0021824759015392154
-145 1.4599042155706369e-05 0.002201190216698908
-143 -3.57293119191514e-06 0.002203902429934307
-141 -1.9248594890034947e-05 0.0022556429090761607
-139 5.978035459562492e-06 0.0023214696991963814
-137 2.9641727323805417e-05 0.0023381725736146635
-135 -3.190012631789686e-05 0.002364127182448821
-133 2.291501943088964e-05 0.002393829376211144
-131 -4.352020402262998e-06 0.0024418659245954598
-129 -8.70038688787376e-06 0.0025078331998365875
-127 -1.659755483757125e-05 0.002489117413094841
-125 4.134463703583444e-06 0.0025437049899664217
-123 8.053962563519323e-06 0.0025780440515033505
-121 1.1979075254407547e-05 0.002626013416322697
-119 1.789743310406632e-05 0.0026767160541047844
-117 -1.2944522877547817e-05 0.0027221112474554027
-115 3.193686671742595e-05 0.0027529423278440015
-113 1.933859022757078e-06 0.0028217559767760776
-111 -1.0304978999211417e-05 0.0028594386413933926
-109 3.0448559981855927e-07 0.0029220821962790324
-107 -3.5280737972913384e-05 0.0029836503727361952
-105 -7.58744201451038e-07 0.003050477044536778
-103 -4.01790221502225e-06 0.0031051975245241776
-101 2.8671306150925497e-05 0.003166153200932287
-99 1.3178791594630497e-05 0.0032165191264225935
-97 -1.6911933890151085e-05 0.0032671819483065198
-95 1.4906841365815834e-05 0.003364443590212094
-93 6.352409738516724e-06 0.0034104739037869
-91 6.384394691271024e-06 0.003511448251004171
-89 1.1970066996647442e-05 0.0035998803108259862
-87 -1.2922877300145764e-05 0.0036358973890160285
-85 1.9957863065152683e-05 0.0037512132853972395
-83 2.4686373338924138e-05 0.0038424312764010547
-81 -1.0378685585510624e-05 0.003940884150147181
-79 -6.066718150470494e-06 0.004017708464510747
-77 1.0700079970229812e-05 0.0041446281343961175
-75 -8.40321670673417e-06 0.004243597424766166
-73 -1.5247286854993354e-06 0.00436442616712348
-71 1.969463531842295e-05 0.004490554563687979
-69 -2.024766871706374e-06 0.004606637910840906
-67 1.1508016890463514e-05 0.004762496805508583
-65 -2.713762951672353e-05 0.004905636183157725
-63 -8.044192124533638e-06 0.005038345915289704
-61 2.3300001266914515e-05 0.0052312715111331645
-59 -6.36632829538502e-06 0.00540356504262239
-57 4.3833428890143336e-06 0.005593041807334455
-55 -1.8508714000122057e-05 0.005777124540678703
-53 -5.722255878228236e-06 0.006021066869896756
-51 6.870710139782561e-07 0.006259194570040365
-49 5.21752096062487e-07 0.006481051420229441
-47 -2.22730038941934e-05 0.00677008496536643
-45 -9.463986133736986e-06 0.007091298758153593
-43 1.978442275127639e-06 0.007391034907324658
-41 8.564876147894613e-06 0.007750612756152677
-39 -4.191837049789812e-06 0.008163305117904715
-37 2.532625022351593e-05 0.008594364681863772
-35 2.7239304524951593e-05 0.009078491562935612
-33 -1.423175624186703e-05 0.009648718276586182
-31 1.1607920335097822e-05 0.010252898374124818
-29 1.2904429307655476e-05 0.010976985669901268
-27 5.3253570006741406e-06 0.011763676808091806
-25 -4.08304887947224e-06 0.01273803896993363
-23 1.5844309745107204e-05 0.0138742167675832
-21 -1.4040507054632214e-05 0.01516838783839162
-19 6.003641423255444e-06 0.0167661467714181
-17 -1.9106567971168964e-05 0.018729321989525066
-15 -3.292419504939565e-05 0.0212266129853445
-13 7.351629467466227e-06 0.024459544124245027
-11 1.4846004138386065e-07 0.0289259393954875
-9 1.6961251411577692e-05 0.03535557674919355
-7 -1.6259491462810845e-05 0.04543907155337288
-5 -7.243903584439468e-06 0.06355348339334
-3 3.3190085052119115e-05 0.10550786498617055
-1 -8.71633008370165e-06 0.3037723371750001
1 -8.716330083699495e-06 -0.3037723371750001
3 3.319008505211918e-05 -0.10550786498617055
5 -7.2439035844394454e-06 -0.06355348339334
7 -1.6259491462810824e-05 -0.04543907155337288
9 1.6961251411577702e-05 -0.03535557674919355
11 1.4846004138385769e-07 -0.0289259393954875
13 7.351629467466248e-06 -0.024459544124245027
15 -3.292419504939593e-05 -0.0212266129853445
17 -1.9106567971168676e-05 -0.018729321989525066
19 6.003641423255398e-06 -0.0167661467714181
21 -1.4040507054632234e-05 -0.01516838783839162
23 1.5844309745107397e-05 -0.0138742167675832
25 -4.083048879472419e-06 -0.01273803896993363
27 5.325357000674151e-06 -0.011763676808091806
29 1.2904429307655496e-05 -0.010976985669901268
31 1.1607920335097787e-05 -0.010252898374124818
33 -1.4231756241867064e-05 -0.009648718276586182
35 2.723930452495161e-05 -0.009078491562935612
37 2.532625022351591e-05 -0.008594364681863772
39 -4.19183704978989e-06 -0.008163305117904713
41 8.56487614789477e-06 -0.007750612756152677
43 1.978442275127599e-06 -0.007391034907324658
45 -9.463986133736997e-06 -0.007091298758153593
47 -2.2273003894193377e-05 -0.00677008496536643
49 5.217520960624972e-07 -0.006481051420229441
51 6.870710139782404e-07 -0.006259194570040365
53 -5.7222558782282284e-06 -0.006021066869896756
55 -1.850871400012215e-05 -0.005777124540678703
57 4.383342889014403e-06 -0.005593041807334455
59 -6.366328295385004e-06 -0.00540356504262239
61 2.330000126691451e-05 -0.0052312715111331645
63 -8.044192124533555e-06 -0.005038345915289704
65 -2.7137629516723564e-05 -0.004905636183157725
67 1.1508016890463528e-05 -0.004762496805508583
69 -2.0247668717063724e-06 -0.004606637910840906
71 1.969463531842293e-05 -0.004490554563687979
73 -1.5247286854993521e-06 -0.00436442616712348
75 -8.403216706734155e-06 -0.004243597424766166
77 1.0700079970229802e-05 -0.0041446281343961175
79 -6.066718150470358e-06 -0.004017708464510746
81 -1.0378685585510549e-05 -0.003940884150147182
83 2.4686373338924127e-05 -0.0038424312764010547
85 1.995786306515272e-05 -0.0037512132853972395
87 -1.2922877300145803e-05 -0.0036358973890160285
89 1.19700669966474e-05 -0.0035998803108259862
91 6.384394691271041e-06 -0.003511448251004171
93 6.352409738516706e-06 -0.0034104739037869
95 1.4906841365815783e-05 -0.003364443590212094
97 -1.6911933890151075e-05 -0.0032671819483065198
99 1.3178791594630484e-05 -0.0032165191264225935
101 2.8671306150925497e-05 -0.003166153200932287
103 -4.017902215022278e-06 -0.0031051975245241776
105 -7.587442014510719e-07 -0.003050477044536778
107 -3.52807379729134e-05 -0.0029836503727361952
109 3.044855998185508e-07 -0.0029220821962790324
111 -1.0304978999211409e-05 -0.0028594386413933926
113 1.933859022757035e-06 -0.0028217559767760776
115 3.193686671742594e-05 -0.0027529423278440015
117 -1.2944522877547805e-05 -0.0027221112474554027
119 1.7897433104066274e-05 -0.0026767160541047844
121 1.1979075254407769e-05 -0.002626013416322697
123 8.053962563519328e-06 -0.0025780440515033505
125 4.134463703583453e-06 -0.0025437049899664217
127 -1.6597554837571223e-05 -0.002489117413094841
129 -8.70038688787373e-06 -0.0025078331998365875
131 -4.352020402263004e-06 -0.0024418659245954598
133 2.291501943088961e-05 -0.0023938293762111444
135 -3.1900126317896914e-05 -0.002364127182448821
137 2.9641727323805427e-05 -0.0023381725736146635
139 5.978035459562469e-06 -0.0023214696991963814
141 -1.924859489003496e-05 -0.0022556429090761607
143 -3.5729311919151123e-06 -0.002203902429934307
145 1.4599042155706374e-05 -0.002201190216698908
147 4.044414872933731e-06 -0.0021824759015392154
149 -3.0484970257628313e-06 -0.0021322774528731185
151 1.0118194174689796e-05 -0.0021188623892284667
153 9.641587940627904e-07 -0.0020616242906312896
155 -9.868726780328414e-06 -0.0020563158372440926
157 -4.4894239940019746e-07 -0.002038183394165867
159 -1.5669313484854207e-05 -0.002010909397195399
161 2.0409266468731365e-06 -0.001995598684623905
163 2.0885739784232755e-05 -0.001950006233254522
165 -7.924522088560852e-06 -0.0019317857899654276
167 3.983160864231324e-06 -0.0019021730346642752
169 -3.92039474121132e-06 -0.0018823539218202087
171 1.1042961391679667e-05 -0.0018640177523993756
173 1.723530432098913e-06 -0.0018399667280953782
175 6.524658194743443e-08 -0.0017935788500515364
177 2.9852360799066708e-05 -0.0018097942438425696
179 -2.538190032698551e-05 -0.0017898880673473132
181 -8.474080535576059e-06 -0.0017462943845954774
183 -3.6764685235796333e-06 -0.0017535116264492218
185 2.0411239835679313e-05 -0.0017202676517823834
187 -8.582172546640516e-06 -0.0016916764185488506
189 1.9557446543702323e-05 -0.0016809035407637377
191 7.403757433656223e-06 -0.001656163384574651
193 1.0122806813392243e-05 -0.001673949924048996
195 2.0033050429442912e-05 -0.0016050017986724559
197 -1.1549420854866924e-05 -0.00161369118893225
199 -2.2470877335887784e-05 -0.0016077735074337513
201 4.664137707088083e-06 -0.0015964880206909623
203 -7.226231266542959e-06 -0.0015569222965242547
205 1.548172910120723e-06 -0.0015418741419700053
207 -1.7227058432776304e-05 -0.0015667476490225758
209 -1.5843116728168358e-05 -0.0015179468491181263
211 -1.3992398260860136e-06 -0.001523159283745505
213 8.978781109544864e-06 -0.0014946155406413333
215 -1.5074299939148003e-05 -0.001488249244664504
217 -4.0835361044818665e-06 -0.0014655830292569056
219 -2.4131386361439298e-05 -0.0014635586800688753
221 -2.2618234238513097e-06 -0.0014374254960674547
223 -6.188990219174905e-06 -0.0014245477595507846
225 -2.89279329769184e-05 -0.0014231548364103805
227 -1.587917393513862e-05 -0.0014051016986404543
229 4.579290568362707e-06 -0.0013766815655220262
231 9.950972766065983e-06 -0.0013533464209844308
233 -5.718423602845467e-06 -0.0013694081690178287
235 -4.999345250736755e-06 -0.0013359137664731699
237 3.372899975476474e-06 -0.0013294147143452862
239 8.247706996518235e-06 -0.0013645251858531288
241 -1.9262155110931186e-05 -0.0013472809745472996
243 1.7735666373742355e-05 -0.001292823326182941
245 -8.389561754062826e-06 -0.0012816687687574612
247 -1.5099745156976149e-05 -0.001290179963226794
249 -7.559176506085179e-07 -0.0012590481743430496
251 -1.536000347588232e-05 -0.0012810893371108262
253 3.6405155753919234e-07 -0.0012710855144881473
255 -2.94662151683746e-06 -0.0012700260961335478
257 -2.345152684076792e-05 -0.0012296358449351038
259 -3.536709273258419e-07 -0.0012213315533496207
261 -1.4910824690420335e-05 -0.001216894169182888
263 -4.611582364122963e-07 -0.0012111961245080927
265 4.146870239888268e-06 -0.0012087425034675258
267 2.190601502896045e-05 -0.0012002765789352332
269 -9.223721242532548e-06 -0.00117272817712915
271 6.598340983451848e-06 -0.0011629344390969335
273 1.6414582094055807e-05 -0.0011683014347298336
275 8.564047422111829e-06 -0.0011313272827570041
277 9.063649375350216e-06 -0.0011713304215715216
279 1.2905138231592686e-05 -0.001129842229219688
281 2.125011914491189e-06 -0.0011011656671931307
283 1.7664961094312234e-05 -0.0011126535284244632
285 -2.3478739760555506e-06 -0.0011146292731898477
287 8.241823382387304e-06 -0.0010873564602251545
289 2.0384085974939377e-05 -0.00110846591552149
291 1.0120537183578422e-05 -0.0011136502869349893
293 9.90656231577765e-06 -0.0010856883607487041
295 -1.763210357806744e-05 -0.0010922309566480674
297 -1.0650562701324997e-05 -0.0010660099101393226
299 1.919112046785325e-05 -0.0010749456500008321
301 1.4836816641621224e-05 -0.001067209973190012
303 -3.8063149167967427e-06 -0.0010678339162191524
305 -1.7175775615049123e-05 -0.0010305478585815918
307 -7.3380353730628365e-06 -0.0010245211795041555
309 -1.0081994720640937e-05 -0.001008834090280708
311 9.9555568901402e-07 -0.0009998390378386324
313 -2.3743535992141207e-05 -0.0010307580095971036
315 -6.4379437209838965e-06 -0.0010081443618351895
317 8.870834103411043e-06 -0.001025547983121173
319 1.2541732785191078e-05 -0.0010165109838538775
321 1.0407131877346561e-05 -0.0010258916540861593
323 1.168121823574049e-05 -0.0009627786911990142
325 1.2888056624670543e-05 -0.0010033256680508065
327 1.0449605595336207e-05 -0.0009534524907757035
329 1.883958217854932e-06 -0.000981896931987573
331 -1.3106496979451525e-05 -0.0009357081877935016
333 1.567763471093333e-05 -0.0009491716022392791
335 -1.5934717986987976e-06 -0.0009602785201900878
337 1.1443372208216953e-05 -0.0009506378249465665
339 -1.3218804979886213e-05 -0.0009231981849654454
341 6.089863333097214e-06 -0.0009485611933628697
343 3.223882151646687e-05 -0.0009181418352369489
345 -4.256435808415532e-06 -0.0009146844145187369
347 -1.5789540694176743e-05 -0.0009054227225061945
349 -1.879440526332257e-05 -0.0009225420074836984
351 2.3657965470115883e-05 -0.0009221387288131941
353 1.6243143288499503e-06 -0.000894193242513939
355 -1.6716984956464172e-05 -0.0008870991271469104
357 -1.1512252429115379e-06 -0.0008957240491450488
359 1.1926793819194916e-05 -0.0008924273294062035
361 6.085309784613096e-06 -0.0008986783115654544
363 -5.009609604370938e-07 -0.00088832570188139
365 1.727805417431268e-05 -0.0008757310545523783
367 -7.230981508719352e-06 -0.000847843744424957
369 4.519004745907676e-06 -0.0008496712835060383
371 -1.3323847186532257e-05 -0.0008639698519240576
373 -8.472182960061536e-06 -0.0008433256868568339
375 -3.695750932288942e-06 -0.0008463408587740497
377 -1.1594755006917687e-05 -0.0008287024885964998
379 -3.162893894395123e-06 -0.0008324898194027394
381 2.600801811223298e-06 -0.0008513041504320624
383 2.4407669826956635e-05 -0.0008101583071664045
385 1.652348633714152e-05 -0.0008153623583522261
387 1.4164009766248649e-05 -0.0008309407910221106
389 1.719551871955162e-05 -0.0008161426865648041
391 -1.6289082132085908e-05 -0.0008016690100417874
393 1.8617963078803906e-05 -0.0008302508464589314
395 3.265323936117528e-06 -0.000811138005101705
397 5.0414619583050515e-06 -0.0008087973487913084
399 -9.275258815079064e-06 -0.0008063647778031177
401 1.3944375822588786e-06 -0.0007735886065034
403 -2.192534731285807e-05 -0.0008053348735610665
405 2.526639581369745e-05 -0.0007944601946013101
407 -1.4981601906578603e-05 -0.000811469888390606
409 2.4679488153063823e-06 -0.0007953261572683254
411 1.6218121556907584e-06 -0.0007803795348688195
413 -9.530716277875701e-06 -0.000793298717505586
415 3.3818065427343773e-06 -0.0007943162325968389
417 -1.0392169419380297e-05 -0.0007666771561981792
419 -6.52083228588051e-06 -0.0007690110843834514
421 2.9831529086576318e-05 -0.0007355774129740608
423 -1.5637675461176717e-05 -0.000747590645858277
425 -4.544859958530373e-06 -0.0007536764258779076
427 1.649209461955019e-05 -0.0007375994633064609
429 1.7338875023228113e-05 -0.0007348084077381224
431 5.225380108781874e-06 -0.0007333330293913492
433 1.5217686436360163e-05 -0.0007459407395354356
435 3.155440659085292e-05 -0.0007579672155888137
437 1.9350777783050292e-06 -0.0007253440537626021
439 1.9653512298234506e-06 -0.0007457716251246458
441 2.483852614308443e-05 -0.000717027310381908
443 3.654256604317313e-05 -0.0007485924237769764
445 -2.0393896757425634e-05 -0.0007170611146232233
447 -1.6983589063316578e-05 -0.0007365070247032816
449 2.0819735491405028e-05 -0.0007083778638689735
451 1.4707566373801045e-05 -0.0006857296527035093
453 -1.2026072189509375e-05 -0.0006821650144419662
455 5.683790448991226e-06 -0.00069956642102723
457 2.393972887658599e-05 -0.0007141581685396663
459 3.818168813316255e-06 -0.0006826508972677076
461 1.8661272373109733e-05 -0.0006664866264849922
463 -6.324584312441258e-06 -0.0006578065344301971
465 6.9260104458878675e-06 -0.0006680974001368578
467 -6.978771697366523e-06 -0.0006748597107448981
469 -1.1771548435734877e-05 -0.0006781880426606528
471 1.1678080221454519e-05 -0.0006872741611599608
473 3.2990036486882466e-05 -0.0006674618801799384
475 -2.662513592409478e-05 -0.0006700317025713142
477 -2.589495617692497e-06 -0.0006528730526483076
479 -5.724388355322188e-06 -0.000671829949543697
481 -1.6885250994486685e-05 -0.0006684500383830541
483 3.85039649532675e-06 -0.0006662922736219191
485 6.8343226989408155e-06 -0.0006632891252830282
487 -1.7689808140952723e-05 -0.000670742727542892
489 1.2621096396039656e-05 -0.0006574790298919258
491 2.3046997830504702e-05 -0.0006628838122787683
493 2.137758796715234e-05 -0.0006487546396657968
495 -1.274434796557851e-05 -0.0006449773492974704
497 -1.211977705925818e-05 -0.0006532804485269213
499 -1.2651418757335006e-05 -0.0006296417031321475
501 2.825106527647109e-06 -0.0006379817311491678
503 1.5717038838246196e-05 -0.0006350944085418601
505 -1.1514331630923377e-05 -0.0006269938421778478
507 -7.355070519294473e-06 -0.0005951142645207782
509 -4.697026508565e-06 -0.0006100464155151779
511 7.127709086642986e-06 -0.0006030730180374176
513 1.6724127457784574e-06 -0.0006237184404412246
515 2.8198591361851343e-05 -0.0006140466782822661
517 -5.682927352016967e-06 -0.0006274173063987363
519 1.6150094305952543e-05 -0.0006079379996504898
521 3.6708021479106926e-05 -0.0006209682124482451
523 7.775641505302713e-06 -0.0006122052905378992
525 -1.4408138589753858e-05 -0.0005968861500898121
527 -1.875231722191036e-05 -0.0006042306292753127
529 -2.1223009691458007e-05 -0.0006086579819262601
531 -1.8106962904074986e-05 -0.0006112093637562349
533 -8.80353876715092e-06 -0.0005687404598466144
535 1.0505703283156463e-05 -0.0006048684768334295
537 1.8010992478172893e-06 -0.0005841021675328939
539 -5.457392485418906e-06 -0.0006116812634355117
541 2.5137805541259822e-05 -0.0005916714641513344
543 -8.70055089211557e-06 -0.0005525603774729702
545 -5.14682741430187e-06 -0.0005836532937583871
547 1.2261285779859553e-05 -0.0005797492899789058
549 4.296694605725308e-07 -0.0005697098561794772
551 -1.1687660732041239e-05 -0.0005570853656852803
553 1.2826191097017686e-05 -0.0005859303899570403
555 7.667298114741361e-06 -0.0005865297246123496
557 4.338837883170574e-06 -0.0005839556631180337
559 6.183260230491197e-06 -0.0005379318736875874
561 8.045265152412063e-06 -0.0005887911119261468
563 1.3784326741917047e-05 -0.0005685288794926751
565 1.5045701209763352e-05 -0.0005489142556473057
567 -2.900828258217241e-06 -0.0005662310327147135
569 1.8223586239733412e-05 -0.0005527060018738196
571 -1.0990329371830418e-05 -0.0005690149372297511
573 -9.223300213126873e-07 -0.0005625491277163575
575 1.9801124184826196e-05 -0.0005529655386168319
577 1.3508621387775414e-05 -0.0005602704385404144
579 -1.2428881449686966e-05 -0.0005296307899989608
581 -9.53876275759921e-06 -0.0005254419233380877
583 -1.2422952904892782e-05 -0.0005148442302758293
585 -1.770308998304277e-05 -0.0005417831657967317
587 3.437656372079034e-05 -0.0005397548716370027
589 -2.342112489984249e-05 -0.0005755284393151617
591 -1.2198305275639864e-05 -0.0005404047912409276
593 -1.0455112330817735e-05 -0.0005416696710236865
595 -2.9401248948087686e-06 -0.0005375823693347928
597 1.591447278688179e-05 -0.0005660482943619945
599 1.3903044648417984e-05 -0.0005409926827512831
601 5.625446234167318e-06 -0.0005209981919984235
603 -5.4846277505288374e-06 -0.0005374261514326281
605 -1.0397496330863997e-05 -0.0005227567752427743
607 1.0241892709805488e-05 -0.0005287225484593951
609 -1.2371828935288202e-05 -0.00053433233874513
611 1.9671465392308596e-05 -0.0005286103336109267
613 3.576189854876467e-06 -0.0004966546265074153
615 -7.658686607401374e-07 -0.0005156888702823012
617 -8.326276448729556e-06 -0.0005359362160352163
619 7.575474265752207e-07 -0.0005034768873540523
621 1.7908846021006244e-05 -0.0005121064570595622
623 -5.478816771095378e-06 -0.000496757991009699
625 1.2370283224252616e-05 -0.00051093678423133
627 1.7334990998785254e-05 -0.0004906884929141264
629 1.5056812411931977e-06 -0.0005080825810598116
631 5.763614533522611e-06 -0.0005086169189228745
633 -1.7664992172654523e-05 -0.0005078325946455127
635 2.4389312857546445e-05 -0.0004864628904993025
637 5.215967084024555e-06 -0.0005078405444405469
639 -1.1318980697271988e-06 -0.0004800614351163967
641 -4.586598211207586e-06 -0.0005124739107127342
643 -1.5960255191694256e-05 -0.000510287549752299
645 -3.3543538694597766e-05 -0.00047742421410263113
647 2.9935861334345506e-05 -0.0005128730802782045
649 -1.743453730738455e-05 -0.000511339631605924
651 1.3440061532717662e-05 -0.0005092435751541358
653 -1.3610971466148316e-06 -0.0005038330041073403
655 5.867274788925986e-06 -0.00047217448501595113
657 4.283824479807396e-06 -0.0004945851980115886
659 2.900347037472346e-06 -0.00047917739844903257
661 -3.326091189264742e-06 -0.0004914865793470333
663 -8.454537162578797e-06 -0.00047056167667562676
665 -8.167111404227868e-06 -0.000489153266152875
667 2.0051493105339535e-05 -0.0004630488887552114
669 2.069304355068062e-05 -0.0004807719004741556
671 -1.0305561527589469e-05 -0.00047977940301899746
673 1.7692912195466115e-05 -0.0004863135854126984
675 -1.7545734208879738e-05 -0.0004713054146298036
677 -1.941098851637191e-05 -0.00047749890799288983
679 1.0249813454086911e-05 -0.00047087885458927227
681 1.4202843434178243e-05 -0.00047133260226574377
683 -9.139441116403362e-06 -0.00045207574122022026
685 1.3562543073736665e-06 -0.00047897364896702074
687 -4.108544279186874e-05 -0.00047405899419686467
689 5.637682503830604e-06 -0.00045383408763779477
691 7.49998347948326e-06 -0.00047788676785353137
693 1.0574231924340219e-05 -0.0004408151454630139
695 -7.830768079595702e-06 -0.0004612498782986609
697 1.2300629710327313e-05 -0.00045893050448922315
699 -1.0261528775535265e-05 -0.0004370138044689675
701 1.8353988588934786e-05 -0.0004502480369662686
703 1.5799503670646682e-06 -0.0004640262917082788
705 4.322813233788595e-06 -0.00042564476403891604
707 9.286480340421844e-06 -0.00046567394412080383
709 -1.135602104546138e-05 -0.0004379740348029224
711 4.049687696413412e-06 -0.000451413953866285
713 -3.389346219547966e-05 -0.00043828520648316716
715 -8.071168080593642e-06 -0.0004616509373056695
717 -5.270238449432384e-06 -0.0004346387397090955
719 -1.3880921555766286e-06 -0.0004166999505796595
721 9.721835112014362e-06 -0.00045969041605144504
723 1.4105915035706473e-05 -0.0004133501724164241
725 -1.029350465111704e-05 -0.0004465525477255693
727 3.1661414222995496e-06 -0.00044661335444478906
729 -2.445308925797699e-06 -0.000419671882002482
731 -5.001921136007636e-06 -0.0004366384195168632
733 -3.278001001262954e-06 -0.0004451926540110945
735 -1.9802069297753457e-05 -0.0004482650586456401
737 -9.481975764510818e-06 -0.00043640852719242264
739 5.226081054814899e-06 -0.00044377314936517014
741 1.2235085069223244e-05 -0.00041228525563080925
743 -3.657434926654569e-06 -0.0004391271648134531
745 1.671699951832418e-05 -0.0004638663011645825
747 1.1602888820679132e-05 -0.00042698541923428255
749 -6.836328498573171e-06 -0.00043538042226980015
751 -1.240248160851128e-05 -0.0004579875074878871
753 6.597526747187555e-06 -0.00043433680241419543
755 3.6705495871598705e-06 -0.0004200226844003772
757 -3.347258820213928e-05 -0.00041783756955971087
759 -1.2719539776391408e-05 -0.00041909588054159496
761 -2.391532269266706e-05 -0.0004233058314460132
763 -5.626362450754368e-06 -0.00043308959267702123
765 -1.23546026508506e-05 -0.0004078415248128312
767 -1.2237456661476102e-05 -0.00041537487987872786
769 -6.924067974312133e-06 -0.00040883710624497186
771 -1.7248302095439896e-05 -0.0004179244934610829
773 2.0681404628189923e-05 -0.00043947620889878527
775 -1.6017851049569446e-06 -0.0004099777190650323
777 1.778964746656253e-05 -0.0004268286613545158
779 -1.247968445161595e-05 -0.00041412244139327843
781 1.9916425640808034e-05 -0.000391993571776684
783 1.6435579040567235e-05 -0.00040784570665452574
785 2.2376033702859314e-05 -0.0004209242320624912
787 8.534416851879012e-07 -0.0003788286205798274
789 -3.622100924108623e-06 -0.0003937767445692509
791 -1.366029655254352e-05 -0.0003921488267498239
793 1.8765895537901797e-06 -0.00037549276387447296
795 1.0908594839856508e-05 -0.0004144669938546103
797 2.305081595425061e-06 -0.00041135569602204666
799 8.392697845227668e-06 -0.0003930279861756913
801 1.3989246578098452e-05 -0.00039701709069586824
803 -8.719935624620391e-06 -0.0004102435320034988
805 -1.2990716487019612e-05 -0.0003845831074128659
807 2.2181087753461395e-05 -0.0003827716875878068
809 8.852989838640475e-06 -0.00037685322077122863
811 1.2597682905706934e-05 -0.00040885730337313184
813 -7.256046363293403e-06 -0.00038506294115555847
815 -7.724809824188749e-06 -0.00039772645905277284
817 7.133895121968986e-07 -0.00037199959269511193
819 1.3584508691156297e-05 -0.0003789082039062598
821 -1.1519795555200658e-05 -0.0003955081409905933
823 -1.2686028723080982e-05 -0.0004066020462099111
825 -2.3031046120233507e-05 -0.00040166677470449127
827 -5.326034287999421e-07 -0.0003502753738331515
829 3.2008413931637023e-06 -0.000411580475437416
831 -1.671914829243353e-05 -0.0004019924193470239
833 -5.839706631500734e-06 -0.000418080762557726
835 -2.193774133277655e-05 -0.00036391425114290775
837 6.9692488926378895e-06 -0.0003678416422627942
839 -1.6690924689899783e-05 -0.0003884023370075168
841 2.3637783132995715e-07 -0.00037855024632478757
843 5.7515945920122074e-06 -0.00038975222437174177
845 -5.559537034230672e-06 -0.0003845907545761107
847 2.120074207529719e-05 -0.0003794048250756124
849 -1.7907776621116808e-05 -0.00035496929187861634
851 -2.6946943126352988e-05 -0.0003537696354790787
853 8.856705897367238e-06 -0.0003762890255272819
855 -1.8253069193574525e-05 -0.0003822347951902554
857 1.4930552240140943e-05 -0.00035326051380202885
859 3.789224877821267e-05 -0.0003782845890208769
861 1.5083184350721979e-05 -0.0003962393152746671
863 -1.4668732731193404e-06 -0.0003645520203074817
865 4.060297336449014e-06 -0.00036809386973851965
867 4.711547492295154e-06 -0.00037029691323251635
869 4.032745464753706e-06 -0.0003828158253887297
871 -2.706005063938884e-05 -0.0003638752001744478
873 1.5288893202587032e-06 -0.0003560821426097726
875 -2.5509639158029782e-06 -0.00040913769759928396
877 2.610027749884373e-07 -0.00038818078487302564
879 1.2145722288346795e-05 -0.00033665503686027096
881 -1.4231366930938414e-05 -0.0003536190668528346
883 1.961483288732258e-05 -0.00034232428928629926
885 3.744677003557721e-06 -0.00034218782306344865
887 -7.911019257661967e-06 -0.00037383669016799584
889 5.0311932506205364e-08 -0.00036375988233736844
891 2.1081580508274026e-06 -0.0003397531896438832
893 -1.8703001591519665e-05 -0.00035264060103116005
895 -1.861337988749681e-05 -0.0003561258488788525
897 -2.1324005024405325e-05 -0.0003798832620813198
899 1.0645327688854298e-05 -0.00034973913333002585
901 4.505296999577009e-06 -0.00038719729343914347
903 -5.118086190910601e-06 -0.0003428737873934699
905 8.147404635690545e-06 -0.00033213045144540957
907 -4.032428972170998e-06 -0.00036360588227648985
909 8.60741734602038e-06 -0.00036318370230958565
911 -8.137296677534452e-07 -0.0003641048190582568
913 1.580779151587429e-05 -0.00033059446744883704
915 4.273529603198498e-06 -0.0003498632566559427
917 -1.3931002877260417e-05 -0.0003470309229208299
919 4.896432013844235e-06 -0.0003689300118533166
921 -8.90653396594428e-07 -0.0003611152195507977
923 -3.765217560505753e-05 -0.0003260402387267755
925 2.1170799193591824e-05 -0.0003340946985513555
927 -1.5207331297005815e-05 -0.00034806405258582294
929 -3.534512858154982e-06 -0.00033880852348210327
931 -2.6366983250483066e-06 -0.00033863971263124433
933 2.783050017884093e-06 -0.00034278169636256436
935 -2.381077821205517e-06 -0.0003230851208292575
937 1.1432505960346077e-05 -0.0003341526268586288
939 -1.1487697811446437e-05 -0.0003664708500734803
941 -2.077542968431108e-05 -0.00034977854528476794
943 1.7490397942395257e-05 -0.0003399445891583894
945 -1.753472493975756e-05 -0.00035147039552318446
947 1.242028419975559e-05 -0.0003350034148662473
949 2.674058770873478e-06 -0.0003205002559722951
951 -8.201719633796934e-06 -0.000342953085928652
953 -5.53923053401439e-06 -0.00032004143656891483
955 2.288246071252014e-06 -0.0003134289562325121
957 -2.5291472491837136e-06 -0.0003251820403119502
959 5.75151231847905e-06 -0.00033975541533237853
961 1.4648129038164202e-05 -0.0003190954854423008
963 4.4376607109999265e-06 -0.0003196352926774099
965 1.7878158221076917e-05 -0.0003260044767755868
967 4.605559328748461e-06 -0.0003228592004702089
969 9.341255550983292e-06 -0.00031412208225364526
971 -1.9589493802278383e-06 -0.00031504024995721545
973 -2.5961658975317914e-05 -0.0003209869877226356
975 -2.8996608011402796e-07 -0.0003358567452450495
977 -2.3418038874426185e-05 -0.0003387669908118872
979 -1.4934533912814496e-05 -0.00032018492238730515
981 -8.060380270134965e-06 -0.00032081842362545145
983 -8.566470107913567e-07 -0.00032908484322636194
985 2.282536153059871e-06 -0.0003246645286585084
987 -1.1097235396646429e-05 -0.00032902741116591346
989 1.5104922320161935e-06 -0.0003214316011342558
991 9.174486867068926e-06 -0.00030631081064187113
993 -5.778057359299039e-06 -0.0003435171584099675
995 2.7011582560420964e-05 -0.00032526468998888354
997 -1.221603464256971e-06 -0.0003412602958585116
999 2.4296020185210188e-06 -0.00030126491056890265
1001 -2.9191819925131434e-06 -0.0003175539710785319
1003 -8.089546915358847e-06 -0.0003171751002010868
1005 1.4777298737302854e-05 -0.0002992875439147371
1007 -1.636689033131714e-05 -0.00031866054436213514
1009 -2.657205986646221e-05 -0.0003144811493907477
1011 5.867727288386038e-06 -0.00030164088087398844
1013 4.648081127261916e-06 -0.0003049842054314983
1015 1.2766115461860719e-05 -0.00030312960764032794
1017 -1.3417785348747936e-05 -0.0003177998865819898
1019 -1.848615899008429e-05 -0.0003052211794962004
1021 1.2398072941987669e-05 -0.0002893441433259995
1023 3.6386898049669555e-05 -0.0003261281703431138
1025 2.6786636755839443e-05 -0.00034290121058944085
1027 -1.5376605285296792e-05 -0.0003072814648398066
1029 -7.463824124525862e-06 -0.0003136148357354334
1031 3.645238833662994e-05 -0.0003154217080416344
1033 -2.5065726177869486e-06 -0.0003253635972317475
1035 -1.2060421064117107e-05 -0.00029809949368486883
1037 -1.0759013337354995e-05 -0.0002887161956434331
1039 -7.599956752634169e-06 -0.00028217183046304117
1041 -8.595427251846137e-06 -0.0002856036122599993
1043 1.8084953592424058e-05 -0.00030315531303946045
1045 -1.3663602897531416e-05 -0.0003089500753682596
1047 1.059160129322387e-05 -0.00030669429429476704
1049 3.1863911455065505e-05 -0.00030399387460077165
1051 1.2246000770823673e-05 -0.00028918342914418236
1053 8.996914847306646e-06 -0.00031176684869063735
1055 5.041143804598128e-06 -0.00030048343313077955
1057 4.739742389741174e-06 -0.00028662991294000956
1059 2.343699664651085e-05 -0.0002932554580174987
1061 7.447921387250138e-06 -0.00029435611029944174
1063 -1.833365467166243e-05 -0.00029350093548112353
1065 -2.058432489022621e-05 -0.0003165475707083311
1067 1.2141417744471213e-05 -0.0003132409944949355
1069 -1.0674863685183967e-05 -0.0003067000688678752
1071 8.608367348252797e-06 -0.00027132275348589564
1073 2.5168577728654816e-05 -0.000310069114917911
1075 6.274622351950097e-07 -0.00026558644513021145
1077 2.196094766373377e-05 -0.00029772429828845993
1079 -5.77916350054159e-06 -0.00028057245803094914
1081 3.855979923937698e-05 -0.0003059364007206983
1083 -2.0112300323280275e-06 -0.000307381361966557
1085 9.01959580074708e-06 -0.0003262021805988706
1087 1.0701423709402763e-05 -0.00028047438629224007
1089 3.540648488405144e-05 -0.00027592391570602497
1091 1.3206729705901694e-05 -0.0002919714103268224
1093 1.4939063326881679e-05 -0.0002673824640763348
1095 -2.436635692185696e-06 -0.00031680835121343704
1097 -6.127954961134917e-06 -0.00027914292118696017
1099 -5.500987112086277e-07 -0.000316553204532238
1101 9.842638356093458e-06 -0.0003076974158172464
1103 -7.392598586502881e-07 -0.0003183147174068869
1105 -1.2685011154949775e-05 -0.00030076533304980544
1107 8.229186584817382e-06 -0.00029963926019800435
1109 4.654672444157469e-06 -0.0002853949906930765
1111 -1.5630623550195254e-05 -0.00026616945506581984
1113 -2.3543738688116166e-05 -0.0003029603013666184
1115 -2.366281173672612e-05 -0.00027214647464273616
1117 1.8856924982501527e-06 -0.0002837411952399136
1119 -2.2628906750195945e-07 -0.0002750662946333615
1121 -1.0473427869538417e-05 -0.00030571935926028795
1123 1.3524505193654188e-06 -0.0002912461370006028
1125 7.440036033033433e-07 -0.0002696050574584058
1127 5.460945521811696e-06 -0.0002934949446265396
1129 -3.7219821134765415e-06 -0.0002909791006352949
1131 7.795895345436787e-06 -0.0002978540654914381
1133 -1.0744711741607766e-05 -0.0002749326693214883
1135 1.005154994792237e-05 -0.00024181672004865672
1137 2.320560392126763e-05 -0.0003189293281385464
1139 2.5322135957804984e-05 -0.0002507142473097057
1141 1.1501756861485046e-05 -0.0002857113461939053
1143 -1.2849666635768516e-05 -0.00027194182390542234
1145 -1.3059310791806089e-05 -0.0002582514657123157
1147 5.194062019848778e-07 -0.0002837025398068511
1149 -4.5162897894189946e-06 -0.00028603537453545226
1151 3.113535833599455e-05 -0.0002735165095129611
1153 -6.398693764812839e-06 -0.0002712836855079195
1155 -2.835545089922384e-05 -0.0003052255577120015
1157 1.2223148518743959e-05 -0.00027142598016324256
1159 -3.089912543800912e-05 -0.0002812584024937341
1161 7.129291892436231e-06 -0.00026327343585272496
1163 1.8941308456092164e-06 -0.0002688714639972991
1165 2.5442585967382768e-05 -0.0002413491824059513
1167 -2.4715902486438903e-06 -0.0002470077236269628
1169 1.6873165679834256e-06 -0.00026483612588811364
1171 4.385670909469794e-06 -0.000293832363860948
1173 1.6950944845873767e-05 -0.00026028539851367444
1175 -1.7855485656210903e-05 -0.00027441815151975634
1177 1.249199436667962e-05 -0.00026556948011455386
1179 3.0709713329328023e-06 -0.0002607422865390081
1181 -1.7894739454470083e-05 -0.00026567818615475105
1183 -8.990009262835523e-07 -0.00024623953928089927
1185 3.669381992896751e-06 -0.0002636700976192109
1187 1.0395143382052602e-05 -0.0002832388155220011
1189 8.601052763066907e-06 -0.00025655901781526457
1191 1.1339308803286869e-05 -0.00026947242459629626
1193 -7.127177609315265e-06 -0.0002452127561058399
1195 1.0673879955065754e-05 -0.00027164114749821924
1197 9.02234005086801e-06 -0.00028568913160286093
1199 1.2700740076190754e-05 -0.00024316442304988555
1201 5.110935901926969e-06 -0.00027696412242055805
1203 -2.6942355345830567e-05 -0.00029202051199775917
1205 1.3118190229786878e-05 -0.00027100979085281147
1207 -1.0492457565802456e-05 -0.00026090521407345837
1209 -2.7480954010467292e-05 -0.0002670159640546181
1211 -2.0894461565519546e-05 -0.0002924101220318832
1213 2.1281832632651688e-05 -0.00027077613023260467
1215 -1.1627610129606076e-05 -0.0002921788215110581
1217 -1.12167581192214e-05 -0.00025273856290186083
1219 -1.741293610011397e-06 -0.00023823283828087197
1221 4.162820217863328e-06 -0.00024720720828214706
1223 -5.006989320559652e-07 -0.0002730112639293996
1225 2.366092026319779e-05 -0.00024409180302893192
1227 -4.892321714819578e-07 -0.00026971163790027997
1229 2.8122530815953842e-06 -0.0002477972007184842
1231 -2.3197249331769124e-05 -0.0002669441716258528
1233 8.36835499726808e-07 -0.00026417988327675
1235 -2.2095948833718163e-05 -0.00026729479395328355
1237 -3.378055242758443e-05 -0.00026012012166061336
1239 -7.270671291060017e-06 -0.00023760483163935367
1241 -1.930223448936739e-06 -0.0002457328931107544
1243 1.4897912635017322e-05 -0.0002638037616301139
1245 -2.5666949574036407e-05 -0.000261728271210927
1247 -1.742405409785374e-05 -0.00026038854518382047
1249 1.500092476223103e-06 -0.0002441688655370547
1251 -6.833449141990585e-06 -0.00025825364309553414
1253 -1.1813836664117904e-05 -0.0002391825665865946
1255 1.3953375085045197e-05 -0.00022661723267643587
1257 -1.4765506108125712e-05 -0.00023610216869511283
1259 1.0577609351698688e-07 -0.00025429209578596123
1261 1.5745873220147438e-05 -0.0002628128790372409
1263 -1.1543628619306654e-05 -0.00023938016413111788
1265 -6.612787272133813e-06 -0.00025956315005656167
1267 -6.698900931523842e-06 -0.00024856324066744565
1269 2.6666997909694008e-05 -0.0002667912502992257
1271 1.6169585480449774e-05 -0.00022894159852334918
1273 -3.745279424303127e-06 -0.00025321448593421364
1275 1.7137629389614738e-05 -0.0002166499643817991
1277 2.8142869373205645e-06 -0.0002562902461974067
1279 2.4417458392010558e-05 -0.00026222903491793643
1281 -1.053265314037695e-05 -0.00023669266847994543
1283 1.4604400162185644e-05 -0.0002581099858906875
1285 -3.1443005627087703e-06 -0.0002475141200907083
1287 1.7102449086617577e-05 -0.00022812476118571598
1289 -5.819784030897078e-06 -0.0002485696776841326
1291 -1.7004166354397907e-05 -0.0002719863789806551
1293 -1.958327421417139e-05 -0.0002723077130503706
1295 5.568102491805238e-06 -0.00025876918001670375
1297 9.602506527041464e-06 -0.00024294293824592085
1299 1.3955587548184446e-05 -0.00024211322541354917
1301 -2.815407838343989e-05 -0.00023499046677411372
1303 5.519714109434348e-07 -0.00026486415768308546
1305 1.5239940630712363e-05 -0.0002493486229859584
1307 2.5953487587867214e-05 -0.0002611652867499231
1309 5.800149145657791e-06 -0.00024274140340372626
1311 -9.972007274367952e-06 -0.0002432805613916416
1313 -6.72794544322567e-06 -0.00023373944758025818
1315 -1.092135117050002e-05 -0.0002397908579446964
1317 -1.808718657072677e-05 -0.0002214124561420375
1319 -4.821911849345844e-07 -0.00027661788110151656
1321 9.054286511500939e-07 -0.00023631091966088796
1323 5.241753132682201e-06 -0.00021899120001318955
1325 -6.084436687894918e-06 -0.00024872646820151337
1327 -2.176124064972221e-05 -0.00023981978328497624
1329 7.678502424317845e-06 -0.0002489738987323692
1331 -1.1238142571843318e-05 -0.00026008250104500434
1333 -2.0405272181994867e-05 -0.0002276857592091801
1335 7.201506373823593e-06 -0.00022941314856526811
1337 6.633731498478048e-06 -0.00022187827894699374
1339 -1.8214435785047913e-06 -0.0002513291138184752
1341 3.445090329116478e-05 -0.00021175710439294665
1343 4.492620523585962e-06 -0.00023926762529466022
1345 -1.1254648981382985e-05 -0.00023334376590888404
1347 2.1242991090278376e-05 -0.00023766187900802212
1349 4.119594501043336e-06 -0.0002466641393042288
1351 -1.010916140758646e-05 -0.0002486716980625928
1353 9.58982561623375e-06 -0.0002241347643950064
1355 -6.2466205807474195e-06 -0.0002665672959203543
1357 5.30011858358198e-06 -0.00020142930637217062
1359 -2.535300204684176e-06 -0.00020123407509961715
1361 8.670751736424618e-06 -0.0002240849928906703
1363 1.5280058782208922e-06 -0.00025128114646274965
1365 1.8575744256769652e-05 -0.00022961830682091553
1367 2.066523200837999e-05 -0.00022195765444024592
1369 4.67635286865478e-06 -0.0002391473997912786
1371 -6.662103120591122e-06 -0.00022731589801931688
1373 -1.7729980341093893e-05 -0.00023740930603560105
1375 -2.758986136527432e-06 -0.00021736420720100974
1377 1.2575362292489026e-05 -0.0002379603629199115
1379 -6.8751867950454555e-06 -0.0002251635372982129
1381 -1.791754505180313e-05 -0.00023228565833826548
1383 1.3315610980255684e-05 -0.00023386269246708117
1385 -3.2504537081558913e-05 -0.00024526451488226885
1387 -1.1538003890270583e-05 -0.00022926191328533635
1389 1.7557335616350732e-05 -0.00019408472641857017
1391 -1.059205034185857e-05 -0.00023314451612560012
1393 -1.3183542286682262e-05 -0.00022509829650676358
1395 2.3322005075847345e-06 -0.0002185437464323707
1397 6.439369644672392e-07 -0.00022615294183102148
1399 1.1382290347861492e-05 -0.0002612352691422061
1401 -1.8608312101834986e-05 -0.0002319478626430072
1403 7.279667744822263e-06 -0.00020906093276746367
1405 8.382202575092021e-06 -0.00023028953086620704
1407 -4.371513644246745e-06 -0.00020573286545678477
1409 1.4102873690420302e-05 -0.00021109496628599251
1411 4.323556775690322e-05 -0.00023197160518756616
1413 -1.4332977847796599e-05 -0.00021622793745524222
1415 6.6533107908289554e-06 -0.00022036523922267412
1417 3.2028056456865733e-06 -0.00022524828938433095
1419 1.2707468894204455e-05 -0.00022611410779585148
1421 1.641363299138968e-05 -0.00021590517076655404
1423 7.722405376344792e-06 -0.0002301547396999833
1425 -1.3512144836953382e-06 -0.00022739871786878562
1427 -2.7150407290985448e-06 -0.00023636473536207985
1429 1.9869091688135365e-05 -0.00022673379946608484
1431 7.007603714038569e-06 -0.0002072046824232941
1433 2.142621152130973e-05 -0.0002240636809648067
1435 8.865763088947124e-06 -0.00020933867684654083
1437 -2.0168704405966513e-07 -0.0002289914960064199
1439 -3.117095651247521e-05 -0.00021239720055014314
1441 -1.5692940272367432e-07 -0.00021493074335013514
1443 -2.2425488002997478e-05 -0.00020127434955230668
1445 2.4820703134755894e-05 -0.0002405048249570035
1447 1.3044729001849117e-05 -0.00021695421671115965
1449 -4.2173067895460383e-07 -0.00020228986575714444
1451 -4.950022582035157e-06 -0.00022120366374044529
1453 1.2846910905331973e-05 -0.00022681184326203257
1455 -1.4248122914462015e-05 -0.00024596540592903985
1457 -2.415227715594902e-06 -0.00023352768547738533
1459 2.645191884439596e-06 -0.00024634351597354936
1461 -7.909665350812067e-07 -0.00023485229612762624
1463 -3.306139407950165e-06 -0.0002148781995970612
1465 -3.455492051969883e-05 -0.00022178228489668986
1467 -1.7969949955238157e-05 -0.00022735569843032315
1469 -1.2856167164151069e-05 -0.0002123480400579789
1471 -1.2561468893751338e-05 -0.00020060170787124083
1473 1.231782507321179e-05 -0.0002295019932472674
1475 -4.3000423412849974e-06 -0.00020156889052385288
1477 6.56540608401588e-07 -0.0002275290690253443
1479 -1.861280605329911e-05 -0.00021596754230580734
1481 -1.4522446349125647e-05 -0.00020154116180828068
1483 -7.839913697248205e-06 -0.00022915027743696363
1485 2.1913203929166734e-05 -0.00019946671007141267
1487 3.050923377942775e-05 -0.00021084819921357136
1489 1.8998431137092224e-05 -0.0002113115498359082
1491 7.851704418242532e-06 -0.00020619323767487888
1493 -2.455424572225365e-05 -0.0002296346563959471
1495 -9.302587790267048e-06 -0.0002419935788311344
1497 6.3729227357360695e-06 -0.000209999296445893
1499 2.564116633664184e-06 -0.00020280234015994887
1501 1.535557178810561e-05 -0.00020132782073785266
1503 -3.137046799959285e-05 -0.00021214969215736307
1505 2.902495171556033e-05 -0.00021522928777294498
1507 1.022702768962356e-05 -0.00022213701447671601
1509 -1.7185437734240964e-05 -0.00018927820275785966
1511 -1.892104430012397e-05 -0.0001985592570660363
1513 -1.8808327117508553e-05 -0.0001898460763506534
1515 5.974418185627666e-06 -0.00023383656927516018
1517 -1.2155187615975888e-05 -0.00021072185458295744
1519 -1.3536665261120015e-05 -0.0002147809843934844
1521 -2.4842321414746872e-05 -0.00020531234110329505
1523 2.0146358180071636e-06 -0.00020909309009411946
1525 1.6778384584111052e-05 -0.00022888175443418706
1527 6.868602099576854e-06 -0.0001990207636242835
1529 6.493618713329248e-06 -0.00018030706419142276
1531 3.0403981790058234e-06 -0.00019573557522929404
1533 -6.101298967678635e-06 -0.00020951406846771658
1535 3.143454334899289e-06 -0.00021083592631687304
1537 -3.215564014909899e-06 -0.00019365668613049956
1539 -3.3895846407676464e-05 -0.00020513205400702903
1541 1.1987404758688201e-05 -0.00021722080501329426
1543 -2.3168191171843468e-05 -0.00019536972766158646
1545 -8.639890399947983e-06 -0.00020653485809188845
1547 -8.650022116446526e-06 -0.00020600117343654487
1549 -5.282290346684263e-06 -0.00019327766085446121
1551 2.1960156224931103e-05 -0.0002103226052146929
1553 6.448026795521666e-07 -0.00021126878727414306
1555 7.790255883735646e-06 -0.0002074449766976185
1557 -2.5674592688754395e-06 -0.00020167515626547995
1559 -1.7572863951947168e-05 -0.00021389270946217296
1561 1.6943949567656327e-05 -0.00020356802677566843
1563 3.1632207250973793e-06 -0.00019459718974076275
1565 1.8423993423522114e-05 -0.0001838545862020123
1567 -1.077840210125382e-06 -0.00021316271141184808
1569 -7.4715927438374236e-06 -0.00020918553498779947
1571 2.5756168383765544e-05 -0.0002005509673543932
1573 3.600606351908331e-05 -0.00019079125471111358
1575 -1.0083338759805685e-05 -0.00022517662987135947
1577 2.3062103098191995e-06 -0.00020741637009908382
1579 -8.150656715507443e-06 -0.00022140924858322868
1581 1.733301714291149e-05 -0.00019035090446020372
1583 7.458204470307056e-06 -0.00017144051490803786
1585 2.9503612835055796e-05 -0.00017973131014710608
1587 -7.310717837368865e-06 -0.00020937126630639062
1589 -9.917281682983449e-06 -0.00018072426209286897
1591 -7.32935244912765e-06 -0.0001951408592703998
1593 3.925847486901519e-06 -0.00019328798933361806
1595 -2.1019346091485714e-05 -0.0002148231323032497
1597 2.3037399845968404e-06 -0.00021343018396453376
1599 4.406822900418254e-06 -0.00022846885413392183
1601 2.221542200598736e-06 -0.00019434358345199405
1603 -4.047842485823706e-06 -0.0001716557176764594
1605 7.670671076021178e-06 -0.00019840093369534196
1607 -2.2409378569147576e-05 -0.0002144211507256917
1609 -3.240224618670754e-05 -0.00021230979882673684
1611 9.769562929052728e-07 -0.00021842908596772992
1613 2.1859243705871468e-05 -0.00017511798382127786
1615 1.1165442595289973e-05 -0.00020297147448588817
1617 -3.553379613682069e-06 -0.00021162367586715765
1619 9.892491895878985e-06 -0.00017219517744849677
1621 4.394299381297726e-07 -0.00018846223120417554
1623 8.141303242822087e-06 -0.00019408725470022002
1625 -2.107109169218074e-05 -0.00019550762638922118
1627 -1.213519105665548e-05 -0.00016661396426797233
1629 2.4303762643680844e-05 -0.000193638692759602
1631 -3.884977727592187e-05 -0.00019958076471711245
1633 -4.8760968780964835e-06 -0.00016203861990357266
1635 -2.109380723541195e-05 -0.00019876802473487945
1637 -4.882358596620771e-06 -0.00017128433087161243
1639 0.0 -0.00019420981463318527
1641 0.0 -0.00019397311772321186
1643 0.0 -0.00019373699706864923
1645 0.0 -0.00019350145056765394
1647 0.0 -0.00019326647612859178
1649 0.0 -0.00019303207166997615
1651 0.0 -0.00019279823512040624
1653 0.0 -0.00019256496441850618
1655 0.0 -0.00019233225751286444
1657 0.0 -0.00019210011236197387
1659 0.0 -0.0001918685269341716
1661 0.0 -0.00019163749920758018
1663 0.0 -0.0001914070271700485
1665 0.0 -0.0001911771088190935
1667 0.0 -0.00019094774216184206
1669 0.0 -0.00019071892521497344
1671 0.0 -0.0001904906560046623
1673 0.0 -0.00019026293256652163
1675 0.0 -0.00019003575294554667
1677 0.0 -0.00018980911519605884
1679 0.0 -0.00018958301738165021
1681 0.0 -0.0001893574575751283
1683 0.0 -0.00018913243385846148
1685 0.0 -0.00018890794432272444
1687 0.0 -0.00018868398706804428
1689 0.0 -0.0001884605602035469
1691 0.0 -0.00018823766184730378
1693 0.0 -0.0001880152901262792
1695 0.0 -0.0001877934431762777
1697 0.0 -0.00018757211914189196
1699 0.0 -0.00018735131617645125
1701 0.0 -0.00018713103244196984
1703 0.0 -0.00018691126610909613
1705 0.0 -0.00018669201535706197
1707 0.0 -0.0001864732783736325
1709 0.0 -0.000186255053355056
1711 0.0 -0.00018603733850601443
1713 0.0 -0.00018582013203957424
1715 0.0 -0.00018560343217713743
1717 0.0 -0.00018538723714839296
1719 0.0 -0.00018517154519126857
1721 0.0 -0.000184956354551883
1723 0.0 -0.00018474166348449837
1725 0.0 -0.00018452747025147288
1727 0.0 -0.00018431377312321404
1729 0.0 -0.00018410057037813226
1731 0.0 -0.00018388786030259428
1733 0.0 -0.0001836756411908775
1735 0.0 -0.0001834639113451243
1737 0.0 -0.0001832526690752969
1739 0.0 -0.0001830419126991321
1741 0.0 -0.00018283164054209687
1743 0.0 -0.00018262185093734405
1745 0.0 -0.00018241254222566803
1747 0.0 -0.00018220371275546118
1749 0.0 -0.0001819953608826705
1751 0.0 -0.00018178748497075424
1753 0.0 -0.0001815800833906393
1755 0.0 -0.00018137315452067848
1757 0.0 -0.00018116669674660824
1759 0.0 -0.00018096070846150694
1761 0.0 -0.0001807551880657528
1763 0.0 -0.0001805501339669828
1765 0.0 -0.00018034554458005138
1767 0.0 -0.00018014141832698965
1769 0.0 -0.0001799377536369648
1771 0.0 -0.00017973454894623978
1773 0.0 -0.0001795318026981335
1775 0.0 -0.00017932951334298066
1777 0.0 -0.00017912767933809268
1779 0.0 -0.0001789262991477182
1781 0.0 -0.00017872537124300432
1783 0.0 -0.00017852489410195775
1785 0.0 -0.00017832486620940653
1787 0.0 -0.00017812528605696176
1789 0.0 -0.0001779261521429797
1791 0.0 -0.00017772746297252412
1793 0.0 -0.00017752921705732887
1795 0.0 -0.00017733141291576083
1797 0.0 -0.0001771340490727828
1799 0.0 -0.00017693712405991702
1801 0.0 -0.00017674063641520858
1803 0.0 -0.0001765445846831895
1805 0.0 -0.0001763489674148425
1807 0.0 -0.00017615378316756538
1809 0.0 -0.0001759590305051358
1811 0.0 -0.0001757647079976757
1813 0.0 -0.00017557081422161648
1815 0.0 -0.00017537734775966427
1817 0.0 -0.00017518430720076536
1819 0.0 -0.00017499169114007184
1821 0.0 -0.00017479949817890758
1823 0.0 -0.00017460772692473432
1825 0.0 -0.0001744163759911182
1827 0.0 -0.00017422544399769605
1829 0.0 -0.0001740349295701425
1831 0.0 -0.0001738448313401369
1833 0.0 -0.00017365514794533043
1835 0.0 -0.00017346587802931373
1837 0.0 -0.00017327702024158448
1839 0.0 -0.00017308857323751532
1841 0.0 -0.00017290053567832193
1843 0.0 -0.00017271290623103132
1845 0.0 -0.00017252568356845022
1847 0.0 -0.0001723388663691341
1849 0.0 -0.0001721524533173557
1851 0.0 -0.00017196644310307437
1853 0.0 -0.0001717808344219054
1855 0.0 -0.0001715956259750893
1857 0.0 -0.00017141081646946188
1859 0.0 -0.0001712264046174237
1861 0.0 -0.00017104238913691062
1863 0.0 -0.00017085876875136378
1865 0.0 -0.0001706755421897001
1867 0.0 -0.00017049270818628317
1869 0.0 -0.0001703102654808939
1871 0.0 -0.0001701282128187016
1873 0.0 -0.00016994654895023526
1875 0.0 -0.00016976527263135502
1877 0.0 -0.0001695843826232236
1879 0.0 -0.0001694038776922782
1881 0.0 -0.00016922375661020236
1883 0.0 -0.0001690440181538984
1885 0.0 -0.00016886466110545926
1887 0.0 -0.00016868568425214135
1889 0.0 -0.00016850708638633705
1891 0.0 -0.0001683288663055477
1893 0.0 -0.00016815102281235642
1895 0.0 -0.0001679735547144014
1897 0.0 -0.00016779646082434933
1899 0.0 -0.00016761973995986872
1901 0.0 -0.00016744339094360375
1903 0.0 -0.00016726741260314801
1905 0.0 -0.00016709180377101873
1907 0.0 -0.00016691656328463066
1909 0.0 -0.00016674168998627068
1911 0.0 -0.00016656718272307203
1913 0.0 -0.00016639304034698937
1915 0.0 -0.0001662192617147732
1917 0.0 -0.00016604584568794505
1919 0.0 -0.00016587279113277264
1921 0.0 -0.000165700096920245
1923 0.0 -0.00016552776192604822
1925 0.0 -0.0001653557850305406
1927 0.0 -0.00016518416511872893
1929 0.0 -0.000165012901080244
1931 0.0 -0.00016484199180931677
1933 0.0 -0.0001646714362047546
1935 0.0 -0.00016450123316991768
1937 0.0 -0.00016433138161269526
1939 0.0 -0.00016416188044548254
1941 0.0 -0.0001639927285851575
1943 0.0 -0.00016382392495305749
1945 0.0 -0.00016365546847495665
1947 0.0 -0.00016348735808104298
1949 0.0 -0.0001633195927058957
1951 0.0 -0.00016315217128846267
1953 0.0 -0.00016298509277203822
1955 0.0 -0.00016281835610424075
1957 0.0 -0.00016265196023699065
1959 0.0 -0.00016248590412648836
1961 0.0 -0.00016232018673319258
1963 0.0 -0.0001621548070217986
1965 0.0 -0.00016198976396121663
1967 0.0 -0.00016182505652455044
1969 0.0 -0.00016166068368907602
1971 0.0 -0.00016149664443622055
1973 0.0 -0.00016133293775154117
1975 0.0 -0.00016116956262470414
1977 0.0 -0.00016100651804946416
1979 0.0 -0.0001608438030236436
1981 0.0 -0.0001606814165491119
1983 0.0 -0.00016051935763176535
1985 0.0 -0.00016035762528150664
1987 0.0 -0.00016019621851222482
1989 0.0 -0.0001600351363417751
1991 0.0 -0.00015987437779195916
1993 0.0 -0.00015971394188850512
1995 0.0 -0.00015955382766104796
1997 0.0 -0.00015939403414310998
1999 0.0 -0.00015923456037208138
2001 0.0 -0.00015907540538920076
2003 0.0 -0.00015891656823953604
2005 0.0 -0.00015875804797196543
2007 0.0 -0.00015859984363915828
2009 0.0 -0.00015844195429755634
2011 0.0 -0.0001582843790073549
2013 0.0 -0.00015812711683248418
2015 0.0 -0.0001579701668405909
2017 0.0 -0.00015781352810301968
2019 0.0 -0.00015765719969479478
2021 0.0 -0.00015750118069460202
2023 0.0 -0.0001573454701847705
2025 0.0 -0.00015719006725125467
2027 0.0 -0.00015703497098361652
2029 0.0 -0.00015688018047500772
2031 0.0 -0.000156725694822152
2033 0.0 -0.00015657151312532745
2035 0.0 -0.00015641763448834923
2037 0.0 -0.00015626405801855213
2039 0.0 -0.00015611078282677326
2041 0.0 -0.00015595780802733495
2043 0.0 -0.00015580513273802775
2045 0.0 -0.00015565275608009325
2047 0.0 -0.00015550067717820748
2049 0.0 -0.00015534889516046396
