-2049 0.0 0.00015534889516046396
-2047 0.0 0.00015550067717820748
-2045 0.0 0.00015565275608009325
-2043 0.0 0.00015580513273802775
-2041 0.0 0.00015595780802733495
-2039 0.0 0.00015611078282677326
-2037 0.0 0.00015626405801855213
-2035 0.0 0.00015641763448834923
-2033 0.0 0.00015657151312532745
-2031 0.0 0.000156725694822152
-2029 0.0 0.00015688018047500772
-2027 0.0 0.00015703497098361652
-2025 0.0 0.00015719006725125467
-2023 0.0 0.0001573454701847705
-2021 0.0 0.00015750118069460202
-2019 0.0 0.00015765719969479478
-2017 0.0 0.00015781352810301968
-2015 0.0 0.0001579701668405909
-2013 0.0 0.00015812711683248418
-2011 0.0 0.0001582843790073549
-2009 0.0 0.00015844195429755634
-2007 0.0 0.00015859984363915828
-2005 0.0 0.00015875804797196543
-2003 0.0 0.00015891656823953604
-2001 0.0 0.00015907540538920076
-1999 0.0 0.00015923456037208138
-1997 0.0 0.00015939403414310998
-1995 0.0 0.00015955382766104796
-1993 0.0 0.00015971394188850512
-1991 0.0 0.00015987437779195916
-1989 0.0 0.0001600351363417751
-1987 0.0 0.00016019621851222482
-1985 0.0 0.00016035762528150664
-1983 0.0 0.00016051935763176535
-1981 0.0 0.0001606814165491119
-1979 0.0 0.0001608438030236436
-1977 0.0 0.00016100651804946416
-1975 0.0 0.00016116956262470414
-1973 0.0 0.00016133293775154117
-1971 0.0 0.00016149664443622055
-1969 0.0 0.00016166068368907602
-1967 0.0 0.00016182505652455044
-1965 0.0 0.00016198976396121663
-1963 0.0 0.0001621548070217986
-1961 0.0 0.00016232018673319258
-1959 0.0 0.00016248590412648836
-1957 0.0 0.00016265196023699065
-1955 0.0 0.00016281835610424075
-1953 0.0 0.00016298509277203822
-1951 0.0 0.00016315217128846267
-1949 0.0 0.0001633195927058957
-1947 0.0 0.00016348735808104298
-1945 0.0 0.00016365546847495665
-1943 0.0 0.00016382392495305749
-1941 0.0 0.0001639927285851575
-1939 0.0 0.00016416188044548254
-1937 0.0 0.00016433138161269526
-1935 0.0 0.00016450123316991768
-1933 0.0 0.0001646714362047546
-1931 0.0 0.00016484199180931677
-1929 0.0 0.000165012901080244
-1927 0.0 0.00016518416511872893
-1925 0.0 0.0001653557850305406
-1923 0.0 0.00016552776192604822
-1921 0.0 0.000165700096920245
-1919 0.0 0.00016587279113277264
-1917 0.0 0.00016604584568794505
-1915 0.0 0.0001662192617147732
-1913 0.0 0.00016639304034698937
-1911 0.0 0.00016656718272307203
-1909 0.0 0.00016674168998627068
-1907 0.0 0.00016691656328463066
-1905 0.0 0.00016709180377101873
-1903 0.0 0.00016726741260314801
-1901 0.0 0.00016744339094360375
-1899 0.0 0.00016761973995986872
-1897 0.0 0.00016779646082434933
-1895 0.0 0.0001679735547144014
-1893 0.0 0.00016815102281235642
-1891 0.0 0.0001683288663055477
-1889 0.0 0.00016850708638633705
-1887 0.0 0.00016868568425214135
-1885 0.0 0.00016886466110545926
-1883 0.0 0.0001690440181538984
-1881 0.0 0.00016922375661020236
-1879 0.0 0.0001694038776922782
-1877 0.0 0.0001695843826232236
-1875 0.0 0.00016976527263135502
-1873 0.0 0.00016994654895023526
-1871 0.0 0.0001701282128187016
-1869 0.0 0.0001703102654808939
-1867 0.0 0.00017049270818628317
-1865 0.0 0.0001706755421897001
-1863 0.0 0.00017085876875136378
-1861 0.0 0.00017104238913691062
-1859 0.0 0.0001712264046174237
-1857 0.0 0.00017141081646946188
-1855 0.0 0.0001715956259750893
-1853 0.0 0.0001717808344219054
-1851 0.0 0.00017196644310307437
-1849 0.0 0.0001721524533173557
-1847 0.0 0.0001723388663691341
-1845 0.0 0.00017252568356845022
-1843 0.0 0.00017271290623103132
-1841 0.0 0.00017290053567832193
-1839 0.0 0.00017308857323751532
-1837 0.0 0.00017327702024158448
-1835 0.0 0.00017346587802931373
-1833 0.0 0.00017365514794533043
-1831 0.0 0.0001738448313401369
-1829 0.0 0.0001740349295701425
-1827 0.0 0.00017422544399769605
-1825 0.0 0.0001744163759911182
-1823 0.0 0.00017460772692473432
-1821 0.0 0.00017479949817890758
-1819 0.0 0.00017499169114007184
-1817 0.0 0.00017518430720076536
-1815 0.0 0.00017537734775966427
-1813 0.0 0.00017557081422161648
-1811 0.0 0.0001757647079976757
-1809 0.0 0.0001759590305051358
-1807 0.0 0.00017615378316756538
-1805 0.0 0.0001763489674148425
-1803 0.0 0.0001765445846831895
-1801 0.0 0.00017674063641520858
-1799 0.0 0.00017693712405991702
-1797 0.0 0.0001771340490727828
-1795 0.0 0.00017733141291576083
-1793 0.0 0.00017752921705732887
-1791 0.0 0.00017772746297252412
-1789 0.0 0.0001779261521429797
-1787 0.0 0.00017812528605696176
-1785 0.0 0.00017832486620940653
-1783 0.0 0.00017852489410195775
-1781 0.0 0.00017872537124300432
-1779 0.0 0.0001789262991477182
-1777 0.0 0.00017912767933809268
-1775 0.0 0.00017932951334298066
-1773 0.0 0.0001795318026981335
-1771 0.0 0.00017973454894623978
-1769 0.0 0.0001799377536369648
-1767 0.0 0.00018014141832698965
-1765 0.0 0.00018034554458005138
-1763 0.0 0.0001805501339669828
-1761 0.0 0.0001807551880657528
-1759 0.0 0.00018096070846150694
-1757 0.0 0.00018116669674660824
-1755 0.0 0.00018137315452067848
-1753 0.0 0.0001815800833906393
-1751 0.0 0.00018178748497075424
-1749 0.0 0.0001819953608826705
-1747 0.0 0.00018220371275546118
-1745 0.0 0.00018241254222566803
-1743 0.0 0.00018262185093734405
-1741 0.0 0.00018283164054209687
-1739 0.0 0.0001830419126991321
-1737 0.0 0.0001832526690752969
-1735 0.0 0.0001834639113451243
-1733 0.0 0.0001836756411908775
-1731 0.0 0.00018388786030259428
-1729 0.0 0.00018410057037813226
-1727 0.0 0.00018431377312321404
-1725 0.0 0.00018452747025147288
-1723 0.0 0.00018474166348449837
-1721 0.0 0.000184956354551883
-1719 0.0 0.00018517154519126857
-1717 0.0 0.00018538723714839296
-1715 0.0 0.00018560343217713743
-1713 0.0 0.00018582013203957424
-1711 0.0 0.00018603733850601443
-1709 0.0 0.000186255053355056
-1707 0.0 0.0001864732783736325
-1705 0.0 0.00018669201535706197
-1703 0.0 0.00018691126610909613
-1701 0.0 0.00018713103244196984
-1699 0.0 0.00018735131617645125
-1697 0.0 0.00018757211914189196
-1695 0.0 0.0001877934431762777
-1693 0.0 0.0001880152901262792
-1691 0.0 0.00018823766184730378
-1689 0.0 0.0001884605602035469
-1687 0.0 0.00018868398706804428
-1685 0.0 0.00018890794432272444
-1683 0.0 0.00018913243385846148
-1681 0.0 0.0001893574575751283
-1679 0.0 0.00018958301738165021
-1677 0.0 0.00018980911519605884
-1675 0.0 0.00019003575294554667
-1673 0.0 0.00019026293256652163
-1671 0.0 0.0001904906560046623
-1669 0.0 0.00019071892521497344
-1667 0.0 0.00019094774216184206
-1665 0.0 0.0001911771088190935
-1663 0.0 0.0001914070271700485
-1661 0.0 0.00019163749920758018
-1659 0.0 0.0001918685269341716
-1657 0.0 0.00019210011236197387
-1655 0.0 0.00019233225751286444
-1653 0.0 0.00019256496441850618
-1651 0.0 0.00019279823512040624
-1649 0.0 0.00019303207166997615
-1647 0.0 0.00019326647612859178
-1645 0.0 0.00019350145056765394
-1643 0.0 0.00019373699706864923
-1641 0.0 0.00019397311772321186
-1639 0.0 0.00019420981463318527
-1637 -6.591693019562562e-06 0.00018686864620896004
-1635 -7.793102174812845e-06 0.00018717166734844192
-1633 -1.1167131548471511e-05 0.0001689267180622957
-1631 -1.9350512488301216e-05 0.00021553995373692608
-1629 1.2553520255965427e-05 0.00018934834008319188
-1627 -1.3001332693269516e-05 0.00018809447245266
-1625 -6.914233552351246e-06 0.0002076439508368801
-1623 2.4306633241897975e-05 0.00020644232357495412
-1621 7.39337007562357e-06 0.00019328220288230348
-1619 -1.2316060286279704e-05 0.00018458591732547163
-1617 5.411588827802443e-06 0.00019409510774775037
-1615 4.095451299775823e-06 0.00019898801353037185
-1613 2.480512253277579e-05 0.00018677400420088124
-1611 -5.0126783889276445e-06 0.0002180623937234037
-1609 -1.4998246435100084e-05 0.00021150703529418464
-1607 2.1696280298041793e-06 0.00021843655160163028
-1605 3.5715711628058723e-06 0.00018023423354655662
-1603 -6.266141620008878e-06 0.00020538997931399507
-1601 1.6961373992524844e-06 0.00018522885321665812
-1599 5.071748908116907e-06 0.000234022158077456
-1597 1.053740677222883e-05 0.00020700933061140205
-1595 -6.449699507335754e-07 0.0001670654758886005
-1593 4.16522392820586e-06 0.00017940053831711934
-1591 3.4067985427918226e-06 0.00019840316032577083
-1589 2.149805974700166e-06 0.00016760871778819013
-1587 -1.534633436833372e-05 0.00020655186544283846
-1585 1.2115191521564348e-05 0.0001884114223620928
-1583 -1.6178401578433457e-06 0.00019029222628293683
-1581 1.7991309924012728e-05 0.00018195665619191422
-1579 4.0548317322784545e-06 0.0001939160382427672
-1577 1.2910208142830012e-05 0.00019717901689269638
-1575 2.817645096766366e-06 0.00022187027742725054
-1573 3.3806935716822877e-06 0.00019802361200031671
-1571 3.716481573522067e-05 0.00020624132471309863
-1569 -5.775483835143141e-06 0.00019461029503896218
-1567 -1.0881417893875411e-05 0.00022278916299281427
-1565 1.2554473760836077e-05 0.00019988836641815836
-1563 3.851638059194204e-06 0.00019843602369907614
-1561 -1.3036164478204984e-05 0.00020022026388460067
-1559 -1.5788433875315516e-05 0.00019895590658887278
-1557 8.622621210555462e-06 0.00018812693158063056
-1555 -8.025663847081811e-07 0.00019603021504628222
-1553 -2.366382985595843e-06 0.0002154303846926306
-1551 3.953705165627774e-05 0.0002196570183698702
-1549 -3.927730949504936e-06 0.00020628387601424192
-1547 1.46049829204047e-05 0.00022734444002413669
-1545 -9.06955379342859e-06 0.00019225039909426858
-1543 -4.1075386198122085e-06 0.00018071440540669273
-1541 3.093124374187878e-05 0.0002096808849577248
-1539 -1.9039434852987107e-05 0.0002153216995182364
-1537 -9.39948257687976e-06 0.00022116834356512011
-1535 -2.1008676629888904e-05 0.00019882158196502623
-1533 -5.407507214498195e-06 0.0002237593742813917
-1531 -1.2868057030663931e-05 0.00019659135461483755
-1529 -1.6250018272707212e-05 0.0001890037753503124
-1527 -4.3593991956544565e-06 0.00021196755247762257
-1525 2.6467797114728935e-05 0.00023585264061835897
-1523 -3.7351688204687114e-07 0.00019957342961905171
-1521 -1.2397507247323555e-05 0.00020589793436235542
-1519 3.6532790304972555e-06 0.00021494399253108563
-1517 1.0645454551641693e-05 0.00019394628514907575
-1515 -5.15339024815201e-06 0.00022371694065492317
-1513 2.8706303118813713e-06 0.0001754310661851836
-1511 -1.4553534439645387e-05 0.0001824062530499573
-1509 -1.8625652983527342e-05 0.00019853530714069364
-1507 -8.683074701821304e-06 0.00019463577677601398
-1505 1.826675116411273e-05 0.00021491107275987468
-1503 -7.803281190969644e-06 0.00020494198661521004
-1501 1.6626258475921457e-06 0.00020429262621121964
-1499 -2.465018448909015e-05 0.00019261729393890253
-1497 1.5448264192580487e-05 0.00022292358084193041
-1495 -1.1093471774859005e-06 0.00022044907048036387
-1493 -2.310924090733381e-05 0.00021294625720057208
-1491 -1.1565363659627936e-05 0.00022084462093939348
-1489 1.2944528140397259e-05 0.00021436544406991484
-1487 4.633047205915751e-06 0.00022293932039390955
-1485 -1.1443717404199477e-05 0.00019377760661487705
-1483 -1.0942164624018134e-05 0.00023732277763196966
-1481 -8.05213297579792e-06 0.0001972941605461671
-1479 -8.155390910618846e-06 0.0002327676935173331
-1477 -1.2815415564376437e-05 0.00023343107103652126
-1475 1.935738129159625e-05 0.00020793938487309813
-1473 2.107238908279019e-05 0.00021836239031873582
-1471 -1.1963516401534582e-05 0.0002048924011993121
-1469 -8.321752724891763e-06 0.00021032458836463055
-1467 -1.3273516457920209e-05 0.00021334080761353997
-1465 1.1510323102952284e-05 0.00021932415102419908
-1463 -2.2776893283794196e-06 0.00020876788309050022
-1461 1.294722978479239e-05 0.00023032108941713696
-1459 -1.0757823035964126e-05 0.000234772330248835
-1457 9.862672574584301e-06 0.0002303000165442104
-1455 7.706425497991276e-06 0.00021629279607349525
-1453 8.45901012625107e-06 0.00020634862447781898
-1451 8.611480093729467e-06 0.0002110357017547806
-1449 -1.9891022173122905e-06 0.00019839443597183186
-1447 1.640091488174297e-05 0.00023240338739453445
-1445 5.415134701976759e-06 0.0002368204223510233
-1443 -7.147299280905902e-06 0.00021180495440200237
-1441 -5.3725121046201845e-06 0.0002266773822113516
-1439 -8.355588290564245e-07 0.00021149067560970753
-1437 6.644360466162063e-07 0.00023223373016200338
-1435 -1.2121644587785632e-05 0.00023331093496007754
-1433 1.3506258862022982e-05 0.00022358750567649967
-1431 -1.804335467032639e-06 0.00021810759776500556
-1429 4.130217228316781e-06 0.0002441742529160935
-1427 2.226521278586877e-05 0.0002112956097611522
-1425 2.150346857296188e-05 0.00022238538843947893
-1423 1.9524016875244303e-06 0.00022544562902306674
-1421 7.774393879274625e-06 0.000230356004470429
-1419 -5.067679277580683e-06 0.00022101743588299165
-1417 6.307964254103045e-06 0.00021830590764235916
-1415 1.8948738067973426e-05 0.00021122753582782197
-1413 -9.260447946524933e-06 0.00021824338366192907
-1411 2.6134078378132856e-05 0.00023334388205438993
-1409 1.4833820787162144e-05 0.00020637486073653275
-1407 6.978653033629029e-06 0.0002380783110359673
-1405 -4.104229436748397e-06 0.0002320613967052764
-1403 7.211607027997163e-06 0.00020835576523292243
-1401 1.674240032872342e-05 0.00023415396925558377
-1399 1.5016769526237653e-05 0.0002571500369116028
-1397 -1.2655695963340994e-05 0.00020931002204328296
-1395 -1.1916863145120515e-05 0.0002137604952467243
-1393 -1.8776829623260956e-05 0.00022468167017085779
-1391 4.02572891805824e-06 0.00023628432515050216
-1389 2.8572145652880824e-06 0.00022153892131174794
-1387 -1.1892350057528917e-05 0.00020680581950030636
-1385 8.472971023807669e-07 0.00024210152782001856
-1383 1.988925680374461e-05 0.0002292301572742909
-1381 -2.4774915683060355e-05 0.00023413104433214491
-1379 3.6054186169495138e-06 0.00023444961321325707
-1377 -4.604973403519584e-06 0.00023528446595218183
-1375 -6.90776054244065e-06 0.00021378807777518787
-1373 -1.2968063863157521e-05 0.00022923888276692205
-1371 9.251845045621349e-07 0.00023473088572460124
-1369 -1.2599348699381916e-05 0.00022451915163287348
-1367 2.1446393910329144e-05 0.00025303236864688964
-1365 1.6413097269063298e-05 0.00023630376615742487
-1363 9.192704895739517e-06 0.00023600798048728928
-1361 -9.826524341279744e-07 0.00023557753149077533
-1359 -1.3210113827499935e-05 0.00021966213656666637
-1357 7.653719134407244e-06 0.0002329638769935202
-1355 -1.33595176214061e-05 0.00024193236946310002
-1353 -6.413127947868548e-06 0.00022445427935107059
-1351 6.253065902211926e-07 0.00024194552888153837
-1349 2.468107945036316e-05 0.00021848926061641575
-1347 4.1070825087694054e-05 0.00021654805337545553
-1345 -2.5136095278047163e-06 0.00024544110224069003
-1343 8.670114475346123e-06 0.0002296681223146446
-1341 -1.0159249789169037e-05 0.00019464218565317824
-1339 -1.8626677652908635e-05 0.0002297704445144396
-1337 7.186166319235747e-06 0.0002616686935379782
-1335 1.0770862684059663e-05 0.00023343492180616225
-1333 -1.1835429074379645e-05 0.00023104127257568273
-1331 -3.260146179144239e-05 0.00021314317650383453
-1329 4.852947857128576e-06 0.000277275976285882
-1327 -5.246315319357513e-06 0.00023659325451678203
-1325 -7.529934725120979e-06 0.00024198017149431195
-1323 1.3552579528520941e-05 0.00024150889171546122
-1321 -1.9306277823326656e-05 0.00024061200073313685
-1319 -1.0523923683852432e-05 0.00026628921976180013
-1317 -1.1134016441683696e-05 0.00024277942312887557
-1315 -3.115796342290844e-05 0.0002567371951930703
-1313 -7.687421810476834e-06 0.00023197952984324423
-1311 -1.2669110326740684e-05 0.00026080067534742327
-1309 -8.404596266840055e-07 0.000244495544869919
-1307 1.0094578489044741e-05 0.0002735909276833176
-1305 -2.936055350777438e-06 0.0002382808800108613
-1303 -5.631471682777244e-06 0.0002605244257285764
-1301 -4.310494860422679e-06 0.0002330666018624695
-1299 6.888560318221374e-06 0.0002466794321033809
-1297 2.167148290677693e-06 0.0002458822126322299
-1295 -1.2261657484163933e-05 0.00025889489356764763
-1293 -7.127412772551963e-07 0.00026960389494806876
-1291 8.430556410498458e-06 0.00025516117059159646
-1289 -1.2658025458523261e-05 0.00024861624182489773
-1287 1.3110324423424457e-05 0.00023993777682595712
-1285 -2.678012833454384e-06 0.0002481083036076787
-1283 1.9785734251991028e-06 0.00023171710619575438
-1281 -1.918656488039922e-05 0.00023381696685772864
-1279 4.042356426667417e-05 0.00024759284255158713
-1277 1.2552125304417471e-05 0.0002576688663150276
-1275 2.643216757399454e-05 0.00022020216517100273
-1273 4.1685804722069925e-06 0.00026984274255070507
-1271 8.652953092747494e-06 0.0002669084258349938
-1269 7.667409918331561e-06 0.0002437654138188775
-1267 -6.32212302662874e-06 0.000265294083993626
-1265 -1.4412229282512901e-05 0.00028038021358676285
-1263 9.05958641194108e-06 0.00023801489520753244
-1261 1.3113794439819246e-05 0.00027365253625399096
-1259 -1.690709760150255e-05 0.00027274576800768085
-1257 -2.36464125884997e-06 0.00025148875330217467
-1255 2.074265998179067e-06 0.0002418432441519506
-1253 -7.194551914028825e-06 0.00025647313900078615
-1251 6.048131722137834e-06 0.00022709312688480886
-1249 -8.016985506277153e-06 0.0002513833176107025
-1247 -2.038134062129752e-05 0.0002351451220830022
-1245 -1.763776848024347e-05 0.00025177077884752105
-1243 3.855394336257917e-06 0.0002707733613000462
-1241 -1.787783389979096e-05 0.00026425167082706725
-1239 1.256782418613084e-06 0.0002368341423327905
-1237 -2.1999770776420178e-05 0.0002314294267343476
-1235 -1.8803252914620615e-05 0.00027005109345563884
-1233 -1.1516770811364826e-05 0.0002789345978165221
-1231 -4.658631928160379e-06 0.00026392670483975475
-1229 5.094471060052286e-06 0.0002401642862362306
-1227 1.2138716633391156e-05 0.00025906045952803176
-1225 3.183381974739597e-05 0.00025294839593596415
-1223 5.3902120503773514e-06 0.00026546199823742044
-1221 -3.996951036498885e-06 0.00025968352539313365
-1219 -9.492396521108601e-07 0.0002512395028656147
-1217 -2.3818803695997226e-05 0.0002561240969399768
-1215 8.105692617872385e-06 0.0002826699925204093
-1213 1.9273118866313233e-05 0.0002711891740254008
-1211 -4.847165279269024e-06 0.000280468830919023
-1209 -1.0492958030084731e-05 0.00025233590269355745
-1207 -2.3491550389560922e-05 0.00028651357563112297
-1205 9.283545604600927e-06 0.00027665219524145533
-1203 -1.7392657532638433e-05 0.0002818885996724691
-1201 2.574375725671461e-06 0.00027080216359930115
-1199 2.072345269663043e-05 0.0002423830800813724
-1197 1.4310969432324383e-06 0.0002737171647099097
-1195 2.1039511332258166e-06 0.00027952349314541903
-1193 -1.7155564338612287e-05 0.0002600717979261209
-1191 1.4200138251605042e-05 0.00027656621019781424
-1189 1.5612644924967077e-05 0.0002577935096494802
-1187 -1.3068537237421898e-06 0.0002748458338461719
-1185 9.04632701356188e-06 0.0002782334927256599
-1183 -3.675924416108638e-05 0.00025588424329060013
-1181 -5.0313279516238904e-06 0.00024013163483189423
-1179 1.1261117668326827e-05 0.00025801486625563215
-1177 7.596847387261732e-07 0.0002755223488243296
-1175 6.260827806640409e-06 0.000273508793487214
-1173 -6.395785652154545e-07 0.0002961763089684985
-1171 1.1294582746065982e-05 0.00028398112034276466
-1169 1.6749969446511273e-05 0.00026961378838988905
-1167 1.3512634751114062e-05 0.00028187158558431774
-1165 9.14053099160848e-06 0.0002462912970925159
-1163 -1.448127365482782e-05 0.0002777114787716998
-1161 1.5700774141444683e-05 0.0002794175867054701
-1159 -8.646173811683989e-06 0.0002973381499554932
-1157 8.013192259647594e-06 0.0002697720189450379
-1155 -2.604693236271726e-05 0.0002746908454714355
-1153 5.516956822729159e-06 0.00027155273104720155
-1151 -1.6345986582234623e-05 0.0002809428316864516
-1149 -1.941122997828714e-05 0.0002829360585313747
-1147 -1.0920322785775472e-05 0.0002832747219733099
-1145 -1.3755406455863646e-05 0.0002684592497873084
-1143 -6.314230154822597e-06 0.00025422452952851245
-1141 5.396444436418064e-07 0.0002958336247012065
-1139 8.054794514045085e-06 0.00025700696217310546
-1137 -9.740606335112135e-06 0.0002916781943942306
-1135 2.6455051421506007e-05 0.0002469202836688479
-1133 1.2740746754180678e-05 0.00028027606998413804
-1131 8.415494599843654e-06 0.00029022959970246003
-1129 -7.117794149811853e-06 0.00029978973418464923
-1127 1.947667372077407e-05 0.0002961069574112351
-1125 7.85938988296533e-06 0.000275929184031541
-1123 -1.0627461461247215e-05 0.0002965611717024861
-1121 -5.875167696289847e-06 0.0002928443562527698
-1119 -3.951858991513131e-06 0.00026621184960899853
-1117 2.34095216176092e-05 0.0002954589583595663
-1115 -1.787295730087322e-05 0.0002917160060921592
-1113 -1.850178423527281e-05 0.0002791107077185957
-1111 1.9538029091637277e-05 0.00026661719739851927
-1109 -8.944772991550476e-06 0.00029503094408475644
-1107 1.840680181245565e-06 0.0002894082047691148
-1105 -1.6002756567762564e-05 0.0003060871664574042
-1103 -4.000588040670987e-06 0.0003183682500938926
-1101 -1.7940217836524536e-05 0.0002794001577774031
-1099 1.741616497204795e-05 0.00031957796051827406
-1097 3.0459660512611186e-06 0.00026402133800982746
-1095 -2.193631360729031e-05 0.0003023729990512514
-1093 4.287424307724982e-06 0.000279865070663266
-1091 1.3886221132594002e-05 0.00029401421128264014
-1089 1.4577928676255543e-05 0.0002678053228813744
-1087 -1.237419428552804e-05 0.0002754612451500729
-1085 1.7267671501395212e-05 0.0002985485667149695
-1083 6.294970019772677e-06 0.00028431436063311606
-1081 1.4431881570123406e-05 0.00030547007053681626
-1079 2.538716999475837e-06 0.00030545694109980525
-1077 2.510303645353082e-05 0.00031151615486790134
-1075 -5.5893904020354694e-06 0.00029105774488359106
-1073 -4.969504735985728e-06 0.00028684026382438905
-1071 3.2716282067807706e-06 0.0002897053067692513
-1069 -1.0194781738397486e-05 0.00030278687935268755
-1067 -1.024866116987147e-06 0.0003043414102059102
-1065 -1.5759211410686923e-05 0.00031273394961368
-1063 -6.53898823139182e-06 0.0003059736248286585
-1061 -5.875726416408784e-06 0.0003059734515107424
-1059 7.034739076106638e-07 0.0002891770863689286
-1057 -1.1773121289715363e-06 0.0002955393142560413
-1055 1.9094594022103845e-05 0.0002835164884174787
-1053 -5.66977086653806e-06 0.00031908824678823886
-1051 2.919471372929978e-05 0.0003017090913948596
-1049 1.581678196306852e-05 0.0003026687304644142
-1047 4.202466323928296e-06 0.00030351263290061774
-1045 -8.72574816836283e-06 0.0003041780423149092
-1043 -7.507335909983041e-07 0.0003098326051177958
-1041 -8.706871027362156e-07 0.0003176895892477953
-1039 -2.9919578878385174e-06 0.00028688064515635026
-1037 -8.295833244759187e-06 0.0002895480177340325
-1035 -2.055261902679538e-05 0.00029704490879195044
-1033 9.128281834177494e-06 0.00031111376461172264
-1031 3.166431446514034e-05 0.00030420872288038217
-1029 -1.4516944360799407e-05 0.0003222781088115789
-1027 -2.951279284498199e-06 0.00031080525692703405
-1025 2.035785894831919e-05 0.00033030826015765656
-1023 1.4417856707060715e-05 0.0003282300413759794
-1021 -1.9447790199075473e-06 0.00031559928771863344
-1019 -1.7886631723018925e-05 0.0002926585587476923
-1017 -2.3189215200893883e-06 0.00032761733574244306
-1015 6.805336043652621e-06 0.0003148088777674026
-1013 2.5653709142576795e-06 0.0003212742127428428
-1011 7.21025045514531e-06 0.0002968922554141473
-1009 3.019533317315968e-07 0.00033662336953390855
-1007 4.057751272662942e-06 0.000309308093332556
-1005 4.220234371850646e-06 0.00029720461554020217
-1003 -1.0632045112889572e-05 0.0003182151735470436
-1001 -2.2604149816865833e-06 0.00030297031566205705
-999 2.0164576067420414e-06 0.00031098782409377617
-997 2.1425170693187137e-06 0.00032073740739472313
-995 6.347518244731128e-06 0.000319242064970078
-993 -2.7622706589127287e-07 0.0003358777558662064
-991 1.1342429165522446e-06 0.0003496457570079429
-989 -3.909058513698574e-06 0.0003385676667839527
-987 5.498974825819285e-06 0.0003198027388914185
-985 -8.5297173268093e-06 0.0003326534238355475
-983 -4.934340982424925e-06 0.00031275738434196384
-981 1.7981935253405553e-05 0.0003165317031720365
-979 -1.1971271534186384e-05 0.00030711674699867463
-977 -1.4898416160607111e-05 0.0003347913534386582
-975 5.664721403932716e-06 0.000339856887873908
-973 1.274293882699349e-05 0.00032513323055593564
-971 2.6179777228997858e-05 0.0003311258068326215
-969 3.264795645013537e-06 0.000283876801366638
-967 -1.132630520850675e-05 0.0003428124481777501
-965 -6.110862349233665e-06 0.0003364375080454027
-963 5.293681081668515e-06 0.0003224702982912774
-961 1.6983517897797845e-05 0.0003266736699246894
-959 -1.665967989346073e-05 0.00032131269690706453
-957 -5.4422717616741755e-06 0.00033046039007138224
-955 2.3854873896047936e-07 0.000328606931530663
-953 -9.899506880927132e-06 0.0003190466726328637
-951 1.3587854611332594e-05 0.00034718024893038774
-949 7.192998839139665e-07 0.00032624723538341366
-947 1.4275335486410565e-05 0.0003424922169240805
-945 -5.046058539105309e-06 0.0003400246936160539
-943 2.5747341333073103e-05 0.00033873130265068754
-941 4.3203389365999794e-06 0.0003573211625044579
-939 -1.1812058846655032e-06 0.00036129064628833866
-937 8.176931040186178e-06 0.0003316745969618879
-935 3.4308588662707593e-06 0.00034235514029920923
-933 -1.9075405316132833e-06 0.00032964015522929076
-931 -2.511462237655794e-07 0.0003559212687794292
-929 6.239399331454494e-06 0.00034184393103711246
-927 -1.658099192854748e-05 0.0003521768518062414
-925 2.8711966283288867e-05 0.0003500636723305356
-923 -9.500069271905817e-06 0.0003248002476668013
-921 -1.1163769225382584e-05 0.0003545213478466602
-919 8.695901850674391e-06 0.000363907986934618
-917 -9.684591023195093e-06 0.00033981586603520084
-915 -6.557045450267461e-07 0.00035877244689282574
-913 5.3521187464155976e-06 0.0003243587782909319
-911 2.6997775837476802e-05 0.0003644035584331139
-909 -1.2280367785191287e-05 0.00036206120502236877
-907 -4.835174960993295e-06 0.0003657379949605022
-905 8.457518536864004e-06 0.00033930899980027146
-903 -1.547689985119102e-05 0.00035822956806218356
-901 2.2389071815122356e-05 0.00037990853113642145
-899 4.107871890052872e-06 0.0003479128901549775
-897 -3.7701613703344705e-05 0.00037134366858186446
-895 -1.576145092344051e-06 0.0003570709171412988
-893 -4.089961928488364e-06 0.00035766901218642626
-891 -3.892878439889192e-06 0.00035941320707396886
-889 2.8413595268266727e-05 0.0003603806376949594
-887 -3.751834789213692e-06 0.00035607406634834284
-885 -2.1447677546758814e-06 0.00032232112206793945
-883 3.630277709078681e-05 0.0003701401398513369
-881 -6.565921760351578e-07 0.0003706283092723827
-879 -6.158157474270085e-06 0.00034829159385123536
-877 1.922626668485702e-05 0.00037620392242402597
-875 2.5796423392018583e-06 0.00038328458140418
-873 4.856567505744218e-06 0.0003735140449795996
-871 -1.847309381490875e-05 0.00035638522352479885
-869 9.987476608914203e-06 0.00036750147582182503
-867 -1.8392970484707817e-05 0.0003854240627517331
-865 -1.8447050760667176e-05 0.000353053798688655
-863 -2.574693309315304e-06 0.0003591808013573557
-861 2.4938342385617305e-05 0.00040035977460217806
-859 2.278390024685876e-05 0.0003759741062361349
-857 5.665807065198951e-06 0.0003576358747694099
-855 -1.256721680115286e-05 0.0003809206796676283
-853 -1.3136409567458205e-05 0.00037198532910329477
-851 -2.624044566903263e-05 0.000354455753949243
-849 -3.1140140977319625e-05 0.00036235587226612453
-847 1.5568408089523007e-05 0.0003610059615067948
-845 6.0574816710517115e-06 0.00039463056038028914
-843 -5.015877728162472e-07 0.00038115779341278455
-841 2.0677252516995263e-06 0.0004059275272917822
-839 -1.4353962828930626e-05 0.00037002215783263787
-837 3.582796165168524e-06 0.00038678724897821753
-835 -1.643345895733907e-05 0.00037379271608365425
-833 -9.516106501276307e-06 0.000403156674888997
-831 -6.074003712362393e-06 0.00038022144845343246
-829 -7.012329054414338e-06 0.0003995585334501209
-827 8.000275465309276e-07 0.00036927679448840186
-825 -1.4571410075352886e-05 0.0003907988392625686
-823 -4.0654297501941296e-06 0.0004019847653288823
-821 1.4260232769515074e-05 0.000374041879379162
-819 2.9254262760810622e-05 0.0003690817244596328
-817 4.5048709735627445e-06 0.0003621416555660301
-815 1.0187465474140819e-05 0.0003915090271813765
-813 -5.704508550990707e-08 0.00039164214442590807
-811 -5.474478416755678e-06 0.0003997355151904937
-809 1.9836037425221757e-05 0.00039747248083301366
-807 -1.1251461577274221e-05 0.00037732040790588073
-805 -5.437938401567515e-06 0.00041099198084879746
-803 -3.5183651778671037e-06 0.00042381022402614924
-801 -8.121881644239521e-06 0.00039974447860764933
-799 7.36666157694801e-06 0.0004173659679768982
-797 1.3126816255078426e-05 0.00041363290898470395
-795 -1.2382122170743068e-05 0.0003995279831255002
-793 7.122365701616657e-06 0.0003896081336041833
-791 -1.9105546290057086e-06 0.00040894382975071404
-789 1.3412882731269987e-05 0.0003889831838341743
-787 -1.1423654140231324e-06 0.0004016089028930151
-785 3.225991691071062e-05 0.0004040591518626666
-783 2.352829214219769e-05 0.0004210328545662608
-781 2.676355106863608e-05 0.0003861950222437342
-779 8.117389163312856e-06 0.00042386530602844737
-777 3.1924781851439786e-05 0.0004153217010138274
-775 -1.4689426781454386e-05 0.0004248858320993768
-773 2.8884216695320298e-05 0.00042366574892534133
-771 2.8641532733681237e-06 0.0004190142244733973
-769 -9.991621749970681e-06 0.0004057109961370105
-767 -6.153729205579595e-06 0.0004284628170107771
-765 -1.4630511696010585e-05 0.0003904327939119868
-763 1.049295055150846e-05 0.0004209189521896956
-761 -1.5943904223590148e-05 0.00040295531170801035
-759 -5.30711894853126e-06 0.000412025330861214
-757 -9.599506329584148e-06 0.00042510461656115975
-755 6.253728532847311e-06 0.00040560893376292094
-753 -4.5671958183218665e-06 0.00041938094541658645
-751 2.1734464749286187e-05 0.0004312363823238967
-749 4.758694031086762e-06 0.0004291628286199314
-747 5.705373895934194e-06 0.00043626006777131856
-745 2.179585451816445e-06 0.00043656280779716915
-743 -3.92986913592997e-06 0.0004355898981429339
-741 1.192163586218038e-05 0.00042530096020992544
-739 -1.753875361167673e-05 0.0004588951886289412
-737 -1.2949536735226157e-05 0.0004427016025116525
-735 4.7479150949032605e-06 0.0004284385899899543
-733 -1.3610518715691155e-05 0.00041654020705480545
-731 -1.0076762458421798e-05 0.0004290167877487511
-729 1.6289164050002311e-06 0.0004236811454361514
-727 -3.005756441929413e-06 0.0004586894068824421
-725 2.5988474831790018e-06 0.00043738180673483955
-723 2.435478903958573e-06 0.0004546901933551249
-721 1.5748180092797624e-05 0.00045815566501187897
-719 2.415124920844776e-06 0.0004207831056058163
-717 8.671429107077096e-06 0.00043598792319566795
-715 -1.1963951631352213e-05 0.0004408317708497041
-713 -9.500073557735785e-06 0.00043836781484143955
-711 -5.202091919399449e-06 0.0004390344397254269
-709 1.7189613937579036e-05 0.00046431285009104946
-707 -8.209189673628395e-06 0.00047835942262469797
-705 1.544509619005461e-05 0.00043625545552745666
-703 4.2328128703130285e-06 0.0004718411463418946
-701 5.913435225231943e-06 0.00043851592863314824
-699 1.4790816895497687e-05 0.0004519594153571125
-697 1.340353666057082e-05 0.0004491582312638554
-695 -5.39854233067052e-06 0.0004609765781667267
-693 1.5191030485728459e-06 0.0004666918809416476
-691 1.1097835911573498e-05 0.0004586716667717085
-689 1.645391540289107e-05 0.0004575003810630369
-687 -3.547492701315299e-05 0.0004806101290702576
-685 7.039499672123615e-06 0.00047581616442114017
-683 -7.055232848407e-06 0.0004652327726753465
-681 -2.6921177007411092e-06 0.00044928283322638184
-679 -4.1064869002952265e-07 0.0004909475444448815
-677 -1.5563942180251264e-05 0.0004790876575655592
-675 4.101001545440825e-06 0.0004816237662356413
-673 1.3867841618137447e-05 0.0004856028999011534
-671 -2.0445058749987e-05 0.0004695667032954306
-669 2.0321657354731337e-06 0.0004971254101211027
-667 3.270877539130863e-06 0.0004614777711390174
-665 -1.3502509490962508e-05 0.0004784247185128006
-663 -1.7722280610305473e-05 0.0004866528115304958
-661 1.1378008565232106e-06 0.0004741153281707015
-659 1.2648243322858678e-05 0.00047526514022439687
-657 1.1570293094457119e-05 0.00046205913192905304
-655 1.234803416462182e-05 0.0004760541590589689
-653 -1.7543322693104095e-05 0.00048088519670995194
-651 9.841312605412716e-06 0.0004933567523359682
-649 -1.0999221996725557e-05 0.00048691590317948447
-647 2.0897885069643673e-05 0.0005183457559510361
-645 -2.8935150024231482e-05 0.00047969742493535856
-643 -2.1775800637149346e-05 0.0005148241675061775
-641 1.1465965664168437e-05 0.0005031649688190217
-639 1.007347866862872e-05 0.0005116681706837699
-637 1.0026051443737374e-05 0.0004943645195675614
-635 2.0414860024027124e-05 0.00048551280512738843
-633 -3.347323158496812e-05 0.0005067301390999727
-631 1.673862996090029e-05 0.0005113185302793216
-629 -6.351285542875644e-06 0.0004911280511525816
-627 2.2576899930313045e-05 0.00047994624910607705
-625 2.7080164929727698e-06 0.0005234632943637468
-623 1.981949985274879e-06 0.000508096083665735
-621 -1.2440073660812379e-05 0.0005120398033060988
-619 8.46976749524398e-07 0.0005180913501987404
-617 1.6460950508476786e-05 0.0005122627052521326
-615 -1.3615305769449285e-05 0.0005334286009871302
-613 1.0277738469996342e-05 0.0005179027691206864
-611 9.19884699924447e-06 0.0005383919728994201
-609 1.37235868562109e-06 0.0005198089465691624
-607 1.0470016056254092e-05 0.0005365912804318176
-605 3.7002111141449824e-06 0.0005132917681282295
-603 -4.9715764782068645e-06 0.0005372769578396376
-601 -9.60790382911757e-07 0.0005248578326774308
-599 1.214102544288534e-06 0.0005487657443854897
-597 -1.6743656453157033e-05 0.00054834330213724
-595 -2.0765364395074948e-05 0.0005455107507115443
-593 -1.1829998638115688e-05 0.0005505089328710818
-591 -2.0144307168766292e-05 0.0005397146468833419
-589 -2.8188009247770786e-06 0.0005510135564469389
-587 2.7074171289285785e-06 0.0005233482322994959
-585 -9.850941743015634e-06 0.0005195375023497424
-583 -6.812735709976356e-07 0.00053189487029641
-581 -1.522675625059137e-05 0.000532129235254267
-579 -2.0401633963711043e-05 0.0005318205236432913
-577 7.1852345332617815e-06 0.0005579081699096276
-575 8.611566799465841e-06 0.0005610191699056127
-573 2.3769722477994655e-05 0.0005637318620223895
-571 -2.7864334069829906e-06 0.0005534652530533662
-569 7.370525748301433e-07 0.0005588852982628481
-567 5.5560026522034706e-06 0.0005615830401971155
-565 1.9443268832088294e-05 0.000547507433431768
-563 -1.1436523132429008e-05 0.0005649561612699386
-561 9.776170473789115e-06 0.0005781025936236741
-559 -9.214833715088252e-06 0.0005503702960586329
-557 4.10107528567185e-06 0.0005851866403074877
-555 9.460558329194792e-06 0.0005939913632307389
-553 1.6621155941980712e-05 0.0005946355341136799
-551 -1.1685540670882174e-05 0.0005412058390679579
-549 5.502954351929198e-06 0.0005584995839353023
-547 4.223859415705118e-06 0.0005779836444321412
-545 -2.4199851109628965e-05 0.0005813622848907863
-543 -9.89342153452854e-06 0.0005790920603325626
-541 1.26918512011854e-05 0.0005777824843910417
-539 1.2219410574761177e-05 0.0005869758890298792
-537 -1.0683661145426207e-06 0.0005994631650319193
-535 1.3621134838972787e-05 0.0006070437980699522
-533 -1.0765288317858841e-05 0.0005913201507237643
-531 -2.922699168171847e-05 0.0006035068820168983
-529 -5.407387662865526e-06 0.0006106134513625477
-527 -1.55845964367186e-05 0.0006218713311162584
-525 -1.4766317494335227e-05 0.0005984273452342788
-523 -9.824171092668654e-06 0.0005918165660988585
-521 7.3918781801001984e-06 0.0006094577700945763
-519 2.2633169206054026e-05 0.0006201529176711456
-517 -1.1249280375950728e-05 0.0006281404836165353
-515 4.606322852332392e-06 0.0006271601528002965
-513 3.842790663227674e-06 0.0006222390054386706
-511 -4.117949457576343e-06 0.0005906211149623488
-509 -1.3777526606468312e-05 0.0006184360045234358
-507 -6.744784125151144e-06 0.0006276117417677849
-505 -4.208295324267676e-06 0.0006395665852349677
-503 5.333637032455652e-06 0.0006251519888625443
-501 1.1550402728783767e-05 0.0006372423003445379
-499 -2.8733821346960362e-05 0.000617446133828474
-497 2.0050219337771274e-06 0.0006409902635298457
-495 -7.457357296869861e-06 0.0006536596558160455
-493 3.321747064342631e-05 0.0006504356944479447
-491 3.091558892678943e-05 0.000669520926223246
-489 6.41856284922531e-06 0.0006535853164413186
-487 1.5939475770818844e-05 0.000661938449071845
-485 6.506247677042133e-06 0.0006540993444853638
-483 1.2635176761815451e-05 0.0006757064623017758
-481 9.655904329220671e-08 0.0006511670117317461
-479 2.2021756495689062e-06 0.0006576093796914508
-477 1.7509273145048468e-05 0.0006634787009496128
-475 -1.941641669414607e-05 0.0006596120907064986
-473 2.1574677958246285e-05 0.0006942346375623828
-471 1.0130306419893963e-05 0.0006682309559991905
-469 -2.27475884357149e-05 0.000669835308407114
-467 6.369923142987183e-06 0.0006769575139989567
-465 -2.451620344273968e-05 0.0006560166575297615
-463 1.8337821419717988e-05 0.0006711280324324864
-461 -9.785061614245505e-07 0.0006895749619306271
-459 1.6236041506790333e-05 0.0006924988817398249
-457 9.763887436806843e-06 0.0007173430941568468
-455 -7.359210895064525e-06 0.0006784289889506367
-453 -3.961754468235882e-06 0.0006847606931151987
-451 1.1164362228485198e-05 0.0006984350120413073
-449 8.19413927694472e-06 0.0006965047542235954
-447 -2.2429407622039243e-05 0.0007284591777672636
-445 -1.1647931781781231e-05 0.0006877224573950878
-443 1.5971252497202746e-05 0.0007591256407441989
-441 1.6908796273328732e-05 0.0007295942990264956
-439 -2.603240196377257e-06 0.0007393747183570437
-437 -8.008269385237092e-06 0.0007198539511559778
-435 1.3142312980586847e-05 0.0007492558408012406
-433 1.1462945697422144e-05 0.0007560187372254641
-431 1.234208402460192e-05 0.0007395751764128725
-429 1.1845574370838762e-05 0.0007355680101373864
-427 1.660984495447265e-05 0.0007312766285485296
-425 6.932716852983702e-06 0.0007696742718104484
-423 3.100289495604113e-05 0.0007649897091082707
-421 8.963589700570735e-06 0.0007611441935773058
-419 5.183876067379808e-06 0.0007620708169413966
-417 -1.2875641009144208e-05 0.0007733378496794407
-415 1.3298115902834385e-05 0.0007945252577394376
-413 6.252359092355679e-06 0.0007783710212275897
-411 1.1245344332999085e-05 0.0007714399670343954
-409 -9.315297482735109e-06 0.0007910589369358686
-407 -9.345693810928756e-06 0.0008010654307583531
-405 1.8214283553694236e-05 0.0007768002532131803
-403 1.1279068864480334e-05 0.000788654977186487
-401 7.019837136849081e-06 0.0007670088227079169
-399 3.894557686285002e-06 0.0008169989011675133
-397 -1.7172814290542592e-07 0.0008101910765303845
-395 -3.7501986859313274e-06 0.0008021807615656171
-393 1.3068682222952783e-05 0.0008431171759209456
-391 -1.3290768643719274e-05 0.0008137149219901666
-389 2.0589833346064764e-05 0.0008208946393550394
-387 -3.0983313713488328e-06 0.0008536777264716108
-385 4.009956892300639e-06 0.0008270489120033136
-383 -1.8633235363517138e-05 0.0008222946332313581
-381 -4.935454120143464e-06 0.0008377353626888008
-379 3.1548226058767486e-06 0.0008333426751124887
-377 1.2810935177571286e-05 0.0008412539258689846
-375 1.9382969882480343e-05 0.0008488931495996993
-373 3.0832614940499894e-05 0.0008327936948383953
-371 -1.8888481418744797e-05 0.0008760430674205382
-369 -1.027724745548121e-05 0.0008354874653551795
-367 8.33171178678116e-06 0.0008360699361248903
-365 2.0206118848561146e-05 0.0008658439992768991
-363 -4.170093733168626e-06 0.000884137392753816
-361 6.944757708351079e-06 0.0008907177421815287
-359 1.9607936188322076e-05 0.0009120337530073865
-357 -1.6975482375933284e-05 0.0008904986989616857
-355 -1.566654519269695e-06 0.0008966621308480146
-353 9.105707968397863e-07 0.0008974867801078063
-351 -2.731010805608721e-05 0.0009151107387049267
-349 -1.3201257767803499e-05 0.0009349006209160165
-347 -2.0220040247986208e-05 0.0009196302611263456
-345 -5.387794451405796e-06 0.0009119993791261316
-343 2.997325121840285e-05 0.0009300891228321125
-341 1.883577792743116e-05 0.0009245137170743933
-339 -2.5843435864225862e-05 0.0009288973765682042
-337 -1.3227230725617381e-05 0.0009382745118278115
-335 -7.4338168879226415e-06 0.0009702602789280974
-333 8.076308007678118e-06 0.0009530856801310585
-331 1.2832298922381092e-05 0.0009390907879228693
-329 1.1242403185704888e-05 0.000979505810838412
-327 1.4018152187264307e-05 0.0009460074686313742
-325 1.1066564385210925e-05 0.0010143277296028276
-323 -4.113879350648207e-06 0.0009573571843956336
-321 5.308152500555519e-06 0.001005023801397875
-319 -1.8069699096277876e-05 0.0010091308284839045
-317 2.9067056686751855e-05 0.000988412108624724
-315 3.77847178672205e-06 0.00101421790672341
-313 -6.021308742863883e-06 0.0010440751890182264
-311 1.049076004889498e-05 0.0010254207786559346
-309 -8.8031818494032e-06 0.001020101710724647
-307 7.578828980602956e-06 0.0010281083006103068
-305 -1.8857078416003264e-05 0.0010234873794569164
-303 9.85294874230853e-06 0.0010714371234873167
-301 2.290328555793655e-05 0.0010504720614913316
-299 5.547803087525288e-06 0.0010816439395835854
-297 3.7405276856627257e-06 0.0010563571171946476
-295 2.2666173797524584e-06 0.0010859448109517445
-293 1.3569588061474785e-05 0.0010937580600320614
-291 2.0100892826391717e-05 0.0010936625398507466
-289 1.8075068993345033e-05 0.0010918364568496058
-287 7.573162380861813e-06 0.0011045621832875086
-285 -4.588897415869675e-07 0.001088676442322337
-283 1.2355755076082332e-05 0.0011213142617897795
-281 3.8295061377130976e-07 0.0011028915412649703
-279 8.321362489311014e-06 0.0011449700408379584
-277 1.5446906378486106e-06 0.0011564160084039177
-275 -7.230230445112617e-06 0.0011426106797706693
-273 9.483573552331675e-06 0.0011640557664410894
-271 7.0646124283612204e-06 0.001168805040894012
-269 7.20097086086244e-07 0.0011659895078603767
-267 1.1666130767981634e-05 0.0012105245793039353
-265 6.988654731529318e-06 0.001203695436540705
-263 1.210714742382299e-05 0.001216514059790152
-261 -8.739160394243589e-06 0.0012182032539021265
-259 3.961284940441237e-06 0.0012225568366772634
-257 -1.9964400871656776e-05 0.0012499246003494437
-255 -1.670724179978198e-05 0.0012582183318043335
-253 1.0796141580447876e-05 0.0012613065389649107
-251 -5.323299601564775e-06 0.0012771591315514858
-249 8.382064439302776e-06 0.0012664822243643715
-247 -5.865841730219e-06 0.0012817313861782874
-245 -1.1882534766747027e-05 0.0012874413410606813
-243 1.8083234804551178e-05 0.0012973996555204809
-241 -5.572134312076101e-06 0.0013205481641476607
-239 4.822646687712614e-06 0.0013424132440782316
-237 9.951095694623985e-06 0.0013274263866870388
-235 -1.1670552846438532e-05 0.0013609020882213631
-233 -4.274286474102246e-07 0.0013698620264115653
-231 2.4811235986890292e-06 0.0013667258011362251
-229 -3.7977561072542666e-06 0.001387574095774726
-227 2.654372135727634e-05 0.001410209158434487
-225 6.707920188789118e-06 0.0014075692449475785
-223 2.5937405366501163e-06 0.0014235005857343413
-221 6.943097392551239e-07 0.0014352343277225757
-219 -3.4068146083445575e-06 0.0014685689555978376
-217 7.542713135342469e-06 0.0014798232433440549
-215 -2.8386622510487998e-05 0.0014931095060291973
-213 1.4518925728090075e-05 0.0014682986865891146
-211 -1.093783807375826e-05 0.0014916955184241616
-209 -1.4115710803537206e-05 0.0015344424601373655
-207 -1.7293395791612224e-05 0.0015541500751781962
-205 5.791133227981996e-06 0.0015574347057521073
-203 -1.245070524068138e-05 0.0015627584343718608
-201 -1.1707626407520128e-05 0.0015631615161710393
-199 -2.9302238867944906e-05 0.0015998943841941564
-197 -8.918832283221815e-06 0.001619986098677304
-195 -1.2647593582888531e-05 0.001599478635199012
-193 -1.4966065728309231e-05 0.0016690526837273459
-191 -7.885254746993943e-07 0.0016554494129601986
-189 1.2066490465005104e-05 0.0016970030423219247
-187 -1.544338925977854e-06 0.0017031321070338095
-185 7.213252416918078e-06 0.0016928949658999006
-183 -3.0970789414353795e-05 0.001741750800238601
-181 -8.864248647364237e-06 0.0017623958402315427
-179 2.700289504131481e-06 0.0017905703404768995
-177 1.5515710165019272e-05 0.001815907148039854
-175 1.212400898713525e-05 0.0018023811920759413
-173 -4.2062524207165954e-07 0.0018502595913135482
-171 5.192832477712609e-06 0.0018625874590860376
-169 1.1274880295594082e-06 0.001868706411186849
-167 5.6368484148071e-06 0.0018978548437822392
-165 -2.0451766157635945e-05 0.0019271901881425116
-163 1.5120101665742838e-05 0.001939274510867687
-161 9.846623846322779e-06 0.0019758128519939484
-159 -1.293225348966934e-05 0.0020154239048462454
-157 -4.600720909843336e-06 0.002052304580818313
-155 -3.3358715161550063e-06 0.0020504514601225113
-153 -8.44937082735099e-06 0.0020739608619076105
-151 2.459553630309982e-05 0.00211452623252215
-149 1.8645498412592441e-06 0.0021354366724717563
-147 4.494095282322335e-06 0.0022025884959933585
-145 7.448931886802156e-06 0.0022030956311600183
-143 -1.7835761709439793e-05 0.0022054265997268063
-141 -2.113776892588676e-05 0.002267635534466314
-139 1.9355535148605056e-05 0.002319255667179641
-137 9.388114089358536e-06 0.00234364441340407
-135 -3.4068564783902785e-05 0.0023685243209083124
-133 -5.720517111267675e-06 0.0023835062343953166
-131 -6.32497261375686e-06 0.0024125600958980857
-129 -1.7706682372263105e-05 0.0025011965281415698
-127 -1.5934150069489523e-05 0.0025164741524865727
-125 -1.3308657674507914e-05 0.002552142119935535
-123 7.590028506511123e-06 0.002586178766555757
-121 1.8829907417939676e-05 0.0026130513015251463
-119 1.8997023644496535e-05 0.002667742950139562
-117 1.6905431254602085e-05 0.002721404796279275
-115 2.6248984957434668e-05 0.002747929721121486
-113 -1.1477656517174163e-05 0.002821705162711908
-111 -5.952898340953908e-06 0.002870349150504997
-109 -1.2923367485206505e-05 0.0029039066111868363
-107 -1.2935342906578536e-05 0.0029714382591287504
-105 -2.3433729427231274e-05 0.003027991874833612
-103 -1.44587016296207e-05 0.00309534106108618
-101 1.0985241480072647e-05 0.0031587207552251032
-99 2.9467522875402766e-05 0.00322195645158174
-97 -3.865671367841754e-05 0.003254814721987659
-95 2.569596082089546e-05 0.0033589559657663235
-93 -5.665194739323647e-06 0.0034082790137972244
-91 1.8645110948719547e-05 0.003514501974140271
-89 2.2194359422928402e-05 0.003585772339086426
-87 -8.37746745768955e-06 0.0036511070516902396
-85 8.463978549688501e-06 0.0037424195558208805
-83 1.9095497102787833e-05 0.0038374747085911575
-81 4.041990940785074e-06 0.003939223867356988
-79 -5.8861819922163716e-06 0.004029027589388751
-77 -3.77047340159236e-06 0.0041554545022350975
-75 -1.8277285078756067e-05 0.004248535600910608
-73 -9.097645959569838e-06 0.004368056029275764
-71 1.7551392496847213e-05 0.004475337048396035
-69 -1.8194866775499644e-05 0.004606312642739616
-67 1.781807009914002e-05 0.004751144529181696
-65 -6.532422787927098e-06 0.004911909123303826
-63 -7.065291135680682e-06 0.005049886411437261
-61 1.5398826036752763e-05 0.005225442624115
-59 -6.170763148305344e-06 0.005402153675577082
-57 -7.791518918114645e-07 0.005602111404825557
-55 -2.0939293485630865e-05 0.00578280985986742
-53 -2.1316462414201e-06 0.0060058675888106875
-51 1.561204247358768e-05 0.006255436839766088
-49 -1.540232081733953e-07 0.006497369452964208
-47 -3.270360660343408e-05 0.006763221850768932
-45 -2.946739091127811e-06 0.007076617238186333
-43 3.3671313269449766e-05 0.007409912837165244
-41 1.5801945885650208e-05 0.0077608677889435766
-39 -7.81709954533611e-06 0.008156360541013262
-37 1.6045230045623236e-05 0.008588211817674817
-35 2.8771766625662887e-05 0.009086325033863292
-33 -1.1462540123146244e-06 0.009638874400934088
-31 -5.912645122737065e-06 0.010266083269818548
-29 1.2392013438515824e-05 0.010970154793327592
-27 1.0260612267294942e-05 0.011773740657511142
-25 -7.765677249856938e-06 0.01272773773551328
-23 2.4105187993602284e-05 0.013864814992358549
-21 -8.518380872657032e-06 0.015162669394868059
-19 1.6700846756275268e-05 0.016742016268283533
-17 -1.6831027720103453e-05 0.018714920657221655
-15 -5.775826841206635e-06 0.021210295866256345
-13 1.4903011299156317e-05 0.024464849986501676
-11 -5.788615404987802e-06 0.028923243318397206
-9 3.2231956964192876e-05 0.03535894508987741
-7 -1.3641857729553331e-05 0.04544285912872275
-5 6.8532639325226305e-06 0.06355435287595453
-3 4.851113507918888e-06 0.1055087647658478
-1 -3.19731807418544e-05 0.30377659114470656
1 -3.197318074185198e-05 -0.30377659114470656
3 4.851113507918987e-06 -0.1055087647658478
5 6.853263932522647e-06 -0.06355435287595453
7 -1.3641857729553316e-05 -0.04544285912872275
9 3.223195696419289e-05 -0.03535894508987741
11 -5.788615404987836e-06 -0.028923243318397206
13 1.4903011299156316e-05 -0.024464849986501676
15 -5.77582684120683e-06 -0.021210295866256345
17 -1.6831027720103135e-05 -0.018714920657221655
19 1.670084675627525e-05 -0.016742016268283533
21 -8.518380872657027e-06 -0.015162669394868059
23 2.4105187993602463e-05 -0.013864814992358549
25 -7.765677249857111e-06 -0.01272773773551328
27 1.0260612267294956e-05 -0.011773740657511142
29 1.2392013438515823e-05 -0.010970154793327592
31 -5.912645122737108e-06 -0.010266083269818548
33 -1.1462540123146456e-06 -0.009638874400934088
35 2.8771766625662907e-05 -0.009086325033863292
37 1.6045230045623267e-05 -0.008588211817674817
39 -7.817099545336221e-06 -0.008156360541013262
41 1.5801945885650238e-05 -0.0077608677889435766
43 3.367131326944973e-05 -0.007409912837165244
45 -2.9467390911278373e-06 -0.007076617238186333
47 -3.270360660343406e-05 -0.006763221850768932
49 -1.540232081733572e-07 -0.006497369452964208
51 1.561204247358768e-05 -0.006255436839766088
53 -2.1316462414201364e-06 -0.0060058675888106875
55 -2.093929348563095e-05 -0.00578280985986742
57 -7.791518918113807e-07 -0.0056021114048255575
59 -6.170763148305394e-06 -0.005402153675577082
61 1.539882603675274e-05 -0.005225442624115
63 -7.065291135680596e-06 -0.005049886411437261
65 -6.532422787927177e-06 -0.004911909123303826
67 1.7818070099140012e-05 -0.004751144529181696
69 -1.8194866775499617e-05 -0.004606312642739616
71 1.7551392496847217e-05 -0.004475337048396035
73 -9.09764595956983e-06 -0.004368056029275764
75 -1.827728507875608e-05 -0.004248535600910608
77 -3.770473401592356e-06 -0.0041554545022350975
79 -5.886181992216208e-06 -0.00402902758938875
81 4.0419909407849515e-06 -0.003939223867356989
83 1.909549710278782e-05 -0.0038374747085911575
85 8.46397854968853e-06 -0.0037424195558208805
87 -8.377467457689561e-06 -0.0036511070516902396
89 2.2194359422928402e-05 -0.003585772339086426
91 1.8645110948719533e-05 -0.003514501974140271
93 -5.665194739323646e-06 -0.0034082790137972244
95 2.5695960820895425e-05 -0.0033589559657663235
97 -3.865671367841749e-05 -0.003254814721987659
99 2.946752287540274e-05 -0.00322195645158174
101 1.098524148007263e-05 -0.0031587207552251032
103 -1.4458701629620656e-05 -0.00309534106108618
105 -2.3433729427231314e-05 -0.003027991874833612
107 -1.2935342906578574e-05 -0.0029714382591287504
109 -1.2923367485206522e-05 -0.0029039066111868363
111 -5.9528983409539e-06 -0.0028703491505049964
113 -1.1477656517174145e-05 -0.002821705162711908
115 2.6248984957434668e-05 -0.002747929721121486
117 1.6905431254602174e-05 -0.002721404796279275
119 1.8997023644496447e-05 -0.002667742950139562
121 1.8829907417939866e-05 -0.0026130513015251463
123 7.590028506511134e-06 -0.0025861787665557574
125 -1.3308657674507943e-05 -0.002552142119935535
127 -1.5934150069489513e-05 -0.0025164741524865727
129 -1.7706682372263088e-05 -0.0025011965281415698
131 -6.324972613756886e-06 -0.0024125600958980857
133 -5.7205171112676764e-06 -0.0023835062343953166
135 -3.4068564783902805e-05 -0.0023685243209083124
137 9.388114089358585e-06 -0.00234364441340407
139 1.935553514860507e-05 -0.002319255667179641
141 -2.1137768925886743e-05 -0.002267635534466314
143 -1.783576170943978e-05 -0.0022054265997268063
145 7.448931886802095e-06 -0.0022030956311600183
147 4.494095282322325e-06 -0.0022025884959933585
149 1.86454984125924e-06 -0.0021354366724717563
151 2.459553630309978e-05 -0.00211452623252215
153 -8.449370827350994e-06 -0.0020739608619076105
155 -3.3358715161550656e-06 -0.0020504514601225113
157 -4.600720909843209e-06 -0.002052304580818313
159 -1.2932253489669455e-05 -0.0020154239048462462
161 9.846623846322655e-06 -0.0019758128519939484
163 1.512010166574291e-05 -0.0019392745108676869
165 -2.0451766157635986e-05 -0.0019271901881425116
167 5.63684841480715e-06 -0.0018978548437822392
169 1.1274880295593876e-06 -0.001868706411186849
171 5.192832477712618e-06 -0.0018625874590860374
173 -4.2062524207165446e-07 -0.0018502595913135482
175 1.2124008987135275e-05 -0.0018023811920759413
177 1.5515710165019306e-05 -0.001815907148039854
179 2.7002895041314564e-06 -0.0017905703404768995
181 -8.864248647364305e-06 -0.0017623958402315427
183 -3.0970789414353774e-05 -0.001741750800238601
185 7.213252416918029e-06 -0.0016928949658999006
187 -1.5443389259778295e-06 -0.0017031321070338095
189 1.206649046500512e-05 -0.0016970030423219247
191 -7.885254746993841e-07 -0.0016554494129601984
193 -1.4966065728309275e-05 -0.0016690526837273459
195 -1.264759358288853e-05 -0.001599478635199012
197 -8.918832283221811e-06 -0.001619986098677304
199 -2.9302238867944865e-05 -0.0015998943841941564
201 -1.1707626407520183e-05 -0.001563161516171039
203 -1.2450705240681347e-05 -0.0015627584343718608
205 5.791133227981992e-06 -0.0015574347057521075
207 -1.7293395791612224e-05 -0.0015541500751781964
209 -1.4115710803537177e-05 -0.0015344424601373655
211 -1.0937838073758234e-05 -0.0014916955184241616
213 1.4518925728090063e-05 -0.0014682986865891146
215 -2.838662251048803e-05 -0.0014931095060291973
217 7.542713135342486e-06 -0.0014798232433440549
219 -3.4068146083445406e-06 -0.0014685689555978376
221 6.94309739255129e-07 -0.0014352343277225757
223 2.5937405366500723e-06 -0.0014235005857343413
225 6.70792018878908e-06 -0.0014075692449475785
227 2.6543721357276338e-05 -0.001410209158434487
229 -3.7977561072542712e-06 -0.001387574095774726
231 2.48112359868903e-06 -0.001366725801136225
233 -4.274286474102407e-07 -0.0013698620264115653
235 -1.1670552846438511e-05 -0.0013609020882213631
237 9.951095694624005e-06 -0.0013274263866870388
239 4.822646687712409e-06 -0.0013424132440782316
241 -5.5721343120760554e-06 -0.001320548164147661
243 1.8083234804551212e-05 -0.0012973996555204809
245 -1.1882534766747022e-05 -0.0012874413410606813
247 -5.8658417302190175e-06 -0.0012817313861782874
249 8.382064439302742e-06 -0.0012664822243643715
251 -5.323299601564775e-06 -0.0012771591315514858
253 1.0796141580447881e-05 -0.0012613065389649107
255 -1.6707241799782018e-05 -0.0012582183318043333
257 -1.9964400871656756e-05 -0.0012499246003494435
259 3.961284940441226e-06 -0.0012225568366772634
261 -8.739160394243586e-06 -0.0012182032539021265
263 1.2107147423823013e-05 -0.001216514059790152
265 6.988654731529285e-06 -0.001203695436540705
267 1.1666130767981621e-05 -0.0012105245793039353
269 7.200970860862516e-07 -0.0011659895078603767
271 7.064612428361255e-06 -0.001168805040894012
273 9.483573552331684e-06 -0.0011640557664410894
275 -7.230230445112649e-06 -0.0011426106797706693
277 1.5446906378486063e-06 -0.001156416008403918
279 8.321362489311161e-06 -0.0011449700408379584
281 3.82950613771004e-07 -0.0011028915412649705
283 1.2355755076082335e-05 -0.0011213142617897795
285 -4.588897415869584e-07 -0.001088676442322337
287 7.57316238086179e-06 -0.0011045621832875086
289 1.8075068993345012e-05 -0.0010918364568496058
291 2.010089282639171e-05 -0.0010936625398507466
293 1.3569588061474753e-05 -0.0010937580600320614
295 2.266617379752473e-06 -0.0010859448109517447
297 3.740527685662804e-06 -0.0010563571171946478
299 5.5478030875253e-06 -0.0010816439395835852
301 2.2903285557936564e-05 -0.0010504720614913316
303 9.852948742308556e-06 -0.0010714371234873167
305 -1.8857078416003297e-05 -0.0010234873794569164
307 7.57882898060291e-06 -0.0010281083006103068
309 -8.803181849403234e-06 -0.001020101710724647
311 1.0490760048894969e-05 -0.0010254207786559346
313 -6.021308742863846e-06 -0.0010440751890182266
315 3.778471786722066e-06 -0.00101421790672341
317 2.9067056686751794e-05 -0.000988412108624724
319 -1.806969909627823e-05 -0.0010091308284839048
321 5.308152500555843e-06 -0.0010050238013978748
323 -4.113879350648178e-06 -0.0009573571843956336
325 1.1066564385210952e-05 -0.0010143277296028276
327 1.4018152187264395e-05 -0.0009460074686313742
329 1.1242403185704907e-05 -0.000979505810838412
331 1.283229892238102e-05 -0.0009390907879228693
333 8.076308007678141e-06 -0.0009530856801310585
335 -7.433816887922679e-06 -0.0009702602789280974
337 -1.3227230725617445e-05 -0.0009382745118278115
339 -2.584343586422588e-05 -0.0009288973765682042
341 1.8835777927431113e-05 -0.0009245137170743933
343 2.997325121840285e-05 -0.0009300891228321125
345 -5.38779445140579e-06 -0.0009119993791261316
347 -2.0220040247986235e-05 -0.0009196302611263456
349 -1.320125776780351e-05 -0.0009349006209160165
351 -2.731010805608719e-05 -0.0009151107387049266
353 9.105707968397999e-07 -0.0008974867801078064
355 -1.566654519269689e-06 -0.0008966621308480146
357 -1.6975482375933284e-05 -0.0008904986989616857
359 1.960793618832205e-05 -0.0009120337530073864
361 6.944757708350991e-06 -0.0008907177421815287
363 -4.170093733168589e-06 -0.0008841373927538161
365 2.020611884856115e-05 -0.0008658439992768991
367 8.331711786781156e-06 -0.0008360699361248903
369 -1.0277247455481214e-05 -0.0008354874653551795
371 -1.8888481418744797e-05 -0.0008760430674205382
373 3.083261494049992e-05 -0.0008327936948383953
375 1.9382969882480337e-05 -0.0008488931495996993
377 1.2810935177571264e-05 -0.0008412539258689845
379 3.1548226058767456e-06 -0.0008333426751124887
381 -4.935454120143461e-06 -0.0008377353626888008
383 -1.8633235363517138e-05 -0.000822294633231358
385 4.009956892300645e-06 -0.0008270489120033136
387 -3.0983313713487802e-06 -0.0008536777264716108
389 2.0589833346064744e-05 -0.0008208946393550394
391 -1.3290768643719267e-05 -0.0008137149219901666
393 1.3068682222952812e-05 -0.0008431171759209455
395 -3.7501986859313156e-06 -0.0008021807615656171
397 -1.717281429054204e-07 -0.0008101910765303844
399 3.894557686285253e-06 -0.0008169989011675132
401 7.019837136849315e-06 -0.000767008822707917
403 1.1279068864480362e-05 -0.000788654977186487
405 1.82142835536942e-05 -0.0007768002532131803
407 -9.345693810928756e-06 -0.0008010654307583531
409 -9.31529748273517e-06 -0.0007910589369358688
411 1.12453443329992e-05 -0.0007714399670343954
413 6.2523590923556995e-06 -0.0007783710212275896
415 1.3298115902834307e-05 -0.0007945252577394376
417 -1.2875641009144271e-05 -0.0007733378496794405
419 5.183876067379803e-06 -0.0007620708169413967
421 8.963589700570859e-06 -0.0007611441935773058
423 3.100289495604104e-05 -0.0007649897091082706
425 6.932716852983619e-06 -0.0007696742718104485
427 1.660984495447267e-05 -0.0007312766285485296
429 1.1845574370838755e-05 -0.0007355680101373864
431 1.234208402460186e-05 -0.0007395751764128725
433 1.146294569742217e-05 -0.0007560187372254641
435 1.3142312980586811e-05 -0.0007492558408012406
437 -8.008269385237136e-06 -0.0007198539511559779
439 -2.6032401963772334e-06 -0.0007393747183570436
441 1.6908796273328725e-05 -0.0007295942990264957
443 1.5971252497202712e-05 -0.0007591256407441989
445 -1.164793178178119e-05 -0.0006877224573950879
447 -2.2429407622039226e-05 -0.0007284591777672636
449 8.194139276944739e-06 -0.0006965047542235954
451 1.1164362228485224e-05 -0.0006984350120413073
453 -3.961754468235864e-06 -0.0006847606931151987
455 -7.359210895064589e-06 -0.0006784289889506367
457 9.763887436806857e-06 -0.0007173430941568469
459 1.6236041506790296e-05 -0.0006924988817398249
461 -9.785061614245675e-07 -0.0006895749619306271
463 1.8337821419717995e-05 -0.0006711280324324865
465 -2.451620344273975e-05 -0.0006560166575297615
467 6.369923142987223e-06 -0.0006769575139989567
469 -2.2747588435714845e-05 -0.000669835308407114
471 1.0130306419893936e-05 -0.0006682309559991904
473 2.157467795824629e-05 -0.0006942346375623827
475 -1.9416416694146092e-05 -0.0006596120907064986
477 1.750927314504851e-05 -0.0006634787009496128
479 2.2021756495690337e-06 -0.0006576093796914508
481 9.655904329184503e-08 -0.000651167011731746
483 1.2635176761815505e-05 -0.0006757064623017757
485 6.506247677042143e-06 -0.0006540993444853638
487 1.593947577081886e-05 -0.000661938449071845
489 6.418562849225336e-06 -0.0006535853164413186
491 3.0915588926789413e-05 -0.000669520926223246
493 3.321747064342631e-05 -0.0006504356944479448
495 -7.45735729686982e-06 -0.0006536596558160455
497 2.00502193377713e-06 -0.0006409902635298457
499 -2.8733821346960382e-05 -0.000617446133828474
501 1.1550402728783752e-05 -0.0006372423003445379
503 5.33363703245566e-06 -0.0006251519888625443
505 -4.208295324267698e-06 -0.0006395665852349677
507 -6.744784125151109e-06 -0.000627611741767785
509 -1.3777526606468288e-05 -0.0006184360045234358
511 -4.117949457576366e-06 -0.0005906211149623488
513 3.8427906632276575e-06 -0.0006222390054386706
515 4.606322852332416e-06 -0.0006271601528002965
517 -1.1249280375950759e-05 -0.0006281404836165353
519 2.263316920605392e-05 -0.0006201529176711456
521 7.3918781801002645e-06 -0.0006094577700945764
523 -9.824171092668671e-06 -0.0005918165660988585
525 -1.4766317494335209e-05 -0.0005984273452342789
527 -1.5584596436718643e-05 -0.0006218713311162584
529 -5.407387662865578e-06 -0.0006106134513625477
531 -2.9226991681718454e-05 -0.0006035068820168983
533 -1.07652883178588e-05 -0.0005913201507237643
535 1.3621134838972789e-05 -0.0006070437980699522
537 -1.0683661145425732e-06 -0.0005994631650319193
539 1.22194105747612e-05 -0.0005869758890298792
541 1.2691851201185389e-05 -0.0005777824843910417
543 -9.89342153452856e-06 -0.0005790920603325626
545 -2.4199851109628985e-05 -0.0005813622848907863
547 4.223859415705124e-06 -0.0005779836444321411
549 5.50295435192918e-06 -0.0005584995839353023
551 -1.1685540670882188e-05 -0.0005412058390679579
553 1.66211559419807e-05 -0.0005946355341136799
555 9.460558329194761e-06 -0.0005939913632307389
557 4.101075285671832e-06 -0.0005851866403074877
559 -9.214833715088174e-06 -0.0005503702960586328
561 9.77617047378898e-06 -0.0005781025936236741
563 -1.1436523132428998e-05 -0.0005649561612699386
565 1.9443268832088345e-05 -0.000547507433431768
567 5.556002652203476e-06 -0.0005615830401971156
569 7.370525748301332e-07 -0.0005588852982628481
571 -2.7864334069829796e-06 -0.0005534652530533662
573 2.3769722477994642e-05 -0.0005637318620223895
575 8.611566799465862e-06 -0.0005610191699056127
577 7.185234533261818e-06 -0.0005579081699096276
579 -2.040163396371103e-05 -0.0005318205236432913
581 -1.5226756250591358e-05 -0.000532129235254267
583 -6.812735709976331e-07 -0.00053189487029641
585 -9.85094174301561e-06 -0.0005195375023497424
587 2.7074171289285997e-06 -0.0005233482322994959
589 -2.818800924777061e-06 -0.0005510135564469389
591 -2.0144307168766326e-05 -0.0005397146468833419
593 -1.1829998638115688e-05 -0.0005505089328710818
595 -2.076536439507491e-05 -0.0005455107507115443
597 -1.674365645315703e-05 -0.00054834330213724
599 1.214102544288518e-06 -0.0005487657443854897
601 -9.607903829116948e-07 -0.0005248578326774307
603 -4.9715764782068645e-06 -0.0005372769578396376
605 3.7002111141449757e-06 -0.0005132917681282295
607 1.0470016056254092e-05 -0.0005365912804318176
609 1.3723586856211137e-06 -0.0005198089465691625
611 9.198846999244429e-06 -0.00053839197289942
613 1.0277738469996325e-05 -0.0005179027691206864
615 -1.3615305769449297e-05 -0.0005334286009871302
617 1.646095050847674e-05 -0.0005122627052521325
619 8.469767495244099e-07 -0.0005180913501987404
621 -1.2440073660812379e-05 -0.0005120398033060987
623 1.9819499852748554e-06 -0.000508096083665735
625 2.708016492972793e-06 -0.0005234632943637468
627 2.257689993031299e-05 -0.00047994624910607705
629 -6.35128554287565e-06 -0.0004911280511525816
631 1.673862996090031e-05 -0.0005113185302793216
633 -3.3473231584968083e-05 -0.0005067301390999726
635 2.0414860024027154e-05 -0.00048551280512738843
637 1.0026051443737393e-05 -0.0004943645195675614
639 1.007347866862872e-05 -0.00051166817068377
641 1.1465965664168491e-05 -0.0005031649688190217
643 -2.1775800637149343e-05 -0.0005148241675061775
645 -2.8935150024231475e-05 -0.00047969742493535856
647 2.089788506964369e-05 -0.0005183457559510361
649 -1.0999221996725545e-05 -0.00048691590317948447
651 9.841312605412733e-06 -0.0004933567523359682
653 -1.7543322693104095e-05 -0.00048088519670995194
655 1.2348034164621801e-05 -0.0004760541590589689
657 1.157029309445715e-05 -0.00046205913192905304
659 1.26482433228587e-05 -0.0004752651402243969
661 1.1378008565232013e-06 -0.00047411532817070155
663 -1.7722280610305487e-05 -0.0004866528115304958
665 -1.3502509490962508e-05 -0.0004784247185128006
667 3.2708775391308524e-06 -0.00046147777113901746
669 2.0321657354730905e-06 -0.0004971254101211027
671 -2.044505874998701e-05 -0.00046956670329543056
673 1.3867841618137448e-05 -0.00048560289990115345
675 4.101001545440799e-06 -0.0004816237662356413
677 -1.5563942180251237e-05 -0.00047908765756555924
679 -4.106486900293973e-07 -0.0004909475444448815
681 -2.692117700740991e-06 -0.00044928283322638184
683 -7.0552328484070116e-06 -0.00046523277267534644
685 7.0394996721236556e-06 -0.0004758161644211401
687 -3.547492701315299e-05 -0.00048061012907025765
689 1.6453915402891075e-05 -0.000457500381063037
691 1.1097835911573519e-05 -0.00045867166677170855
693 1.5191030485728785e-06 -0.0004666918809416477
695 -5.398542330670545e-06 -0.0004609765781667267
697 1.3403536660570844e-05 -0.00044915823126385546
699 1.4790816895497651e-05 -0.00045195941535711246
701 5.913435225231889e-06 -0.0004385159286331482
703 4.2328128703130336e-06 -0.0004718411463418946
705 1.5445096190054625e-05 -0.00043625545552745666
707 -8.209189673628399e-06 -0.00047835942262469797
709 1.7189613937579032e-05 -0.0004643128500910495
711 -5.202091919399462e-06 -0.0004390344397254269
713 -9.500073557735819e-06 -0.00043836781484143955
715 -1.1963951631352237e-05 -0.0004408317708497041
717 8.671429107077147e-06 -0.00043598792319566795
719 2.4151249208449613e-06 -0.00042078310560581623
721 1.5748180092797763e-05 -0.00045815566501187924
723 2.4354789039586203e-06 -0.0004546901933551249
725 2.5988474831789924e-06 -0.00043738180673483955
727 -3.005756441929451e-06 -0.0004586894068824421
729 1.6289164050001998e-06 -0.0004236811454361513
731 -1.007676245842179e-05 -0.0004290167877487511
733 -1.361051871569113e-05 -0.00041654020705480545
735 4.747915094903252e-06 -0.0004284385899899543
737 -1.2949536735226155e-05 -0.00044270160251165254
739 -1.7538753611676732e-05 -0.00045889518862894126
741 1.1921635862180402e-05 -0.00042530096020992544
743 -3.9298691359299784e-06 -0.0004355898981429339
745 2.179585451816455e-06 -0.00043656280779716915
747 5.705373895934205e-06 -0.00043626006777131856
749 4.758694031086791e-06 -0.0004291628286199314
751 2.1734464749286126e-05 -0.0004312363823238967
753 -4.5671958183219e-06 -0.00041938094541658645
755 6.253728532847323e-06 -0.0004056089337629209
757 -9.599506329584157e-06 -0.0004251046165611597
759 -5.307118948531197e-06 -0.000412025330861214
761 -1.594390422359013e-05 -0.00040295531170801035
763 1.0492950551508437e-05 -0.0004209189521896956
765 -1.4630511696010605e-05 -0.00039043279391198673
767 -6.153729205579586e-06 -0.0004284628170107771
769 -9.991621749970644e-06 -0.00040571099613701043
771 2.864153273368117e-06 -0.0004190142244733973
773 2.8884216695320335e-05 -0.0004236657489253414
775 -1.4689426781454398e-05 -0.0004248858320993768
777 3.192478185143982e-05 -0.00041532170101382735
779 8.117389163312897e-06 -0.00042386530602844737
781 2.6763551068636105e-05 -0.00038619502224373424
783 2.3528292142197683e-05 -0.0004210328545662608
785 3.225991691071059e-05 -0.00040405915186266655
787 -1.142365414023143e-06 -0.00040160890289301504
789 1.3412882731270016e-05 -0.00038898318383417436
791 -1.9105546290057145e-06 -0.000408943829750714
793 7.122365701616639e-06 -0.0003896081336041832
795 -1.2382122170743092e-05 -0.00039952798312550017
797 1.3126816255078471e-05 -0.000413632908984704
799 7.3666615769474255e-06 -0.000417365967976899
801 -8.121881644240526e-06 -0.00039974447860764885
803 -3.5183651778670994e-06 -0.00042381022402614924
805 -5.437938401567529e-06 -0.0004109919808487975
807 -1.1251461577274206e-05 -0.00037732040790588073
809 1.9836037425221794e-05 -0.0003974724808330136
811 -5.474478416755672e-06 -0.0003997355151904937
813 -5.704508550991808e-08 -0.00039164214442590807
815 1.0187465474140861e-05 -0.0003915090271813765
817 4.504870973562784e-06 -0.00036214165556603013
819 2.9254262760810666e-05 -0.00036908172445963285
821 1.4260232769515104e-05 -0.0003740418793791621
823 -4.065429750194072e-06 -0.0004019847653288823
825 -1.4571410075352872e-05 -0.00039079883926256855
827 8.000275465309293e-07 -0.00036927679448840186
829 -7.012329054414377e-06 -0.0003995585334501209
831 -6.074003712362349e-06 -0.0003802214484534325
833 -9.516106501276304e-06 -0.00040315667488899706
835 -1.6433458957339124e-05 -0.00037379271608365425
837 3.582796165168596e-06 -0.00038678724897821753
839 -1.4353962828930613e-05 -0.0003700221578326379
841 2.067725251699526e-06 -0.0004059275272917822
843 -5.015877728161693e-07 -0.00038115779341278455
845 6.0574816710517225e-06 -0.0003946305603802892
847 1.556840808952297e-05 -0.0003610059615067948
849 -3.114014097731966e-05 -0.0003623558722661245
851 -2.624044566903261e-05 -0.00035445575394924293
853 -1.3136409567458173e-05 -0.0003719853291032948
855 -1.2567216801152867e-05 -0.0003809206796676283
857 5.665807065198975e-06 -0.0003576358747694099
859 2.2783900246858747e-05 -0.00037597410623613496
861 2.493834238561731e-05 -0.0004003597746021781
863 -2.574693309315292e-06 -0.0003591808013573557
865 -1.8447050760667183e-05 -0.00035305379868865496
867 -1.839297048470779e-05 -0.00038542406275173305
869 9.987476608914188e-06 -0.0003675014758218251
871 -1.8473093814908754e-05 -0.0003563852235247988
873 4.856567505744264e-06 -0.00037351404497959956
875 2.5796423392018566e-06 -0.00038328458140418
877 1.922626668485701e-05 -0.0003762039224240259
879 -6.1581574742698514e-06 -0.00034829159385123536
881 -6.56592176035032e-07 -0.0003706283092723827
883 3.630277709078685e-05 -0.0003701401398513369
885 -2.1447677546758407e-06 -0.00032232112206793945
887 -3.7518347892136697e-06 -0.00035607406634834284
889 2.841359526826674e-05 -0.0003603806376949594
891 -3.892878439889188e-06 -0.00035941320707396886
893 -4.089961928488349e-06 -0.00035766901218642626
895 -1.57614509234404e-06 -0.0003570709171412988
897 -3.770161370334474e-05 -0.00037134366858186446
899 4.1078718900528536e-06 -0.0003479128901549775
901 2.2389071815122332e-05 -0.00037990853113642145
903 -1.5476899851191023e-05 -0.00035822956806218356
905 8.457518536864031e-06 -0.0003393089998002715
907 -4.835174960993288e-06 -0.0003657379949605022
909 -1.2280367785191289e-05 -0.00036206120502236877
911 2.6997775837476748e-05 -0.0003644035584331139
913 5.352118746415572e-06 -0.0003243587782909319
915 -6.557045450267351e-07 -0.00035877244689282574
917 -9.684591023195109e-06 -0.00033981586603520084
919 8.695901850674442e-06 -0.0003639079869346181
921 -1.1163769225382489e-05 -0.0003545213478466601
923 -9.500069271905805e-06 -0.0003248002476668013
925 2.8711966283288847e-05 -0.0003500636723305356
927 -1.6580991928547523e-05 -0.0003521768518062414
929 6.239399331454486e-06 -0.0003418439310371125
931 -2.511462237655811e-07 -0.00035592126877942914
933 -1.9075405316132774e-06 -0.0003296401552292908
935 3.4308588662707627e-06 -0.00034235514029920923
937 8.176931040186195e-06 -0.0003316745969618879
939 -1.1812058846655184e-06 -0.00036129064628833866
941 4.320338936599924e-06 -0.0003573211625044579
943 2.5747341333073103e-05 -0.00033873130265068754
945 -5.046058539105266e-06 -0.0003400246936160539
947 1.4275335486410577e-05 -0.0003424922169240805
949 7.192998839139847e-07 -0.00032624723538341366
951 1.3587854611332618e-05 -0.00034718024893038774
953 -9.899506880927093e-06 -0.0003190466726328637
955 2.385487389604785e-07 -0.000328606931530663
957 -5.4422717616741585e-06 -0.00033046039007138224
959 -1.6659679893460746e-05 -0.0003213126969070648
961 1.6983517897797828e-05 -0.00032667366992468943
963 5.2936810816685336e-06 -0.00032247029829127747
965 -6.110862349233696e-06 -0.0003364375080454027
967 -1.132630520850678e-05 -0.00034281244817775
969 3.2647956450135286e-06 -0.000283876801366638
971 2.617977722899786e-05 -0.0003311258068326215
973 1.2742938826993501e-05 -0.00032513323055593564
975 5.6647214039327e-06 -0.000339856887873908
977 -1.4898416160607052e-05 -0.00033479135343865825
979 -1.1971271534186428e-05 -0.00030711674699867463
981 1.79819352534055e-05 -0.0003165317031720365
983 -4.934340982424878e-06 -0.00031275738434196384
985 -8.529717326809323e-06 -0.0003326534238355475
987 5.498974825819259e-06 -0.0003198027388914185
989 -3.909058513698559e-06 -0.0003385676667839527
991 1.1342429165522048e-06 -0.000349645757007943
993 -2.7622706589135503e-07 -0.00033587775586620643
995 6.347518244731147e-06 -0.000319242064970078
997 2.142517069318776e-06 -0.0003207374073947231
999 2.016457606741929e-06 -0.00031098782409377617
1001 -2.2604149816866325e-06 -0.00030297031566205705
1003 -1.0632045112889528e-05 -0.00031821517354704355
1005 4.220234371850644e-06 -0.00029720461554020217
1007 4.057751272662968e-06 -0.000309308093332556
1009 3.019533317316273e-07 -0.00033662336953390855
1011 7.210250455145311e-06 -0.0002968922554141473
1013 2.5653709142576634e-06 -0.0003212742127428428
1015 6.805336043652618e-06 -0.0003148088777674026
1017 -2.3189215200893824e-06 -0.00032761733574244306
1019 -1.7886631723018915e-05 -0.0002926585587476923
1021 -1.944779019907532e-06 -0.0003155992877186335
1023 1.4417856707060637e-05 -0.0003282300413759794
1025 2.035785894831915e-05 -0.00033030826015765656
1027 -2.9512792844981746e-06 -0.0003108052569270341
1029 -1.4516944360799413e-05 -0.0003222781088115789
1031 3.166431446514033e-05 -0.00030420872288038217
1033 9.128281834177457e-06 -0.00031111376461172264
1035 -2.055261902679538e-05 -0.00029704490879195044
1037 -8.295833244759165e-06 -0.0002895480177340325
1039 -2.9919578878385043e-06 -0.0002868806451563503
1041 -8.706871027361512e-07 -0.0003176895892477953
1043 -7.507335909982943e-07 -0.0003098326051177958
1045 -8.72574816836286e-06 -0.0003041780423149092
1047 4.202466323928281e-06 -0.00030351263290061774
1049 1.581678196306851e-05 -0.0003026687304644142
1051 2.919471372929976e-05 -0.0003017090913948596
1053 -5.669770866538088e-06 -0.00031908824678823886
1055 1.9094594022103842e-05 -0.0002835164884174787
1057 -1.177312128971488e-06 -0.0002955393142560413
1059 7.034739076106655e-07 -0.0002891770863689286
1061 -5.875726416408803e-06 -0.00030597345151074244
1063 -6.538988231391798e-06 -0.0003059736248286585
1065 -1.5759211410686923e-05 -0.00031273394961368005
1067 -1.0248661169871242e-06 -0.0003043414102059102
1069 -1.0194781738397466e-05 -0.00030278687935268755
1071 3.271628206780769e-06 -0.0002897053067692513
1073 -4.96950473598573e-06 -0.000286840263824389
1075 -5.589390402035486e-06 -0.00029105774488359106
1077 2.5103036453530824e-05 -0.00031151615486790134
1079 2.538716999475831e-06 -0.00030545694109980525
1081 1.4431881570123273e-05 -0.0003054700705368163
1083 6.29497001977268e-06 -0.0002843143606331161
1085 1.7267671501395188e-05 -0.0002985485667149695
1087 -1.2374194285528069e-05 -0.0002754612451500729
1089 1.4577928676255545e-05 -0.00026780532288137434
1091 1.3886221132594026e-05 -0.00029401421128264014
1093 4.287424307724994e-06 -0.00027986507066326606
1095 -2.1936313607290318e-05 -0.00030237299905125137
1097 3.0459660512611067e-06 -0.00026402133800982746
1099 1.7416164972048003e-05 -0.00031957796051827406
1101 -1.7940217836524512e-05 -0.0002794001577774031
1103 -4.000588040670995e-06 -0.00031836825009389256
1105 -1.6002756567762574e-05 -0.0003060871664574042
1107 1.8406801812455786e-06 -0.0002894082047691148
1109 -8.944772991550432e-06 -0.00029503094408475644
1111 1.9538029091637297e-05 -0.0002666171973985193
1113 -1.850178423527279e-05 -0.0002791107077185957
1115 -1.787295730087323e-05 -0.0002917160060921592
1117 2.340952161760916e-05 -0.0002954589583595663
1119 -3.951858991513083e-06 -0.00026621184960899864
1121 -5.875167696289626e-06 -0.0002928443562527699
1123 -1.0627461461247247e-05 -0.00029656117170248614
1125 7.859389882965313e-06 -0.00027592918403154104
1127 1.9476673720774103e-05 -0.0002961069574112351
1129 -7.117794149811858e-06 -0.0002997897341846492
1131 8.415494599843674e-06 -0.00029022959970246003
1133 1.2740746754180739e-05 -0.0002802760699841381
1135 2.6455051421505952e-05 -0.0002469202836688479
1137 -9.740606335112203e-06 -0.00029167819439423055
1139 8.054794514045149e-06 -0.0002570069621731054
1141 5.396444436418166e-07 -0.0002958336247012066
1143 -6.3142301548226015e-06 -0.00025422452952851245
1145 -1.3755406455863635e-05 -0.0002684592497873084
1147 -1.0920322785775445e-05 -0.00028327472197330983
1149 -1.9411229978287175e-05 -0.0002829360585313747
1151 -1.6345986582234606e-05 -0.0002809428316864516
1153 5.516956822729195e-06 -0.0002715527310472016
1155 -2.604693236271727e-05 -0.00027469084547143544
1157 8.013192259647606e-06 -0.00026977201894503786
1159 -8.646173811683879e-06 -0.0002973381499554932
1161 1.5700774141444757e-05 -0.00027941758670547013
1163 -1.4481273654827864e-05 -0.00027771147877169984
1165 9.140530991608514e-06 -0.0002462912970925159
1167 1.3512634751114067e-05 -0.0002818715855843177
1169 1.6749969446511303e-05 -0.00026961378838988905
1171 1.1294582746066006e-05 -0.0002839811203427646
1173 -6.395785652154376e-07 -0.0002961763089684985
1175 6.260827806640401e-06 -0.000273508793487214
1177 7.596847387261529e-07 -0.00027552234882432966
1179 1.1261117668326867e-05 -0.0002580148662556321
1181 -5.03132795162387e-06 -0.00024013163483189415
1183 -3.675924416108638e-05 -0.00025588424329060013
1185 9.046327013561857e-06 -0.0002782334927256598
1187 -1.3068537237421615e-06 -0.0002748458338461719
1189 1.5612644924967087e-05 -0.0002577935096494802
1191 1.4200138251605042e-05 -0.00027656621019781424
1193 -1.7155564338612283e-05 -0.0002600717979261209
1195 2.103951133225821e-06 -0.0002795234931454191
1197 1.4310969432324336e-06 -0.0002737171647099097
1199 2.0723452696630627e-05 -0.00024238308008137232
1201 2.574375725671546e-06 -0.00027080216359930115
1203 -1.739265753263848e-05 -0.0002818885996724691
1205 9.2835456046009e-06 -0.0002766521952414553
1207 -2.3491550389560895e-05 -0.00028651357563112297
1209 -1.049295803008469e-05 -0.00025233590269355745
1211 -4.847165279269015e-06 -0.000280468830919023
1213 1.927311886631324e-05 -0.00027118917402540083
1215 8.105692617872355e-06 -0.0002826699925204093
1217 -2.381880369599724e-05 -0.00025612409693997687
1219 -9.492396521108254e-07 -0.0002512395028656147
1221 -3.996951036498907e-06 -0.00025968352539313365
1223 5.390212050377338e-06 -0.0002654619982374204
1225 3.183381974739599e-05 -0.00025294839593596415
1227 1.2138716633391173e-05 -0.00025906045952803176
1229 5.094471060052292e-06 -0.0002401642862362306
1231 -4.6586319281603446e-06 -0.00026392670483975475
1233 -1.151677081136483e-05 -0.0002789345978165221
1235 -1.8803252914620642e-05 -0.00027005109345563884
1237 -2.1999770776420205e-05 -0.00023142942673434758
1239 1.25678241861319e-06 -0.00023683414233279052
1241 -1.7877833899790917e-05 -0.00026425167082706725
1243 3.855394336257873e-06 -0.0002707733613000462
1245 -1.763776848024349e-05 -0.0002517707788475211
1247 -2.0381340621297505e-05 -0.0002351451220830022
1249 -8.016985506277129e-06 -0.00025138331761070254
1251 6.048131722137853e-06 -0.00022709312688480888
1253 -7.194551914028828e-06 -0.00025647313900078615
1255 2.074265998179058e-06 -0.0002418432441519506
1257 -2.364641258850004e-06 -0.0002514887533021746
1259 -1.6907097601502546e-05 -0.00027274576800768085
1261 1.3113794439819252e-05 -0.00027365253625399096
1263 9.059586411941032e-06 -0.0002380148952075324
1265 -1.4412229282512944e-05 -0.00028038021358676285
1267 -6.3221230266287105e-06 -0.000265294083993626
1269 7.667409918331585e-06 -0.00024376541381887756
1271 8.652953092747519e-06 -0.0002669084258349938
1273 4.1685804722069984e-06 -0.00026984274255070507
1275 2.6432167573994574e-05 -0.0002202021651710028
1277 1.2552125304417466e-05 -0.0002576688663150276
1279 4.042356426667435e-05 -0.0002475928425515872
1281 -1.9186564880399125e-05 -0.00023381696685772856
1283 1.9785734251990956e-06 -0.0002317171061957544
1285 -2.678012833454356e-06 -0.00024810830360767863
1287 1.3110324423424458e-05 -0.00023993777682595712
1289 -1.2658025458523227e-05 -0.00024861624182489773
1291 8.43055641049845e-06 -0.00025516117059159646
1293 -7.127412772552027e-07 -0.00026960389494806876
1295 -1.2261657484163943e-05 -0.00025889489356764763
1297 2.1671482906776497e-06 -0.00024588221263222997
1299 6.888560318221399e-06 -0.0002466794321033809
1301 -4.310494860422686e-06 -0.00023306660186246948
1303 -5.631471682777265e-06 -0.0002605244257285764
1305 -2.9360553507774616e-06 -0.0002382808800108613
1307 1.0094578489044728e-05 -0.0002735909276833175
1309 -8.404596266840135e-07 -0.00024449554486991894
1311 -1.2669110326740712e-05 -0.00026080067534742327
1313 -7.687421810476856e-06 -0.0002319795298432442
1315 -3.115796342290843e-05 -0.0002567371951930703
1317 -1.1134016441683674e-05 -0.0002427794231288756
1319 -1.0523923683852476e-05 -0.0002662892197618
1321 -1.9306277823326588e-05 -0.00024061200073313682
1323 1.3552579528520958e-05 -0.00024150889171546124
1325 -7.529934725120972e-06 -0.00024198017149431195
1327 -5.2463153193574964e-06 -0.000236593254516782
1329 4.852947857128556e-06 -0.000277275976285882
1331 -3.2601461791442415e-05 -0.00021314317650383447
1333 -1.1835429074379648e-05 -0.0002310412725756827
1335 1.0770862684059656e-05 -0.00023343492180616227
1337 7.186166319235745e-06 -0.00026166869353797824
1339 -1.862667765290862e-05 -0.0002297704445144396
1341 -1.0159249789169004e-05 -0.0001946421856531782
1343 8.670114475346083e-06 -0.00022966812231464467
1345 -2.5136095278047477e-06 -0.0002454411022406901
1347 4.107082508769407e-05 -0.00021654805337545559
1349 2.4681079450363172e-05 -0.00021848926061641572
1351 6.25306590221202e-07 -0.00024194552888153834
1353 -6.413127947868538e-06 -0.00022445427935107059
1355 -1.3359517621406084e-05 -0.00024193236946310007
1357 7.65371913440723e-06 -0.0002329638769935202
1359 -1.3210113827499925e-05 -0.0002196621365666664
1361 -9.826524341279701e-07 -0.0002355775314907754
1363 9.192704895739546e-06 -0.0002360079804872893
1365 1.6413097269063298e-05 -0.00023630376615742487
1367 2.144639391032911e-05 -0.00025303236864688964
1369 -1.2599348699381936e-05 -0.00022451915163287345
1371 9.251845045621446e-07 -0.00023473088572460122
1373 -1.296806386315754e-05 -0.00022923888276692205
1375 -6.907760542440613e-06 -0.00021378807777518784
1377 -4.604973403519516e-06 -0.0002352844659521818
1379 3.6054186169495256e-06 -0.00023444961321325707
1381 -2.477491568306033e-05 -0.00023413104433214494
1383 1.9889256803744636e-05 -0.00022923015727429087
1385 8.472971023807703e-07 -0.00024210152782001856
1387 -1.1892350057528899e-05 -0.00020680581950030638
1389 2.857214565288086e-06 -0.00022153892131174797
1391 4.025728918058245e-06 -0.00023628432515050213
1393 -1.8776829623260956e-05 -0.00022468167017085773
1395 -1.1916863145120496e-05 -0.00021376049524672429
1397 -1.2655695963340967e-05 -0.00020931002204328298
1399 1.501676952623767e-05 -0.00025715003691160283
1401 1.6742400328723476e-05 -0.00023415396925558377
1403 7.21160702799721e-06 -0.00020835576523292243
1405 -4.104229436748404e-06 -0.00023206139670527642
1407 6.9786530336290405e-06 -0.00023807831103596727
1409 1.4833820787162163e-05 -0.00020637486073653272
1411 2.6134078378132866e-05 -0.00023334388205438993
1413 -9.260447946524941e-06 -0.00021824338366192907
1415 1.8948738067973385e-05 -0.00021122753582782203
1417 6.307964254103029e-06 -0.00021830590764235918
1419 -5.067679277580672e-06 -0.0002210174358829917
1421 7.774393879274617e-06 -0.000230356004470429
1423 1.952401687524404e-06 -0.00022544562902306677
1425 2.1503468572961885e-05 -0.00022238538843947895
1427 2.2265212785868777e-05 -0.00021129560976115218
1429 4.1302172283167515e-06 -0.0002441742529160935
1431 -1.8043354670326028e-06 -0.00021810759776500556
1433 1.3506258862023e-05 -0.00022358750567649967
1435 -1.2121644587785645e-05 -0.00023331093496007754
1437 6.644360466162195e-07 -0.0002322337301620034
1439 -8.35558829056413e-07 -0.00021149067560970755
1441 -5.3725121046201625e-06 -0.00022667738221135157
1443 -7.14729928090589e-06 -0.00021180495440200234
1445 5.415134701976775e-06 -0.00023682042235102327
1447 1.640091488174294e-05 -0.00023240338739453442
1449 -1.989102217312264e-06 -0.00019839443597183184
1451 8.6114800937295e-06 -0.0002110357017547806
1453 8.459010126251068e-06 -0.000206348624477819
1455 7.706425497991291e-06 -0.00021629279607349527
1457 9.862672574584342e-06 -0.00023030001654421038
1459 -1.0757823035964142e-05 -0.00023477233024883501
1461 1.2947229784792375e-05 -0.00023032108941713702
1463 -2.277689328379446e-06 -0.0002087678830905002
1465 1.1510323102952286e-05 -0.00021932415102419908
1467 -1.3273516457920189e-05 -0.00021334080761354
1469 -8.321752724891776e-06 -0.0002103245883646305
1471 -1.1963516401534602e-05 -0.0002048924011993121
1473 2.1072389082790174e-05 -0.00021836239031873585
1475 1.9357381291596242e-05 -0.0002079393848730981
1477 -1.2815415564376444e-05 -0.00023343107103652124
1479 -8.155390910618963e-06 -0.00023276769351733315
1481 -8.052132975797959e-06 -0.00019729416054616708
1483 -1.0942164624018157e-05 -0.00023732277763196963
1485 -1.1443717404199479e-05 -0.0001937776066148771
1487 4.6330472059157565e-06 -0.00022293932039390952
1489 1.2944528140397264e-05 -0.00021436544406991482
1491 -1.1565363659627936e-05 -0.0002208446209393935
1493 -2.3109240907333794e-05 -0.0002129462572005721
1495 -1.1093471774858895e-06 -0.00022044907048036387
1497 1.5448264192580446e-05 -0.00022292358084193041
1499 -2.4650184489090135e-05 -0.00019261729393890253
1501 1.662625847592172e-06 -0.00020429262621121964
1503 -7.803281190969675e-06 -0.0002049419866152101
1505 1.826675116411272e-05 -0.00021491107275987468
1507 -8.683074701821295e-06 -0.00019463577677601398
1509 -1.8625652983527362e-05 -0.00019853530714069364
1511 -1.4553534439645367e-05 -0.00018240625304995726
1513 2.870630311881359e-06 -0.00017543106618518356
1515 -5.153390248152016e-06 -0.0002237169406549232
1517 1.0645454551641671e-05 -0.00019394628514907575
1519 3.6532790304972378e-06 -0.00021494399253108563
1521 -1.2397507247323456e-05 -0.00020589793436235528
1523 -3.7351688204688575e-07 -0.00019957342961905171
1525 2.6467797114728935e-05 -0.00023585264061835897
1527 -4.3593991956544616e-06 -0.00021196755247762257
1529 -1.625001827270721e-05 -0.00018900377535031236
1531 -1.286805703066393e-05 -0.00019659135461483752
1533 -5.4075072144981405e-06 -0.00022375937428139176
1535 -2.1008676629888894e-05 -0.00019882158196502615
1537 -9.399482576879759e-06 -0.00022116834356512011
1539 -1.90394348529871e-05 -0.00021532169951823642
1541 3.093124374187875e-05 -0.0002096808849577248
1543 -4.1075386198121814e-06 -0.0001807144054066927
1545 -9.0695537934286e-06 -0.00019225039909426858
1547 1.460498292040474e-05 -0.00022734444002413663
1549 -3.927730949504954e-06 -0.00020628387601424192
1551 3.953705165627775e-05 -0.0002196570183698702
1553 -2.3663829855958507e-06 -0.0002154303846926306
1555 -8.025663847081699e-07 -0.00019603021504628222
1557 8.622621210555433e-06 -0.00018812693158063056
1559 -1.578843387531551e-05 -0.0001989559065888728
1561 -1.303616447820506e-05 -0.00020022026388460067
1563 3.851638059194258e-06 -0.0001984360236990762
1565 1.25544737608359e-05 -0.00019988836641815838
1567 -1.088141789387524e-05 -0.00022278916299281403
1569 -5.775483835142939e-06 -0.00019461029503896245
1571 3.716481573522049e-05 -0.00020624132471309866
1573 3.3806935716823106e-06 -0.00019802361200031674
1575 2.817645096766306e-06 -0.00022187027742725054
1577 1.2910208142830039e-05 -0.00019717901689269638
1579 4.054831732278396e-06 -0.00019391603824276725
1581 1.7991309924012738e-05 -0.00018195665619191427
1583 -1.6178401578433923e-06 -0.00019029222628293683
1585 1.2115191521564384e-05 -0.00018841142236209282
1587 -1.5346334368333733e-05 -0.00020655186544283848
1589 2.149805974700171e-06 -0.0001676087177881901
1591 3.4067985427918286e-06 -0.0001984031603257708
1593 4.165223928205896e-06 -0.00017940053831711937
1595 -6.449699507336117e-07 -0.00016706547588860054
1597 1.0537406772228913e-05 -0.00020700933061140208
1599 5.071748908117279e-06 -0.0002340221580774564
1601 1.6961373992522616e-06 -0.0001852288532166583
1603 -6.266141620008838e-06 -0.00020538997931399505
1605 3.57157116280588e-06 -0.0001802342335465566
1607 2.1696280298041954e-06 -0.00021843655160163025
1609 -1.499824643510006e-05 -0.00021150703529418464
1611 -5.012678388927647e-06 -0.00021806239372340372
1613 2.4805122532775807e-05 -0.00018677400420088124
1615 4.0954512997758284e-06 -0.00019898801353037182
1617 5.411588827802436e-06 -0.0001940951077477504
1619 -1.2316060286279699e-05 -0.00018458591732547166
1621 7.393370075623562e-06 -0.0001932822028823035
1623 2.43066332418979e-05 -0.0002064423235749541
1625 -6.914233552351249e-06 -0.0002076439508368801
1627 -1.3001332693269521e-05 -0.00018809447245266006
1629 1.255352025596546e-05 -0.00018934834008319188
1631 -1.935051248830122e-05 -0.00021553995373692602
1633 -1.1167131548471508e-05 -0.0001689267180622957
1635 -7.793102174812793e-06 -0.0001871716673484419
1637 -6.591693019562547e-06 -0.00018686864620896004
1639 0.0 -0.00019420981463318527
1641 0.0 -0.00019397311772321186
1643 0.0 -0.00019373699706864923
1645 0.0 -0.00019350145056765394
1647 0.0 -0.00019326647612859178
1649 0.0 -0.00019303207166997615
1651 0.0 -0.00019279823512040624
1653 0.0 -0.00019256496441850618
1655 0.0 -0.00019233225751286444
1657 0.0 -0.00019210011236197387
1659 0.0 -0.0001918685269341716
1661 0.0 -0.00019163749920758018
1663 0.0 -0.0001914070271700485
1665 0.0 -0.0001911771088190935
1667 0.0 -0.00019094774216184206
1669 0.0 -0.00019071892521497344
1671 0.0 -0.0001904906560046623
1673 0.0 -0.00019026293256652163
1675 0.0 -0.00019003575294554667
1677 0.0 -0.00018980911519605884
1679 0.0 -0.00018958301738165021
1681 0.0 -0.0001893574575751283
1683 0.0 -0.00018913243385846148
1685 0.0 -0.00018890794432272444
1687 0.0 -0.00018868398706804428
1689 0.0 -0.0001884605602035469
1691 0.0 -0.00018823766184730378
1693 0.0 -0.0001880152901262792
1695 0.0 -0.0001877934431762777
1697 0.0 -0.00018757211914189196
1699 0.0 -0.00018735131617645125
1701 0.0 -0.00018713103244196984
1703 0.0 -0.00018691126610909613
1705 0.0 -0.00018669201535706197
1707 0.0 -0.0001864732783736325
1709 0.0 -0.000186255053355056
1711 0.0 -0.00018603733850601443
1713 0.0 -0.00018582013203957424
1715 0.0 -0.00018560343217713743
1717 0.0 -0.00018538723714839296
1719 0.0 -0.00018517154519126857
1721 0.0 -0.000184956354551883
1723 0.0 -0.00018474166348449837
1725 0.0 -0.00018452747025147288
1727 0.0 -0.00018431377312321404
1729 0.0 -0.00018410057037813226
1731 0.0 -0.00018388786030259428
1733 0.0 -0.0001836756411908775
1735 0.0 -0.0001834639113451243
1737 0.0 -0.0001832526690752969
1739 0.0 -0.0001830419126991321
1741 0.0 -0.00018283164054209687
1743 0.0 -0.00018262185093734405
1745 0.0 -0.00018241254222566803
1747 0.0 -0.00018220371275546118
1749 0.0 -0.0001819953608826705
1751 0.0 -0.00018178748497075424
1753 0.0 -0.0001815800833906393
1755 0.0 -0.00018137315452067848
1757 0.0 -0.00018116669674660824
1759 0.0 -0.00018096070846150694
1761 0.0 -0.0001807551880657528
1763 0.0 -0.0001805501339669828
1765 0.0 -0.00018034554458005138
1767 0.0 -0.00018014141832698965
1769 0.0 -0.0001799377536369648
1771 0.0 -0.00017973454894623978
1773 0.0 -0.0001795318026981335
1775 0.0 -0.00017932951334298066
1777 0.0 -0.00017912767933809268
1779 0.0 -0.0001789262991477182
1781 0.0 -0.00017872537124300432
1783 0.0 -0.00017852489410195775
1785 0.0 -0.00017832486620940653
1787 0.0 -0.00017812528605696176
1789 0.0 -0.0001779261521429797
1791 0.0 -0.00017772746297252412
1793 0.0 -0.00017752921705732887
1795 0.0 -0.00017733141291576083
1797 0.0 -0.0001771340490727828
1799 0.0 -0.00017693712405991702
1801 0.0 -0.00017674063641520858
1803 0.0 -0.0001765445846831895
1805 0.0 -0.0001763489674148425
1807 0.0 -0.00017615378316756538
1809 0.0 -0.0001759590305051358
1811 0.0 -0.0001757647079976757
1813 0.0 -0.00017557081422161648
1815 0.0 -0.00017537734775966427
1817 0.0 -0.00017518430720076536
1819 0.0 -0.00017499169114007184
1821 0.0 -0.00017479949817890758
1823 0.0 -0.00017460772692473432
1825 0.0 -0.0001744163759911182
1827 0.0 -0.00017422544399769605
1829 0.0 -0.0001740349295701425
1831 0.0 -0.0001738448313401369
1833 0.0 -0.00017365514794533043
1835 0.0 -0.00017346587802931373
1837 0.0 -0.00017327702024158448
1839 0.0 -0.00017308857323751532
1841 0.0 -0.00017290053567832193
1843 0.0 -0.00017271290623103132
1845 0.0 -0.00017252568356845022
1847 0.0 -0.0001723388663691341
1849 0.0 -0.0001721524533173557
1851 0.0 -0.00017196644310307437
1853 0.0 -0.0001717808344219054
1855 0.0 -0.0001715956259750893
1857 0.0 -0.00017141081646946188
1859 0.0 -0.0001712264046174237
1861 0.0 -0.00017104238913691062
1863 0.0 -0.00017085876875136378
1865 0.0 -0.0001706755421897001
1867 0.0 -0.00017049270818628317
1869 0.0 -0.0001703102654808939
1871 0.0 -0.0001701282128187016
1873 0.0 -0.00016994654895023526
1875 0.0 -0.00016976527263135502
1877 0.0 -0.0001695843826232236
1879 0.0 -0.0001694038776922782
1881 0.0 -0.00016922375661020236
1883 0.0 -0.0001690440181538984
1885 0.0 -0.00016886466110545926
1887 0.0 -0.00016868568425214135
1889 0.0 -0.00016850708638633705
1891 0.0 -0.0001683288663055477
1893 0.0 -0.00016815102281235642
1895 0.0 -0.0001679735547144014
1897 0.0 -0.00016779646082434933
1899 0.0 -0.00016761973995986872
1901 0.0 -0.00016744339094360375
1903 0.0 -0.00016726741260314801
1905 0.0 -0.00016709180377101873
1907 0.0 -0.00016691656328463066
1909 0.0 -0.00016674168998627068
1911 0.0 -0.00016656718272307203
1913 0.0 -0.00016639304034698937
1915 0.0 -0.0001662192617147732
1917 0.0 -0.00016604584568794505
1919 0.0 -0.00016587279113277264
1921 0.0 -0.000165700096920245
1923 0.0 -0.00016552776192604822
1925 0.0 -0.0001653557850305406
1927 0.0 -0.00016518416511872893
1929 0.0 -0.000165012901080244
1931 0.0 -0.00016484199180931677
1933 0.0 -0.0001646714362047546
1935 0.0 -0.00016450123316991768
1937 0.0 -0.00016433138161269526
1939 0.0 -0.00016416188044548254
1941 0.0 -0.0001639927285851575
1943 0.0 -0.00016382392495305749
1945 0.0 -0.00016365546847495665
1947 0.0 -0.00016348735808104298
1949 0.0 -0.0001633195927058957
1951 0.0 -0.00016315217128846267
1953 0.0 -0.00016298509277203822
1955 0.0 -0.00016281835610424075
1957 0.0 -0.00016265196023699065
1959 0.0 -0.00016248590412648836
1961 0.0 -0.00016232018673319258
1963 0.0 -0.0001621548070217986
1965 0.0 -0.00016198976396121663
1967 0.0 -0.00016182505652455044
1969 0.0 -0.00016166068368907602
1971 0.0 -0.00016149664443622055
1973 0.0 -0.00016133293775154117
1975 0.0 -0.00016116956262470414
1977 0.0 -0.00016100651804946416
1979 0.0 -0.0001608438030236436
1981 0.0 -0.0001606814165491119
1983 0.0 -0.00016051935763176535
1985 0.0 -0.00016035762528150664
1987 0.0 -0.00016019621851222482
1989 0.0 -0.0001600351363417751
1991 0.0 -0.00015987437779195916
1993 0.0 -0.00015971394188850512
1995 0.0 -0.00015955382766104796
1997 0.0 -0.00015939403414310998
1999 0.0 -0.00015923456037208138
2001 0.0 -0.00015907540538920076
2003 0.0 -0.00015891656823953604
2005 0.0 -0.00015875804797196543
2007 0.0 -0.00015859984363915828
2009 0.0 -0.00015844195429755634
2011 0.0 -0.0001582843790073549
2013 0.0 -0.00015812711683248418
2015 0.0 -0.0001579701668405909
2017 0.0 -0.00015781352810301968
2019 0.0 -0.00015765719969479478
2021 0.0 -0.00015750118069460202
2023 0.0 -0.0001573454701847705
2025 0.0 -0.00015719006725125467
2027 0.0 -0.00015703497098361652
2029 0.0 -0.00015688018047500772
2031 0.0 -0.000156725694822152
2033 0.0 -0.00015657151312532745
2035 0.0 -0.00015641763448834923
2037 0.0 -0.00015626405801855213
2039 0.0 -0.00015611078282677326
2041 0.0 -0.00015595780802733495
2043 0.0 -0.00015580513273802775
2045 0.0 -0.00015565275608009325
2047 0.0 -0.00015550067717820748
2049 0.0 -0.00015534889516046396
