-2.0928980359713467e-9	0.00014994684508360894
-2.0929289986870714e-9	0.000150103829011798
-2.0930060210755387e-9	0.00015026100993541857
-2.0932824533137496e-9	0.0001504181941249688
-2.0960466043828952e-9	0.00015057390879361237
-2.0960516426415945e-9	0.00015073943106947723
-2.0932820027186327e-9	0.0001508957457443119
-2.0930022642806636e-9	0.00015105412868215209
-2.092922711505185e-9	0.00015121310766507535
-2.092889306609669e-9	0.00015137248900773742
-2.0928724139945844e-9	0.00015153221902334009
-2.0928626222826986e-9	0.0001516922772213925
-2.092856134494614e-9	0.0001518526542524173
-2.0928526198948918e-9	0.00015201334529175772
-2.092850123081025e-9	0.00015217434755949416
-2.0928491477667513e-9	0.0001523356591761293
-2.0928491971716755e-9	0.00015249727851783821
-2.0928515190532517e-9	0.00015265920366881296
-2.092855527213722e-9	0.000152821431769121
-2.0928639006545515e-9	0.00015298395782450895
-2.0928807060338617e-9	0.0001531467721356302
-2.0929114378898107e-9	0.0001533098534378407
-2.0929913148504122e-9	0.00015347314595708423
-2.0932790943783976e-9	0.00015363644844152997
-2.09615039297173e-9	0.00015379823069055807
-2.0961561347121463e-9	0.00015397020978438747
-2.093277934533955e-9	0.00015413262880005816
-2.092988290358644e-9	0.00015429720347740855
-2.092905177314419e-9	0.0001544624042212216
-2.092871973058408e-9	0.0001546280298194507
-2.092853314400456e-9	0.0001547940245441523
-2.0928470229719667e-9	0.0001549603671201103
-2.0928605072634278e-9	0.0001551270479256289
-2.092825644023355e-9	0.0001552940619373429
-2.0928280435206226e-9	0.00015546140629411423
-2.092825925131825e-9	0.0001556290791332214
-2.0928275114240336e-9	0.00015579707877022464
-2.0928289348964846e-9	0.00015596540327700471
-2.0928339247439087e-9	0.00015613404970112445
-2.09284201603821e-9	0.000156303012906509
-2.0928583412682666e-9	0.00015647228283617462
-2.0928913905982063e-9	0.00015664183742443102
-2.092975442180567e-9	0.00015681161870994775
-2.093273684045105e-9	0.0001569814174691582
-2.096259756090291e-9	0.00015714964251626115
-2.0962654293521513e-9	0.0001573284781430768
-2.093273281517094e-9	0.00015749737977911317
-2.0929710343842168e-9	0.00015766853029360663
-2.0928852335788675e-9	0.00015784033914224084
-2.092849114287976e-9	0.00015801259715299547
-2.0928309191980964e-9	0.00015818524639674765
-2.0928193327551806e-9	0.00015835826482693107
-2.0928133065867273e-9	0.000158531642420347
-2.0928087556049137e-9	0.00015870537405353704
-2.092806328279906e-9	0.00015887945680477219
-2.092805427172939e-9	0.00015905388873293914
-2.0928053323543417e-9	0.00015922866816139812
-2.0928070812609166e-9	0.00015940379311142356
-2.0928121061802863e-9	0.00015957926056920795
-2.0928209141957144e-9	0.00015975506522398735
-2.092837522210678e-9	0.00015993119666205007
-2.092871900155613e-9	0.0001601076319574222
-2.0929590494489504e-9	0.00016028431083773995
-2.0932696352615742e-9	0.00016046101558983474
-2.0963770194226686e-9	0.00016063609021269682
-2.096383316363415e-9	0.00016082221572406388
-2.093268747194177e-9	0.00016099801014458288
-2.092954464577579e-9	0.00016117615298247756
-2.092865207425909e-9	0.00016135498891508063
-2.092827359889693e-9	0.00016153430028842899
-2.092807765352589e-9	0.00016171402686302762
-2.09279678198282e-9	0.00016189414573975917
-2.0927897200095913e-9	0.00016207464653747873
-2.0927849302354583e-9	0.00016225552397004166
-2.092783222623629e-9	0.0001624367750452914
-2.092781280238487e-9	0.00016261839779160617
-2.0927821672622748e-9	0.00016280039051402696
-2.0927835759076973e-9	0.00016298275119908294
-2.0927882424748303e-9	0.00016316547675822798
-2.0927972558204556e-9	0.0001633485617100408
-2.0928147687504505e-9	0.0001635319952567238
-2.0928509057105416e-9	0.00016371575356517024
-2.0929408909187152e-9	0.00016389977390192612
-2.0932646788929255e-9	0.00016408382952829757
-2.0965021393815067e-9	0.0001642661954362561
-2.0965087347724067e-9	0.00016446008145115087
-2.093264190838884e-9	0.00016464321412241093
-2.0929365445232497e-9	0.00016482880166446962
-2.0928433290157148e-9	0.00016501511979684225
-2.0928038712175744e-9	0.00016520194184455275
-2.0927837410034123e-9	0.00016538920510876813
-2.0927718456853483e-9	0.0001655768857879851
-2.0927645259627426e-9	0.000165764973122641
-2.092760245336889e-9	0.00016595346165810453
-2.092757258553846e-9	0.00016614234833604993
-2.092755461879925e-9	0.0001663316311523235
-2.0927558687322544e-9	0.00016652130839649035
-2.092758439836695e-9	0.00016671137802443096
-2.09276205794251e-9	0.00016690183687193924
-2.0927719509455934e-9	0.00016709267927696316
-2.092790709928849e-9	0.00016728389403962334
-2.092827897809402e-9	0.00016747545636514494
-2.092922362478822e-9	0.00016766730089971325
-2.093259674573744e-9	0.00016785919128561925
-2.096634908577144e-9	0.00016804932896421107
-2.096641147075751e-9	0.00016825148745565268
-2.093258751217908e-9	0.0001684424430352339
-2.092915362528203e-9	0.0001686359675037029
-2.092820502808124e-9	0.00016883026307826706
-2.092780228285518e-9	0.00016902509347724849
-2.092758384969473e-9	0.00016922039337783265
-2.0927461784059355e-9	0.00016941613802742787
-2.092737833275793e-9	0.00016961231626387105
-2.092733281855441e-9	0.0001698089224636362
-2.0927301380313514e-9	0.0001700059534925995
-2.0927286592753446e-9	0.00017020340732486937
-2.092728674008004e-9	0.0001704012822361753
-2.092731089270439e-9	0.0001705995761540215
-2.092735962283543e-9	0.000170798285838643
-2.0927456461761195e-9	0.00017099740544179457
-2.0927646440349615e-9	0.0001711969233367169
-2.0928040486756227e-9	0.00017139681370833033
-2.092901805877956e-9	0.00017159700841010836
-2.0932541827833883e-9	0.00017179726082312946
-2.0967764764567854e-9	0.00017199569387991935
-2.096783141836145e-9	0.0001722066828263975
-2.093253309465304e-9	0.0001724059895669829
-2.092896868927108e-9	0.0001726079875128624
-2.0927950686866483e-9	0.00017281080042677376
-2.0927523705360774e-9	0.0001730141817658014
-2.0927306705720297e-9	0.00017321806342854347
-2.092717658414012e-9	0.00017342241964203386
-2.0927094517730895e-9	0.00017362723882491144
-2.0927040568996525e-9	0.00017383251517378431
-2.0927008134830062e-9	0.00017403824548496496
-2.0926995658920866e-9	0.0001742444277108093
-2.0926996504910813e-9	0.0001744510601186001
-2.0927018283212197e-9	0.00017465814061222933
-2.0927080433996716e-9	0.0001748656658760828
-2.09271730506333e-9	0.0001750736298681492
-2.092737231412789e-9	0.00017528202051148492
-2.092778646411997e-9	0.00017549081090536254
-2.092880387022378e-9	0.00017569992992503457
-2.0932480411350874e-9	0.00017590911998690867
-2.0969282721106097e-9	0.00017611642010445424
-2.096936136930516e-9	0.00017633684876829
-2.0932472427792616e-9	0.00017654508353859684
-2.092874794401567e-9	0.00017675614094373067
-2.092768797351541e-9	0.00017696806088648192
-2.0927238061685395e-9	0.00017718058586840471
-2.092700790179425e-9	0.00017739364481410153
-2.0926875194338113e-9	0.00017760721086978535
-2.0926787979491656e-9	0.00017782127201255857
-2.0926736230775234e-9	0.0001780358222518846
-2.0926701545020968e-9	0.00017825085831775427
-2.092668451803004e-9	0.00017846637814436
-2.0926684926758644e-9	0.00017868237999647878
-2.09267085597431e-9	0.00017889886175968207
-2.092676632642343e-9	0.0001791158200418936
-2.0926868530612986e-9	0.0001793332486017933
-2.092707539186334e-9	0.00017955113488643323
-2.0927502652090534e-9	0.00017976945083915578
-2.0928572382894474e-9	0.00017998812215380203
-2.0932418382690886e-9	0.00018020687951380063
-2.0970906363548816e-9	0.00018042367209331086
-2.097099463282959e-9	0.00018065420706284567
-2.0932408738905117e-9	0.00018087200106674402
-2.0928511701323596e-9	0.00018109275917568206
-2.0927398379555483e-9	0.00018131443151610653
-2.0926934324261293e-9	0.0001815367488662163
-2.0926693675260565e-9	0.0001817596369734588
-2.092655081381567e-9	0.00018198306783923408
-2.092646381285368e-9	0.0001822070289684921
-2.092640497525222e-9	0.00018243151418193744
-2.0926369615925647e-9	0.00018265652014308445
-2.092634917649772e-9	0.0001828820447750605
-2.0926345558058834e-9	0.0001831080863481664
-2.0926378631991317e-9	0.00018333464273326012
-2.092643370099623e-9	0.00018356171046561467
-2.092654089219659e-9	0.0001837892830993182
-2.0926759477624125e-9	0.00018401734757293094
-2.0927203290443953e-9	0.00018424587460353565
-2.0928327947811187e-9	0.0001844747864759294
-2.0932343568702552e-9	0.00018470380130524024
-2.0972634211746666e-9	0.00018493077193166725
-2.0972741350711033e-9	0.00018517214401588683
-2.0932339691193127e-9	0.0001854001893509904
-2.092826046928842e-9	0.00018563135133990773
-2.0927096232081777e-9	0.00018586348385312047
-2.0926610483418263e-9	0.0001860963051055124
-2.092635421735434e-9	0.00018632973744433796
-2.0926199362003573e-9	0.00018656375164946941
-2.0926109700392103e-9	0.0001867983347339866
-2.092605320447305e-9	0.00018703348031951438
-2.0926013480804252e-9	0.00018726918500753783
-2.0925992211651147e-9	0.00018750544671910618
-2.0925994936693562e-9	0.00018774226373705096
-2.0926020657230373e-9	0.00018797963392610257
-2.0926077670957445e-9	0.00018821755375232122
-2.0926200010706887e-9	0.00018845601655308062
-2.092641813489227e-9	0.00018869500874127223
-2.0926886700911584e-9	0.00018893449971393031
-2.0928058723057585e-9	0.00018917440811009817
-2.0932267604134582e-9	0.00018941443854772447
-2.0974513756932825e-9	0.00018965234040986832
-2.0974612145230332e-9	0.00018990535257326066
-2.0932268367912512e-9	0.00019014440975019192
-2.09280033465209e-9	0.00019038674839269446
-2.092676713638664e-9	0.00019063011899098033
-2.09262565726287e-9	0.0001908742262739363
-2.0925990570241916e-9	0.00019111898895264525
-2.0925834873342097e-9	0.00019136437649905081
-2.0925736038845955e-9	0.0001916103754052976
-2.092566758360448e-9	0.00019185697909293188
-2.0925632509216643e-9	0.0001921041841061712
-2.0925609597655106e-9	0.00019235198837073427
-2.0925611918465316e-9	0.0001926003901942415
-2.092563587091645e-9	0.00019284938744617495
-2.0925698429874464e-9	0.00019309897652410588
-2.092581273510641e-9	0.00019334915054814656
-2.092605081521759e-9	0.00019359989536705166
-2.09265435196504e-9	0.00019385117897427115
-2.092777291373693e-9	0.00019410291609327552
-2.093220250748429e-9	0.0001943547968304268
-2.0976527554728008e-9	0.0001946044592623301
-2.0976632314040345e-9	0.00019486999575028306
-2.0932188413924636e-9	0.00019512090236497608
-2.092769966283159e-9	0.00019537526885949236
-2.092641955553365e-9	0.00019563073450285998
-2.092587899488185e-9	0.00019588698952525252
-2.092559578265041e-9	0.00019614394873178193
-2.0925431805318697e-9	0.00019640158020197803
-2.0925328122034515e-9	0.0001966598698783771
-2.0925258749138197e-9	0.00019691881097722876
-2.0925217411260633e-9	0.00019717839999145462
-2.0925196948462512e-9	0.00019743863486555236
-2.092519456869946e-9	0.0001976995139437757
-2.092521829399896e-9	0.000197961035109836
-2.0925284349659902e-9	0.00019822319470270473
-2.0925412392458487e-9	0.00019848598561590842
-2.092565790701162e-9	0.00019874939310432228
-2.092617291671317e-9	0.00019901338365862364
-2.0927468185716338e-9	0.0001992778677939767
-2.093211745657353e-9	0.00019954251998650197
-2.097869552464271e-9	0.0001998048583405489
-2.097880879670111e-9	0.00020008389523349323
-2.093210073178531e-9	0.00020034757598728255
-2.0927384989710695e-9	0.00020061491016718657
-2.0926036876867118e-9	0.00020088341716505972
-2.092546916365734e-9	0.0002011527715966377
-2.0925175804598075e-9	0.00020142288406865935
-2.092499970740569e-9	0.00020169372117228811
-2.0924888933959717e-9	0.0002019652682707955
-2.0924819153889107e-9	0.0002022375183710935
-2.0924773869002155e-9	0.00020251046792447882
-2.092475231291191e-9	0.00020278411490801067
-2.0924747274275734e-9	0.00020305845771947053
-2.092477563453432e-9	0.00020333349427096903
-2.092484346366552e-9	0.00020360922085052395
-2.0924973685498838e-9	0.0002038856301219535
-2.0925228478907434e-9	0.00020416270670877586
-2.0925784124825597e-9	0.0002044404154973244
-2.0927131204495633e-9	0.0002047186624652669
-2.093202604791511e-9	0.00020499710522519632
-2.0981037487599607e-9	0.00020527313232327371
-2.098115843240933e-9	0.0002055667497782333
-2.093201124048205e-9	0.000205844228103406
-2.09270415131857e-9	0.000206125570280824
-2.092562629657513e-9	0.00020640816625110283
-2.0925026384399636e-9	0.0002066916737790096
-2.092471581016664e-9	0.00020697599895219392
-2.0924532527444305e-9	0.00020726110676954265
-2.0924412371892134e-9	0.00020754698198321747
-2.0924340035310963e-9	0.00020783361738922597
-2.0924290466739494e-9	0.00020812100940906518
-2.092426747041243e-9	0.00020840915607064426
-2.0924271730726753e-9	0.0002086980558440282
-2.0924291254775795e-9	0.00020898770668747373
-2.0924359418306173e-9	0.00020927810484989049
-2.0924495323093596e-9	0.00020956924275970532
-2.0924770391506086e-9	0.00020986110437860712
-2.0925341456035087e-9	0.00021015365286312262
-2.092677049692071e-9	0.0002104467893067597
-2.093192903146468e-9	0.00021074015308307189
-2.098356909496779e-9	0.00021103099254257034
-2.098370196179644e-9	0.00021134038904503509
-2.093191555868623e-9	0.00021163280064396997
-2.0926672677723526e-9	0.00021192930540910805
-2.0925184725018034e-9	0.0002122271532061754
-2.0924551582923725e-9	0.00021252598358208798
-2.092422134758465e-9	0.00021282569775151809
-2.0924026860158487e-9	0.00021312625900623124
-2.0923902270153504e-9	0.00021342765145492294
-2.0923819761042853e-9	0.00021372986768319882
-2.092377100643139e-9	0.00021403290409832714
-2.092374276685405e-9	0.00021433675880024264
-2.0923736808231565e-9	0.00021464143035502655
-2.0923761207936044e-9	0.00021494691679201387
-2.0923841031139647e-9	0.0002152532143314564
-2.0923985402043765e-9	0.00021556031516724162
-2.0924269730382418e-9	0.0002158682025581889
-2.092487188370962e-9	0.00021617683781036698
-2.092638216327769e-9	0.00021648611673160835
-2.0931820098324393e-9	0.00021679565893669746
-2.098631810731888e-9	0.00021710256075210834
-2.098646141823757e-9	0.00021742906977494317
-2.0931804092516604e-9	0.00021773767845017253
-2.0926277946420325e-9	0.00021805063080485018
-2.0924699733138042e-9	0.00021836502481564898
-2.0924031499836017e-9	0.00021868048028987134
-2.0923684876383853e-9	0.00021899689317754115
-2.092347672194572e-9	0.0002193142249411022
-2.0923347088308563e-9	0.0002196324590112031
-2.092325833191744e-9	0.0002199515877659419
-2.0923206496992196e-9	0.00022027160761843248
-2.0923174783860077e-9	0.0002205925167674888
-2.0923170495179555e-9	0.00022091431390522512
-2.0923199542166595e-9	0.00022123699715536073
-2.0923274346607015e-9	0.00022156056273435771
-2.0923427104801996e-9	0.00022188500259895548
-2.0923729573962826e-9	0.00022221029926690732
-2.0924363803298543e-9	0.0002225364120525418
-2.092595794556118e-9	0.00022286323104220442
-2.093170740802286e-9	0.0002231903543957951
-2.098930455751713e-9	0.00022351471321723274
-2.0989462495513146e-9	0.0002238598227768527
-2.0931689356351594e-9	0.00022418603901563585
-2.0925848228048328e-9	0.00022451687332299862
-2.0924169886082923e-9	0.0002248492586010594
-2.0923469836453547e-9	0.00022518279322990717
-2.0923098132952237e-9	0.00022551736745847034
-2.0922882710661117e-9	0.0002258529407841429
-2.0922745609330828e-9	0.00022618949592551944
-2.0922654858146483e-9	0.00022652702506026188
-2.0922587301686058e-9	0.00022686552463022918
-2.0922560495795217e-9	0.00022720499296880365
-2.0922556129954196e-9	0.00022754542893099164
-2.0922583681914907e-9	0.0002278868307666324
-2.0922661775168995e-9	0.0002282291947123215
-2.0922819025770422e-9	0.0002285725124944761
-2.0923140207296245e-9	0.00022891676584719893
-2.0923809488981872e-9	0.00022926191194048504
-2.0925501086899168e-9	0.0002296078346536516
-2.0931579520877542e-9	0.00022995410879587068
-2.099255733145622e-9	0.00023029748547737815
-2.0992729057089934e-9	0.00023066286119073385
-2.0931551721892208e-9	0.00023100826408387786
-2.0925373012348205e-9	0.0002313585864160525
-2.09236049807382e-9	0.0002317105812685236
-2.092285427751639e-9	0.00023206382369625318
-2.0922462699413113e-9	0.00023241819776886216
-2.0922230247577558e-9	0.00023277366087142923
-2.0922079531915386e-9	0.0002331301949753696
-2.0921979915877742e-9	0.00023348779206870202
-2.092191732594451e-9	0.00023384644865576836
-2.0921881573321424e-9	0.0002342061632443844
-2.092187647295685e-9	0.00023456693489493194
-2.0921907494475536e-9	0.0002349287620289929
-2.0921988938049643e-9	0.00023529164093207707
-2.0922156703073737e-9	0.00023565556311000733
-2.0922494700481576e-9	0.00023602050947058763
-2.092320499469391e-9	0.00023638643487292987
-2.0924991449622344e-9	0.0002367532164471788
-2.093144172660155e-9	0.00023712040352811243
-2.099611259354095e-9	0.00023748455064868238
-2.09962959156762e-9	0.00023787206304455496
-2.0931420059322472e-9	0.00023823842625151351
-2.092485989657611e-9	0.00023861004088066956
-2.092298096256773e-9	0.00023898346362540495
-2.092218151528158e-9	0.00023935824410182342
-2.092176721563144e-9	0.00023973425966189208
-2.0921514988669897e-9	0.00024011146541567713
-2.092135845122023e-9	0.00024048984255516857
-2.092125109320886e-9	0.00024086938289439767
-2.092118241164842e-9	0.00024125008304139067
-2.0921144382457514e-9	0.00024163194173037838
-2.0921137413532078e-9	0.0002420149582823987
-2.0921167926790663e-9	0.00024239913134131437
-2.0921253529426752e-9	0.00024278445728293004
-2.0921431181042394e-9	0.00024317092740547028
-2.092178735874084e-9	0.00024355852174997705
-2.092253998359217e-9	0.00024394719268140667
-2.0924439103675586e-9	0.00024433680997367114
-2.0931291192405332e-9	0.0002447268951002157
-2.100000155802473e-9	0.00024511378733090873
-2.1000208885846307e-9	0.00024552554436106774
-2.0931267753043772e-9	0.00024591486703235766
-2.0924291178892053e-9	0.0002463098079724185
-2.0922294138581155e-9	0.00024670670883044103
-2.092144787846362e-9	0.0002471050913986308
-2.092100126976915e-9	0.0002475048257137339
-2.0920738742546964e-9	0.0002479058644362243
-2.092058092900695e-9	0.00024830818794084754
-2.092045381035801e-9	0.0002487117879011082
-2.092037778461675e-9	0.00024911666107452674
-2.092033570144647e-9	0.0002495228064876333
-2.092032527589716e-9	0.000249930223789972
-2.0920357353459983e-9	0.00025033891191194696
-2.0920447177663614e-9	0.00025074886737041206
-2.092063557168622e-9	0.0002511600812804747
-2.0921017367947493e-9	0.0002515725327737644
-2.092181384721892e-9	0.00025198617151990163
-2.0923831004437956e-9	0.00025240085925850583
-2.0931126588463745e-9	0.00025281608690552
-2.100427983064979e-9	0.0002532279573413678
-2.1004503819699316e-9	0.0002536663432801808
-2.0931099499632566e-9	0.00025408088706696205
-2.092367226552705e-9	0.00025450145584433225
-2.0921544917396063e-9	0.0002549241551215241
-2.0920639439481195e-9	0.0002553484761804169
-2.092016276128428e-9	0.00025577428107063444
-2.091987771218884e-9	0.00025620151981130225
-2.0919697759413937e-9	0.0002566301719358242
-2.091957306599168e-9	0.0002570602290001435
-2.091949233085089e-9	0.00025749168798917024
-2.091944590976169e-9	0.0002579245482978236
-2.0919432642929617e-9	0.00025835880998867345
-2.0919466063251682e-9	0.0002587944723587364
-2.091955931854406e-9	0.0002592315321325067
-2.0919760570337066e-9	0.00025966998027483583
-2.0920159496284895e-9	0.0002601097949690017
-2.092101246981004e-9	0.00026055092296755635
-2.0923163864983165e-9	0.00026099321721415877
-2.0930943162522643e-9	0.00026143613501377656
-2.100898709889165e-9	0.00026187551887644583
-2.100923496739515e-9	0.00026234324113436666
-2.09309136943725e-9	0.00026278557472918603
-2.092298600880893e-9	0.0002632343858540253
-2.092071352882696e-9	0.0002636855199300002
-2.091974510681771e-9	0.0002641384346853462
-2.091924031955017e-9	0.0002645929834297887
-2.0918934351465967e-9	0.0002650491133344575
-2.0918737044239857e-9	0.00026550680306128125
-2.0918604237252224e-9	0.00026596604410644356
-2.091851433505543e-9	0.0002664268337606337
-2.0918463271124568e-9	0.00026688917188984695
-2.0918448992324202e-9	0.00026735305907390984
-2.0918481141496417e-9	0.0002678184950776581
-2.0918579664408467e-9	0.0002682854769185957
-2.0918787539569996e-9	0.0002687539954569813
-2.0919217980475135e-9	0.00026922402789566634
-2.0920128288415274e-9	0.00026969551782548814
-2.092242647960818e-9	0.0002701683085340288
-2.0930743192981715e-9	0.00027064182024600937
-2.1014190893176023e-9	0.0002711116077621872
-2.1014462403989854e-9	0.00027161175354239265
-2.0930711623845523e-9	0.00027208480661566333
-2.0922230079711836e-9	0.0002725648426530854
-2.0919798141949553e-9	0.00027304741969348244
-2.0918759884414053e-9	0.00027353195845227217
-2.0918211628084826e-9	0.00027401830265388986
-2.091788611091605e-9	0.0002745063963911941
-2.0917675318088414e-9	0.0002749962174410559
-2.0917527824626527e-9	0.0002754877573066102
-2.0917432747347144e-9	0.00027598101369292246
-2.0917375490814297e-9	0.0002764759870627471
-2.0917357772765044e-9	0.0002769726786468199
-2.0917390560093453e-9	0.00027747108880300114
-2.0917495324901393e-9	0.00027797121495061385
-2.0917718510926608e-9	0.0002784730479148888
-2.0918172793982226e-9	0.0002789765638827171
-2.091915166330116e-9	0.00027948170302362867
-2.092160882383176e-9	0.00027998829799942326
-2.093051934776158e-9	0.0002804957279861248
-2.1019960384949243e-9	0.00028099922877724984
-2.102026645112165e-9	0.00028153533408784394
-2.09304839257074e-9	0.00028204246299913185
-2.092139050346997e-9	0.0002825571416930262
-2.0918779889245175e-9	0.00028307460957758965
-2.091766701312059e-9	0.0002835942464081673
-2.09170783074808e-9	0.0002841158853639466
-2.0916726028885615e-9	0.0002846394672196427
-2.0916493555789284e-9	0.0002851649688579269
-2.091633595052711e-9	0.0002856923818838389
-2.091623143690713e-9	0.00028622170455523845
-2.091616669613883e-9	0.0002867529380912752
-2.0916145408667045e-9	0.00028728608453890993
-2.091617939903312e-9	0.00028782114501180563
-2.0916287580052817e-9	0.00028835811747018235
-2.091652767866048e-9	0.0002888969927953265
-2.09170126348468e-9	0.0002894377461436921
-2.0918058394492347e-9	0.0002899803139740237
-2.0920696941151287e-9	0.00029052451721033
-2.093027013205795e-9	0.00029106968944636423
-2.102638072931651e-9	0.00029161071145884944
-2.102672580583942e-9	0.00029218684573573367
-2.0930233252058895e-9	0.00029273191414569356
-2.092045315127411e-9	0.0002932851707863936
-2.0917646081641817e-9	0.00029384150049180965
-2.0916447141194894e-9	0.0002944002375307081
-2.0915812212918274e-9	0.0002949612034560292
-2.0915430069268217e-9	0.0002955243354589201
-2.091517882069072e-9	0.00029608960954121116
-2.0915006186172927e-9	0.0002966570175357448
-2.091488788702467e-9	0.0002972265584313023
-2.0914818452066886e-9	0.00029779823440854054
-2.0914793718129766e-9	0.0002983720485400955
-2.091482738098005e-9	0.00029894800289964363
-2.091494190037402e-9	0.0002995260961717001
-2.091519781471929e-9	0.0003001063194182264
-2.091571772638856e-9	0.00030068864676477717
-2.0916837207396454e-9	0.000301273010642789
-2.09196810096457e-9	0.0003018592189887379
-2.092999414188279e-9	0.00030244655457129557
-2.1033562226824286e-9	0.0003030295015222205
-2.1033942264270245e-9	0.0003036503721539866
-2.092994234992318e-9	0.0003042378506212743
-2.0919408056097044e-9	0.0003048342398535308
-2.091637849227501e-9	0.00030543402855616605
-2.091508284735033e-9	0.0003060365002982283
-2.091439624318792e-9	0.0003066414637779951
-2.0913981530645833e-9	0.0003072488523204151
-2.0913706082648088e-9	0.00030785864108574535
-2.0913516249831953e-9	0.00030847082230435827
-2.091338850707114e-9	0.0003090853959289032
-2.091330866560437e-9	0.0003097023653588177
-2.0913279691614497e-9	0.0003103217349640525
-2.091331118231343e-9	0.0003109435080420205
-2.091343125987244e-9	0.00031156768423494405
-2.0913703375646796e-9	0.00031219425495820625
-2.0914262505888903e-9	0.0003128231933303219
-2.091547226446e-9	0.00031345442741832356
-2.091854014768524e-9	0.00031408775073308334
-2.0929682307657685e-9	0.00031472238915737877
-2.1041616677486275e-9	0.00031535238178050844
-2.104204447261893e-9	0.0003160234642006089
-2.0929631743049627e-9	0.0003166585542020735
-2.0918233878564064e-9	0.000317303376848477
-2.0914954129536147e-9	0.0003179519764103018
-2.0913550613121947e-9	0.0003186035797242892
-2.0912804980677268e-9	0.0003192579812344779
-2.091235127615887e-9	0.00031991511010291863
-2.09120538112173e-9	0.00032057494072504144
-2.091184217239972e-9	0.0003212374659571733
-2.09117031384487e-9	0.00032190268701809036
-2.0911609208640328e-9	0.0003225706088619675
-2.0911572937376555e-9	0.00032324123750241405
-2.0911605964069047e-9	0.00032391457779980856
-2.0911733843331783e-9	0.0003245906306630783
-2.0912019121743787e-9	0.0003252693880934711
-2.0912627427038812e-9	0.00032595082226684005
-2.0913933486799153e-9	0.0003266348565191689
-2.091725196085026e-9	0.0003273212682951933
-2.092933143860165e-9	0.0003280092195319666
-2.105069679647631e-9	0.00032869224767930383
-2.105118375084203e-9	0.0003294199486483243
-2.0929274473779902e-9	0.00033010873830505584
-2.0916908437196292e-9	0.00033080820067530134
-2.0913346818529634e-9	0.00033151187911394477
-2.091182179986273e-9	0.0003322189367065335
-2.0911007565072026e-9	0.00033292915204536483
-2.0910510512284208e-9	0.0003336424498228799
-2.091017987326804e-9	0.0003343588037985899
-2.0909950198932938e-9	0.00033507820776771
-2.0909793402024145e-9	0.00033580066461007187
-2.090968941181881e-9	0.0003365261812699255
-2.0909649302014444e-9	0.0003372547658539706
-2.090967660373089e-9	0.0003379864252284754
-2.090981150976168e-9	0.0003387211619740584
-2.0910121981576604e-9	0.00033945896899712993
-2.0910773211368918e-9	0.0003401998176482533
-2.091218926131289e-9	0.00034094362615041496
-2.0915801625776e-9	0.00034169015399240305
-2.0928934602593152e-9	0.0003424384908950723
-2.1060988548038395e-9	0.0003431816060714848
-2.1061538380440226e-9	0.00034397347045485744
-2.0928868150138505e-9	0.00034472313183137195
-2.0915405138377532e-9	0.00034548454766158233
-2.0911525177080838e-9	0.0003462506939258901
-2.0909857231687924e-9	0.00034702066174331593
-2.0908965779775636e-9	0.00034779421202624027
-2.090841902790963e-9	0.0003485712646906227
-2.09080586896504e-9	0.00034935179306854706
-2.090780291696959e-9	0.00035013579231653184
-2.090762432960247e-9	0.0003509232674967772
-2.0907505829503846e-9	0.0003517142281163822
-2.090744740995687e-9	0.00035250868496541714
-2.0907483760823633e-9	0.00035330664749235667
-2.090763094475534e-9	0.00035410812049204896
-2.090795599352102e-9	0.0003549130982082936
-2.0908665617824785e-9	0.00035572155136760026
-2.091020410072142e-9	0.0003565333926875917
-2.091414252669566e-9	0.00035734836151909624
-2.0928480741422287e-9	0.0003581654656276782
-2.1072711803404863e-9	0.0003589770270644269
-2.1073341038957416e-9	0.0003598420022521233
-2.092840548734154e-9	0.0003606610437873951
-2.091369343448779e-9	0.00036149309273730016
-2.090944699395525e-9	0.000362330478964847
-2.090762007955771e-9	0.00036317221195070464
-2.0906638067808014e-9	0.0003640180328311115
-2.0906039005674784e-9	0.00036486785645564534
-2.090563361928366e-9	0.0003657216560491534
-2.0905345901045538e-9	0.0003665794287065529
-2.090514583941161e-9	0.0003674411823706016
-2.0905017440842056e-9	0.0003683069298665282
-2.0904948710487317e-9	0.0003691766854428155
-2.090496997725344e-9	0.00037005046190541574
-2.0905122662118193e-9	0.00037092826698041696
-2.090548349242827e-9	0.00037181009685093236
-2.09062511414837e-9	0.00037269592193604637
-2.0907931907343527e-9	0.0003735856490596498
-2.0912243405668553e-9	0.0003744789949146148
-2.0927961516092886e-9	0.00037537487375578066
-2.1086148999538426e-9	0.0003762648662481087
-2.1086872404207924e-9	0.0003772136438701218
-2.092787693308562e-9	0.00037811223678539755
-2.091172637014305e-9	0.0003790252988704796
-2.0907058910279996e-9	0.0003799444198747424
-2.0905049991970518e-9	0.00038086851618117227
-2.090396706089237e-9	0.00038179730674316165
-2.0903297361374307e-9	0.0003827307010954936
-2.0902846565806765e-9	0.0003836686728421051
-2.0902524452193207e-9	0.00038461122180919914
-2.0902298600355972e-9	0.0003855583597591934
-2.0902144687307003e-9	0.0003865101038466381
-2.0902067356720623e-9	0.00038746647282060536
-2.090208788874115e-9	0.00038842748387350935
-2.0902242554576847e-9	0.00038939314863395484
-2.090263074433496e-9	0.0003903634660597426
-2.090346959177092e-9	0.0003913384067562588
-2.090531493448289e-9	0.0003923178712978153
-2.0910062707546476e-9	0.00039330155079758043
-2.0927364407730133e-9	0.00039428825219268
-2.1101648265409167e-9	0.0003952687013435789
-2.110248461817399e-9	0.0003963141639916592
-2.0927265005077357e-9	0.00039730456925863607
-2.090945658755894e-9	0.0003983111625769807
-2.090430436640922e-9	0.0003993246804630781
-2.090207834087865e-9	0.00040034393252609063
-2.090087699957444e-9	0.0004013686127734264
-2.0900131042445037e-9	0.00040239862526419447
-2.0899625873704866e-9	0.00040343394471011767
-2.0899261157669716e-9	0.00040447457476742174
-2.0899000366392253e-9	0.00040552053229813394
-2.0898822501336233e-9	0.00040657184015524783
-2.0898728483764728e-9	0.00040762852299346683
-2.089873982497048e-9	0.00040869060379086265
-2.089890530593275e-9	0.0004097580994142482
-2.089932480314749e-9	0.0004108310127532943
-2.0900242888310938e-9	0.0004119093153562876
-2.0902276908651986e-9	0.00041299290127462047
-2.090751667882529e-9	0.00041408143264729555
-2.0926668539589247e-9	0.0004151735924709028
-2.1119654545431744e-9	0.00041625911404895066
-2.1120635415594616e-9	0.000417416926667259
-2.092655656771303e-9	0.00041851406062476463
-2.0906817493948626e-9	0.0004196294216148603
-2.0901096920378227e-9	0.00042075275555642665
-2.0898621971299214e-9	0.0004218827488452087
-2.089727593107549e-9	0.0004230190673724104
-2.089644138753011e-9	0.0004241616097243341
-2.0895871351345188e-9	0.00042531035280285646
-2.0895455335234737e-9	0.0004264653056390787
-2.089515634756678e-9	0.00042762649195762786
-2.089494596502206e-9	0.0004287939421882486
-2.0894829833251194e-9	0.00042996768881944236
-2.0894834056817137e-9	0.00043114776253653614
-2.0895005655496845e-9	0.0004323341872909441
-2.0895462144954193e-9	0.000433526971544875
-2.089647307673692e-9	0.00043472608893548384
-2.0898722292661545e-9	0.0004359314268780946
-2.0904543800048804e-9	0.0004371426145995367
-2.0925854780307065e-9	0.0004383581909699145
-2.11407408786668e-9	0.0004395667277657124
-2.1141890072184923e-9	0.000440856131472819
-2.092571968265178e-9	0.0004420783256214286
-2.090372092328208e-9	0.0004433211890796795
-2.0897336453939985e-9	0.0004445733087209672
-2.089456292819758e-9	0.00044583322780067256
-2.0893054049231365e-9	0.0004471005804772099
-2.089210836664357e-9	0.00044837526014729757
-2.089145061201503e-9	0.0004496572475236184
-2.089098200597217e-9	0.00045094655920106396
-2.089063704624472e-9	0.00045224322823505896
-2.0890387261218725e-9	0.00045354729524684043
-2.089024241136439e-9	0.0004548588032414478
-2.0890231599457468e-9	0.0004561777932943754
-2.089041148395365e-9	0.0004575042990357435
-2.0890910809201467e-9	0.00045883833684594663
-2.0892025641483513e-9	0.0004601798841919395
-2.0894530309178985e-9	0.00046152882203540167
-2.090103558805012e-9	0.0004628847421302556
-2.0924894916896087e-9	0.0004642460144877462
-2.1165651866050797e-9	0.0004655998398166925
-2.116701335797e-9	0.00046704473386656074
-2.092473586828847e-9	0.0004684147712958805
-2.0900057209560788e-9	0.000469808435252096
-2.089288452528093e-9	0.0004712129447280111
-2.088975992975417e-9	0.0004726266754857982
-2.0888049294565116e-9	0.00047404922585984324
-2.0886972404543514e-9	0.000475480484822735
-2.0886228365490922e-9	0.00047692043933262554
-2.08856752088038e-9	0.00047836911669805695
-2.088526629479004e-9	0.000479826562817649
-2.0884970641565914e-9	0.0004812928322050313
-2.0884792755526683e-9	0.0004827679821775931
-2.0884765484618927e-9	0.0004842520680077967
-2.0884947086907693e-9	0.0004857451367119283
-2.0885490695676802e-9	0.0004872472159922409
-2.0886730982827562e-9	0.0004887582898010084
-2.088953765816415e-9	0.0004902782333553805
-2.0896853786256387e-9	0.0004918065956903225
-2.09237488154046e-9	0.0004933415473547468
-2.1195370026760862e-9	0.0004948686549569288
-2.119700376734812e-9	0.0004964990966727906
-2.0923558126773046e-9	0.0004980456501793574
-2.0895683635502315e-9	0.0004996194548077465
-2.0887563169535996e-9	0.0005012060996171775
-2.0883997961296255e-9	0.000502803762836685
-2.0882059737492576e-9	0.0005044120024291384
-2.088082158430149e-9	0.0005060307045290515
-2.0879956966646242e-9	0.0005076598660349348
-2.087931114147512e-9	0.0005092995295844085
-2.087882749818304e-9	0.0005109497589992192
-2.0878472539342943e-9	0.0005126106280259024
-2.087824877833322e-9	0.00051428221376979
-2.0878195624740584e-9	0.0005159645912059086
-2.087838090930605e-9	0.0005176578261308297
-2.087897254693383e-9	0.0005193619625973206
-2.088035756525608e-9	0.0005210769951331934
-2.0883523683790095e-9	0.0005228027948379107
-2.0891818383383943e-9	0.0005245388620802655
-2.0922367456988056e-9	0.000526283129678414
-2.123120867825179e-9	0.0005280191954299437
-2.1233200284798137e-9	0.0005298735193689982
-2.092213772292295e-9	0.000531633185366044
-2.089039720132302e-9	0.0005334246066880367
-2.088112881554194e-9	0.0005352314091439422
-2.0877060666280037e-9	0.0005370515360120059
-2.0874809892934554e-9	0.0005388845000293558
-2.0873371679830387e-9	0.000540730187444858
-2.0872358237777888e-9	0.0005425886107919972
-2.0871593255145095e-9	0.0005444598349266778
-2.0871014843881765e-9	0.0005463439491053247
-2.087058052518964e-9	0.0005482410541755101
-2.0870295641628457e-9	0.0005501512551004969
-2.087020654034655e-9	0.0005520746546932139
-2.087038853271217e-9	0.0005540113455510309
-2.0871040129155637e-9	0.0005559613956530215
-2.087259687394427e-9	0.0005579248164925172
-2.0876196246744082e-9	0.0005599014782822961
-2.088567255853491e-9	0.0005618908261754204
-2.092068299358596e-9	0.0005638905068595906
-2.127500332882448e-9	0.000565881716832637
-2.127744254121211e-9	0.0005680095933209224
-2.092039793755163e-9	0.0005700298307198312
-2.0883924406300827e-9	0.0005720875093115666
-2.0873247749242373e-9	0.0005741638611875137
-2.086853845301162e-9	0.0005762565476194641
-2.086591772371138e-9	0.0005783650312646914
-2.086422926522724e-9	0.0005804892038364401
-2.08630265443599e-9	0.0005826291024208174
-2.086211386215231e-9	0.0005847848246093237
-2.086140615281673e-9	0.0005869564964632179
-2.0860869632544076e-9	0.000589144257811769
-2.0860498751107403e-9	0.0005913482536650024
-2.086035954473875e-9	0.0005935686269970963
-2.0860531801669692e-9	0.000595805509424524
-2.086124485262131e-9	0.000598059004534827
-2.0863007944071924e-9	0.0006003291509589739
-2.0867135189894803e-9	0.0006026158240808326
-2.087806912082213e-9	0.000604918407046674
-2.091859599345769e-9	0.0006072341984718288
-2.1329257412383564e-9	0.000609541424891733
-2.1332302833299013e-9	0.0006120083822440687
-2.0918240596912166e-9	0.0006143518634441306
-2.0875886976745585e-9	0.0006167400941930403
-2.0863451825059445e-9	0.0006191513472537607
-2.0857940089713533e-9	0.000621582942116434
-2.0854847799567367e-9	0.000624034287339022
-2.085283659003512e-9	0.0006265052896009634
-2.0851389933018717e-9	0.0006289960248362388
-2.0850273502404095e-9	0.0006315066398561982
-2.0849403280731593e-9	0.0006340373152166519
-2.0848726931976816e-9	0.0006365882481779823
-2.084824727960344e-9	0.000639159642738432
-2.0848030731046573e-9	0.0006417517012333349
-2.0848178377053105e-9	0.0006443646134480396
-2.084896002174652e-9	0.0006469985370929374
-2.085097122611623e-9	0.0006496535545108625
-2.0855750151260735e-9	0.0006523295573863024
-2.0868510993199418e-9	0.0006550258607825007
-2.0915969804080613e-9	0.0006577393349817136
-2.1397601660089195e-9	0.0006604444738311183
-2.1401470380322254e-9	0.000663338771676012
-2.091551778116152e-9	0.0006660900056284458
-2.0865735095687567e-9	0.000668895582153178
-2.085106806848369e-9	0.0006717300567109438
-2.084452752437738e-9	0.0006745903303869991
-2.084082676090393e-9	0.0006774757562429981
-2.0838394456379474e-9	0.0006803862728750549
-2.0836623901010487e-9	0.0006833220186142009
-2.0835238493166486e-9	0.0006862832161340731
-2.0834144211390184e-9	0.0006892701289053628
-2.0833273674858434e-9	0.0006922830412142922
-2.0832637472323336e-9	0.0006953222464633064
-2.0832307129348138e-9	0.0006983880372768621
-2.083240936290309e-9	0.0007014806926219907
-2.0833265683195548e-9	0.0007046004546369889
-2.083557379706225e-9	0.0007077474771769875
-2.0841174858010627e-9	0.0007109216886948038
-2.0856259085322294e-9	0.0007141223330857986
-2.091260093833869e-9	0.0007173457470465328
-2.1485374114837974e-9	0.0007205616449285682
-2.149040564036753e-9	0.0007240050589189825
-2.0912012732188237e-9	0.0007272808013225772
-2.0852656411496365e-9	0.0007306237926008081
-2.083509234807046e-9	0.0007340038318340433
-2.082720816937167e-9	0.0007374173028229444
-2.0822701182310335e-9	0.0007408635082901716
-2.0819702990337865e-9	0.0007443424494833744
-2.0817492247471316e-9	0.0007478543672423498
-2.081574079554338e-9	0.000751399604765341
-2.081432969053276e-9	0.0007549785558429843
-2.081318880658989e-9	0.0007585916411155164
-2.0812321652352583e-9	0.0007622392941610478
-2.0811826365707555e-9	0.0007659219496834039
-2.0811844672508072e-9	0.0007696400280520912
-2.081276680898636e-9	0.0007733939073734156
-2.081544398097046e-9	0.0007771838613375717
-2.082209319925754e-9	0.0007810098934345422
-2.084020042875112e-9	0.0007848711815940671
-2.090817931371669e-9	0.0007887633894815543
-2.160070635448541e-9	0.0007926499762021493
-2.1607399444900644e-9	0.0007968153604499394
-2.0907397168368206e-9	0.00080078160114787
-2.0835404800634283e-9	0.0008048329724259295
-2.081399989534161e-9	0.0008089330544557177
-2.0804306725019652e-9	0.0008130775860494149
-2.079870245352833e-9	0.0008172658400655669
-2.0794922879541213e-9	0.0008214979377108902
-2.0792094043375897e-9	0.0008257742935075817
-2.078981872033481e-9	0.0008300954493866726
-2.0787954446543913e-9	0.0008344620121615543
-2.0786412595563686e-9	0.0008388746248799779
-2.078520224046976e-9	0.0008433339500368768
-2.0784443200472237e-9	0.0008478406552606347
-2.0784311783483835e-9	0.0008523953944409341
-2.078528650412137e-9	0.0008569987734409502
-2.0788418868822324e-9	0.0008616512735566907
-2.079643774255402e-9	0.0008663530470572495
-2.0818576625725172e-9	0.0008711032318655174
-2.090221572587092e-9	0.0008758966329617677
-2.1756465543809613e-9	0.0008806883067949351
-2.1765646354143797e-9	0.0008858294787645427
-2.0901144862306433e-9	0.0008907304189837607
-2.0811998743652805e-9	0.0008957421622306477
-2.0785334390038825e-9	0.0009008199464025562
-2.0773136905294368e-9	0.0009059587026586704
-2.076598704187083e-9	0.0009111577299962608
-2.076108797516296e-9	0.0009164173808259079
-2.075735854967231e-9	0.000921738376166726
-2.0754307487214075e-9	0.0009271216010944294
-2.075176160254433e-9	0.0009325680277753055
-2.0749608798886766e-9	0.0009380786802933662
-2.0747864529935267e-9	0.0009436546140664757
-2.074667544799125e-9	0.0009492968982174168
-2.0746270443405822e-9	0.0009550065920963337
-2.0747252399477836e-9	0.0009607847022625981
-2.0750945872116677e-9	0.0009666320859859403
-2.0760802058095163e-9	0.0009725491928775452
-2.0788487637868336e-9	0.0009785351980383511
-2.089390341419861e-9	0.0009845838029365602
-2.1974016497949833e-9	0.0009906384158435942
-2.1987089571462447e-9	0.00099714377035434
-2.0892377650461037e-9	0.0010033539631040264
-2.077911887726769e-9	0.0010097134715691897
-2.074498929333091e-9	0.0010161659929913214
-2.072917997097967e-9	0.0010227054545038845
-2.071975979434093e-9	0.001029331322041619
-2.0713182391218777e-9	0.00103604440728757
-2.070807729287472e-9	0.0010428460017113466
-2.0703824478829346e-9	0.0010497376182611402
-2.0700195419109947e-9	0.001056720894481647
-2.0697062859675877e-9	0.0010637975484899351
-2.069444149888078e-9	0.0010709693533408435
-2.069252287173473e-9	0.0010782381149782958
-2.0691606332556845e-9	0.00108560564243365
-2.069247522162865e-9	0.0010930736924622101
-2.069685562205992e-9	0.0011006438443298204
-2.070924822628051e-9	0.001108317163220975
-2.0744855881438265e-9	0.001116093069007059
-2.0881820420148855e-9	0.0011239638530835389
-2.2290956279258366e-9	0.0011318561390560318
-2.2310469612651928e-9	0.001140351278944503
-2.0879543486507226e-9	0.0011484758078326958
-2.0730870128882194e-9	0.0011568107287340179
-2.0685636267558927e-9	0.0011652831632996152
-2.0664351191912456e-9	0.0011738858400469649
-2.0651407042493463e-9	0.001182618747089109
-2.064216375219363e-9	0.0011914836583887707
-2.06348296728498e-9	0.0012004830043085537
-2.06285849287946e-9	0.001209619535650934
-2.0623146720633036e-9	0.0012188961985090388
-2.0618332199739963e-9	0.0012283160781223592
-2.061417323073744e-9	0.0012378823666670117
-2.0610930664910488e-9	0.0012475983354884904
-2.0609010662919758e-9	0.001257467296627502
-2.060946802245889e-9	0.0012674925295247906
-2.061465392921846e-9	0.0012776771126999519
-2.063066319496487e-9	0.001288023467810257
-2.0678148193287174e-9	0.0012985318222909891
-2.0863291986750187e-9	0.0013091927487951613
-2.2778512512644514e-9	0.0013199074811544571
-2.2809500920706327e-9	0.0013314683901898448
-2.085967618054019e-9	0.0013425519330502243
-2.0655934209024007e-9	0.001353950007852522
-2.0593152223247205e-9	0.0013655648026075528
-2.0562995497241943e-9	0.0013773878297879082
-2.0544180788450997e-9	0.0013894205481290935
-2.053037393839885e-9	0.0014016669182098142
-2.0519125771056856e-9	0.001414131869405883
-2.0509316543015912e-9	0.0014268208467546272
-2.050056195607164e-9	0.0014397396448424585
-2.0492614907274833e-9	0.0014528943356954822
-2.048552525041325e-9	0.0014662912292108254
-2.0479665055417317e-9	0.0014799368393199083
-2.047561363338613e-9	0.001493837834601915
-2.047488980361223e-9	0.0015080009388763415
-2.0480846007586707e-9	0.0015224326952111061
-2.050223075056312e-9	0.001537138816120878
-2.0568678671339937e-9	0.0015521219769153707
-2.0832758893363223e-9	0.0015673710796044436
-2.3585371212719866e-9	0.0015827464889821502
-2.363891983225841e-9	0.0015993919263688758
-2.0826509054383547e-9	0.0016154046899506153
-2.0530277314634305e-9	0.001631927917896211
-2.0437362452607744e-9	0.0016488240923593232
-2.0391471269309847e-9	0.0016660844451349144
-2.036186234333215e-9	0.001683714725816905
-2.033938029633031e-9	0.0017017244984070708
-2.032047685573968e-9	0.0017201249481932999
-2.030352659987411e-9	0.0017389282441581558
-2.0287974836108446e-9	0.0017581473155118595
-2.0273465182685247e-9	0.0017777957644006484
-2.0260079675482602e-9	0.0017978878260830786
-2.0248393168054157e-9	0.0018184383374106518
-2.0239300181024156e-9	0.0018394626815624229
-2.0235142434377184e-9	0.0018609766557865339
-2.02411124630153e-9	0.0018829961272775937
-2.0270781506015467e-9	0.0019055360442870985
-2.0370229743993384e-9	0.0019286070165099936
-2.0777071189026496e-9	0.0019521985681090937
-2.5066072578905365e-9	0.0019760997718370893
-2.5170659230910886e-9	0.002002105584989897
-2.0764860227395765e-9	0.0020272517996181515
-2.0295174768092395e-9	0.0020533330749011175
-2.014391152022066e-9	0.0020801443071863587
-2.006615279986912e-9	0.0021076821194074146
-2.001363282722046e-9	0.0021359665540463097
-1.997194402419966e-9	0.0021650244165422527
-1.99354901643245e-9	0.002194885915755451
-1.9901685712364613e-9	0.0022255837400587545
-1.9869651203707763e-9	0.002257152786702462
-1.983881062500581e-9	0.0022896301105788477
-1.9809311999130497e-9	0.0023230549537746024
-1.9782132423706855e-9	0.0023574687938190965
-1.9758816770021337e-9	0.0023929153574279148
-1.9743420110240886e-9	0.002429440507473789
-1.9745014730343515e-9	0.0024670917653184287
-1.978743104946723e-9	0.0025059167005919507
-1.9951887319347162e-9	0.002545957014355717
-2.065854097127451e-9	0.002587218937398267
-2.8249015065817675e-9	0.002629354287585673
-2.8496939199706975e-9	0.002675584112430225
-2.0629583078912716e-9	0.0027206715137273944
-1.9773707050696477e-9	0.0027678411452502806
-1.9485804020447086e-9	0.002816767310828999
-1.9328238507754226e-9	0.0028674862324620156
-1.9214457774585637e-9	0.002920079790382634
-1.911848270391703e-9	0.002974646371106075
-1.903009806059064e-9	0.0030312953955353404
-1.8944494012962388e-9	0.0030901462380559155
-1.8859961560369067e-9	0.003151328378159146
-1.8775329402531682e-9	0.003214982022927758
-1.8690797994436183e-9	0.003281258963587428
-1.8608250879181832e-9	0.0033503235638400186
-1.8530835061814079e-9	0.0034223537871072964
-1.8467055762361186e-9	0.0034975420799215314
-1.843643162052766e-9	0.003576095602760058
-1.8491078070392853e-9	0.003658234110164441
-1.8810366459176553e-9	0.0037441783693255774
-2.032927409323371e-9	0.0038340855156595833
-3.7256692212661594e-9	0.003927332474140879
-3.809358061979129e-9	0.004031352552126195
-2.0231388458025193e-9	0.004134571507306076
-1.8206387658203928e-9	0.00424447657955357
-1.7464340715644956e-9	0.00436060524305523
-1.700970786289169e-9	0.004483345732932654
-1.6643374219860176e-9	0.0046132331194835095
-1.630408932734584e-9	0.004750891206283743
-1.5966339385886653e-9	0.004897029111871931
-1.5616647875305036e-9	0.005052449521873444
-1.5248646036636339e-9	0.005218061935341684
-1.4856687400199854e-9	0.00539489972947316
-1.4438358124480024e-9	0.005584141190833699
-1.3995821863899138e-9	0.005787135142845313
-1.353523088787334e-9	0.00600543202754797
-1.3080483641236819e-9	0.006240821283012718
-1.2695122070693899e-9	0.006495375057202027
-1.256419715361945e-9	0.006771494247492333
-1.3357778161138258e-9	0.00707193216311819
-1.868139896749055e-9	0.007399626115892324
-8.463987869333778e-9	0.007754934197348858
-9.134127395538095e-9	0.008171210228456176
-1.789165205656751e-9	0.008606677448387097
-8.410217605392401e-10	0.009096961169111711
-3.956439738106443e-10	0.009647561240603569
-3.50123005199432e-11	0.01026952067270026
3.354285971091109e-10	0.01097741211725326
7.574214272387802e-10	0.011790248319809501
1.264556792685001e-9	0.012733168960240801
1.895915515970348e-9	0.013840074610575306
2.7034619712873465e-9	0.015157784590960156
3.766471255850501e-9	0.016752826151562813
5.208815612323115e-9	0.01872301475289942
7.234201447209321e-9	0.02121828936443176
1.0203826165078311e-8	0.024480752331440564
1.478777687023425e-8	0.02892830188636279
2.232738616662622e-8	0.03534945913960712
3.563773385312219e-8	0.04543074067317724
5.927184003434727e-8	0.06354021885065879
4.418140489516054e-8	0.10552459983756672
-1.0710927665285132e-5	0.30382957111136233
-1.0710927665285132e-5	-0.30382957111136233
4.418140489516054e-8	-0.10552459983756672
5.927184003434727e-8	-0.06354021885065879
3.563773385312219e-8	-0.04543074067317724
2.232738616662622e-8	-0.03534945913960712
1.478777687023425e-8	-0.02892830188636279
1.0203826165078311e-8	-0.024480752331440564
7.234201447209321e-9	-0.02121828936443176
5.208815612323115e-9	-0.01872301475289942
3.766471255850501e-9	-0.016752826151562813
2.7034619712873465e-9	-0.015157784590960156
1.895915515970348e-9	-0.013840074610575306
1.264556792685001e-9	-0.012733168960240801
7.574214272387802e-10	-0.011790248319809501
3.354285971091109e-10	-0.01097741211725326
-3.50123005199432e-11	-0.01026952067270026
-3.956439738106443e-10	-0.009647561240603569
-8.410217605392401e-10	-0.009096961169111711
-1.789165205656751e-9	-0.008606677448387097
-9.134127395538095e-9	-0.008171210228456176
-8.463987869333778e-9	-0.007754934197348858
-1.868139896749055e-9	-0.007399626115892324
-1.3357778161138258e-9	-0.00707193216311819
-1.256419715361945e-9	-0.006771494247492333
-1.2695122070693899e-9	-0.006495375057202027
-1.3080483641236819e-9	-0.006240821283012718
-1.353523088787334e-9	-0.00600543202754797
-1.3995821863899138e-9	-0.005787135142845313
-1.4438358124480024e-9	-0.005584141190833699
-1.4856687400199854e-9	-0.00539489972947316
-1.5248646036636339e-9	-0.005218061935341684
-1.5616647875305036e-9	-0.005052449521873444
-1.5966339385886653e-9	-0.004897029111871931
-1.630408932734584e-9	-0.004750891206283743
-1.6643374219860176e-9	-0.0046132331194835095
-1.700970786289169e-9	-0.004483345732932654
-1.7464340715644956e-9	-0.00436060524305523
-1.8206387658203928e-9	-0.00424447657955357
-2.0231388458025193e-9	-0.004134571507306076
-3.809358061979129e-9	-0.004031352552126195
-3.7256692212661594e-9	-0.003927332474140879
-2.032927409323371e-9	-0.0038340855156595833
-1.8810366459176553e-9	-0.0037441783693255774
-1.8491078070392853e-9	-0.003658234110164441
-1.843643162052766e-9	-0.003576095602760058
-1.8467055762361186e-9	-0.0034975420799215314
-1.8530835061814079e-9	-0.0034223537871072964
-1.8608250879181832e-9	-0.0033503235638400186
-1.8690797994436183e-9	-0.003281258963587428
-1.8775329402531682e-9	-0.003214982022927758
-1.8859961560369067e-9	-0.003151328378159146
-1.8944494012962388e-9	-0.0030901462380559155
-1.903009806059064e-9	-0.0030312953955353404
-1.911848270391703e-9	-0.002974646371106075
-1.9214457774585637e-9	-0.002920079790382634
-1.9328238507754226e-9	-0.0028674862324620156
-1.9485804020447086e-9	-0.002816767310828999
-1.9773707050696477e-9	-0.0027678411452502806
-2.0629583078912716e-9	-0.0027206715137273944
-2.8496939199706975e-9	-0.002675584112430225
-2.8249015065817675e-9	-0.002629354287585673
-2.065854097127451e-9	-0.002587218937398267
-1.9951887319347162e-9	-0.002545957014355717
-1.978743104946723e-9	-0.0025059167005919507
-1.9745014730343515e-9	-0.0024670917653184287
-1.9743420110240886e-9	-0.002429440507473789
-1.9758816770021337e-9	-0.0023929153574279148
-1.9782132423706855e-9	-0.0023574687938190965
-1.9809311999130497e-9	-0.0023230549537746024
-1.983881062500581e-9	-0.0022896301105788477
-1.9869651203707763e-9	-0.002257152786702462
-1.9901685712364613e-9	-0.0022255837400587545
-1.99354901643245e-9	-0.002194885915755451
-1.997194402419966e-9	-0.0021650244165422527
-2.001363282722046e-9	-0.0021359665540463097
-2.006615279986912e-9	-0.0021076821194074146
-2.014391152022066e-9	-0.0020801443071863587
-2.0295174768092395e-9	-0.0020533330749011175
-2.0764860227395765e-9	-0.0020272517996181515
-2.5170659230910886e-9	-0.002002105584989897
-2.5066072578905365e-9	-0.0019760997718370893
-2.0777071189026496e-9	-0.0019521985681090937
-2.0370229743993384e-9	-0.0019286070165099936
-2.0270781506015467e-9	-0.0019055360442870985
-2.02411124630153e-9	-0.0018829961272775937
-2.0235142434377184e-9	-0.0018609766557865339
-2.0239300181024156e-9	-0.0018394626815624229
-2.0248393168054157e-9	-0.0018184383374106518
-2.0260079675482602e-9	-0.0017978878260830786
-2.0273465182685247e-9	-0.0017777957644006484
-2.0287974836108446e-9	-0.0017581473155118595
-2.030352659987411e-9	-0.0017389282441581558
-2.032047685573968e-9	-0.0017201249481932999
-2.033938029633031e-9	-0.0017017244984070708
-2.036186234333215e-9	-0.001683714725816905
-2.0391471269309847e-9	-0.0016660844451349144
-2.0437362452607744e-9	-0.0016488240923593232
-2.0530277314634305e-9	-0.001631927917896211
-2.0826509054383547e-9	-0.0016154046899506153
-2.363891983225841e-9	-0.0015993919263688758
-2.3585371212719866e-9	-0.0015827464889821502
-2.0832758893363223e-9	-0.0015673710796044436
-2.0568678671339937e-9	-0.0015521219769153707
-2.050223075056312e-9	-0.001537138816120878
-2.0480846007586707e-9	-0.0015224326952111061
-2.047488980361223e-9	-0.0015080009388763415
-2.047561363338613e-9	-0.001493837834601915
-2.0479665055417317e-9	-0.0014799368393199083
-2.048552525041325e-9	-0.0014662912292108254
-2.0492614907274833e-9	-0.0014528943356954822
-2.050056195607164e-9	-0.0014397396448424585
-2.0509316543015912e-9	-0.0014268208467546272
-2.0519125771056856e-9	-0.001414131869405883
-2.053037393839885e-9	-0.0014016669182098142
-2.0544180788450997e-9	-0.0013894205481290935
-2.0562995497241943e-9	-0.0013773878297879082
-2.0593152223247205e-9	-0.0013655648026075528
-2.0655934209024007e-9	-0.001353950007852522
-2.085967618054019e-9	-0.0013425519330502243
-2.2809500920706327e-9	-0.0013314683901898448
-2.2778512512644514e-9	-0.0013199074811544571
-2.0863291986750187e-9	-0.0013091927487951613
-2.0678148193287174e-9	-0.0012985318222909891
-2.063066319496487e-9	-0.001288023467810257
-2.061465392921846e-9	-0.0012776771126999519
-2.060946802245889e-9	-0.0012674925295247906
-2.0609010662919758e-9	-0.001257467296627502
-2.0610930664910488e-9	-0.0012475983354884904
-2.061417323073744e-9	-0.0012378823666670117
-2.0618332199739963e-9	-0.0012283160781223592
-2.0623146720633036e-9	-0.0012188961985090388
-2.06285849287946e-9	-0.001209619535650934
-2.06348296728498e-9	-0.0012004830043085537
-2.064216375219363e-9	-0.0011914836583887707
-2.0651407042493463e-9	-0.001182618747089109
-2.0664351191912456e-9	-0.0011738858400469649
-2.0685636267558927e-9	-0.0011652831632996152
-2.0730870128882194e-9	-0.0011568107287340179
-2.0879543486507226e-9	-0.0011484758078326958
-2.2310469612651928e-9	-0.001140351278944503
-2.2290956279258366e-9	-0.0011318561390560318
-2.0881820420148855e-9	-0.0011239638530835389
-2.0744855881438265e-9	-0.001116093069007059
-2.070924822628051e-9	-0.001108317163220975
-2.069685562205992e-9	-0.0011006438443298204
-2.069247522162865e-9	-0.0010930736924622101
-2.0691606332556845e-9	-0.00108560564243365
-2.069252287173473e-9	-0.0010782381149782958
-2.069444149888078e-9	-0.0010709693533408435
-2.0697062859675877e-9	-0.0010637975484899351
-2.0700195419109947e-9	-0.001056720894481647
-2.0703824478829346e-9	-0.0010497376182611402
-2.070807729287472e-9	-0.0010428460017113466
-2.0713182391218777e-9	-0.00103604440728757
-2.071975979434093e-9	-0.001029331322041619
-2.072917997097967e-9	-0.0010227054545038845
-2.074498929333091e-9	-0.0010161659929913214
-2.077911887726769e-9	-0.0010097134715691897
-2.0892377650461037e-9	-0.0010033539631040264
-2.1987089571462447e-9	-0.00099714377035434
-2.1974016497949833e-9	-0.0009906384158435942
-2.089390341419861e-9	-0.0009845838029365602
-2.0788487637868336e-9	-0.0009785351980383511
-2.0760802058095163e-9	-0.0009725491928775452
-2.0750945872116677e-9	-0.0009666320859859403
-2.0747252399477836e-9	-0.0009607847022625981
-2.0746270443405822e-9	-0.0009550065920963337
-2.074667544799125e-9	-0.0009492968982174168
-2.0747864529935267e-9	-0.0009436546140664757
-2.0749608798886766e-9	-0.0009380786802933662
-2.075176160254433e-9	-0.0009325680277753055
-2.0754307487214075e-9	-0.0009271216010944294
-2.075735854967231e-9	-0.000921738376166726
-2.076108797516296e-9	-0.0009164173808259079
-2.076598704187083e-9	-0.0009111577299962608
-2.0773136905294368e-9	-0.0009059587026586704
-2.0785334390038825e-9	-0.0009008199464025562
-2.0811998743652805e-9	-0.0008957421622306477
-2.0901144862306433e-9	-0.0008907304189837607
-2.1765646354143797e-9	-0.0008858294787645427
-2.1756465543809613e-9	-0.0008806883067949351
-2.090221572587092e-9	-0.0008758966329617677
-2.0818576625725172e-9	-0.0008711032318655174
-2.079643774255402e-9	-0.0008663530470572495
-2.0788418868822324e-9	-0.0008616512735566907
-2.078528650412137e-9	-0.0008569987734409502
-2.0784311783483835e-9	-0.0008523953944409341
-2.0784443200472237e-9	-0.0008478406552606347
-2.078520224046976e-9	-0.0008433339500368768
-2.0786412595563686e-9	-0.0008388746248799779
-2.0787954446543913e-9	-0.0008344620121615543
-2.078981872033481e-9	-0.0008300954493866726
-2.0792094043375897e-9	-0.0008257742935075817
-2.0794922879541213e-9	-0.0008214979377108902
-2.079870245352833e-9	-0.0008172658400655669
-2.0804306725019652e-9	-0.0008130775860494149
-2.081399989534161e-9	-0.0008089330544557177
-2.0835404800634283e-9	-0.0008048329724259295
-2.0907397168368206e-9	-0.00080078160114787
-2.1607399444900644e-9	-0.0007968153604499394
-2.160070635448541e-9	-0.0007926499762021493
-2.090817931371669e-9	-0.0007887633894815543
-2.084020042875112e-9	-0.0007848711815940671
-2.082209319925754e-9	-0.0007810098934345422
-2.081544398097046e-9	-0.0007771838613375717
-2.081276680898636e-9	-0.0007733939073734156
-2.0811844672508072e-9	-0.0007696400280520912
-2.0811826365707555e-9	-0.0007659219496834039
-2.0812321652352583e-9	-0.0007622392941610478
-2.081318880658989e-9	-0.0007585916411155164
-2.081432969053276e-9	-0.0007549785558429843
-2.081574079554338e-9	-0.000751399604765341
-2.0817492247471316e-9	-0.0007478543672423498
-2.0819702990337865e-9	-0.0007443424494833744
-2.0822701182310335e-9	-0.0007408635082901716
-2.082720816937167e-9	-0.0007374173028229444
-2.083509234807046e-9	-0.0007340038318340433
-2.0852656411496365e-9	-0.0007306237926008081
-2.0912012732188237e-9	-0.0007272808013225772
-2.149040564036753e-9	-0.0007240050589189825
-2.1485374114837974e-9	-0.0007205616449285682
-2.091260093833869e-9	-0.0007173457470465328
-2.0856259085322294e-9	-0.0007141223330857986
-2.0841174858010627e-9	-0.0007109216886948038
-2.083557379706225e-9	-0.0007077474771769875
-2.0833265683195548e-9	-0.0007046004546369889
-2.083240936290309e-9	-0.0007014806926219907
-2.0832307129348138e-9	-0.0006983880372768621
-2.0832637472323336e-9	-0.0006953222464633064
-2.0833273674858434e-9	-0.0006922830412142922
-2.0834144211390184e-9	-0.0006892701289053628
-2.0835238493166486e-9	-0.0006862832161340731
-2.0836623901010487e-9	-0.0006833220186142009
-2.0838394456379474e-9	-0.0006803862728750549
-2.084082676090393e-9	-0.0006774757562429981
-2.084452752437738e-9	-0.0006745903303869991
-2.085106806848369e-9	-0.0006717300567109438
-2.0865735095687567e-9	-0.000668895582153178
-2.091551778116152e-9	-0.0006660900056284458
-2.1401470380322254e-9	-0.000663338771676012
-2.1397601660089195e-9	-0.0006604444738311183
-2.0915969804080613e-9	-0.0006577393349817136
-2.0868510993199418e-9	-0.0006550258607825007
-2.0855750151260735e-9	-0.0006523295573863024
-2.085097122611623e-9	-0.0006496535545108625
-2.084896002174652e-9	-0.0006469985370929374
-2.0848178377053105e-9	-0.0006443646134480396
-2.0848030731046573e-9	-0.0006417517012333349
-2.084824727960344e-9	-0.000639159642738432
-2.0848726931976816e-9	-0.0006365882481779823
-2.0849403280731593e-9	-0.0006340373152166519
-2.0850273502404095e-9	-0.0006315066398561982
-2.0851389933018717e-9	-0.0006289960248362388
-2.085283659003512e-9	-0.0006265052896009634
-2.0854847799567367e-9	-0.000624034287339022
-2.0857940089713533e-9	-0.000621582942116434
-2.0863451825059445e-9	-0.0006191513472537607
-2.0875886976745585e-9	-0.0006167400941930403
-2.0918240596912166e-9	-0.0006143518634441306
-2.1332302833299013e-9	-0.0006120083822440687
-2.1329257412383564e-9	-0.000609541424891733
-2.091859599345769e-9	-0.0006072341984718288
-2.087806912082213e-9	-0.000604918407046674
-2.0867135189894803e-9	-0.0006026158240808326
-2.0863007944071924e-9	-0.0006003291509589739
-2.086124485262131e-9	-0.000598059004534827
-2.0860531801669692e-9	-0.000595805509424524
-2.086035954473875e-9	-0.0005935686269970963
-2.0860498751107403e-9	-0.0005913482536650024
-2.0860869632544076e-9	-0.000589144257811769
-2.086140615281673e-9	-0.0005869564964632179
-2.086211386215231e-9	-0.0005847848246093237
-2.08630265443599e-9	-0.0005826291024208174
-2.086422926522724e-9	-0.0005804892038364401
-2.086591772371138e-9	-0.0005783650312646914
-2.086853845301162e-9	-0.0005762565476194641
-2.0873247749242373e-9	-0.0005741638611875137
-2.0883924406300827e-9	-0.0005720875093115666
-2.092039793755163e-9	-0.0005700298307198312
-2.127744254121211e-9	-0.0005680095933209224
-2.127500332882448e-9	-0.000565881716832637
-2.092068299358596e-9	-0.0005638905068595906
-2.088567255853491e-9	-0.0005618908261754204
-2.0876196246744082e-9	-0.0005599014782822961
-2.087259687394427e-9	-0.0005579248164925172
-2.0871040129155637e-9	-0.0005559613956530215
-2.087038853271217e-9	-0.0005540113455510309
-2.087020654034655e-9	-0.0005520746546932139
-2.0870295641628457e-9	-0.0005501512551004969
-2.087058052518964e-9	-0.0005482410541755101
-2.0871014843881765e-9	-0.0005463439491053247
-2.0871593255145095e-9	-0.0005444598349266778
-2.0872358237777888e-9	-0.0005425886107919972
-2.0873371679830387e-9	-0.000540730187444858
-2.0874809892934554e-9	-0.0005388845000293558
-2.0877060666280037e-9	-0.0005370515360120059
-2.088112881554194e-9	-0.0005352314091439422
-2.089039720132302e-9	-0.0005334246066880367
-2.092213772292295e-9	-0.000531633185366044
-2.1233200284798137e-9	-0.0005298735193689982
-2.123120867825179e-9	-0.0005280191954299437
-2.0922367456988056e-9	-0.000526283129678414
-2.0891818383383943e-9	-0.0005245388620802655
-2.0883523683790095e-9	-0.0005228027948379107
-2.088035756525608e-9	-0.0005210769951331934
-2.087897254693383e-9	-0.0005193619625973206
-2.087838090930605e-9	-0.0005176578261308297
-2.0878195624740584e-9	-0.0005159645912059086
-2.087824877833322e-9	-0.00051428221376979
-2.0878472539342943e-9	-0.0005126106280259024
-2.087882749818304e-9	-0.0005109497589992192
-2.087931114147512e-9	-0.0005092995295844085
-2.0879956966646242e-9	-0.0005076598660349348
-2.088082158430149e-9	-0.0005060307045290515
-2.0882059737492576e-9	-0.0005044120024291384
-2.0883997961296255e-9	-0.000502803762836685
-2.0887563169535996e-9	-0.0005012060996171775
-2.0895683635502315e-9	-0.0004996194548077465
-2.0923558126773046e-9	-0.0004980456501793574
-2.119700376734812e-9	-0.0004964990966727906
-2.1195370026760862e-9	-0.0004948686549569288
-2.09237488154046e-9	-0.0004933415473547468
-2.0896853786256387e-9	-0.0004918065956903225
-2.088953765816415e-9	-0.0004902782333553805
-2.0886730982827562e-9	-0.0004887582898010084
-2.0885490695676802e-9	-0.0004872472159922409
-2.0884947086907693e-9	-0.0004857451367119283
-2.0884765484618927e-9	-0.0004842520680077967
-2.0884792755526683e-9	-0.0004827679821775931
-2.0884970641565914e-9	-0.0004812928322050313
-2.088526629479004e-9	-0.000479826562817649
-2.08856752088038e-9	-0.00047836911669805695
-2.0886228365490922e-9	-0.00047692043933262554
-2.0886972404543514e-9	-0.000475480484822735
-2.0888049294565116e-9	-0.00047404922585984324
-2.088975992975417e-9	-0.0004726266754857982
-2.089288452528093e-9	-0.0004712129447280111
-2.0900057209560788e-9	-0.000469808435252096
-2.092473586828847e-9	-0.0004684147712958805
-2.116701335797e-9	-0.00046704473386656074
-2.1165651866050797e-9	-0.0004655998398166925
-2.0924894916896087e-9	-0.0004642460144877462
-2.090103558805012e-9	-0.0004628847421302556
-2.0894530309178985e-9	-0.00046152882203540167
-2.0892025641483513e-9	-0.0004601798841919395
-2.0890910809201467e-9	-0.00045883833684594663
-2.089041148395365e-9	-0.0004575042990357435
-2.0890231599457468e-9	-0.0004561777932943754
-2.089024241136439e-9	-0.0004548588032414478
-2.0890387261218725e-9	-0.00045354729524684043
-2.089063704624472e-9	-0.00045224322823505896
-2.089098200597217e-9	-0.00045094655920106396
-2.089145061201503e-9	-0.0004496572475236184
-2.089210836664357e-9	-0.00044837526014729757
-2.0893054049231365e-9	-0.0004471005804772099
-2.089456292819758e-9	-0.00044583322780067256
-2.0897336453939985e-9	-0.0004445733087209672
-2.090372092328208e-9	-0.0004433211890796795
-2.092571968265178e-9	-0.0004420783256214286
-2.1141890072184923e-9	-0.000440856131472819
-2.11407408786668e-9	-0.0004395667277657124
-2.0925854780307065e-9	-0.0004383581909699145
-2.0904543800048804e-9	-0.0004371426145995367
-2.0898722292661545e-9	-0.0004359314268780946
-2.089647307673692e-9	-0.00043472608893548384
-2.0895462144954193e-9	-0.000433526971544875
-2.0895005655496845e-9	-0.0004323341872909441
-2.0894834056817137e-9	-0.00043114776253653614
-2.0894829833251194e-9	-0.00042996768881944236
-2.089494596502206e-9	-0.0004287939421882486
-2.089515634756678e-9	-0.00042762649195762786
-2.0895455335234737e-9	-0.0004264653056390787
-2.0895871351345188e-9	-0.00042531035280285646
-2.089644138753011e-9	-0.0004241616097243341
-2.089727593107549e-9	-0.0004230190673724104
-2.0898621971299214e-9	-0.0004218827488452087
-2.0901096920378227e-9	-0.00042075275555642665
-2.0906817493948626e-9	-0.0004196294216148603
-2.092655656771303e-9	-0.00041851406062476463
-2.1120635415594616e-9	-0.000417416926667259
-2.1119654545431744e-9	-0.00041625911404895066
-2.0926668539589247e-9	-0.0004151735924709028
-2.090751667882529e-9	-0.00041408143264729555
-2.0902276908651986e-9	-0.00041299290127462047
-2.0900242888310938e-9	-0.0004119093153562876
-2.089932480314749e-9	-0.0004108310127532943
-2.089890530593275e-9	-0.0004097580994142482
-2.089873982497048e-9	-0.00040869060379086265
-2.0898728483764728e-9	-0.00040762852299346683
-2.0898822501336233e-9	-0.00040657184015524783
-2.0899000366392253e-9	-0.00040552053229813394
-2.0899261157669716e-9	-0.00040447457476742174
-2.0899625873704866e-9	-0.00040343394471011767
-2.0900131042445037e-9	-0.00040239862526419447
-2.090087699957444e-9	-0.0004013686127734264
-2.090207834087865e-9	-0.00040034393252609063
-2.090430436640922e-9	-0.0003993246804630781
-2.090945658755894e-9	-0.0003983111625769807
-2.0927265005077357e-9	-0.00039730456925863607
-2.110248461817399e-9	-0.0003963141639916592
-2.1101648265409167e-9	-0.0003952687013435789
-2.0927364407730133e-9	-0.00039428825219268
-2.0910062707546476e-9	-0.00039330155079758043
-2.090531493448289e-9	-0.0003923178712978153
-2.090346959177092e-9	-0.0003913384067562588
-2.090263074433496e-9	-0.0003903634660597426
-2.0902242554576847e-9	-0.00038939314863395484
-2.090208788874115e-9	-0.00038842748387350935
-2.0902067356720623e-9	-0.00038746647282060536
-2.0902144687307003e-9	-0.0003865101038466381
-2.0902298600355972e-9	-0.0003855583597591934
-2.0902524452193207e-9	-0.00038461122180919914
-2.0902846565806765e-9	-0.0003836686728421051
-2.0903297361374307e-9	-0.0003827307010954936
-2.090396706089237e-9	-0.00038179730674316165
-2.0905049991970518e-9	-0.00038086851618117227
-2.0907058910279996e-9	-0.0003799444198747424
-2.091172637014305e-9	-0.0003790252988704796
-2.092787693308562e-9	-0.00037811223678539755
-2.1086872404207924e-9	-0.0003772136438701218
-2.1086148999538426e-9	-0.0003762648662481087
-2.0927961516092886e-9	-0.00037537487375578066
-2.0912243405668553e-9	-0.0003744789949146148
-2.0907931907343527e-9	-0.0003735856490596498
-2.09062511414837e-9	-0.00037269592193604637
-2.090548349242827e-9	-0.00037181009685093236
-2.0905122662118193e-9	-0.00037092826698041696
-2.090496997725344e-9	-0.00037005046190541574
-2.0904948710487317e-9	-0.0003691766854428155
-2.0905017440842056e-9	-0.0003683069298665282
-2.090514583941161e-9	-0.0003674411823706016
-2.0905345901045538e-9	-0.0003665794287065529
-2.090563361928366e-9	-0.0003657216560491534
-2.0906039005674784e-9	-0.00036486785645564534
-2.0906638067808014e-9	-0.0003640180328311115
-2.090762007955771e-9	-0.00036317221195070464
-2.090944699395525e-9	-0.000362330478964847
-2.091369343448779e-9	-0.00036149309273730016
-2.092840548734154e-9	-0.0003606610437873951
-2.1073341038957416e-9	-0.0003598420022521233
-2.1072711803404863e-9	-0.0003589770270644269
-2.0928480741422287e-9	-0.0003581654656276782
-2.091414252669566e-9	-0.00035734836151909624
-2.091020410072142e-9	-0.0003565333926875917
-2.0908665617824785e-9	-0.00035572155136760026
-2.090795599352102e-9	-0.0003549130982082936
-2.090763094475534e-9	-0.00035410812049204896
-2.0907483760823633e-9	-0.00035330664749235667
-2.090744740995687e-9	-0.00035250868496541714
-2.0907505829503846e-9	-0.0003517142281163822
-2.090762432960247e-9	-0.0003509232674967772
-2.090780291696959e-9	-0.00035013579231653184
-2.09080586896504e-9	-0.00034935179306854706
-2.090841902790963e-9	-0.0003485712646906227
-2.0908965779775636e-9	-0.00034779421202624027
-2.0909857231687924e-9	-0.00034702066174331593
-2.0911525177080838e-9	-0.0003462506939258901
-2.0915405138377532e-9	-0.00034548454766158233
-2.0928868150138505e-9	-0.00034472313183137195
-2.1061538380440226e-9	-0.00034397347045485744
-2.1060988548038395e-9	-0.0003431816060714848
-2.0928934602593152e-9	-0.0003424384908950723
-2.0915801625776e-9	-0.00034169015399240305
-2.091218926131289e-9	-0.00034094362615041496
-2.0910773211368918e-9	-0.0003401998176482533
-2.0910121981576604e-9	-0.00033945896899712993
-2.090981150976168e-9	-0.0003387211619740584
-2.090967660373089e-9	-0.0003379864252284754
-2.0909649302014444e-9	-0.0003372547658539706
-2.090968941181881e-9	-0.0003365261812699255
-2.0909793402024145e-9	-0.00033580066461007187
-2.0909950198932938e-9	-0.00033507820776771
-2.091017987326804e-9	-0.0003343588037985899
-2.0910510512284208e-9	-0.0003336424498228799
-2.0911007565072026e-9	-0.00033292915204536483
-2.091182179986273e-9	-0.0003322189367065335
-2.0913346818529634e-9	-0.00033151187911394477
-2.0916908437196292e-9	-0.00033080820067530134
-2.0929274473779902e-9	-0.00033010873830505584
-2.105118375084203e-9	-0.0003294199486483243
-2.105069679647631e-9	-0.00032869224767930383
-2.092933143860165e-9	-0.0003280092195319666
-2.091725196085026e-9	-0.0003273212682951933
-2.0913933486799153e-9	-0.0003266348565191689
-2.0912627427038812e-9	-0.00032595082226684005
-2.0912019121743787e-9	-0.0003252693880934711
-2.0911733843331783e-9	-0.0003245906306630783
-2.0911605964069047e-9	-0.00032391457779980856
-2.0911572937376555e-9	-0.00032324123750241405
-2.0911609208640328e-9	-0.0003225706088619675
-2.09117031384487e-9	-0.00032190268701809036
-2.091184217239972e-9	-0.0003212374659571733
-2.09120538112173e-9	-0.00032057494072504144
-2.091235127615887e-9	-0.00031991511010291863
-2.0912804980677268e-9	-0.0003192579812344779
-2.0913550613121947e-9	-0.0003186035797242892
-2.0914954129536147e-9	-0.0003179519764103018
-2.0918233878564064e-9	-0.000317303376848477
-2.0929631743049627e-9	-0.0003166585542020735
-2.104204447261893e-9	-0.0003160234642006089
-2.1041616677486275e-9	-0.00031535238178050844
-2.0929682307657685e-9	-0.00031472238915737877
-2.091854014768524e-9	-0.00031408775073308334
-2.091547226446e-9	-0.00031345442741832356
-2.0914262505888903e-9	-0.0003128231933303219
-2.0913703375646796e-9	-0.00031219425495820625
-2.091343125987244e-9	-0.00031156768423494405
-2.091331118231343e-9	-0.0003109435080420205
-2.0913279691614497e-9	-0.0003103217349640525
-2.091330866560437e-9	-0.0003097023653588177
-2.091338850707114e-9	-0.0003090853959289032
-2.0913516249831953e-9	-0.00030847082230435827
-2.0913706082648088e-9	-0.00030785864108574535
-2.0913981530645833e-9	-0.0003072488523204151
-2.091439624318792e-9	-0.0003066414637779951
-2.091508284735033e-9	-0.0003060365002982283
-2.091637849227501e-9	-0.00030543402855616605
-2.0919408056097044e-9	-0.0003048342398535308
-2.092994234992318e-9	-0.0003042378506212743
-2.1033942264270245e-9	-0.0003036503721539866
-2.1033562226824286e-9	-0.0003030295015222205
-2.092999414188279e-9	-0.00030244655457129557
-2.09196810096457e-9	-0.0003018592189887379
-2.0916837207396454e-9	-0.000301273010642789
-2.091571772638856e-9	-0.00030068864676477717
-2.091519781471929e-9	-0.0003001063194182264
-2.091494190037402e-9	-0.0002995260961717001
-2.091482738098005e-9	-0.00029894800289964363
-2.0914793718129766e-9	-0.0002983720485400955
-2.0914818452066886e-9	-0.00029779823440854054
-2.091488788702467e-9	-0.0002972265584313023
-2.0915006186172927e-9	-0.0002966570175357448
-2.091517882069072e-9	-0.00029608960954121116
-2.0915430069268217e-9	-0.0002955243354589201
-2.0915812212918274e-9	-0.0002949612034560292
-2.0916447141194894e-9	-0.0002944002375307081
-2.0917646081641817e-9	-0.00029384150049180965
-2.092045315127411e-9	-0.0002932851707863936
-2.0930233252058895e-9	-0.00029273191414569356
-2.102672580583942e-9	-0.00029218684573573367
-2.102638072931651e-9	-0.00029161071145884944
-2.093027013205795e-9	-0.00029106968944636423
-2.0920696941151287e-9	-0.00029052451721033
-2.0918058394492347e-9	-0.0002899803139740237
-2.09170126348468e-9	-0.0002894377461436921
-2.091652767866048e-9	-0.0002888969927953265
-2.0916287580052817e-9	-0.00028835811747018235
-2.091617939903312e-9	-0.00028782114501180563
-2.0916145408667045e-9	-0.00028728608453890993
-2.091616669613883e-9	-0.0002867529380912752
-2.091623143690713e-9	-0.00028622170455523845
-2.091633595052711e-9	-0.0002856923818838389
-2.0916493555789284e-9	-0.0002851649688579269
-2.0916726028885615e-9	-0.0002846394672196427
-2.09170783074808e-9	-0.0002841158853639466
-2.091766701312059e-9	-0.0002835942464081673
-2.0918779889245175e-9	-0.00028307460957758965
-2.092139050346997e-9	-0.0002825571416930262
-2.09304839257074e-9	-0.00028204246299913185
-2.102026645112165e-9	-0.00028153533408784394
-2.1019960384949243e-9	-0.00028099922877724984
-2.093051934776158e-9	-0.0002804957279861248
-2.092160882383176e-9	-0.00027998829799942326
-2.091915166330116e-9	-0.00027948170302362867
-2.0918172793982226e-9	-0.0002789765638827171
-2.0917718510926608e-9	-0.0002784730479148888
-2.0917495324901393e-9	-0.00027797121495061385
-2.0917390560093453e-9	-0.00027747108880300114
-2.0917357772765044e-9	-0.0002769726786468199
-2.0917375490814297e-9	-0.0002764759870627471
-2.0917432747347144e-9	-0.00027598101369292246
-2.0917527824626527e-9	-0.0002754877573066102
-2.0917675318088414e-9	-0.0002749962174410559
-2.091788611091605e-9	-0.0002745063963911941
-2.0918211628084826e-9	-0.00027401830265388986
-2.0918759884414053e-9	-0.00027353195845227217
-2.0919798141949553e-9	-0.00027304741969348244
-2.0922230079711836e-9	-0.0002725648426530854
-2.0930711623845523e-9	-0.00027208480661566333
-2.1014462403989854e-9	-0.00027161175354239265
-2.1014190893176023e-9	-0.0002711116077621872
-2.0930743192981715e-9	-0.00027064182024600937
-2.092242647960818e-9	-0.0002701683085340288
-2.0920128288415274e-9	-0.00026969551782548814
-2.0919217980475135e-9	-0.00026922402789566634
-2.0918787539569996e-9	-0.0002687539954569813
-2.0918579664408467e-9	-0.0002682854769185957
-2.0918481141496417e-9	-0.0002678184950776581
-2.0918448992324202e-9	-0.00026735305907390984
-2.0918463271124568e-9	-0.00026688917188984695
-2.091851433505543e-9	-0.0002664268337606337
-2.0918604237252224e-9	-0.00026596604410644356
-2.0918737044239857e-9	-0.00026550680306128125
-2.0918934351465967e-9	-0.0002650491133344575
-2.091924031955017e-9	-0.0002645929834297887
-2.091974510681771e-9	-0.0002641384346853462
-2.092071352882696e-9	-0.0002636855199300002
-2.092298600880893e-9	-0.0002632343858540253
-2.09309136943725e-9	-0.00026278557472918603
-2.100923496739515e-9	-0.00026234324113436666
-2.100898709889165e-9	-0.00026187551887644583
-2.0930943162522643e-9	-0.00026143613501377656
-2.0923163864983165e-9	-0.00026099321721415877
-2.092101246981004e-9	-0.00026055092296755635
-2.0920159496284895e-9	-0.0002601097949690017
-2.0919760570337066e-9	-0.00025966998027483583
-2.091955931854406e-9	-0.0002592315321325067
-2.0919466063251682e-9	-0.0002587944723587364
-2.0919432642929617e-9	-0.00025835880998867345
-2.091944590976169e-9	-0.0002579245482978236
-2.091949233085089e-9	-0.00025749168798917024
-2.091957306599168e-9	-0.0002570602290001435
-2.0919697759413937e-9	-0.0002566301719358242
-2.091987771218884e-9	-0.00025620151981130225
-2.092016276128428e-9	-0.00025577428107063444
-2.0920639439481195e-9	-0.0002553484761804169
-2.0921544917396063e-9	-0.0002549241551215241
-2.092367226552705e-9	-0.00025450145584433225
-2.0931099499632566e-9	-0.00025408088706696205
-2.1004503819699316e-9	-0.0002536663432801808
-2.100427983064979e-9	-0.0002532279573413678
-2.0931126588463745e-9	-0.00025281608690552
-2.0923831004437956e-9	-0.00025240085925850583
-2.092181384721892e-9	-0.00025198617151990163
-2.0921017367947493e-9	-0.0002515725327737644
-2.092063557168622e-9	-0.0002511600812804747
-2.0920447177663614e-9	-0.00025074886737041206
-2.0920357353459983e-9	-0.00025033891191194696
-2.092032527589716e-9	-0.000249930223789972
-2.092033570144647e-9	-0.0002495228064876333
-2.092037778461675e-9	-0.00024911666107452674
-2.092045381035801e-9	-0.0002487117879011082
-2.092058092900695e-9	-0.00024830818794084754
-2.0920738742546964e-9	-0.0002479058644362243
-2.092100126976915e-9	-0.0002475048257137339
-2.092144787846362e-9	-0.0002471050913986308
-2.0922294138581155e-9	-0.00024670670883044103
-2.0924291178892053e-9	-0.0002463098079724185
-2.0931267753043772e-9	-0.00024591486703235766
-2.1000208885846307e-9	-0.00024552554436106774
-2.100000155802473e-9	-0.00024511378733090873
-2.0931291192405332e-9	-0.0002447268951002157
-2.0924439103675586e-9	-0.00024433680997367114
-2.092253998359217e-9	-0.00024394719268140667
-2.092178735874084e-9	-0.00024355852174997705
-2.0921431181042394e-9	-0.00024317092740547028
-2.0921253529426752e-9	-0.00024278445728293004
-2.0921167926790663e-9	-0.00024239913134131437
-2.0921137413532078e-9	-0.0002420149582823987
-2.0921144382457514e-9	-0.00024163194173037838
-2.092118241164842e-9	-0.00024125008304139067
-2.092125109320886e-9	-0.00024086938289439767
-2.092135845122023e-9	-0.00024048984255516857
-2.0921514988669897e-9	-0.00024011146541567713
-2.092176721563144e-9	-0.00023973425966189208
-2.092218151528158e-9	-0.00023935824410182342
-2.092298096256773e-9	-0.00023898346362540495
-2.092485989657611e-9	-0.00023861004088066956
-2.0931420059322472e-9	-0.00023823842625151351
-2.09962959156762e-9	-0.00023787206304455496
-2.099611259354095e-9	-0.00023748455064868238
-2.093144172660155e-9	-0.00023712040352811243
-2.0924991449622344e-9	-0.0002367532164471788
-2.092320499469391e-9	-0.00023638643487292987
-2.0922494700481576e-9	-0.00023602050947058763
-2.0922156703073737e-9	-0.00023565556311000733
-2.0921988938049643e-9	-0.00023529164093207707
-2.0921907494475536e-9	-0.0002349287620289929
-2.092187647295685e-9	-0.00023456693489493194
-2.0921881573321424e-9	-0.0002342061632443844
-2.092191732594451e-9	-0.00023384644865576836
-2.0921979915877742e-9	-0.00023348779206870202
-2.0922079531915386e-9	-0.0002331301949753696
-2.0922230247577558e-9	-0.00023277366087142923
-2.0922462699413113e-9	-0.00023241819776886216
-2.092285427751639e-9	-0.00023206382369625318
-2.09236049807382e-9	-0.0002317105812685236
-2.0925373012348205e-9	-0.0002313585864160525
-2.0931551721892208e-9	-0.00023100826408387786
-2.0992729057089934e-9	-0.00023066286119073385
-2.099255733145622e-9	-0.00023029748547737815
-2.0931579520877542e-9	-0.00022995410879587068
-2.0925501086899168e-9	-0.0002296078346536516
-2.0923809488981872e-9	-0.00022926191194048504
-2.0923140207296245e-9	-0.00022891676584719893
-2.0922819025770422e-9	-0.0002285725124944761
-2.0922661775168995e-9	-0.0002282291947123215
-2.0922583681914907e-9	-0.0002278868307666324
-2.0922556129954196e-9	-0.00022754542893099164
-2.0922560495795217e-9	-0.00022720499296880365
-2.0922587301686058e-9	-0.00022686552463022918
-2.0922654858146483e-9	-0.00022652702506026188
-2.0922745609330828e-9	-0.00022618949592551944
-2.0922882710661117e-9	-0.0002258529407841429
-2.0923098132952237e-9	-0.00022551736745847034
-2.0923469836453547e-9	-0.00022518279322990717
-2.0924169886082923e-9	-0.0002248492586010594
-2.0925848228048328e-9	-0.00022451687332299862
-2.0931689356351594e-9	-0.00022418603901563585
-2.0989462495513146e-9	-0.0002238598227768527
-2.098930455751713e-9	-0.00022351471321723274
-2.093170740802286e-9	-0.0002231903543957951
-2.092595794556118e-9	-0.00022286323104220442
-2.0924363803298543e-9	-0.0002225364120525418
-2.0923729573962826e-9	-0.00022221029926690732
-2.0923427104801996e-9	-0.00022188500259895548
-2.0923274346607015e-9	-0.00022156056273435771
-2.0923199542166595e-9	-0.00022123699715536073
-2.0923170495179555e-9	-0.00022091431390522512
-2.0923174783860077e-9	-0.0002205925167674888
-2.0923206496992196e-9	-0.00022027160761843248
-2.092325833191744e-9	-0.0002199515877659419
-2.0923347088308563e-9	-0.0002196324590112031
-2.092347672194572e-9	-0.0002193142249411022
-2.0923684876383853e-9	-0.00021899689317754115
-2.0924031499836017e-9	-0.00021868048028987134
-2.0924699733138042e-9	-0.00021836502481564898
-2.0926277946420325e-9	-0.00021805063080485018
-2.0931804092516604e-9	-0.00021773767845017253
-2.098646141823757e-9	-0.00021742906977494317
-2.098631810731888e-9	-0.00021710256075210834
-2.0931820098324393e-9	-0.00021679565893669746
-2.092638216327769e-9	-0.00021648611673160835
-2.092487188370962e-9	-0.00021617683781036698
-2.0924269730382418e-9	-0.0002158682025581889
-2.0923985402043765e-9	-0.00021556031516724162
-2.0923841031139647e-9	-0.0002152532143314564
-2.0923761207936044e-9	-0.00021494691679201387
-2.0923736808231565e-9	-0.00021464143035502655
-2.092374276685405e-9	-0.00021433675880024264
-2.092377100643139e-9	-0.00021403290409832714
-2.0923819761042853e-9	-0.00021372986768319882
-2.0923902270153504e-9	-0.00021342765145492294
-2.0924026860158487e-9	-0.00021312625900623124
-2.092422134758465e-9	-0.00021282569775151809
-2.0924551582923725e-9	-0.00021252598358208798
-2.0925184725018034e-9	-0.0002122271532061754
-2.0926672677723526e-9	-0.00021192930540910805
-2.093191555868623e-9	-0.00021163280064396997
-2.098370196179644e-9	-0.00021134038904503509
-2.098356909496779e-9	-0.00021103099254257034
-2.093192903146468e-9	-0.00021074015308307189
-2.092677049692071e-9	-0.0002104467893067597
-2.0925341456035087e-9	-0.00021015365286312262
-2.0924770391506086e-9	-0.00020986110437860712
-2.0924495323093596e-9	-0.00020956924275970532
-2.0924359418306173e-9	-0.00020927810484989049
-2.0924291254775795e-9	-0.00020898770668747373
-2.0924271730726753e-9	-0.0002086980558440282
-2.092426747041243e-9	-0.00020840915607064426
-2.0924290466739494e-9	-0.00020812100940906518
-2.0924340035310963e-9	-0.00020783361738922597
-2.0924412371892134e-9	-0.00020754698198321747
-2.0924532527444305e-9	-0.00020726110676954265
-2.092471581016664e-9	-0.00020697599895219392
-2.0925026384399636e-9	-0.0002066916737790096
-2.092562629657513e-9	-0.00020640816625110283
-2.09270415131857e-9	-0.000206125570280824
-2.093201124048205e-9	-0.000205844228103406
-2.098115843240933e-9	-0.0002055667497782333
-2.0981037487599607e-9	-0.00020527313232327371
-2.093202604791511e-9	-0.00020499710522519632
-2.0927131204495633e-9	-0.0002047186624652669
-2.0925784124825597e-9	-0.0002044404154973244
-2.0925228478907434e-9	-0.00020416270670877586
-2.0924973685498838e-9	-0.0002038856301219535
-2.092484346366552e-9	-0.00020360922085052395
-2.092477563453432e-9	-0.00020333349427096903
-2.0924747274275734e-9	-0.00020305845771947053
-2.092475231291191e-9	-0.00020278411490801067
-2.0924773869002155e-9	-0.00020251046792447882
-2.0924819153889107e-9	-0.0002022375183710935
-2.0924888933959717e-9	-0.0002019652682707955
-2.092499970740569e-9	-0.00020169372117228811
-2.0925175804598075e-9	-0.00020142288406865935
-2.092546916365734e-9	-0.0002011527715966377
-2.0926036876867118e-9	-0.00020088341716505972
-2.0927384989710695e-9	-0.00020061491016718657
-2.093210073178531e-9	-0.00020034757598728255
-2.097880879670111e-9	-0.00020008389523349323
-2.097869552464271e-9	-0.0001998048583405489
-2.093211745657353e-9	-0.00019954251998650197
-2.0927468185716338e-9	-0.0001992778677939767
-2.092617291671317e-9	-0.00019901338365862364
-2.092565790701162e-9	-0.00019874939310432228
-2.0925412392458487e-9	-0.00019848598561590842
-2.0925284349659902e-9	-0.00019822319470270473
-2.092521829399896e-9	-0.000197961035109836
-2.092519456869946e-9	-0.0001976995139437757
-2.0925196948462512e-9	-0.00019743863486555236
-2.0925217411260633e-9	-0.00019717839999145462
-2.0925258749138197e-9	-0.00019691881097722876
-2.0925328122034515e-9	-0.0001966598698783771
-2.0925431805318697e-9	-0.00019640158020197803
-2.092559578265041e-9	-0.00019614394873178193
-2.092587899488185e-9	-0.00019588698952525252
-2.092641955553365e-9	-0.00019563073450285998
-2.092769966283159e-9	-0.00019537526885949236
-2.0932188413924636e-9	-0.00019512090236497608
-2.0976632314040345e-9	-0.00019486999575028306
-2.0976527554728008e-9	-0.0001946044592623301
-2.093220250748429e-9	-0.0001943547968304268
-2.092777291373693e-9	-0.00019410291609327552
-2.09265435196504e-9	-0.00019385117897427115
-2.092605081521759e-9	-0.00019359989536705166
-2.092581273510641e-9	-0.00019334915054814656
-2.0925698429874464e-9	-0.00019309897652410588
-2.092563587091645e-9	-0.00019284938744617495
-2.0925611918465316e-9	-0.0001926003901942415
-2.0925609597655106e-9	-0.00019235198837073427
-2.0925632509216643e-9	-0.0001921041841061712
-2.092566758360448e-9	-0.00019185697909293188
-2.0925736038845955e-9	-0.0001916103754052976
-2.0925834873342097e-9	-0.00019136437649905081
-2.0925990570241916e-9	-0.00019111898895264525
-2.09262565726287e-9	-0.0001908742262739363
-2.092676713638664e-9	-0.00019063011899098033
-2.09280033465209e-9	-0.00019038674839269446
-2.0932268367912512e-9	-0.00019014440975019192
-2.0974612145230332e-9	-0.00018990535257326066
-2.0974513756932825e-9	-0.00018965234040986832
-2.0932267604134582e-9	-0.00018941443854772447
-2.0928058723057585e-9	-0.00018917440811009817
-2.0926886700911584e-9	-0.00018893449971393031
-2.092641813489227e-9	-0.00018869500874127223
-2.0926200010706887e-9	-0.00018845601655308062
-2.0926077670957445e-9	-0.00018821755375232122
-2.0926020657230373e-9	-0.00018797963392610257
-2.0925994936693562e-9	-0.00018774226373705096
-2.0925992211651147e-9	-0.00018750544671910618
-2.0926013480804252e-9	-0.00018726918500753783
-2.092605320447305e-9	-0.00018703348031951438
-2.0926109700392103e-9	-0.0001867983347339866
-2.0926199362003573e-9	-0.00018656375164946941
-2.092635421735434e-9	-0.00018632973744433796
-2.0926610483418263e-9	-0.0001860963051055124
-2.0927096232081777e-9	-0.00018586348385312047
-2.092826046928842e-9	-0.00018563135133990773
-2.0932339691193127e-9	-0.0001854001893509904
-2.0972741350711033e-9	-0.00018517214401588683
-2.0972634211746666e-9	-0.00018493077193166725
-2.0932343568702552e-9	-0.00018470380130524024
-2.0928327947811187e-9	-0.0001844747864759294
-2.0927203290443953e-9	-0.00018424587460353565
-2.0926759477624125e-9	-0.00018401734757293094
-2.092654089219659e-9	-0.0001837892830993182
-2.092643370099623e-9	-0.00018356171046561467
-2.0926378631991317e-9	-0.00018333464273326012
-2.0926345558058834e-9	-0.0001831080863481664
-2.092634917649772e-9	-0.0001828820447750605
-2.0926369615925647e-9	-0.00018265652014308445
-2.092640497525222e-9	-0.00018243151418193744
-2.092646381285368e-9	-0.0001822070289684921
-2.092655081381567e-9	-0.00018198306783923408
-2.0926693675260565e-9	-0.0001817596369734588
-2.0926934324261293e-9	-0.0001815367488662163
-2.0927398379555483e-9	-0.00018131443151610653
-2.0928511701323596e-9	-0.00018109275917568206
-2.0932408738905117e-9	-0.00018087200106674402
-2.097099463282959e-9	-0.00018065420706284567
-2.0970906363548816e-9	-0.00018042367209331086
-2.0932418382690886e-9	-0.00018020687951380063
-2.0928572382894474e-9	-0.00017998812215380203
-2.0927502652090534e-9	-0.00017976945083915578
-2.092707539186334e-9	-0.00017955113488643323
-2.0926868530612986e-9	-0.0001793332486017933
-2.092676632642343e-9	-0.0001791158200418936
-2.09267085597431e-9	-0.00017889886175968207
-2.0926684926758644e-9	-0.00017868237999647878
-2.092668451803004e-9	-0.00017846637814436
-2.0926701545020968e-9	-0.00017825085831775427
-2.0926736230775234e-9	-0.0001780358222518846
-2.0926787979491656e-9	-0.00017782127201255857
-2.0926875194338113e-9	-0.00017760721086978535
-2.092700790179425e-9	-0.00017739364481410153
-2.0927238061685395e-9	-0.00017718058586840471
-2.092768797351541e-9	-0.00017696806088648192
-2.092874794401567e-9	-0.00017675614094373067
-2.0932472427792616e-9	-0.00017654508353859684
-2.096936136930516e-9	-0.00017633684876829
-2.0969282721106097e-9	-0.00017611642010445424
-2.0932480411350874e-9	-0.00017590911998690867
-2.092880387022378e-9	-0.00017569992992503457
-2.092778646411997e-9	-0.00017549081090536254
-2.092737231412789e-9	-0.00017528202051148492
-2.09271730506333e-9	-0.0001750736298681492
-2.0927080433996716e-9	-0.0001748656658760828
-2.0927018283212197e-9	-0.00017465814061222933
-2.0926996504910813e-9	-0.0001744510601186001
-2.0926995658920866e-9	-0.0001742444277108093
-2.0927008134830062e-9	-0.00017403824548496496
-2.0927040568996525e-9	-0.00017383251517378431
-2.0927094517730895e-9	-0.00017362723882491144
-2.092717658414012e-9	-0.00017342241964203386
-2.0927306705720297e-9	-0.00017321806342854347
-2.0927523705360774e-9	-0.0001730141817658014
-2.0927950686866483e-9	-0.00017281080042677376
-2.092896868927108e-9	-0.0001726079875128624
-2.093253309465304e-9	-0.0001724059895669829
-2.096783141836145e-9	-0.0001722066828263975
-2.0967764764567854e-9	-0.00017199569387991935
-2.0932541827833883e-9	-0.00017179726082312946
-2.092901805877956e-9	-0.00017159700841010836
-2.0928040486756227e-9	-0.00017139681370833033
-2.0927646440349615e-9	-0.0001711969233367169
-2.0927456461761195e-9	-0.00017099740544179457
-2.092735962283543e-9	-0.000170798285838643
-2.092731089270439e-9	-0.0001705995761540215
-2.092728674008004e-9	-0.0001704012822361753
-2.0927286592753446e-9	-0.00017020340732486937
-2.0927301380313514e-9	-0.0001700059534925995
-2.092733281855441e-9	-0.0001698089224636362
-2.092737833275793e-9	-0.00016961231626387105
-2.0927461784059355e-9	-0.00016941613802742787
-2.092758384969473e-9	-0.00016922039337783265
-2.092780228285518e-9	-0.00016902509347724849
-2.092820502808124e-9	-0.00016883026307826706
-2.092915362528203e-9	-0.0001686359675037029
-2.093258751217908e-9	-0.0001684424430352339
-2.096641147075751e-9	-0.00016825148745565268
-2.096634908577144e-9	-0.00016804932896421107
-2.093259674573744e-9	-0.00016785919128561925
-2.092922362478822e-9	-0.00016766730089971325
-2.092827897809402e-9	-0.00016747545636514494
-2.092790709928849e-9	-0.00016728389403962334
-2.0927719509455934e-9	-0.00016709267927696316
-2.09276205794251e-9	-0.00016690183687193924
-2.092758439836695e-9	-0.00016671137802443096
-2.0927558687322544e-9	-0.00016652130839649035
-2.092755461879925e-9	-0.0001663316311523235
-2.092757258553846e-9	-0.00016614234833604993
-2.092760245336889e-9	-0.00016595346165810453
-2.0927645259627426e-9	-0.000165764973122641
-2.0927718456853483e-9	-0.0001655768857879851
-2.0927837410034123e-9	-0.00016538920510876813
-2.0928038712175744e-9	-0.00016520194184455275
-2.0928433290157148e-9	-0.00016501511979684225
-2.0929365445232497e-9	-0.00016482880166446962
-2.093264190838884e-9	-0.00016464321412241093
-2.0965087347724067e-9	-0.00016446008145115087
-2.0965021393815067e-9	-0.0001642661954362561
-2.0932646788929255e-9	-0.00016408382952829757
-2.0929408909187152e-9	-0.00016389977390192612
-2.0928509057105416e-9	-0.00016371575356517024
-2.0928147687504505e-9	-0.0001635319952567238
-2.0927972558204556e-9	-0.0001633485617100408
-2.0927882424748303e-9	-0.00016316547675822798
-2.0927835759076973e-9	-0.00016298275119908294
-2.0927821672622748e-9	-0.00016280039051402696
-2.092781280238487e-9	-0.00016261839779160617
-2.092783222623629e-9	-0.0001624367750452914
-2.0927849302354583e-9	-0.00016225552397004166
-2.0927897200095913e-9	-0.00016207464653747873
-2.09279678198282e-9	-0.00016189414573975917
-2.092807765352589e-9	-0.00016171402686302762
-2.092827359889693e-9	-0.00016153430028842899
-2.092865207425909e-9	-0.00016135498891508063
-2.092954464577579e-9	-0.00016117615298247756
-2.093268747194177e-9	-0.00016099801014458288
-2.096383316363415e-9	-0.00016082221572406388
-2.0963770194226686e-9	-0.00016063609021269682
-2.0932696352615742e-9	-0.00016046101558983474
-2.0929590494489504e-9	-0.00016028431083773995
-2.092871900155613e-9	-0.0001601076319574222
-2.092837522210678e-9	-0.00015993119666205007
-2.0928209141957144e-9	-0.00015975506522398735
-2.0928121061802863e-9	-0.00015957926056920795
-2.0928070812609166e-9	-0.00015940379311142356
-2.0928053323543417e-9	-0.00015922866816139812
-2.092805427172939e-9	-0.00015905388873293914
-2.092806328279906e-9	-0.00015887945680477219
-2.0928087556049137e-9	-0.00015870537405353704
-2.0928133065867273e-9	-0.000158531642420347
-2.0928193327551806e-9	-0.00015835826482693107
-2.0928309191980964e-9	-0.00015818524639674765
-2.092849114287976e-9	-0.00015801259715299547
-2.0928852335788675e-9	-0.00015784033914224084
-2.0929710343842168e-9	-0.00015766853029360663
-2.093273281517094e-9	-0.00015749737977911317
-2.0962654293521513e-9	-0.0001573284781430768
-2.096259756090291e-9	-0.00015714964251626115
-2.093273684045105e-9	-0.0001569814174691582
-2.092975442180567e-9	-0.00015681161870994775
-2.0928913905982063e-9	-0.00015664183742443102
-2.0928583412682666e-9	-0.00015647228283617462
-2.09284201603821e-9	-0.000156303012906509
-2.0928339247439087e-9	-0.00015613404970112445
-2.0928289348964846e-9	-0.00015596540327700471
-2.0928275114240336e-9	-0.00015579707877022464
-2.092825925131825e-9	-0.0001556290791332214
-2.0928280435206226e-9	-0.00015546140629411423
-2.092825644023355e-9	-0.0001552940619373429
-2.0928605072634278e-9	-0.0001551270479256289
-2.0928470229719667e-9	-0.0001549603671201103
-2.092853314400456e-9	-0.0001547940245441523
-2.092871973058408e-9	-0.0001546280298194507
-2.092905177314419e-9	-0.0001544624042212216
-2.092988290358644e-9	-0.00015429720347740855
-2.093277934533955e-9	-0.00015413262880005816
-2.0961561347121463e-9	-0.00015397020978438747
-2.09615039297173e-9	-0.00015379823069055807
-2.0932790943783976e-9	-0.00015363644844152997
-2.0929913148504122e-9	-0.00015347314595708423
-2.0929114378898107e-9	-0.0001533098534378407
-2.0928807060338617e-9	-0.0001531467721356302
-2.0928639006545515e-9	-0.00015298395782450895
-2.092855527213722e-9	-0.000152821431769121
-2.0928515190532517e-9	-0.00015265920366881296
-2.0928491971716755e-9	-0.00015249727851783821
-2.0928491477667513e-9	-0.0001523356591761293
-2.092850123081025e-9	-0.00015217434755949416
-2.0928526198948918e-9	-0.00015201334529175772
-2.092856134494614e-9	-0.0001518526542524173
-2.0928626222826986e-9	-0.0001516922772213925
-2.0928724139945844e-9	-0.00015153221902334009
-2.092889306609669e-9	-0.00015137248900773742
-2.092922711505185e-9	-0.00015121310766507535
-2.0930022642806636e-9	-0.00015105412868215209
-2.0932820027186327e-9	-0.0001508957457443119
-2.0960516426415945e-9	-0.00015073943106947723
-2.0960466043828952e-9	-0.00015057390879361237
-2.0932824533137496e-9	-0.0001504181941249688
-2.0930060210755387e-9	-0.00015026100993541857
-2.0929289986870714e-9	-0.000150103829011798
-2.0928980359713467e-9	-0.00014994684508360894
