-2.092897995387144e-9	0.00014994684508360827
-2.0929289580418067e-9	0.0001501038290117975
-2.0930059810020386e-9	0.00015026100993541816
-2.0932824129016315e-9	0.00015041819412496874
-2.0960465640262884e-9	0.00015057390879361516
-2.0960516020407382e-9	0.00015073943106947254
-2.0932819614738473e-9	0.00015089574574431134
-2.0930022227139135e-9	0.0001510541286821521
-2.092922671370623e-9	0.00015121310766507396
-2.0928892666693954e-9	0.00015137248900773783
-2.0928723735824663e-9	0.0001515322190233413
-2.092862582181443e-9	0.0001516922772213923
-2.0928560931332554e-9	0.00015185265425241807
-2.0928525788055377e-9	0.00015201334529175943
-2.0928500830352803e-9	0.00015217434755949438
-2.0928491072269575e-9	0.00015233565917612856
-2.0928491563265706e-9	0.0001524972785178372
-2.0928514788687294e-9	0.00015265920366881348
-2.0928554864574345e-9	0.0001528214317691221
-2.0928638590100856e-9	0.00015298395782450952
-2.0928806656661524e-9	0.0001531467721356299
-2.0929113981993374e-9	0.00015330985343784076
-2.092991274527112e-9	0.0001534731459570846
-2.09327905352219e-9	0.0001536364484415305
-2.0961503527927584e-9	0.00015379823069056137
-2.0961560945109704e-9	0.0001539702097843845
-2.0932778931115337e-9	0.0001541326288000577
-2.0929882509401756e-9	0.00015429720347740869
-2.092905136275025e-9	0.00015446240422122131
-2.092871932080076e-9	0.0001546280298194505
-2.0928532736996796e-9	0.0001547940245441511
-2.0928469818382034e-9	0.0001549603671201098
-2.0928604666514695e-9	0.00015512704792562876
-2.0928256036945037e-9	0.0001552940619373423
-2.0928280029974824e-9	0.00015546140629411318
-2.0928258852970226e-9	0.00015562907913322185
-2.0928274724052454e-9	0.00015579707877022328
-2.0928288945287753e-9	0.00015596540327700358
-2.092833884309586e-9	0.00015613404970112507
-2.0928419762811235e-9	0.00015630301290651
-2.0928583008561485e-9	0.00015647228283617495
-2.0928913504358884e-9	0.00015664183742443194
-2.0929754022291915e-9	0.00015681161870994702
-2.09327364300016e-9	0.0001569814174691581
-2.0962597154783325e-9	0.00015714964251626546
-2.0962653883960238e-9	0.00015732847814307218
-2.093273241199345e-9	0.00015749737977911282
-2.09297099397765e-9	0.0001576685302936063
-2.0928851934221005e-9	0.0001578403391422405
-2.092849073209724e-9	0.0001580125971529963
-2.092830878813734e-9	0.00015818524639674763
-2.0928192936364723e-9	0.00015835826482692993
-2.0928132664355115e-9	0.00015853164242034698
-2.09280871526496e-9	0.00015870537405353612
-2.0928062886116375e-9	0.00015887945680477126
-2.092805387343688e-9	0.00015905388873293965
-2.0928052915480944e-9	0.00015922866816139733
-2.09280704100423e-9	0.00015940379311142464
-2.0928120666841024e-9	0.00015957926056920713
-2.0928208746218148e-9	0.00015975506522398613
-2.0928374822704043e-9	0.00015993119666205162
-2.0928718602986065e-9	0.00016010763195742169
-2.092959009508677e-9	0.0001602843108377399
-2.0932695952935454e-9	0.0001604610155898347
-2.096376980231796e-9	0.0001606360902127013
-2.0963832757958656e-9	0.0001608222157240591
-2.0932687065100543e-9	0.00016099801014458174
-2.0929544242931366e-9	0.00016117615298247718
-2.0928651666085597e-9	0.00016135498891507957
-2.0928273185338854e-9	0.00016153430028843012
-2.0928077253568044e-9	0.00016171402686302843
-2.0927967404882343e-9	0.0001618941457397591
-2.0927896789701973e-9	0.0001620746465374786
-2.092784889062838e-9	0.00016225552397004312
-2.0927831813288834e-9	0.00016243677504529228
-2.092781239193542e-9	0.00016261839779160487
-2.0927821266225612e-9	0.00016280039051402747
-2.0927835348349965e-9	0.0001629827511990827
-2.0927882018351163e-9	0.00016316547675822692
-2.0927972155970753e-9	0.0001633485617100418
-2.0928147278442835e-9	0.0001635319952567237
-2.0928508660145175e-9	0.00016371575356517073
-2.0929408492187385e-9	0.00016389977390192682
-2.0932646384197453e-9	0.00016408382952829773
-2.0965020981478233e-9	0.0001642661954362603
-2.0965086948487867e-9	0.00016446008145114705
-2.093264150404561e-9	0.00016464321412241036
-2.0929365043942383e-9	0.00016482880166447002
-2.092843289497326e-9	0.0001650151197968431
-2.092803831305057e-9	0.0001652019418445537
-2.0927836999751203e-9	0.0001653892051087672
-2.0927718058005864e-9	0.00016557688578798443
-2.0927644849511043e-9	0.0001657649731226409
-2.0927602045084373e-9	0.00016595346165810526
-2.0927572181028697e-9	0.00016614234833604893
-2.0927554211180868e-9	0.00016633163115232458
-2.092755828492221e-9	0.00016652130839649046
-2.0927583997853996e-9	0.00016671137802443066
-2.092762018102157e-9	0.00016690183687194003
-2.092771910466862e-9	0.00016709267927696376
-2.092790669533384e-9	0.0001672838940396228
-2.0928278561760384e-9	0.00016747545636514505
-2.092922321267343e-9	0.00016766730089971232
-2.0932596348999244e-9	0.00016785919128561955
-2.0966348679651857e-9	0.00016804932896421614
-2.096641107307562e-9	0.00016825148745564777
-2.0932587103950074e-9	0.00016844244303523416
-2.0929153225879293e-9	0.00016863596750370285
-2.0928204625791924e-9	0.00016883026307826704
-2.0927801877734797e-9	0.00016902509347724903
-2.092758345190182e-9	0.00016922039337783243
-2.0927461378550396e-9	0.00016941613802742747
-2.0927377923196657e-9	0.00016961231626387045
-2.0927332408215984e-9	0.00016980892246363754
-2.0927300971362863e-9	0.00017000595349260015
-2.0927286197236494e-9	0.00017020340732486867
-2.09272863286869e-9	0.00017040128223617446
-2.09273104970209e-9	0.00017059957615402213
-2.0927359217604024e-9	0.0001707982858386427
-2.092745604870272e-9	0.0001709974054417947
-2.092764604388897e-9	0.00017119692333671742
-2.092804008130278e-9	0.00017139681370832995
-2.092901764505495e-9	0.0001715970084101091
-2.0932541423324126e-9	0.00017179726082312905
-2.0967764364443477e-9	0.00017199569387992412
-2.0967831007467907e-9	0.00017220668282639308
-2.0932532688089367e-9	0.00017240598956698203
-2.092896828620461e-9	0.00017260798751286222
-2.0927950289406637e-9	0.00017281080042677336
-2.0927523300462436e-9	0.00017301418176580137
-2.092730630909312e-9	0.00017321806342854423
-2.092717616997142e-9	0.0001734224196420348
-2.0927094114164827e-9	0.00017362723882491013
-2.0927040166318634e-9	0.00017383251517378437
-2.0927007729432124e-9	0.00017403824548496615
-2.0926995248637947e-9	0.00017424442771080963
-2.0926996102843542e-9	0.0001744510601186006
-2.0927017886196444e-9	0.00017465814061222947
-2.0927080015109567e-9	0.00017486566587608248
-2.0927172638796065e-9	0.00017507362986814908
-2.0927371909396086e-9	0.00017528202051148405
-2.092778606010981e-9	0.00017549081090536203
-2.0928803453723612e-9	0.00017569992992503322
-2.0932480015944946e-9	0.00017590911998690837
-2.0969282310101533e-9	0.00017611642010445972
-2.0969360963407627e-9	0.0001763368487682856
-2.0932472034773663e-9	0.00017654508353859717
-2.092874753661933e-9	0.0001767561409437308
-2.092768756711827e-9	0.0001769680608864807
-2.092723765695359e-9	0.00017718058586840515
-2.092700750511156e-9	0.00017739364481410185
-2.092687479965383e-9	0.0001776072108697851
-2.0926787574426786e-9	0.00017782127201255825
-2.092673582554383e-9	0.0001780358222518852
-2.0926701144174942e-9	0.0001782508583177556
-2.09266841275646e-9	0.00017846637814436045
-2.0926684527966533e-9	0.00017868237999647956
-2.0926708155899477e-9	0.00017889886175968256
-2.0926765932405278e-9	0.00017911582004189293
-2.092686812621425e-9	0.00017933324860179299
-2.092707498752011e-9	0.00017955113488643315
-2.092750225601847e-9	0.00017976945083915752
-2.0928571974387912e-9	0.00017998812215380377
-2.0932417975572106e-9	0.00018020687951380136
-2.097090597341644e-9	0.00018042367209331598
-2.097099422448956e-9	0.00018065420706284024
-2.0932408326956864e-9	0.00018087200106674484
-2.0928511299589393e-9	0.00018109275917568165
-2.0927397973935505e-9	0.00018131443151610618
-2.0926933918696823e-9	0.00018153674886621605
-2.0926693260481244e-9	0.00018175963697345885
-2.0926550407196487e-9	0.00018198306783923462
-2.0926463411841124e-9	0.00018220702896849228
-2.0926404570853488e-9	0.00018243151418193668
-2.0926369198148723e-9	0.0001826565201430843
-2.0926348768435246e-9	0.0001828820447750604
-2.092634514855307e-9	0.00018310808634816632
-2.0926378222374534e-9	0.00018333464273326063
-2.092643328827082e-9	0.00018356171046561388
-2.092654049329346e-9	0.00018378928309931681
-2.092675906900654e-9	0.0001840173475729307
-2.0927202882603524e-9	0.00018424587460353527
-2.0928327551961167e-9	0.00018447478647592885
-2.0932343158919233e-9	0.00018470380130524135
-2.097263381073411e-9	0.00018493077193167226
-2.0972740944258385e-9	0.0001851721440158801
-2.0932339295731683e-9	0.00018540018935099051
-2.092826005795079e-9	0.00018563135133990664
-2.0927095827905084e-9	0.00018586348385311993
-2.0926610078020325e-9	0.00018609630510551327
-2.092635382444641e-9	0.00018632973744433698
-2.0926198962878398e-9	0.00018656375164946876
-2.0926109295327233e-9	0.0001867983347339863
-2.0926052803571517e-9	0.00018703348031951262
-2.0926013072630755e-9	0.0001872691850075387
-2.092599180592014e-9	0.00018750544671910607
-2.0925994536791226e-9	0.00018774226373705
-2.0926020250000565e-9	0.0001879796339261018
-2.0926077264615818e-9	0.00018821755375232168
-2.092619959953579e-9	0.00018845601655308072
-2.0926417725497525e-9	0.00018869500874127125
-2.0926886296179783e-9	0.00018893449971393053
-2.092805831921396e-9	0.00018917440811009773
-2.0932267201345667e-9	0.0001894144385477257
-2.0974513358362758e-9	0.00018965234040987274
-2.0974611740776083e-9	0.00018990535257325507
-2.0932267955076078e-9	0.00019014440975019062
-2.092800294356545e-9	0.00019038674839269508
-2.0926766734652437e-9	0.00019063011899097968
-2.092625617472477e-9	0.00019087422627393554
-2.0925990161346774e-9	0.00019111898895264606
-2.0925834468055183e-9	0.00019136437649905025
-2.0925735636279088e-9	0.0001916103754052972
-2.0925667171434184e-9	0.00019185697909293055
-2.092563210936982e-9	0.00019210418410617024
-2.0925609197364193e-9	0.00019235198837073348
-2.0925611510069774e-9	0.000192600390194241
-2.0925635475232963e-9	0.00019284938744617577
-2.092569802475408e-9	0.00019309897652410588
-2.092581233187341e-9	0.00019334915054814705
-2.0926050407932274e-9	0.00019359989536705096
-2.0926543110144636e-9	0.00019385117897427205
-2.092777251289091e-9	0.0001941029160932743
-2.0932202100809593e-9	0.00019435479683042802
-2.0976527140836864e-9	0.00019460445926233465
-2.0976631914138013e-9	0.00019486999575027785
-2.093218801146879e-9	0.0001951209023649775
-2.0927699249329024e-9	0.00019537526885949263
-2.092641915180105e-9	0.000195630734502859
-2.0925878584987512e-9	0.00019588698952525307
-2.0925595373588736e-9	0.0001961439487317823
-2.092543140874703e-9	0.00019640158020197752
-2.092532770758826e-9	0.00019665986987837624
-2.092525834851422e-9	0.00019691881097722816
-2.092521701230199e-9	0.0001971783999914536
-2.092519654001146e-9	0.00019743863486555198
-2.0925194161747207e-9	0.0001976995139437757
-2.0925217890821468e-9	0.00019796103510983574
-2.0925283941319873e-9	0.00019822319470270448
-2.0925411980676766e-9	0.00019848598561590747
-2.092565750627662e-9	0.00019874939310432296
-2.092617251259199e-9	0.00019901338365862248
-2.092746778115107e-9	0.0001992778677939757
-2.093211703890763e-9	0.00019954251998650173
-2.0978695121742773e-9	0.00019980485834055563
-2.0978808391136638e-9	0.00020008389523348762
-2.0932100315840252e-9	0.00020034757598728345
-2.0927384593250054e-9	0.000200614910167186
-2.092603646619562e-9	0.00020088341716505918
-2.0925468754928735e-9	0.0002011527715966374
-2.09251754109685e-9	0.00020142288406865908
-2.092499930761438e-9	0.0002016937211722874
-2.0924888532503075e-9	0.00020196526827079506
-2.092481875343166e-9	0.00020223751837109366
-2.0924773464825466e-9	0.00020251046792447777
-2.0924751920559095e-9	0.00020278411490801048
-2.092474686166135e-9	0.00020305845771947012
-2.0924775236907946e-9	0.00020333349427096922
-2.0924843062930523e-9	0.00020360922085052433
-2.09249732925354e-9	0.00020388563012195418
-2.0925228072343763e-9	0.00020416270670877635
-2.092578372825393e-9	0.00020444041549732677
-2.0927130791381642e-9	0.00020471866246526586
-2.093202564623642e-9	0.00020499710522519537
-2.098103707548482e-9	0.00020527313232327922
-2.098115802584566e-9	0.00020556674977822593
-2.093201083974705e-9	0.00020584422810340653
-2.09270411030138e-9	0.00020612557028082352
-2.092562588490443e-9	0.0002064081662511023
-2.092502598055601e-9	0.00020669167377901072
-2.09247154027703e-9	0.00020697599895219514
-2.0924532110666583e-9	0.00020726110676954327
-2.092441196482886e-9	0.0002075469819832177
-2.0924339626027245e-9	0.00020783361738922466
-2.0924290066726138e-9	0.0002081210094090643
-2.092426706984396e-9	0.00020840915607064423
-2.0924271331046465e-9	0.00020869805584402764
-2.092429085387426e-9	0.00020898770668747373
-2.092435902328882e-9	0.0002092781048498884
-2.0924494926188866e-9	0.00020956924275970473
-2.092476998072357e-9	0.00020986110437860598
-2.0925341054633953e-9	0.0002101536528631237
-2.0926770098739223e-9	0.00021044678930675996
-2.09319286268439e-9	0.00021074015308307145
-2.0983568685184472e-9	0.00021103099254257774
-2.0983701555898907e-9	0.00021134038904502923
-2.0931915156174875e-9	0.00021163280064396864
-2.0926672285093153e-9	0.00021192930540910924
-2.092518431451307e-9	0.00021222715320617672
-2.0924551169199113e-9	0.00021252598358208798
-2.092422095040236e-9	0.00021282569775151969
-2.0924026452096014e-9	0.00021312625900623213
-2.0923901855041115e-9	0.00021342765145492335
-2.0923819353591e-9	0.00021372986768319758
-2.0923770603975545e-9	0.0002140329040983268
-2.0923742362066735e-9	0.00021433675880024256
-2.0923736401889938e-9	0.00021464143035502465
-2.0923760802038505e-9	0.00021494691679201395
-2.0923840624575975e-9	0.00021525321433145717
-2.092398500874726e-9	0.00021556031516723986
-2.0924269329924973e-9	0.00021586820255818821
-2.092487147881128e-9	0.00021617683781036825
-2.0926381751273926e-9	0.00021648611673161022
-2.0931819681324626e-9	0.00021679565893669578
-2.098631771052517e-9	0.00021710256075211577
-2.098646100900936e-9	0.0002174290697749358
-2.0931803684065555e-9	0.00021773767845017282
-2.0926277542410168e-9	0.0002180506308048511
-2.0924699325797214e-9	0.00021836502481564632
-2.0924031073177307e-9	0.00021868048028987014
-2.0923684470985914e-9	0.0002189968931775415
-2.0923476315160005e-9	0.0002193142249411026
-2.0923346679468937e-9	0.00021963245901120062
-2.0923257925797857e-9	0.0002199515877659422
-2.0923206092260395e-9	0.0002202716076184323
-2.0923174377240893e-9	0.00022059251676748875
-2.0923170096887044e-9	0.00022091431390522476
-2.0923199127331763e-9	0.0002212369971553601
-2.092327394059845e-9	0.00022156056273435755
-2.0923426704122506e-9	0.0002218850025989564
-2.0923729171784535e-9	0.0002222102992669067
-2.0924363399676962e-9	0.00022253641205254162
-2.0925957541773066e-9	0.00022286323104220483
-2.0931707011451194e-9	0.0002231903543957955
-2.0989304140961453e-9	0.00022351471321724006
-2.098946209794228e-9	0.00022385982277684416
-2.0931688953396146e-9	0.0002241860390156345
-2.0925847815822518e-9	0.00022451687332299792
-2.0924169486014055e-9	0.0002248492586010591
-2.0923469426614715e-9	0.00022518279322990693
-2.0923097722613805e-9	0.00022551736745846971
-2.092288229915695e-9	0.00022585294078414237
-2.0922745210261164e-9	0.00022618949592552023
-2.0922654448751744e-9	0.0002265270250602623
-2.0922586901783725e-9	0.00022686552463023043
-2.092256008739968e-9	0.00022720499296880503
-2.0922555723890125e-9	0.0002275454289309921
-2.0922583271520967e-9	0.00022788683076663434
-2.0922661373046217e-9	0.00022822919471232042
-2.0922818616875284e-9	0.00022857251249447534
-2.092313978718785e-9	0.00022891676584719934
-2.092380909352043e-9	0.00022926191194048566
-2.0925500682611455e-9	0.00022960783465365226
-2.0931579129301883e-9	0.0002299541087958716
-2.0992556923005168e-9	0.00023029748547738458
-2.0992728650748307e-9	0.0002306628611907255
-2.093155130744595e-9	0.00023100826408387648
-2.092537261050298e-9	0.00023135858641604954
-2.0923604571509993e-9	0.00023171058126852386
-2.092285387139681e-9	0.00023206382369625277
-2.0922462291961265e-9	0.0002324181977688634
-2.0922229846842556e-9	0.00023277366087142977
-2.0922079125351714e-9	0.00023313019497536982
-2.0921979512811274e-9	0.00023348779206870326
-2.0921916912663985e-9	0.0002338464486557676
-2.092188116636917e-9	0.00023420616324438544
-2.0921876070556513e-9	0.0002345669348949326
-2.092190709218622e-9	0.00023492876202899386
-2.0921988543864957e-9	0.0002352916409320781
-2.092215628901606e-9	0.00023565556311000693
-2.0922494298636354e-9	0.00023602050947058863
-2.092320458374486e-9	0.0002363864348729289
-2.0924991045112587e-9	0.0002367532164471808
-2.093144132242486e-9	0.00023712040352811035
-2.0996112192639416e-9	0.00023748455064869197
-2.0996295499342565e-9	0.00023787206304454723
-2.0931419655589868e-9	0.00023823842625151406
-2.0924859492787995e-9	0.00023861004088067026
-2.0922980562054772e-9	0.00023898346362540696
-2.0922181098392835e-9	0.0002393582441018254
-2.0921766815229506e-9	0.00023973425966189243
-2.0921514585048317e-9	0.00024011146541567623
-2.092135804776518e-9	0.00024048984255516906
-2.092125067904016e-9	0.00024086938289439718
-2.092118200935911e-9	0.00024125008304139164
-2.0921143975560774e-9	0.0002416319417303786
-2.0921137022011926e-9	0.0002420149582824006
-2.092116751906126e-9	0.0002423991313413141
-2.092125313135629e-9	0.00024278445728293045
-2.09214307728689e-9	0.00024317092740546987
-2.0921786955285794e-9	0.00024355852174997802
-2.0922539575918278e-9	0.00024394719268140813
-2.092443870610472e-9	0.00024433680997367396
-2.0931290801939894e-9	0.0002447268951002145
-2.1000001148463454e-9	0.00024511378733091746
-2.100020847284334e-9	0.0002455255443610595
-2.0931267357415796e-9	0.00024591486703235636
-2.0924290767387888e-9	0.0002463098079724192
-2.0922293734404462e-9	0.0002467067088304388
-2.0921447477173505e-9	0.0002471050913986311
-2.0921000874141172e-9	0.00024750482571373367
-2.092073833365182e-9	0.0002479058644362211
-2.0920580514005583e-9	0.00024830818794084863
-2.0920453400130603e-9	0.0002487117879011071
-2.092037738665731e-9	0.00024911666107452674
-2.092033529882409e-9	0.0002495228064876345
-2.092032486283868e-9	0.0002499302237899706
-2.0920356942844e-9	0.00025033891191194625
-2.0920446771599543e-9	0.0002507488673704126
-2.092063516273557e-9	0.00025116008128047535
-2.0921016964936533e-9	0.00025157253277376806
-2.092181344759414e-9	0.0002519861715199016
-2.0923830591101925e-9	0.0002524008592585075
-2.0931126189671634e-9	0.0002528160869055177
-2.1004279420311357e-9	0.0002532279573413791
-2.100450341857574e-9	0.0002536663432801722
-2.0931099103227438e-9	0.000254080887066962
-2.0923671869566007e-9	0.0002545014558443338
-2.092154450500372e-9	0.00025492415512152523
-2.092063903541552e-9	0.00025534847618041695
-2.0920162365878347e-9	0.0002557742810706357
-2.0919877307068456e-9	0.00025620151981130225
-2.0919697347521195e-9	0.00025663017193582353
-2.0919572652711163e-9	0.00025706022900014495
-2.0919491924786818e-9	0.0002574916879891699
-2.0919445499090196e-9	0.0002579245482978254
-2.0919432244748126e-9	0.00025835880998867486
-2.091946566395997e-9	0.0002587944723587366
-2.091955891325714e-9	0.0002592315321325056
-2.0919760178872427e-9	0.0002596699802748357
-2.0920159084947267e-9	0.0002601097949690013
-2.0921012064967214e-9	0.0002605509229675567
-2.092316346025136e-9	0.0002609932172141573
-2.093094275867902e-9	0.000261436135013775
-2.1008986699211363e-9	0.0002618755188764553
-2.1009234560942504e-9	0.000262343241134359
-2.093091327781682e-9	0.0002627855747291847
-2.0922985602467303e-9	0.00026323438585402396
-2.0920713128536052e-9	0.00026368551992999917
-2.09197446935927e-9	0.00026413843468534406
-2.0919239898054e-9	0.0002645929834297884
-2.0918933942182252e-9	0.00026504911333445825
-2.0918736627684175e-9	0.00026550680306128104
-2.0918603827524417e-9	0.0002659660441064421
-2.091851392183042e-9	0.00026642683376063177
-2.0918462855845643e-9	0.0002668891718898459
-2.0918448591700225e-9	0.0002673530590739099
-2.0918480739207102e-9	0.0002678184950776565
-2.0918579278439433e-9	0.0002682854769185981
-2.091878714310935e-9	0.00026875399545698094
-2.09192175900097e-9	0.00026922402789566395
-2.092012789267628e-9	0.00026969551782549003
-2.092242606333006e-9	0.00027016830853402905
-2.093074278758378e-9	0.00027064182024600937
-2.1014190494272888e-9	0.0002711116077621982
-2.1014462002977296e-9	0.00027161175354238013
-2.093071121905821e-9	0.0002720848066156644
-2.0922229671871407e-9	0.0002725648426530849
-2.0919797737051215e-9	0.00027304741969348255
-2.0918759488786078e-9	0.0002735319584522749
-2.0918211228293518e-9	0.00027401830265388964
-2.091788569524855e-9	0.0002745063963911943
-2.091767490564056e-9	0.0002749962174410563
-2.0917527423391925e-9	0.0002754877573066075
-2.091743236004584e-9	0.000275981013692922
-2.0917375084528177e-9	0.0002764759870627461
-2.0917357372085555e-9	0.00027697267864681973
-2.0917390145147596e-9	0.00027747108880300163
-2.091749491056616e-9	0.0002779712149506171
-2.0917718118185215e-9	0.00027847304791488815
-2.0918172389694513e-9	0.0002789765638827166
-2.0919151266896033e-9	0.0002794817030236288
-2.0921608405888305e-9	0.00027998829799942353
-2.093051892831932e-9	0.00028049572798612604
-2.10199599700589e-9	0.0002809992287772609
-2.1020266054883055e-9	0.0002815353340878337
-2.0930483522196844e-9	0.0002820424629991322
-2.092139010245742e-9	0.0002825571416930261
-2.09187794891208e-9	0.0002830746095775892
-2.091766661149741e-9	0.00028359424640816576
-2.0917077894200276e-9	0.00028411588536394724
-2.0916725624597898e-9	0.0002846394672196426
-2.0916493152167704e-9	0.00028516496885792685
-2.0916335556731004e-9	0.00028569238188384
-2.0916231029288745e-9	0.0002862217045552382
-2.0916166282858307e-9	0.00028675293809127684
-2.0916145011373735e-9	0.00028728608453890895
-2.0916178990249e-9	0.00028782114501180503
-2.0916287179817416e-9	0.00028835811747018165
-2.091652727592708e-9	0.00028889699279532796
-2.0917012221455255e-9	0.00028943774614369097
-2.0918057987873164e-9	0.00028998031397402295
-2.092069654302531e-9	0.0002905245172103298
-2.09302697430358e-9	0.00029106968944636277
-2.1026380313649007e-9	0.00029161071145886256
-2.102672538828454e-9	0.00029218684573572
-2.0930232852156563e-9	0.00029273191414569514
-2.09204527514828e-9	0.00029328517078639334
-2.0917645684626064e-9	0.00029384150049181074
-2.09164467330214e-9	0.00029440023753070935
-2.09158118182895e-9	0.00029496120345602936
-2.0915429652601515e-9	0.00029552433545891805
-2.0915178419456116e-9	0.00029608960954120937
-2.091500578077499e-9	0.00029665701753574697
-2.091488748107162e-9	0.00029722655843130314
-2.091481804705753e-9	0.0002977982344085401
-2.091479331312041e-9	0.000298372048540095
-2.091482696858771e-9	0.00029894800289964336
-2.0914941496086305e-9	0.0002995260961716999
-2.091519739805259e-9	0.0003001063194182281
-2.0915717329705877e-9	0.0003006886467647753
-2.0916836795392693e-9	0.00030127301064278826
-2.091968059503291e-9	0.0003018592189887391
-2.0929993746199307e-9	0.0003024465545712933
-2.10335618147095e-9	0.0003030295015222356
-2.103394184926888e-9	0.00030365037215397255
-2.092994193608755e-9	0.0003042378506212764
-2.0919407639596877e-9	0.0003048342398535297
-2.091637809759073e-9	0.00030543402855616713
-2.091508244456142e-9	0.00030603650029822763
-2.0914395837678955e-9	0.0003066414637779934
-2.0913981126802208e-9	0.00030724885232041686
-2.0913705683356376e-9	0.0003078586410857447
-2.091351584992962e-9	0.0003084708223043579
-2.0913388108889654e-9	0.0003090853959289054
-2.091330824788296e-9	0.0003097023653588176
-2.0913279292822386e-9	0.00031032173496405274
-2.091331078957204e-9	0.00031094350804202327
-2.091343085536268e-9	0.00031156768423494204
-2.091370295331796e-9	0.0003121942549582073
-2.0914262075899526e-9	0.0003128231933303221
-2.0915471872273716e-9	0.0003134544274183228
-2.09185397502254e-9	0.00031408775073308383
-2.0929681903203435e-9	0.0003147223891573765
-2.1041616257377884e-9	0.00031535238178052486
-2.1042044079711e-9	0.0003160234642005945
-2.092963132943604e-9	0.00031665855420207387
-2.0918233487932094e-9	0.0003173033768484762
-2.0914953727468876e-9	0.00031795197641030257
-2.0913550205725606e-9	0.00031860357972428966
-2.0912804568617994e-9	0.0003192579812344768
-2.09123508745912e-9	0.0003199151101029194
-2.0912053406374475e-9	0.0003205749407250406
-2.0911841775161923e-9	0.00032123746595717317
-2.0911702728887427e-9	0.0003219026870180908
-2.0911608809293104e-9	0.0003225706088619679
-2.0911572526982615e-9	0.00032324123750241166
-2.0911605564777335e-9	0.00032391457779980964
-2.091173343687913e-9	0.00032459063066307654
-2.091201872012061e-9	0.0003252693880934671
-2.091262703401986e-9	0.00032595082226683967
-2.0913933094390824e-9	0.00032663485651916795
-2.0917251555507834e-9	0.00032732126829519335
-2.092933102870731e-9	0.00032800921953196784
-2.10506963802537e-9	0.00032869224767931765
-2.1051183342502e-9	0.0003294199486483105
-2.0929274078651527e-9	0.00033010873830505703
-2.0916908037960093e-9	0.00033080820067530074
-2.091334641768361e-9	0.00033151187911394667
-2.0911821391245143e-9	0.00033221893670653364
-2.09110071557328e-9	0.0003329291520453651
-2.0910510112381875e-9	0.0003336424498228783
-2.09101794568789e-9	0.000334358803798588
-2.0909949789482687e-9	0.0003350782077677122
-2.090979300045648e-9	0.00033580066461007095
-2.0909689008419275e-9	0.0003365261812699247
-2.0909648880906852e-9	0.0003372547658539697
-2.090967619750028e-9	0.00033798642522847437
-2.0909811099589784e-9	0.00033872116197405683
-2.091012157401373e-9	0.0003394589689971306
-2.091077281668463e-9	0.0003401998176482525
-2.091218885447166e-9	0.00034094362615041425
-2.091580122848269e-9	0.0003416901539924024
-2.0928934191588588e-9	0.0003424384908950739
-2.106098813658974e-9	0.00034318160607150247
-2.1061537984756742e-9	0.00034397347045484155
-2.092886774723857e-9	0.0003447231318313737
-2.091540475063214e-9	0.0003454845476615843
-2.0911524779287927e-9	0.00034625069392589194
-2.0909856831452524e-9	0.0003470206617433172
-2.0908965381427613e-9	0.00034779421202624076
-2.0908418624510096e-9	0.00034857126469062293
-2.0908058290636245e-9	0.00034935179306854673
-2.0907802522451834e-9	0.00035013579231653184
-2.0907623914490083e-9	0.0003509232674967761
-2.0907505432488093e-9	0.000351714228116383
-2.0907446993900792e-9	0.00035250868496541964
-2.0907483349263956e-9	0.00035330664749235976
-2.0907630536082244e-9	0.000354108120492049
-2.0907955581350724e-9	0.0003549130982082939
-2.090866521481383e-9	0.00035572155136760146
-2.0910203694546327e-9	0.00035653339268759145
-2.091414212562759e-9	0.00035734836151909744
-2.092848032170247e-9	0.0003581654656276782
-2.1072711398284485e-9	0.0003589770270644471
-2.107334062106947e-9	0.00035984200225210516
-2.0928405080222757e-9	0.0003606610437873929
-2.09136930283127e-9	0.00036149309273729967
-2.0909446578454285e-9	0.00036233047896484495
-2.090761968354116e-9	0.0003631722119507038
-2.090663766729506e-9	0.0003640180328311097
-2.0906038601109514e-9	0.00036486785645564626
-2.0905633227596976e-9	0.00036572165604915224
-2.090534549131773e-9	0.00036657942870655297
-2.0905145421190597e-9	0.0003674411823705991
-2.09050170363323e-9	0.0003683069298665276
-2.0904948329680817e-9	0.0003691766854428132
-2.090496956724808e-9	0.000370050461905415
-2.090512224872665e-9	0.000370928266980415
-2.090548309763296e-9	0.00037181009685093345
-2.09062507233182e-9	0.0003726959219360455
-2.0907931511604527e-9	0.0003735856490596474
-2.0912243026194323e-9	0.0003744789949146132
-2.092796111125006e-9	0.0003753748737557807
-2.1086148588755906e-9	0.0003762648662481296
-2.1086872008857504e-9	0.00037721364387010073
-2.0927876524301506e-9	0.0003781122367853965
-2.0911725970129693e-9	0.00037902529887047677
-2.0907058511210332e-9	0.00037994441987474403
-2.090504959095796e-9	0.0003808685161811737
-2.0903966665319907e-9	0.00038179730674316046
-2.090329693849036e-9	0.00038273070109549277
-2.090284615269278e-9	0.0003836686728421043
-2.090252405023696e-9	0.0003846112218091991
-2.090229819984302e-9	0.00038555835975919334
-2.090214426903048e-9	0.00038651010384664007
-2.0902066940331477e-9	0.0003874664728206074
-2.090208748040112e-9	0.00038842748387350783
-2.090224214501557e-9	0.0003893931486339536
-2.090263035370299e-9	0.0003903634660597466
-2.090346918837138e-9	0.0003913384067562596
-2.090531453002864e-9	0.00039231787129781573
-2.0910062292378575e-9	0.00039330155079758054
-2.092736401509976e-9	0.00039428825219267675
-2.1101647856625053e-9	0.0003952687013435996
-2.110248422038108e-9	0.0003963141639916345
-2.09272646005676e-9	0.00039730456925863563
-2.090945618599127e-9	0.00039831116257698165
-2.0904303969226936e-9	0.00039932468046307705
-2.090207792765364e-9	0.0004003439325260904
-2.0900876598728413e-9	0.00040136861277342785
-2.0900130633771943e-9	0.00040239862526419615
-2.0899625475856443e-9	0.0004034339447101179
-2.0899260754103643e-9	0.0004044745747674223
-2.089899995305622e-9	0.000405520532298132
-2.0898822113035733e-9	0.00040657184015525005
-2.089872807253812e-9	0.00040762852299346754
-2.0898739432451132e-9	0.0004086906037908579
-2.0898904904198546e-9	0.00040975809941424775
-2.089932439430786e-9	0.00041083101275329734
-2.0900242480803577e-9	0.00041190931535628694
-2.0902276515633033e-9	0.0004129929012746183
-2.0907516290469275e-9	0.0004140814326472961
-2.0926668149456873e-9	0.0004151735924709036
-2.1119654139978294e-9	0.0004162591140489771
-2.1120635009141964e-9	0.00041741692666722916
-2.092655615354433e-9	0.0004185140606247629
-2.090681709759901e-9	0.0004196294216148603
-2.0901096520031806e-9	0.0004207527555564262
-2.089862156845479e-9	0.00042188274884520833
-2.0897275521680747e-9	0.000423019067372411
-2.0896440974194077e-9	0.00042416160972433617
-2.0895870955439656e-9	0.00042531035280285787
-2.0895454919289683e-9	0.000426465305639079
-2.0895155947664447e-9	0.0004276264919576262
-2.0894945564176036e-9	0.0004287939421882457
-2.0894829448780962e-9	0.00042996768881943927
-2.0894833648754664e-9	0.00043114776253653153
-2.089500525914723e-9	0.000432334187290946
-2.089546174988133e-9	0.000433526971544874
-2.089647266662054e-9	0.0004347260889354829
-2.0898721894424546e-9	0.0004359314268780949
-2.0904543404365316e-9	0.0004371426145995364
-2.0925854381681486e-9	0.00043835819096991406
-2.1140740485092737e-9	0.00043956672776573983
-2.1141889648967906e-9	0.0004408561314727889
-2.092571927625464e-9	0.00044207832562142733
-2.0903720523379742e-9	0.00044332118907967807
-2.0897336045544448e-9	0.0004445733087209667
-2.089456251541666e-9	0.00044583322780067543
-2.089305364405547e-9	0.0004471005804772103
-2.089210794908869e-9	0.0004483752601472983
-2.089145020761629e-9	0.0004496572475236198
-2.089098161017766e-9	0.00045094655920106607
-2.08906366359618e-9	0.00045224322823505744
-2.0890386865535237e-9	0.00045354729524684097
-2.0890242012960857e-9	0.00045485880324144833
-2.089023121576439e-9	0.0004561777932943726
-2.089041107433687e-9	0.0004575042990357439
-2.0890910404414154e-9	0.00045883833684594484
-2.0892025229646284e-9	0.0004601798841919389
-2.089452989378904e-9	0.0004615288220354018
-2.0901035184095476e-9	0.0004628847421302576
-2.0924894516549666e-9	0.0004642460144877446
-2.116565145660054e-9	0.0004655998398167247
-2.1167012960510157e-9	0.00046704473386653157
-2.0924735464666887e-9	0.00046841477129588047
-2.09000568004436e-9	0.000469808435252095
-2.089288413664736e-9	0.00047121294472801076
-2.0889759508535556e-9	0.00047262667548579574
-2.088804887440121e-9	0.0004740492258598445
-2.088697198465717e-9	0.00047548048482273417
-2.088622795987094e-9	0.000476920439332624
-2.088567481622894e-9	0.00047836911669805836
-2.0885265903380914e-9	0.00047982656281765276
-2.088497025465319e-9	0.00048129283220503505
-2.0884792352626747e-9	0.00048276798217759397
-2.0884765091211402e-9	0.0004842520680078004
-2.0884946687504957e-9	0.00048574513671192866
-2.088549027706721e-9	0.0004872472159922393
-2.088673058153745e-9	0.0004887582898010102
-2.0889537259649594e-9	0.0004902782333553765
-2.089685334605296e-9	0.0004918065956903212
-2.0923748419887646e-9	0.0004933415473547466
-2.119536961964208e-9	0.0004948686549569659
-2.119700335501129e-9	0.000496499096672755
-2.092355772193022e-9	0.0004980456501793581
-2.0895683211064056e-9	0.0004996194548077453
-2.0887562759086544e-9	0.000501206099617178
-2.0883997550458223e-9	0.0005028037628366863
-2.088205933314935e-9	0.0005044120024291412
-2.0880821195334855e-9	0.0005060307045290532
-2.087995653943242e-9	0.0005076598660349346
-2.087931075517302e-9	0.0005092995295844062
-2.0878827074077846e-9	0.000510949758999218
-2.0878472140939408e-9	0.0005126106280259029
-2.0878248368605414e-9	0.000514282213769788
-2.087819521956469e-9	0.0005159645912059122
-2.0878380501687667e-9	0.0005176578261308267
-2.0878972161908484e-9	0.0005193619625973196
-2.0880357152641694e-9	0.0005210769951331924
-2.088352328288856e-9	0.0005228027948379062
-2.0891817995805084e-9	0.0005245388620802666
-2.092236703532535e-9	0.0005262831296784119
-2.1231208259919755e-9	0.0005280191954299792
-2.123319988611705e-9	0.0005298735193689596
-2.0922137316636836e-9	0.0005316331853660429
-2.0890396817241363e-9	0.0005334246066880368
-2.0881128402538973e-9	0.0005352314091439446
-2.0877060265100943e-9	0.000537051536012007
-2.0874809501192362e-9	0.0005388845000293587
-2.0873371269214403e-9	0.0005407301874448596
-2.087235782172181e-9	0.0005425886107919946
-2.0871592844529107e-9	0.0005444598349266788
-2.0871014438816895e-9	0.000546343949105322
-2.0870580115905923e-9	0.0005482410541755086
-2.087029525310591e-9	0.0005501512551004978
-2.0870206126344384e-9	0.0005520746546932142
-2.0870388092120163e-9	0.0005540113455510273
-2.087103971831761e-9	0.0005559613956530228
-2.0872596457111037e-9	0.0005579248164925198
-2.087619580781741e-9	0.000559901478282296
-2.0885672149639768e-9	0.000561890826175425
-2.092068261855262e-9	0.0005638905068595897
-2.1275002930698507e-9	0.0005658817168326807
-2.127744213709093e-9	0.0005680095933208737
-2.0920397533319423e-9	0.0005700298307198292
-2.0883923978198828e-9	0.0005720875093115674
-2.087324736960161e-9	0.0005741638611875159
-2.0868538055385243e-9	0.0005762565476194638
-2.0865917328583007e-9	0.000578365031264692
-2.086422886149464e-9	0.0005804892038364392
-2.0863026142015076e-9	0.0005826291024208145
-2.086211345908584e-9	0.0005847848246093256
-2.0861405763294982e-9	0.0005869564964632183
-2.0860869246353e-9	0.0005891442578117679
-2.0860498338381996e-9	0.0005913482536650057
-2.08603591422829e-9	0.0005935686269970938
-2.0860531396937887e-9	0.0005958055094245239
-2.0861244465597562e-9	0.000598059004534827
-2.0863007549387637e-9	0.0006003291509589741
-2.0867134765178988e-9	0.0006026158240808345
-2.0878068713148234e-9	0.000604918407046678
-2.091859557828979e-9	0.0006072341984718274
-2.132925701492372e-9	0.000609541424891786
-2.1332302420740134e-9	0.0006120083822440163
-2.0918240189515825e-9	0.0006143518634441316
-2.0875886591498197e-9	0.0006167400941930398
-2.0863451427100002e-9	0.0006191513472537601
-2.0857939695084762e-9	0.0006215829421164332
-2.085484739033916e-9	0.0006240342873390171
-2.0852836171925127e-9	0.0006265052896009613
-2.0851389522569265e-9	0.0006289960248362326
-2.0850273106720607e-9	0.000631506639856197
-2.084940288143988e-9	0.000634037315216654
-2.084872651769709e-9	0.0006365882481779841
-2.0848246876592483e-9	0.0006391596427384304
-2.0848030313380673e-9	0.0006417517012333337
-2.0848177935850476e-9	0.0006443646134480379
-2.0848959598751548e-9	0.0006469985370929323
-2.0850970833818928e-9	0.0006496535545108649
-2.0855749749248976e-9	0.000652329557386306
-2.0868510570148936e-9	0.0006550258607825025
-2.091596940756446e-9	0.0006577393349817142
-2.1397601248640542e-9	0.000660444473831177
-2.1401469946891185e-9	0.0006633387716759453
-2.091551736510544e-9	0.0006660900056284445
-2.0865734686681405e-9	0.0006688955821531778
-2.0851067654426016e-9	0.0006717300567109412
-2.0844527136409943e-9	0.000674590330386999
-2.084082635622764e-9	0.0006774757562429954
-2.0838394032662855e-9	0.0006803862728750547
-2.0836623476183648e-9	0.0006833220186142
-2.0835238090044506e-9	0.0006862832161340732
-2.08341438386328e-9	0.0006892701289053631
-2.083327326007911e-9	0.0006922830412142922
-2.083263706847971e-9	0.0006953222464633079
-2.083230672872416e-9	0.0006983880372768632
-2.083240897027272e-9	0.0007014806926219948
-2.0833265281627877e-9	0.0007046004546369885
-2.0835573394661913e-9	0.0007077474771769876
-2.0841174436181387e-9	0.0007109216886948047
-2.0856258688584097e-9	0.0007141223330857967
-2.0912600545930362e-9	0.0007173457470465293
-2.148537370572079e-9	0.0007205616449286425
-2.1490405222257537e-9	0.0007240050589189068
-2.0912012325569053e-9	0.0007272808013225797
-2.0852655984504587e-9	0.000730623792600809
-2.0835091942172926e-9	0.0007340038318340449
-2.082720774265745e-9	0.0007374173028229445
-2.0822700799449925e-9	0.0007408635082901766
-2.0819702592211887e-9	0.0007443424494833772
-2.0817491850289027e-9	0.0007478543672423473
-2.081574038559353e-9	0.0007513996047653358
-2.08143293123908e-9	0.0007549785558429857
-2.0813188420232277e-9	0.0007585916411155187
-2.0812321259500166e-9	0.0007622392941610475
-2.0811825953037657e-9	0.0007659219496834033
-2.0811844303247897e-9	0.0007696400280520915
-2.0812766384714633e-9	0.0007733939073734162
-2.0815443607102857e-9	0.0007771838613375666
-2.0822092808348015e-9	0.0007810098934345366
-2.0840200022798074e-9	0.0007848711815940636
-2.090817892291819e-9	0.0007887633894815562
-2.1600705960689306e-9	0.0007926499762022398
-2.160739904932818e-9	0.0007968153604498439
-2.0907396763525376e-9	0.00080078160114787
-2.083540443342802e-9	0.0008048329724259281
-2.0813999503266344e-9	0.0008089330544557209
-2.0804306338884083e-9	0.0008130775860494153
-2.079870205334844e-9	0.0008172658400655662
-2.0794922494959957e-9	0.0008214979377108881
-2.079209366839807e-9	0.0008257742935075839
-2.078981831382665e-9	0.0008300954493866773
-2.0787954033929523e-9	0.0008344620121615551
-2.0786412197215667e-9	0.000838874624879985
-2.078520183596e-9	0.0008433339500368752
-2.0784442785748424e-9	0.0008478406552606322
-2.078431138835546e-9	0.0008523953944409316
-2.078528609622543e-9	0.0008569987734409534
-2.078841847552582e-9	0.0008616512735566915
-2.0796437334935638e-9	0.0008663530470572501
-2.081857616698102e-9	0.0008711032318655159
-2.0902215326246146e-9	0.0008758966329617657
-2.1756465123479174e-9	0.0008806883067950445
-2.1765645923821356e-9	0.0008858294787644333
-2.0901144472396107e-9	0.0008907304189837582
-2.081199833353642e-9	0.0008957421622306454
-2.0785333994355337e-9	0.0009008199464025495
-2.077313651782653e-9	0.0009059587026586719
-2.0765986640636226e-9	0.000911157729996256
-2.076108753423789e-9	0.0009164173808259037
-2.075735818202196e-9	0.0009217383761667245
-2.075430708009529e-9	0.0009271216010944262
-2.075176118232491e-9	0.0009325680277753053
-2.0749608433290323e-9	0.0009380786802933601
-2.0747864142078855e-9	0.0009436546140664787
-2.074667505080896e-9	0.0009492968982174184
-2.07462700400618e-9	0.0009550065920963281
-2.0747252005182126e-9	0.0009607847022625981
-2.0750945421976755e-9	0.0009666320859859384
-2.0760801617947247e-9	0.0009725491928775471
-2.0788487229306263e-9	0.0009785351980383555
-2.0893902999308267e-9	0.0009845838029365701
-2.1974016052417335e-9	0.0009906384158437393
-2.1987089109387628e-9	0.000997143770354193
-2.0892377249115415e-9	0.0010033539631040176
-2.0779118485858562e-9	0.0010097134715691908
-2.0744988891929774e-9	0.0010161659929913225
-2.072917955225906e-9	0.0010227054545038836
-2.0719759423082353e-9	0.001029331322041619
-2.0713181949627568e-9	0.0010360444072875772
-2.0708076859499157e-9	0.001042846001711347
-2.070382411584193e-9	0.00104973761826114
-2.0700194988898526e-9	0.0010567208944816501
-2.069706246066172e-9	0.0010637975484899351
-2.0694441081270387e-9	0.0010709693533408424
-2.0692522448906294e-9	0.0010782381149782977
-2.069160595563613e-9	0.0010856056424336465
-2.0692474837880062e-9	0.0010930736924622134
-2.069685520411646e-9	0.001100643844329821
-2.070924779346006e-9	0.0011083171632209642
-2.0744855506460435e-9	0.0011160930690070558
-2.0881819992435437e-9	0.001123963853083543
-2.229095585937202e-9	0.0011318561390562091
-2.231046920275759e-9	0.0011403512789443118
-2.0879543082996665e-9	0.0011484758078327006
-2.0730869769503e-9	0.001156810728734018
-2.0685635896522394e-9	0.0011652831632996126
-2.06643508167681e-9	0.0011738858400469733
-2.0651406607619105e-9	0.0011826187470891118
-2.0642163279738225e-9	0.0011914836583887688
-2.06348293199099e-9	0.0012004830043085488
-2.06285844946974e-9	0.001209619535650935
-2.0623146339160404e-9	0.0012188961985090323
-2.061833178051975e-9	0.0012283160781223583
-2.06141728203435e-9	0.0012378823666670071
-2.061093023830729e-9	0.0012475983354884811
-2.060901024536488e-9	0.0012574672966275098
-2.0609467617227484e-9	0.0012674925295247806
-2.061465357405812e-9	0.0012776771126999566
-2.0630662777076926e-9	0.0012880234678102616
-2.067814777412247e-9	0.0012985318222909958
-2.0863291623984815e-9	0.0013091927487951628
-2.277851205789716e-9	0.0013199074811547158
-2.2809500461962175e-9	0.0013314683901895982
-2.0859675803619473e-9	0.0013425519330502213
-2.065593383970832e-9	0.0013539500078525205
-2.0593151884351626e-9	0.0013655648026075545
-2.0562995144357553e-9	0.001377387829787905
-2.0544180371839806e-9	0.0013894205481290874
-2.0530373518623526e-9	0.0014016669182098068
-2.05191253710435e-9	0.0014141318694058762
-2.050931613706286e-9	0.0014268208467546329
-2.050056157332225e-9	0.0014397396448424615
-2.0492614541511857e-9	0.001452894335695481
-2.0485524889368724e-9	0.0014662912292108272
-2.047966469426177e-9	0.0014799368393199068
-2.0475613231651925e-9	0.001493837834601924
-2.0474889448507395e-9	0.0015080009388763345
-2.0480845602965925e-9	0.001522432695211111
-2.05022303955138e-9	0.0015371388161208753
-2.0568678261556618e-9	0.0015521219769153785
-2.0832758478250835e-9	0.001567371079604454
-2.3585370727774446e-9	0.0015827464889825108
-2.363891945367236e-9	0.0015993919263685092
-2.0826508605020777e-9	0.0016154046899506196
-2.0530276960195606e-9	0.0016319279178962096
-2.04373620541487e-9	0.0016488240923593267
-2.039147085530768e-9	0.0016660844451349232
-2.0361861947204575e-9	0.0016837147258168966
-2.033937991108292e-9	0.001701724498407074
-2.0320476489088523e-9	0.001720124948193305
-2.0303526199694222e-9	0.0017389282441581419
-2.028797447589659e-9	0.0017581473155118595
-2.027346472610603e-9	0.0017777957644006454
-2.0260079304001976e-9	0.0017978878260830886
-2.0248392857802334e-9	0.00181843833741065
-2.0239299753810338e-9	0.0018394626815624257
-2.0235142104085835e-9	0.0018609766557865378
-2.024111214388169e-9	0.001882996127277603
-2.027078104510638e-9	0.0019055360442871028
-2.037022939799238e-9	0.001928607016509983
-2.0777070755317875e-9	0.0019521985681090891
-2.5066072189772192e-9	0.0019760997718376518
-2.5170658705997443e-9	0.002002105584989316
-2.07648598462562e-9	0.0020272517996181485
-2.029517444290807e-9	0.0020533330749011166
-2.014391116789138e-9	0.002080144307186378
-2.0066152391695625e-9	0.002107682119407403
-2.0013632352489096e-9	0.0021359665540462975
-1.9971943703178673e-9	0.002165024416542264
-1.9935489683431396e-9	0.0021948859157554725
-1.9901685415824044e-9	0.0022255837400587705
-1.9869650641601843e-9	0.0022571527867024798
-1.9838810244199312e-9	0.0022896301105788455
-1.980931158562793e-9	0.002323054953774594
-1.9782132078316473e-9	0.0023574687938190952
-1.975881644417088e-9	0.0023929153574279065
-1.974341987676098e-9	0.002429440507473805
-1.974501428758657e-9	0.002467091765318429
-1.9787430643625205e-9	0.0025059167005919442
-1.995188689285499e-9	0.0025459570143557264
-2.065854060817607e-9	0.002587218937398265
-2.824901440412475e-9	0.0026293542875866684
-2.8496938540678587e-9	0.002675584112429193
-2.062958281390248e-9	0.0027206715137273753
-1.9773706769032896e-9	0.0027678411452502823
-1.9485803697816273e-9	0.0028167673108289884
-1.93282382084381e-9	0.002867486232462025
-1.9214457487481963e-9	0.0029200797903826394
-1.9118482285640504e-9	0.002974646371106066
-1.9030097844818795e-9	0.003031295395535359
-1.8944493677175433e-9	0.0030901462380559202
-1.8859961245343282e-9	0.0031513283781591577
-1.8775328910591862e-9	0.003214982022927771
-1.8690797648213133e-9	0.0032812589635874355
-1.8608250459184462e-9	0.0033503235638400195
-1.8530834769381332e-9	0.0034223537871072873
-1.84670553975419e-9	0.003497542079921549
-1.8436431253376907e-9	0.0035760956027600984
-1.8491077836413352e-9	0.003658234110164441
-1.881036601875108e-9	0.003744178369325586
-2.0329273694719155e-9	0.0038340855156595755
-3.725669144627464e-9	0.003927332474143085
-3.809357982009765e-9	0.004031352552123853
-2.0231387978519866e-9	0.004134571507306092
-1.8206387302321937e-9	0.004244476579553576
-1.7464340367534527e-9	0.004360605243055221
-1.7009707580950552e-9	0.004483345732932664
-1.6643373759783754e-9	0.004613233119483501
-1.6304088786611715e-9	0.004750891206283741
-1.5966339133255404e-9	0.004897029111871895
-1.5616647544958174e-9	0.005052449521873417
-1.5248645758414448e-9	0.005218061935341655
-1.4856687005404547e-9	0.005394899729473193
-1.443835772751978e-9	0.005584141190833716
-1.3995821521728402e-9	0.005787135142845335
-1.3535230571681822e-9	0.006005432027547966
-1.3080483250327292e-9	0.006240821283012719
-1.2695121694272782e-9	0.006495375057202043
-1.2564196843423137e-9	0.006771494247492375
-1.3357778016920286e-9	0.0070719321631182
-1.8681398914810465e-9	0.007399626115892338
-8.463987699114384e-9	0.00775493419735751
-9.134127220766786e-9	0.008171210228446572
-1.7891652171808658e-9	0.008606677448387173
-8.410217537002662e-10	0.00909696116911171
-3.9564396441815756e-10	0.009647561240603546
-3.5012254084865195e-11	0.010269520672700223
3.354285739387564e-10	0.010977412117253277
7.57421421682114e-10	0.011790248319809588
1.2645567453617446e-9	0.01273316896024083
1.895915511068713e-9	0.013840074610575329
2.7034618999277618e-9	0.015157784590960115
3.766471226734903e-9	0.016752826151562896
5.20881558273012e-9	0.018723014752899413
7.2342012127468715e-9	0.021218289364431746
1.0203826018961859e-8	0.024480752331440564
1.4787776568891965e-8	0.028928301886362973
2.2327385840792414e-8	0.0353494591396073
3.5637733204213485e-8	0.04543074067317765
5.9271838843882876e-8	0.06354021885065897
4.4181399742743156e-8	0.1055245998375661
-1.0710927454164355e-5	0.303829571125943
-1.0710927454164355e-5	-0.303829571125943
4.4181399742743156e-8	-0.1055245998375661
5.9271838843882876e-8	-0.06354021885065897
3.5637733204213485e-8	-0.04543074067317765
2.2327385840792414e-8	-0.0353494591396073
1.4787776568891965e-8	-0.028928301886362973
1.0203826018961859e-8	-0.024480752331440564
7.2342012127468715e-9	-0.021218289364431746
5.20881558273012e-9	-0.018723014752899413
3.766471226734903e-9	-0.016752826151562896
2.7034618999277618e-9	-0.015157784590960115
1.895915511068713e-9	-0.013840074610575329
1.2645567453617446e-9	-0.01273316896024083
7.57421421682114e-10	-0.011790248319809588
3.354285739387564e-10	-0.010977412117253277
-3.5012254084865195e-11	-0.010269520672700223
-3.9564396441815756e-10	-0.009647561240603546
-8.410217537002662e-10	-0.00909696116911171
-1.7891652171808658e-9	-0.008606677448387173
-9.134127220766786e-9	-0.008171210228446572
-8.463987699114384e-9	-0.00775493419735751
-1.8681398914810465e-9	-0.007399626115892338
-1.3357778016920286e-9	-0.0070719321631182
-1.2564196843423137e-9	-0.006771494247492375
-1.2695121694272782e-9	-0.006495375057202043
-1.3080483250327292e-9	-0.006240821283012719
-1.3535230571681822e-9	-0.006005432027547966
-1.3995821521728402e-9	-0.005787135142845335
-1.443835772751978e-9	-0.005584141190833716
-1.4856687005404547e-9	-0.005394899729473193
-1.5248645758414448e-9	-0.005218061935341655
-1.5616647544958174e-9	-0.005052449521873417
-1.5966339133255404e-9	-0.004897029111871895
-1.6304088786611715e-9	-0.004750891206283741
-1.6643373759783754e-9	-0.004613233119483501
-1.7009707580950552e-9	-0.004483345732932664
-1.7464340367534527e-9	-0.004360605243055221
-1.8206387302321937e-9	-0.004244476579553576
-2.0231387978519866e-9	-0.004134571507306092
-3.809357982009765e-9	-0.004031352552123853
-3.725669144627464e-9	-0.003927332474143085
-2.0329273694719155e-9	-0.0038340855156595755
-1.881036601875108e-9	-0.003744178369325586
-1.8491077836413352e-9	-0.003658234110164441
-1.8436431253376907e-9	-0.0035760956027600984
-1.84670553975419e-9	-0.003497542079921549
-1.8530834769381332e-9	-0.0034223537871072873
-1.8608250459184462e-9	-0.0033503235638400195
-1.8690797648213133e-9	-0.0032812589635874355
-1.8775328910591862e-9	-0.003214982022927771
-1.8859961245343282e-9	-0.0031513283781591577
-1.8944493677175433e-9	-0.0030901462380559202
-1.9030097844818795e-9	-0.003031295395535359
-1.9118482285640504e-9	-0.002974646371106066
-1.9214457487481963e-9	-0.0029200797903826394
-1.93282382084381e-9	-0.002867486232462025
-1.9485803697816273e-9	-0.0028167673108289884
-1.9773706769032896e-9	-0.0027678411452502823
-2.062958281390248e-9	-0.0027206715137273753
-2.8496938540678587e-9	-0.002675584112429193
-2.824901440412475e-9	-0.0026293542875866684
-2.065854060817607e-9	-0.002587218937398265
-1.995188689285499e-9	-0.0025459570143557264
-1.9787430643625205e-9	-0.0025059167005919442
-1.974501428758657e-9	-0.002467091765318429
-1.974341987676098e-9	-0.002429440507473805
-1.975881644417088e-9	-0.0023929153574279065
-1.9782132078316473e-9	-0.0023574687938190952
-1.980931158562793e-9	-0.002323054953774594
-1.9838810244199312e-9	-0.0022896301105788455
-1.9869650641601843e-9	-0.0022571527867024798
-1.9901685415824044e-9	-0.0022255837400587705
-1.9935489683431396e-9	-0.0021948859157554725
-1.9971943703178673e-9	-0.002165024416542264
-2.0013632352489096e-9	-0.0021359665540462975
-2.0066152391695625e-9	-0.002107682119407403
-2.014391116789138e-9	-0.002080144307186378
-2.029517444290807e-9	-0.0020533330749011166
-2.07648598462562e-9	-0.0020272517996181485
-2.5170658705997443e-9	-0.002002105584989316
-2.5066072189772192e-9	-0.0019760997718376518
-2.0777070755317875e-9	-0.0019521985681090891
-2.037022939799238e-9	-0.001928607016509983
-2.027078104510638e-9	-0.0019055360442871028
-2.024111214388169e-9	-0.001882996127277603
-2.0235142104085835e-9	-0.0018609766557865378
-2.0239299753810338e-9	-0.0018394626815624257
-2.0248392857802334e-9	-0.00181843833741065
-2.0260079304001976e-9	-0.0017978878260830886
-2.027346472610603e-9	-0.0017777957644006454
-2.028797447589659e-9	-0.0017581473155118595
-2.0303526199694222e-9	-0.0017389282441581419
-2.0320476489088523e-9	-0.001720124948193305
-2.033937991108292e-9	-0.001701724498407074
-2.0361861947204575e-9	-0.0016837147258168966
-2.039147085530768e-9	-0.0016660844451349232
-2.04373620541487e-9	-0.0016488240923593267
-2.0530276960195606e-9	-0.0016319279178962096
-2.0826508605020777e-9	-0.0016154046899506196
-2.363891945367236e-9	-0.0015993919263685092
-2.3585370727774446e-9	-0.0015827464889825108
-2.0832758478250835e-9	-0.001567371079604454
-2.0568678261556618e-9	-0.0015521219769153785
-2.05022303955138e-9	-0.0015371388161208753
-2.0480845602965925e-9	-0.001522432695211111
-2.0474889448507395e-9	-0.0015080009388763345
-2.0475613231651925e-9	-0.001493837834601924
-2.047966469426177e-9	-0.0014799368393199068
-2.0485524889368724e-9	-0.0014662912292108272
-2.0492614541511857e-9	-0.001452894335695481
-2.050056157332225e-9	-0.0014397396448424615
-2.050931613706286e-9	-0.0014268208467546329
-2.05191253710435e-9	-0.0014141318694058762
-2.0530373518623526e-9	-0.0014016669182098068
-2.0544180371839806e-9	-0.0013894205481290874
-2.0562995144357553e-9	-0.001377387829787905
-2.0593151884351626e-9	-0.0013655648026075545
-2.065593383970832e-9	-0.0013539500078525205
-2.0859675803619473e-9	-0.0013425519330502213
-2.2809500461962175e-9	-0.0013314683901895982
-2.277851205789716e-9	-0.0013199074811547158
-2.0863291623984815e-9	-0.0013091927487951628
-2.067814777412247e-9	-0.0012985318222909958
-2.0630662777076926e-9	-0.0012880234678102616
-2.061465357405812e-9	-0.0012776771126999566
-2.0609467617227484e-9	-0.0012674925295247806
-2.060901024536488e-9	-0.0012574672966275098
-2.061093023830729e-9	-0.0012475983354884811
-2.06141728203435e-9	-0.0012378823666670071
-2.061833178051975e-9	-0.0012283160781223583
-2.0623146339160404e-9	-0.0012188961985090323
-2.06285844946974e-9	-0.001209619535650935
-2.06348293199099e-9	-0.0012004830043085488
-2.0642163279738225e-9	-0.0011914836583887688
-2.0651406607619105e-9	-0.0011826187470891118
-2.06643508167681e-9	-0.0011738858400469733
-2.0685635896522394e-9	-0.0011652831632996126
-2.0730869769503e-9	-0.001156810728734018
-2.0879543082996665e-9	-0.0011484758078327006
-2.231046920275759e-9	-0.0011403512789443118
-2.229095585937202e-9	-0.0011318561390562091
-2.0881819992435437e-9	-0.001123963853083543
-2.0744855506460435e-9	-0.0011160930690070558
-2.070924779346006e-9	-0.0011083171632209642
-2.069685520411646e-9	-0.001100643844329821
-2.0692474837880062e-9	-0.0010930736924622134
-2.069160595563613e-9	-0.0010856056424336465
-2.0692522448906294e-9	-0.0010782381149782977
-2.0694441081270387e-9	-0.0010709693533408424
-2.069706246066172e-9	-0.0010637975484899351
-2.0700194988898526e-9	-0.0010567208944816501
-2.070382411584193e-9	-0.00104973761826114
-2.0708076859499157e-9	-0.001042846001711347
-2.0713181949627568e-9	-0.0010360444072875772
-2.0719759423082353e-9	-0.001029331322041619
-2.072917955225906e-9	-0.0010227054545038836
-2.0744988891929774e-9	-0.0010161659929913225
-2.0779118485858562e-9	-0.0010097134715691908
-2.0892377249115415e-9	-0.0010033539631040176
-2.1987089109387628e-9	-0.000997143770354193
-2.1974016052417335e-9	-0.0009906384158437393
-2.0893902999308267e-9	-0.0009845838029365701
-2.0788487229306263e-9	-0.0009785351980383555
-2.0760801617947247e-9	-0.0009725491928775471
-2.0750945421976755e-9	-0.0009666320859859384
-2.0747252005182126e-9	-0.0009607847022625981
-2.07462700400618e-9	-0.0009550065920963281
-2.074667505080896e-9	-0.0009492968982174184
-2.0747864142078855e-9	-0.0009436546140664787
-2.0749608433290323e-9	-0.0009380786802933601
-2.075176118232491e-9	-0.0009325680277753053
-2.075430708009529e-9	-0.0009271216010944262
-2.075735818202196e-9	-0.0009217383761667245
-2.076108753423789e-9	-0.0009164173808259037
-2.0765986640636226e-9	-0.000911157729996256
-2.077313651782653e-9	-0.0009059587026586719
-2.0785333994355337e-9	-0.0009008199464025495
-2.081199833353642e-9	-0.0008957421622306454
-2.0901144472396107e-9	-0.0008907304189837582
-2.1765645923821356e-9	-0.0008858294787644333
-2.1756465123479174e-9	-0.0008806883067950445
-2.0902215326246146e-9	-0.0008758966329617657
-2.081857616698102e-9	-0.0008711032318655159
-2.0796437334935638e-9	-0.0008663530470572501
-2.078841847552582e-9	-0.0008616512735566915
-2.078528609622543e-9	-0.0008569987734409534
-2.078431138835546e-9	-0.0008523953944409316
-2.0784442785748424e-9	-0.0008478406552606322
-2.078520183596e-9	-0.0008433339500368752
-2.0786412197215667e-9	-0.000838874624879985
-2.0787954033929523e-9	-0.0008344620121615551
-2.078981831382665e-9	-0.0008300954493866773
-2.079209366839807e-9	-0.0008257742935075839
-2.0794922494959957e-9	-0.0008214979377108881
-2.079870205334844e-9	-0.0008172658400655662
-2.0804306338884083e-9	-0.0008130775860494153
-2.0813999503266344e-9	-0.0008089330544557209
-2.083540443342802e-9	-0.0008048329724259281
-2.0907396763525376e-9	-0.00080078160114787
-2.160739904932818e-9	-0.0007968153604498439
-2.1600705960689306e-9	-0.0007926499762022398
-2.090817892291819e-9	-0.0007887633894815562
-2.0840200022798074e-9	-0.0007848711815940636
-2.0822092808348015e-9	-0.0007810098934345366
-2.0815443607102857e-9	-0.0007771838613375666
-2.0812766384714633e-9	-0.0007733939073734162
-2.0811844303247897e-9	-0.0007696400280520915
-2.0811825953037657e-9	-0.0007659219496834033
-2.0812321259500166e-9	-0.0007622392941610475
-2.0813188420232277e-9	-0.0007585916411155187
-2.08143293123908e-9	-0.0007549785558429857
-2.081574038559353e-9	-0.0007513996047653358
-2.0817491850289027e-9	-0.0007478543672423473
-2.0819702592211887e-9	-0.0007443424494833772
-2.0822700799449925e-9	-0.0007408635082901766
-2.082720774265745e-9	-0.0007374173028229445
-2.0835091942172926e-9	-0.0007340038318340449
-2.0852655984504587e-9	-0.000730623792600809
-2.0912012325569053e-9	-0.0007272808013225797
-2.1490405222257537e-9	-0.0007240050589189068
-2.148537370572079e-9	-0.0007205616449286425
-2.0912600545930362e-9	-0.0007173457470465293
-2.0856258688584097e-9	-0.0007141223330857967
-2.0841174436181387e-9	-0.0007109216886948047
-2.0835573394661913e-9	-0.0007077474771769876
-2.0833265281627877e-9	-0.0007046004546369885
-2.083240897027272e-9	-0.0007014806926219948
-2.083230672872416e-9	-0.0006983880372768632
-2.083263706847971e-9	-0.0006953222464633079
-2.083327326007911e-9	-0.0006922830412142922
-2.08341438386328e-9	-0.0006892701289053631
-2.0835238090044506e-9	-0.0006862832161340732
-2.0836623476183648e-9	-0.0006833220186142
-2.0838394032662855e-9	-0.0006803862728750547
-2.084082635622764e-9	-0.0006774757562429954
-2.0844527136409943e-9	-0.000674590330386999
-2.0851067654426016e-9	-0.0006717300567109412
-2.0865734686681405e-9	-0.0006688955821531778
-2.091551736510544e-9	-0.0006660900056284445
-2.1401469946891185e-9	-0.0006633387716759453
-2.1397601248640542e-9	-0.000660444473831177
-2.091596940756446e-9	-0.0006577393349817142
-2.0868510570148936e-9	-0.0006550258607825025
-2.0855749749248976e-9	-0.000652329557386306
-2.0850970833818928e-9	-0.0006496535545108649
-2.0848959598751548e-9	-0.0006469985370929323
-2.0848177935850476e-9	-0.0006443646134480379
-2.0848030313380673e-9	-0.0006417517012333337
-2.0848246876592483e-9	-0.0006391596427384304
-2.084872651769709e-9	-0.0006365882481779841
-2.084940288143988e-9	-0.000634037315216654
-2.0850273106720607e-9	-0.000631506639856197
-2.0851389522569265e-9	-0.0006289960248362326
-2.0852836171925127e-9	-0.0006265052896009613
-2.085484739033916e-9	-0.0006240342873390171
-2.0857939695084762e-9	-0.0006215829421164332
-2.0863451427100002e-9	-0.0006191513472537601
-2.0875886591498197e-9	-0.0006167400941930398
-2.0918240189515825e-9	-0.0006143518634441316
-2.1332302420740134e-9	-0.0006120083822440163
-2.132925701492372e-9	-0.000609541424891786
-2.091859557828979e-9	-0.0006072341984718274
-2.0878068713148234e-9	-0.000604918407046678
-2.0867134765178988e-9	-0.0006026158240808345
-2.0863007549387637e-9	-0.0006003291509589741
-2.0861244465597562e-9	-0.000598059004534827
-2.0860531396937887e-9	-0.0005958055094245239
-2.08603591422829e-9	-0.0005935686269970938
-2.0860498338381996e-9	-0.0005913482536650057
-2.0860869246353e-9	-0.0005891442578117679
-2.0861405763294982e-9	-0.0005869564964632183
-2.086211345908584e-9	-0.0005847848246093256
-2.0863026142015076e-9	-0.0005826291024208145
-2.086422886149464e-9	-0.0005804892038364392
-2.0865917328583007e-9	-0.000578365031264692
-2.0868538055385243e-9	-0.0005762565476194638
-2.087324736960161e-9	-0.0005741638611875159
-2.0883923978198828e-9	-0.0005720875093115674
-2.0920397533319423e-9	-0.0005700298307198292
-2.127744213709093e-9	-0.0005680095933208737
-2.1275002930698507e-9	-0.0005658817168326807
-2.092068261855262e-9	-0.0005638905068595897
-2.0885672149639768e-9	-0.000561890826175425
-2.087619580781741e-9	-0.000559901478282296
-2.0872596457111037e-9	-0.0005579248164925198
-2.087103971831761e-9	-0.0005559613956530228
-2.0870388092120163e-9	-0.0005540113455510273
-2.0870206126344384e-9	-0.0005520746546932142
-2.087029525310591e-9	-0.0005501512551004978
-2.0870580115905923e-9	-0.0005482410541755086
-2.0871014438816895e-9	-0.000546343949105322
-2.0871592844529107e-9	-0.0005444598349266788
-2.087235782172181e-9	-0.0005425886107919946
-2.0873371269214403e-9	-0.0005407301874448596
-2.0874809501192362e-9	-0.0005388845000293587
-2.0877060265100943e-9	-0.000537051536012007
-2.0881128402538973e-9	-0.0005352314091439446
-2.0890396817241363e-9	-0.0005334246066880368
-2.0922137316636836e-9	-0.0005316331853660429
-2.123319988611705e-9	-0.0005298735193689596
-2.1231208259919755e-9	-0.0005280191954299792
-2.092236703532535e-9	-0.0005262831296784119
-2.0891817995805084e-9	-0.0005245388620802666
-2.088352328288856e-9	-0.0005228027948379062
-2.0880357152641694e-9	-0.0005210769951331924
-2.0878972161908484e-9	-0.0005193619625973196
-2.0878380501687667e-9	-0.0005176578261308267
-2.087819521956469e-9	-0.0005159645912059122
-2.0878248368605414e-9	-0.000514282213769788
-2.0878472140939408e-9	-0.0005126106280259029
-2.0878827074077846e-9	-0.000510949758999218
-2.087931075517302e-9	-0.0005092995295844062
-2.087995653943242e-9	-0.0005076598660349346
-2.0880821195334855e-9	-0.0005060307045290532
-2.088205933314935e-9	-0.0005044120024291412
-2.0883997550458223e-9	-0.0005028037628366863
-2.0887562759086544e-9	-0.000501206099617178
-2.0895683211064056e-9	-0.0004996194548077453
-2.092355772193022e-9	-0.0004980456501793581
-2.119700335501129e-9	-0.000496499096672755
-2.119536961964208e-9	-0.0004948686549569659
-2.0923748419887646e-9	-0.0004933415473547466
-2.089685334605296e-9	-0.0004918065956903212
-2.0889537259649594e-9	-0.0004902782333553765
-2.088673058153745e-9	-0.0004887582898010102
-2.088549027706721e-9	-0.0004872472159922393
-2.0884946687504957e-9	-0.00048574513671192866
-2.0884765091211402e-9	-0.0004842520680078004
-2.0884792352626747e-9	-0.00048276798217759397
-2.088497025465319e-9	-0.00048129283220503505
-2.0885265903380914e-9	-0.00047982656281765276
-2.088567481622894e-9	-0.00047836911669805836
-2.088622795987094e-9	-0.000476920439332624
-2.088697198465717e-9	-0.00047548048482273417
-2.088804887440121e-9	-0.0004740492258598445
-2.0889759508535556e-9	-0.00047262667548579574
-2.089288413664736e-9	-0.00047121294472801076
-2.09000568004436e-9	-0.000469808435252095
-2.0924735464666887e-9	-0.00046841477129588047
-2.1167012960510157e-9	-0.00046704473386653157
-2.116565145660054e-9	-0.0004655998398167247
-2.0924894516549666e-9	-0.0004642460144877446
-2.0901035184095476e-9	-0.0004628847421302576
-2.089452989378904e-9	-0.0004615288220354018
-2.0892025229646284e-9	-0.0004601798841919389
-2.0890910404414154e-9	-0.00045883833684594484
-2.089041107433687e-9	-0.0004575042990357439
-2.089023121576439e-9	-0.0004561777932943726
-2.0890242012960857e-9	-0.00045485880324144833
-2.0890386865535237e-9	-0.00045354729524684097
-2.08906366359618e-9	-0.00045224322823505744
-2.089098161017766e-9	-0.00045094655920106607
-2.089145020761629e-9	-0.0004496572475236198
-2.089210794908869e-9	-0.0004483752601472983
-2.089305364405547e-9	-0.0004471005804772103
-2.089456251541666e-9	-0.00044583322780067543
-2.0897336045544448e-9	-0.0004445733087209667
-2.0903720523379742e-9	-0.00044332118907967807
-2.092571927625464e-9	-0.00044207832562142733
-2.1141889648967906e-9	-0.0004408561314727889
-2.1140740485092737e-9	-0.00043956672776573983
-2.0925854381681486e-9	-0.00043835819096991406
-2.0904543404365316e-9	-0.0004371426145995364
-2.0898721894424546e-9	-0.0004359314268780949
-2.089647266662054e-9	-0.0004347260889354829
-2.089546174988133e-9	-0.000433526971544874
-2.089500525914723e-9	-0.000432334187290946
-2.0894833648754664e-9	-0.00043114776253653153
-2.0894829448780962e-9	-0.00042996768881943927
-2.0894945564176036e-9	-0.0004287939421882457
-2.0895155947664447e-9	-0.0004276264919576262
-2.0895454919289683e-9	-0.000426465305639079
-2.0895870955439656e-9	-0.00042531035280285787
-2.0896440974194077e-9	-0.00042416160972433617
-2.0897275521680747e-9	-0.000423019067372411
-2.089862156845479e-9	-0.00042188274884520833
-2.0901096520031806e-9	-0.0004207527555564262
-2.090681709759901e-9	-0.0004196294216148603
-2.092655615354433e-9	-0.0004185140606247629
-2.1120635009141964e-9	-0.00041741692666722916
-2.1119654139978294e-9	-0.0004162591140489771
-2.0926668149456873e-9	-0.0004151735924709036
-2.0907516290469275e-9	-0.0004140814326472961
-2.0902276515633033e-9	-0.0004129929012746183
-2.0900242480803577e-9	-0.00041190931535628694
-2.089932439430786e-9	-0.00041083101275329734
-2.0898904904198546e-9	-0.00040975809941424775
-2.0898739432451132e-9	-0.0004086906037908579
-2.089872807253812e-9	-0.00040762852299346754
-2.0898822113035733e-9	-0.00040657184015525005
-2.089899995305622e-9	-0.000405520532298132
-2.0899260754103643e-9	-0.0004044745747674223
-2.0899625475856443e-9	-0.0004034339447101179
-2.0900130633771943e-9	-0.00040239862526419615
-2.0900876598728413e-9	-0.00040136861277342785
-2.090207792765364e-9	-0.0004003439325260904
-2.0904303969226936e-9	-0.00039932468046307705
-2.090945618599127e-9	-0.00039831116257698165
-2.09272646005676e-9	-0.00039730456925863563
-2.110248422038108e-9	-0.0003963141639916345
-2.1101647856625053e-9	-0.0003952687013435996
-2.092736401509976e-9	-0.00039428825219267675
-2.0910062292378575e-9	-0.00039330155079758054
-2.090531453002864e-9	-0.00039231787129781573
-2.090346918837138e-9	-0.0003913384067562596
-2.090263035370299e-9	-0.0003903634660597466
-2.090224214501557e-9	-0.0003893931486339536
-2.090208748040112e-9	-0.00038842748387350783
-2.0902066940331477e-9	-0.0003874664728206074
-2.090214426903048e-9	-0.00038651010384664007
-2.090229819984302e-9	-0.00038555835975919334
-2.090252405023696e-9	-0.0003846112218091991
-2.090284615269278e-9	-0.0003836686728421043
-2.090329693849036e-9	-0.00038273070109549277
-2.0903966665319907e-9	-0.00038179730674316046
-2.090504959095796e-9	-0.0003808685161811737
-2.0907058511210332e-9	-0.00037994441987474403
-2.0911725970129693e-9	-0.00037902529887047677
-2.0927876524301506e-9	-0.0003781122367853965
-2.1086872008857504e-9	-0.00037721364387010073
-2.1086148588755906e-9	-0.0003762648662481296
-2.092796111125006e-9	-0.0003753748737557807
-2.0912243026194323e-9	-0.0003744789949146132
-2.0907931511604527e-9	-0.0003735856490596474
-2.09062507233182e-9	-0.0003726959219360455
-2.090548309763296e-9	-0.00037181009685093345
-2.090512224872665e-9	-0.000370928266980415
-2.090496956724808e-9	-0.000370050461905415
-2.0904948329680817e-9	-0.0003691766854428132
-2.09050170363323e-9	-0.0003683069298665276
-2.0905145421190597e-9	-0.0003674411823705991
-2.090534549131773e-9	-0.00036657942870655297
-2.0905633227596976e-9	-0.00036572165604915224
-2.0906038601109514e-9	-0.00036486785645564626
-2.090663766729506e-9	-0.0003640180328311097
-2.090761968354116e-9	-0.0003631722119507038
-2.0909446578454285e-9	-0.00036233047896484495
-2.09136930283127e-9	-0.00036149309273729967
-2.0928405080222757e-9	-0.0003606610437873929
-2.107334062106947e-9	-0.00035984200225210516
-2.1072711398284485e-9	-0.0003589770270644471
-2.092848032170247e-9	-0.0003581654656276782
-2.091414212562759e-9	-0.00035734836151909744
-2.0910203694546327e-9	-0.00035653339268759145
-2.090866521481383e-9	-0.00035572155136760146
-2.0907955581350724e-9	-0.0003549130982082939
-2.0907630536082244e-9	-0.000354108120492049
-2.0907483349263956e-9	-0.00035330664749235976
-2.0907446993900792e-9	-0.00035250868496541964
-2.0907505432488093e-9	-0.000351714228116383
-2.0907623914490083e-9	-0.0003509232674967761
-2.0907802522451834e-9	-0.00035013579231653184
-2.0908058290636245e-9	-0.00034935179306854673
-2.0908418624510096e-9	-0.00034857126469062293
-2.0908965381427613e-9	-0.00034779421202624076
-2.0909856831452524e-9	-0.0003470206617433172
-2.0911524779287927e-9	-0.00034625069392589194
-2.091540475063214e-9	-0.0003454845476615843
-2.092886774723857e-9	-0.0003447231318313737
-2.1061537984756742e-9	-0.00034397347045484155
-2.106098813658974e-9	-0.00034318160607150247
-2.0928934191588588e-9	-0.0003424384908950739
-2.091580122848269e-9	-0.0003416901539924024
-2.091218885447166e-9	-0.00034094362615041425
-2.091077281668463e-9	-0.0003401998176482525
-2.091012157401373e-9	-0.0003394589689971306
-2.0909811099589784e-9	-0.00033872116197405683
-2.090967619750028e-9	-0.00033798642522847437
-2.0909648880906852e-9	-0.0003372547658539697
-2.0909689008419275e-9	-0.0003365261812699247
-2.090979300045648e-9	-0.00033580066461007095
-2.0909949789482687e-9	-0.0003350782077677122
-2.09101794568789e-9	-0.000334358803798588
-2.0910510112381875e-9	-0.0003336424498228783
-2.09110071557328e-9	-0.0003329291520453651
-2.0911821391245143e-9	-0.00033221893670653364
-2.091334641768361e-9	-0.00033151187911394667
-2.0916908037960093e-9	-0.00033080820067530074
-2.0929274078651527e-9	-0.00033010873830505703
-2.1051183342502e-9	-0.0003294199486483105
-2.10506963802537e-9	-0.00032869224767931765
-2.092933102870731e-9	-0.00032800921953196784
-2.0917251555507834e-9	-0.00032732126829519335
-2.0913933094390824e-9	-0.00032663485651916795
-2.091262703401986e-9	-0.00032595082226683967
-2.091201872012061e-9	-0.0003252693880934671
-2.091173343687913e-9	-0.00032459063066307654
-2.0911605564777335e-9	-0.00032391457779980964
-2.0911572526982615e-9	-0.00032324123750241166
-2.0911608809293104e-9	-0.0003225706088619679
-2.0911702728887427e-9	-0.0003219026870180908
-2.0911841775161923e-9	-0.00032123746595717317
-2.0912053406374475e-9	-0.0003205749407250406
-2.09123508745912e-9	-0.0003199151101029194
-2.0912804568617994e-9	-0.0003192579812344768
-2.0913550205725606e-9	-0.00031860357972428966
-2.0914953727468876e-9	-0.00031795197641030257
-2.0918233487932094e-9	-0.0003173033768484762
-2.092963132943604e-9	-0.00031665855420207387
-2.1042044079711e-9	-0.0003160234642005945
-2.1041616257377884e-9	-0.00031535238178052486
-2.0929681903203435e-9	-0.0003147223891573765
-2.09185397502254e-9	-0.00031408775073308383
-2.0915471872273716e-9	-0.0003134544274183228
-2.0914262075899526e-9	-0.0003128231933303221
-2.091370295331796e-9	-0.0003121942549582073
-2.091343085536268e-9	-0.00031156768423494204
-2.091331078957204e-9	-0.00031094350804202327
-2.0913279292822386e-9	-0.00031032173496405274
-2.091330824788296e-9	-0.0003097023653588176
-2.0913388108889654e-9	-0.0003090853959289054
-2.091351584992962e-9	-0.0003084708223043579
-2.0913705683356376e-9	-0.0003078586410857447
-2.0913981126802208e-9	-0.00030724885232041686
-2.0914395837678955e-9	-0.0003066414637779934
-2.091508244456142e-9	-0.00030603650029822763
-2.091637809759073e-9	-0.00030543402855616713
-2.0919407639596877e-9	-0.0003048342398535297
-2.092994193608755e-9	-0.0003042378506212764
-2.103394184926888e-9	-0.00030365037215397255
-2.10335618147095e-9	-0.0003030295015222356
-2.0929993746199307e-9	-0.0003024465545712933
-2.091968059503291e-9	-0.0003018592189887391
-2.0916836795392693e-9	-0.00030127301064278826
-2.0915717329705877e-9	-0.0003006886467647753
-2.091519739805259e-9	-0.0003001063194182281
-2.0914941496086305e-9	-0.0002995260961716999
-2.091482696858771e-9	-0.00029894800289964336
-2.091479331312041e-9	-0.000298372048540095
-2.091481804705753e-9	-0.0002977982344085401
-2.091488748107162e-9	-0.00029722655843130314
-2.091500578077499e-9	-0.00029665701753574697
-2.0915178419456116e-9	-0.00029608960954120937
-2.0915429652601515e-9	-0.00029552433545891805
-2.09158118182895e-9	-0.00029496120345602936
-2.09164467330214e-9	-0.00029440023753070935
-2.0917645684626064e-9	-0.00029384150049181074
-2.09204527514828e-9	-0.00029328517078639334
-2.0930232852156563e-9	-0.00029273191414569514
-2.102672538828454e-9	-0.00029218684573572
-2.1026380313649007e-9	-0.00029161071145886256
-2.09302697430358e-9	-0.00029106968944636277
-2.092069654302531e-9	-0.0002905245172103298
-2.0918057987873164e-9	-0.00028998031397402295
-2.0917012221455255e-9	-0.00028943774614369097
-2.091652727592708e-9	-0.00028889699279532796
-2.0916287179817416e-9	-0.00028835811747018165
-2.0916178990249e-9	-0.00028782114501180503
-2.0916145011373735e-9	-0.00028728608453890895
-2.0916166282858307e-9	-0.00028675293809127684
-2.0916231029288745e-9	-0.0002862217045552382
-2.0916335556731004e-9	-0.00028569238188384
-2.0916493152167704e-9	-0.00028516496885792685
-2.0916725624597898e-9	-0.0002846394672196426
-2.0917077894200276e-9	-0.00028411588536394724
-2.091766661149741e-9	-0.00028359424640816576
-2.09187794891208e-9	-0.0002830746095775892
-2.092139010245742e-9	-0.0002825571416930261
-2.0930483522196844e-9	-0.0002820424629991322
-2.1020266054883055e-9	-0.0002815353340878337
-2.10199599700589e-9	-0.0002809992287772609
-2.093051892831932e-9	-0.00028049572798612604
-2.0921608405888305e-9	-0.00027998829799942353
-2.0919151266896033e-9	-0.0002794817030236288
-2.0918172389694513e-9	-0.0002789765638827166
-2.0917718118185215e-9	-0.00027847304791488815
-2.091749491056616e-9	-0.0002779712149506171
-2.0917390145147596e-9	-0.00027747108880300163
-2.0917357372085555e-9	-0.00027697267864681973
-2.0917375084528177e-9	-0.0002764759870627461
-2.091743236004584e-9	-0.000275981013692922
-2.0917527423391925e-9	-0.0002754877573066075
-2.091767490564056e-9	-0.0002749962174410563
-2.091788569524855e-9	-0.0002745063963911943
-2.0918211228293518e-9	-0.00027401830265388964
-2.0918759488786078e-9	-0.0002735319584522749
-2.0919797737051215e-9	-0.00027304741969348255
-2.0922229671871407e-9	-0.0002725648426530849
-2.093071121905821e-9	-0.0002720848066156644
-2.1014462002977296e-9	-0.00027161175354238013
-2.1014190494272888e-9	-0.0002711116077621982
-2.093074278758378e-9	-0.00027064182024600937
-2.092242606333006e-9	-0.00027016830853402905
-2.092012789267628e-9	-0.00026969551782549003
-2.09192175900097e-9	-0.00026922402789566395
-2.091878714310935e-9	-0.00026875399545698094
-2.0918579278439433e-9	-0.0002682854769185981
-2.0918480739207102e-9	-0.0002678184950776565
-2.0918448591700225e-9	-0.0002673530590739099
-2.0918462855845643e-9	-0.0002668891718898459
-2.091851392183042e-9	-0.00026642683376063177
-2.0918603827524417e-9	-0.0002659660441064421
-2.0918736627684175e-9	-0.00026550680306128104
-2.0918933942182252e-9	-0.00026504911333445825
-2.0919239898054e-9	-0.0002645929834297884
-2.09197446935927e-9	-0.00026413843468534406
-2.0920713128536052e-9	-0.00026368551992999917
-2.0922985602467303e-9	-0.00026323438585402396
-2.093091327781682e-9	-0.0002627855747291847
-2.1009234560942504e-9	-0.000262343241134359
-2.1008986699211363e-9	-0.0002618755188764553
-2.093094275867902e-9	-0.000261436135013775
-2.092316346025136e-9	-0.0002609932172141573
-2.0921012064967214e-9	-0.0002605509229675567
-2.0920159084947267e-9	-0.0002601097949690013
-2.0919760178872427e-9	-0.0002596699802748357
-2.091955891325714e-9	-0.0002592315321325056
-2.091946566395997e-9	-0.0002587944723587366
-2.0919432244748126e-9	-0.00025835880998867486
-2.0919445499090196e-9	-0.0002579245482978254
-2.0919491924786818e-9	-0.0002574916879891699
-2.0919572652711163e-9	-0.00025706022900014495
-2.0919697347521195e-9	-0.00025663017193582353
-2.0919877307068456e-9	-0.00025620151981130225
-2.0920162365878347e-9	-0.0002557742810706357
-2.092063903541552e-9	-0.00025534847618041695
-2.092154450500372e-9	-0.00025492415512152523
-2.0923671869566007e-9	-0.0002545014558443338
-2.0931099103227438e-9	-0.000254080887066962
-2.100450341857574e-9	-0.0002536663432801722
-2.1004279420311357e-9	-0.0002532279573413791
-2.0931126189671634e-9	-0.0002528160869055177
-2.0923830591101925e-9	-0.0002524008592585075
-2.092181344759414e-9	-0.0002519861715199016
-2.0921016964936533e-9	-0.00025157253277376806
-2.092063516273557e-9	-0.00025116008128047535
-2.0920446771599543e-9	-0.0002507488673704126
-2.0920356942844e-9	-0.00025033891191194625
-2.092032486283868e-9	-0.0002499302237899706
-2.092033529882409e-9	-0.0002495228064876345
-2.092037738665731e-9	-0.00024911666107452674
-2.0920453400130603e-9	-0.0002487117879011071
-2.0920580514005583e-9	-0.00024830818794084863
-2.092073833365182e-9	-0.0002479058644362211
-2.0921000874141172e-9	-0.00024750482571373367
-2.0921447477173505e-9	-0.0002471050913986311
-2.0922293734404462e-9	-0.0002467067088304388
-2.0924290767387888e-9	-0.0002463098079724192
-2.0931267357415796e-9	-0.00024591486703235636
-2.100020847284334e-9	-0.0002455255443610595
-2.1000001148463454e-9	-0.00024511378733091746
-2.0931290801939894e-9	-0.0002447268951002145
-2.092443870610472e-9	-0.00024433680997367396
-2.0922539575918278e-9	-0.00024394719268140813
-2.0921786955285794e-9	-0.00024355852174997802
-2.09214307728689e-9	-0.00024317092740546987
-2.092125313135629e-9	-0.00024278445728293045
-2.092116751906126e-9	-0.0002423991313413141
-2.0921137022011926e-9	-0.0002420149582824006
-2.0921143975560774e-9	-0.0002416319417303786
-2.092118200935911e-9	-0.00024125008304139164
-2.092125067904016e-9	-0.00024086938289439718
-2.092135804776518e-9	-0.00024048984255516906
-2.0921514585048317e-9	-0.00024011146541567623
-2.0921766815229506e-9	-0.00023973425966189243
-2.0922181098392835e-9	-0.0002393582441018254
-2.0922980562054772e-9	-0.00023898346362540696
-2.0924859492787995e-9	-0.00023861004088067026
-2.0931419655589868e-9	-0.00023823842625151406
-2.0996295499342565e-9	-0.00023787206304454723
-2.0996112192639416e-9	-0.00023748455064869197
-2.093144132242486e-9	-0.00023712040352811035
-2.0924991045112587e-9	-0.0002367532164471808
-2.092320458374486e-9	-0.0002363864348729289
-2.0922494298636354e-9	-0.00023602050947058863
-2.092215628901606e-9	-0.00023565556311000693
-2.0921988543864957e-9	-0.0002352916409320781
-2.092190709218622e-9	-0.00023492876202899386
-2.0921876070556513e-9	-0.0002345669348949326
-2.092188116636917e-9	-0.00023420616324438544
-2.0921916912663985e-9	-0.0002338464486557676
-2.0921979512811274e-9	-0.00023348779206870326
-2.0922079125351714e-9	-0.00023313019497536982
-2.0922229846842556e-9	-0.00023277366087142977
-2.0922462291961265e-9	-0.0002324181977688634
-2.092285387139681e-9	-0.00023206382369625277
-2.0923604571509993e-9	-0.00023171058126852386
-2.092537261050298e-9	-0.00023135858641604954
-2.093155130744595e-9	-0.00023100826408387648
-2.0992728650748307e-9	-0.0002306628611907255
-2.0992556923005168e-9	-0.00023029748547738458
-2.0931579129301883e-9	-0.0002299541087958716
-2.0925500682611455e-9	-0.00022960783465365226
-2.092380909352043e-9	-0.00022926191194048566
-2.092313978718785e-9	-0.00022891676584719934
-2.0922818616875284e-9	-0.00022857251249447534
-2.0922661373046217e-9	-0.00022822919471232042
-2.0922583271520967e-9	-0.00022788683076663434
-2.0922555723890125e-9	-0.0002275454289309921
-2.092256008739968e-9	-0.00022720499296880503
-2.0922586901783725e-9	-0.00022686552463023043
-2.0922654448751744e-9	-0.0002265270250602623
-2.0922745210261164e-9	-0.00022618949592552023
-2.092288229915695e-9	-0.00022585294078414237
-2.0923097722613805e-9	-0.00022551736745846971
-2.0923469426614715e-9	-0.00022518279322990693
-2.0924169486014055e-9	-0.0002248492586010591
-2.0925847815822518e-9	-0.00022451687332299792
-2.0931688953396146e-9	-0.0002241860390156345
-2.098946209794228e-9	-0.00022385982277684416
-2.0989304140961453e-9	-0.00022351471321724006
-2.0931707011451194e-9	-0.0002231903543957955
-2.0925957541773066e-9	-0.00022286323104220483
-2.0924363399676962e-9	-0.00022253641205254162
-2.0923729171784535e-9	-0.0002222102992669067
-2.0923426704122506e-9	-0.0002218850025989564
-2.092327394059845e-9	-0.00022156056273435755
-2.0923199127331763e-9	-0.0002212369971553601
-2.0923170096887044e-9	-0.00022091431390522476
-2.0923174377240893e-9	-0.00022059251676748875
-2.0923206092260395e-9	-0.0002202716076184323
-2.0923257925797857e-9	-0.0002199515877659422
-2.0923346679468937e-9	-0.00021963245901120062
-2.0923476315160005e-9	-0.0002193142249411026
-2.0923684470985914e-9	-0.0002189968931775415
-2.0924031073177307e-9	-0.00021868048028987014
-2.0924699325797214e-9	-0.00021836502481564632
-2.0926277542410168e-9	-0.0002180506308048511
-2.0931803684065555e-9	-0.00021773767845017282
-2.098646100900936e-9	-0.0002174290697749358
-2.098631771052517e-9	-0.00021710256075211577
-2.0931819681324626e-9	-0.00021679565893669578
-2.0926381751273926e-9	-0.00021648611673161022
-2.092487147881128e-9	-0.00021617683781036825
-2.0924269329924973e-9	-0.00021586820255818821
-2.092398500874726e-9	-0.00021556031516723986
-2.0923840624575975e-9	-0.00021525321433145717
-2.0923760802038505e-9	-0.00021494691679201395
-2.0923736401889938e-9	-0.00021464143035502465
-2.0923742362066735e-9	-0.00021433675880024256
-2.0923770603975545e-9	-0.0002140329040983268
-2.0923819353591e-9	-0.00021372986768319758
-2.0923901855041115e-9	-0.00021342765145492335
-2.0924026452096014e-9	-0.00021312625900623213
-2.092422095040236e-9	-0.00021282569775151969
-2.0924551169199113e-9	-0.00021252598358208798
-2.092518431451307e-9	-0.00021222715320617672
-2.0926672285093153e-9	-0.00021192930540910924
-2.0931915156174875e-9	-0.00021163280064396864
-2.0983701555898907e-9	-0.00021134038904502923
-2.0983568685184472e-9	-0.00021103099254257774
-2.09319286268439e-9	-0.00021074015308307145
-2.0926770098739223e-9	-0.00021044678930675996
-2.0925341054633953e-9	-0.0002101536528631237
-2.092476998072357e-9	-0.00020986110437860598
-2.0924494926188866e-9	-0.00020956924275970473
-2.092435902328882e-9	-0.0002092781048498884
-2.092429085387426e-9	-0.00020898770668747373
-2.0924271331046465e-9	-0.00020869805584402764
-2.092426706984396e-9	-0.00020840915607064423
-2.0924290066726138e-9	-0.0002081210094090643
-2.0924339626027245e-9	-0.00020783361738922466
-2.092441196482886e-9	-0.0002075469819832177
-2.0924532110666583e-9	-0.00020726110676954327
-2.09247154027703e-9	-0.00020697599895219514
-2.092502598055601e-9	-0.00020669167377901072
-2.092562588490443e-9	-0.0002064081662511023
-2.09270411030138e-9	-0.00020612557028082352
-2.093201083974705e-9	-0.00020584422810340653
-2.098115802584566e-9	-0.00020556674977822593
-2.098103707548482e-9	-0.00020527313232327922
-2.093202564623642e-9	-0.00020499710522519537
-2.0927130791381642e-9	-0.00020471866246526586
-2.092578372825393e-9	-0.00020444041549732677
-2.0925228072343763e-9	-0.00020416270670877635
-2.09249732925354e-9	-0.00020388563012195418
-2.0924843062930523e-9	-0.00020360922085052433
-2.0924775236907946e-9	-0.00020333349427096922
-2.092474686166135e-9	-0.00020305845771947012
-2.0924751920559095e-9	-0.00020278411490801048
-2.0924773464825466e-9	-0.00020251046792447777
-2.092481875343166e-9	-0.00020223751837109366
-2.0924888532503075e-9	-0.00020196526827079506
-2.092499930761438e-9	-0.0002016937211722874
-2.09251754109685e-9	-0.00020142288406865908
-2.0925468754928735e-9	-0.0002011527715966374
-2.092603646619562e-9	-0.00020088341716505918
-2.0927384593250054e-9	-0.000200614910167186
-2.0932100315840252e-9	-0.00020034757598728345
-2.0978808391136638e-9	-0.00020008389523348762
-2.0978695121742773e-9	-0.00019980485834055563
-2.093211703890763e-9	-0.00019954251998650173
-2.092746778115107e-9	-0.0001992778677939757
-2.092617251259199e-9	-0.00019901338365862248
-2.092565750627662e-9	-0.00019874939310432296
-2.0925411980676766e-9	-0.00019848598561590747
-2.0925283941319873e-9	-0.00019822319470270448
-2.0925217890821468e-9	-0.00019796103510983574
-2.0925194161747207e-9	-0.0001976995139437757
-2.092519654001146e-9	-0.00019743863486555198
-2.092521701230199e-9	-0.0001971783999914536
-2.092525834851422e-9	-0.00019691881097722816
-2.092532770758826e-9	-0.00019665986987837624
-2.092543140874703e-9	-0.00019640158020197752
-2.0925595373588736e-9	-0.0001961439487317823
-2.0925878584987512e-9	-0.00019588698952525307
-2.092641915180105e-9	-0.000195630734502859
-2.0927699249329024e-9	-0.00019537526885949263
-2.093218801146879e-9	-0.0001951209023649775
-2.0976631914138013e-9	-0.00019486999575027785
-2.0976527140836864e-9	-0.00019460445926233465
-2.0932202100809593e-9	-0.00019435479683042802
-2.092777251289091e-9	-0.0001941029160932743
-2.0926543110144636e-9	-0.00019385117897427205
-2.0926050407932274e-9	-0.00019359989536705096
-2.092581233187341e-9	-0.00019334915054814705
-2.092569802475408e-9	-0.00019309897652410588
-2.0925635475232963e-9	-0.00019284938744617577
-2.0925611510069774e-9	-0.000192600390194241
-2.0925609197364193e-9	-0.00019235198837073348
-2.092563210936982e-9	-0.00019210418410617024
-2.0925667171434184e-9	-0.00019185697909293055
-2.0925735636279088e-9	-0.0001916103754052972
-2.0925834468055183e-9	-0.00019136437649905025
-2.0925990161346774e-9	-0.00019111898895264606
-2.092625617472477e-9	-0.00019087422627393554
-2.0926766734652437e-9	-0.00019063011899097968
-2.092800294356545e-9	-0.00019038674839269508
-2.0932267955076078e-9	-0.00019014440975019062
-2.0974611740776083e-9	-0.00018990535257325507
-2.0974513358362758e-9	-0.00018965234040987274
-2.0932267201345667e-9	-0.0001894144385477257
-2.092805831921396e-9	-0.00018917440811009773
-2.0926886296179783e-9	-0.00018893449971393053
-2.0926417725497525e-9	-0.00018869500874127125
-2.092619959953579e-9	-0.00018845601655308072
-2.0926077264615818e-9	-0.00018821755375232168
-2.0926020250000565e-9	-0.0001879796339261018
-2.0925994536791226e-9	-0.00018774226373705
-2.092599180592014e-9	-0.00018750544671910607
-2.0926013072630755e-9	-0.0001872691850075387
-2.0926052803571517e-9	-0.00018703348031951262
-2.0926109295327233e-9	-0.0001867983347339863
-2.0926198962878398e-9	-0.00018656375164946876
-2.092635382444641e-9	-0.00018632973744433698
-2.0926610078020325e-9	-0.00018609630510551327
-2.0927095827905084e-9	-0.00018586348385311993
-2.092826005795079e-9	-0.00018563135133990664
-2.0932339295731683e-9	-0.00018540018935099051
-2.0972740944258385e-9	-0.0001851721440158801
-2.097263381073411e-9	-0.00018493077193167226
-2.0932343158919233e-9	-0.00018470380130524135
-2.0928327551961167e-9	-0.00018447478647592885
-2.0927202882603524e-9	-0.00018424587460353527
-2.092675906900654e-9	-0.0001840173475729307
-2.092654049329346e-9	-0.00018378928309931681
-2.092643328827082e-9	-0.00018356171046561388
-2.0926378222374534e-9	-0.00018333464273326063
-2.092634514855307e-9	-0.00018310808634816632
-2.0926348768435246e-9	-0.0001828820447750604
-2.0926369198148723e-9	-0.0001826565201430843
-2.0926404570853488e-9	-0.00018243151418193668
-2.0926463411841124e-9	-0.00018220702896849228
-2.0926550407196487e-9	-0.00018198306783923462
-2.0926693260481244e-9	-0.00018175963697345885
-2.0926933918696823e-9	-0.00018153674886621605
-2.0927397973935505e-9	-0.00018131443151610618
-2.0928511299589393e-9	-0.00018109275917568165
-2.0932408326956864e-9	-0.00018087200106674484
-2.097099422448956e-9	-0.00018065420706284024
-2.097090597341644e-9	-0.00018042367209331598
-2.0932417975572106e-9	-0.00018020687951380136
-2.0928571974387912e-9	-0.00017998812215380377
-2.092750225601847e-9	-0.00017976945083915752
-2.092707498752011e-9	-0.00017955113488643315
-2.092686812621425e-9	-0.00017933324860179299
-2.0926765932405278e-9	-0.00017911582004189293
-2.0926708155899477e-9	-0.00017889886175968256
-2.0926684527966533e-9	-0.00017868237999647956
-2.09266841275646e-9	-0.00017846637814436045
-2.0926701144174942e-9	-0.0001782508583177556
-2.092673582554383e-9	-0.0001780358222518852
-2.0926787574426786e-9	-0.00017782127201255825
-2.092687479965383e-9	-0.0001776072108697851
-2.092700750511156e-9	-0.00017739364481410185
-2.092723765695359e-9	-0.00017718058586840515
-2.092768756711827e-9	-0.0001769680608864807
-2.092874753661933e-9	-0.0001767561409437308
-2.0932472034773663e-9	-0.00017654508353859717
-2.0969360963407627e-9	-0.0001763368487682856
-2.0969282310101533e-9	-0.00017611642010445972
-2.0932480015944946e-9	-0.00017590911998690837
-2.0928803453723612e-9	-0.00017569992992503322
-2.092778606010981e-9	-0.00017549081090536203
-2.0927371909396086e-9	-0.00017528202051148405
-2.0927172638796065e-9	-0.00017507362986814908
-2.0927080015109567e-9	-0.00017486566587608248
-2.0927017886196444e-9	-0.00017465814061222947
-2.0926996102843542e-9	-0.0001744510601186006
-2.0926995248637947e-9	-0.00017424442771080963
-2.0927007729432124e-9	-0.00017403824548496615
-2.0927040166318634e-9	-0.00017383251517378437
-2.0927094114164827e-9	-0.00017362723882491013
-2.092717616997142e-9	-0.0001734224196420348
-2.092730630909312e-9	-0.00017321806342854423
-2.0927523300462436e-9	-0.00017301418176580137
-2.0927950289406637e-9	-0.00017281080042677336
-2.092896828620461e-9	-0.00017260798751286222
-2.0932532688089367e-9	-0.00017240598956698203
-2.0967831007467907e-9	-0.00017220668282639308
-2.0967764364443477e-9	-0.00017199569387992412
-2.0932541423324126e-9	-0.00017179726082312905
-2.092901764505495e-9	-0.0001715970084101091
-2.092804008130278e-9	-0.00017139681370832995
-2.092764604388897e-9	-0.00017119692333671742
-2.092745604870272e-9	-0.0001709974054417947
-2.0927359217604024e-9	-0.0001707982858386427
-2.09273104970209e-9	-0.00017059957615402213
-2.09272863286869e-9	-0.00017040128223617446
-2.0927286197236494e-9	-0.00017020340732486867
-2.0927300971362863e-9	-0.00017000595349260015
-2.0927332408215984e-9	-0.00016980892246363754
-2.0927377923196657e-9	-0.00016961231626387045
-2.0927461378550396e-9	-0.00016941613802742747
-2.092758345190182e-9	-0.00016922039337783243
-2.0927801877734797e-9	-0.00016902509347724903
-2.0928204625791924e-9	-0.00016883026307826704
-2.0929153225879293e-9	-0.00016863596750370285
-2.0932587103950074e-9	-0.00016844244303523416
-2.096641107307562e-9	-0.00016825148745564777
-2.0966348679651857e-9	-0.00016804932896421614
-2.0932596348999244e-9	-0.00016785919128561955
-2.092922321267343e-9	-0.00016766730089971232
-2.0928278561760384e-9	-0.00016747545636514505
-2.092790669533384e-9	-0.0001672838940396228
-2.092771910466862e-9	-0.00016709267927696376
-2.092762018102157e-9	-0.00016690183687194003
-2.0927583997853996e-9	-0.00016671137802443066
-2.092755828492221e-9	-0.00016652130839649046
-2.0927554211180868e-9	-0.00016633163115232458
-2.0927572181028697e-9	-0.00016614234833604893
-2.0927602045084373e-9	-0.00016595346165810526
-2.0927644849511043e-9	-0.0001657649731226409
-2.0927718058005864e-9	-0.00016557688578798443
-2.0927836999751203e-9	-0.0001653892051087672
-2.092803831305057e-9	-0.0001652019418445537
-2.092843289497326e-9	-0.0001650151197968431
-2.0929365043942383e-9	-0.00016482880166447002
-2.093264150404561e-9	-0.00016464321412241036
-2.0965086948487867e-9	-0.00016446008145114705
-2.0965020981478233e-9	-0.0001642661954362603
-2.0932646384197453e-9	-0.00016408382952829773
-2.0929408492187385e-9	-0.00016389977390192682
-2.0928508660145175e-9	-0.00016371575356517073
-2.0928147278442835e-9	-0.0001635319952567237
-2.0927972155970753e-9	-0.0001633485617100418
-2.0927882018351163e-9	-0.00016316547675822692
-2.0927835348349965e-9	-0.0001629827511990827
-2.0927821266225612e-9	-0.00016280039051402747
-2.092781239193542e-9	-0.00016261839779160487
-2.0927831813288834e-9	-0.00016243677504529228
-2.092784889062838e-9	-0.00016225552397004312
-2.0927896789701973e-9	-0.0001620746465374786
-2.0927967404882343e-9	-0.0001618941457397591
-2.0928077253568044e-9	-0.00016171402686302843
-2.0928273185338854e-9	-0.00016153430028843012
-2.0928651666085597e-9	-0.00016135498891507957
-2.0929544242931366e-9	-0.00016117615298247718
-2.0932687065100543e-9	-0.00016099801014458174
-2.0963832757958656e-9	-0.0001608222157240591
-2.096376980231796e-9	-0.0001606360902127013
-2.0932695952935454e-9	-0.0001604610155898347
-2.092959009508677e-9	-0.0001602843108377399
-2.0928718602986065e-9	-0.00016010763195742169
-2.0928374822704043e-9	-0.00015993119666205162
-2.0928208746218148e-9	-0.00015975506522398613
-2.0928120666841024e-9	-0.00015957926056920713
-2.09280704100423e-9	-0.00015940379311142464
-2.0928052915480944e-9	-0.00015922866816139733
-2.092805387343688e-9	-0.00015905388873293965
-2.0928062886116375e-9	-0.00015887945680477126
-2.09280871526496e-9	-0.00015870537405353612
-2.0928132664355115e-9	-0.00015853164242034698
-2.0928192936364723e-9	-0.00015835826482692993
-2.092830878813734e-9	-0.00015818524639674763
-2.092849073209724e-9	-0.0001580125971529963
-2.0928851934221005e-9	-0.0001578403391422405
-2.09297099397765e-9	-0.0001576685302936063
-2.093273241199345e-9	-0.00015749737977911282
-2.0962653883960238e-9	-0.00015732847814307218
-2.0962597154783325e-9	-0.00015714964251626546
-2.09327364300016e-9	-0.0001569814174691581
-2.0929754022291915e-9	-0.00015681161870994702
-2.0928913504358884e-9	-0.00015664183742443194
-2.0928583008561485e-9	-0.00015647228283617495
-2.0928419762811235e-9	-0.00015630301290651
-2.092833884309586e-9	-0.00015613404970112507
-2.0928288945287753e-9	-0.00015596540327700358
-2.0928274724052454e-9	-0.00015579707877022328
-2.0928258852970226e-9	-0.00015562907913322185
-2.0928280029974824e-9	-0.00015546140629411318
-2.0928256036945037e-9	-0.0001552940619373423
-2.0928604666514695e-9	-0.00015512704792562876
-2.0928469818382034e-9	-0.0001549603671201098
-2.0928532736996796e-9	-0.0001547940245441511
-2.092871932080076e-9	-0.0001546280298194505
-2.092905136275025e-9	-0.00015446240422122131
-2.0929882509401756e-9	-0.00015429720347740869
-2.0932778931115337e-9	-0.0001541326288000577
-2.0961560945109704e-9	-0.0001539702097843845
-2.0961503527927584e-9	-0.00015379823069056137
-2.09327905352219e-9	-0.0001536364484415305
-2.092991274527112e-9	-0.0001534731459570846
-2.0929113981993374e-9	-0.00015330985343784076
-2.0928806656661524e-9	-0.0001531467721356299
-2.0928638590100856e-9	-0.00015298395782450952
-2.0928554864574345e-9	-0.0001528214317691221
-2.0928514788687294e-9	-0.00015265920366881348
-2.0928491563265706e-9	-0.0001524972785178372
-2.0928491072269575e-9	-0.00015233565917612856
-2.0928500830352803e-9	-0.00015217434755949438
-2.0928525788055377e-9	-0.00015201334529175943
-2.0928560931332554e-9	-0.00015185265425241807
-2.092862582181443e-9	-0.0001516922772213923
-2.0928723735824663e-9	-0.0001515322190233413
-2.0928892666693954e-9	-0.00015137248900773783
-2.092922671370623e-9	-0.00015121310766507396
-2.0930022227139135e-9	-0.0001510541286821521
-2.0932819614738473e-9	-0.00015089574574431134
-2.0960516020407382e-9	-0.00015073943106947254
-2.0960465640262884e-9	-0.00015057390879361516
-2.0932824129016315e-9	-0.00015041819412496874
-2.0930059810020386e-9	-0.00015026100993541816
-2.0929289580418067e-9	-0.0001501038290117975
-2.092897995387144e-9	-0.00014994684508360827
