-2.0905947453020436e-9	0.0001499468450836118
-2.090625711914651e-9	0.00015010382901181827
-2.0907027418026747e-9	0.00015026100993555209
-2.090979196917031e-9	0.0001504181941270524
-2.093739733688427e-9	0.00015057390916072968
-2.093744765285788e-9	0.00015073943070166305
-2.0909787493195167e-9	0.00015089574574221628
-2.0906989909919017e-9	0.00015105412868201667
-2.0906194327818817e-9	0.00015121310766505507
-2.0905860260211907e-9	0.0001513724890077338
-2.0905691284101024e-9	0.00015153221902334033
-2.090559336942466e-9	0.00015169227722138515
-2.090552856082173e-9	0.00015185265425240945
-2.090549344779813e-9	0.00015201334529175653
-2.090546846850172e-9	0.0001521743475594952
-2.0905458723241567e-9	0.00015233565917612725
-2.0905459262421378e-9	0.00015249727851783914
-2.0905482473854155e-9	0.00015265920366882115
-2.0905522496728057e-9	0.00015282143176912732
-2.090560624246063e-9	0.00015298395782451004
-2.090577438040864e-9	0.00015314677213563294
-2.0906081747984474e-9	0.00015330985343786242
-2.090688059391832e-9	0.0001534731459572253
-2.0909758628617772e-9	0.00015363644844369544
-2.093843405048812e-9	0.00015379823107198923
-2.093849141204807e-9	0.00015397020940221922
-2.090974706991933e-9	0.0001541326287978796
-2.0906850413282554e-9	0.00015429720347726717
-2.090601922660751e-9	0.00015446240422120017
-2.0905687147354527e-9	0.0001546280298194471
-2.0905500515866482e-9	0.00015479402454415011
-2.0905437604579192e-9	0.00015496036712010422
-2.0905572535590002e-9	0.0001551270479256208
-2.0905223935330233e-9	0.0001552940619373416
-2.090524789605253e-9	0.0001554614062941144
-2.090522673736661e-9	0.0001556290791332214
-2.0905242651136912e-9	0.000155797078770226
-2.090525686626599e-9	0.0001559654032770127
-2.090530670922908e-9	0.00015613404970113234
-2.090538764237815e-9	0.00015630301290651055
-2.090555097006286e-9	0.00015647228283617844
-2.090588152020567e-9	0.0001566418374244533
-2.0906722110969336e-9	0.00015681161871009298
-2.090970476864573e-9	0.0001569814174714087
-2.0939526436780656e-9	0.00015714964291288995
-2.0939583101786675e-9	0.0001573284777456612
-2.09097007845549e-9	0.00015749737977684939
-2.090667810278335e-9	0.00015766853029345834
-2.090582004110608e-9	0.00015784033914221905
-2.090545882033057e-9	0.000158012597152992
-2.0905276811811203e-9	0.00015818524639674578
-2.0905160955320136e-9	0.00015835826482692308
-2.0905100769241793e-9	0.00015853164242033804
-2.0905055307940402e-9	0.0001587053740535344
-2.0905031009044173e-9	0.0001588794568047731
-2.090502199725286e-9	0.00015905388873294006
-2.0905021096750965e-9	0.00015922866816140002
-2.0905038579766e-9	0.00015940379311143215
-2.09050887871598e-9	0.00015957926056921516
-2.0905176878138756e-9	0.00015975506522398813
-2.090534304183267e-9	0.00015993119666205482
-2.0905686870464903e-9	0.00016010763195744462
-2.090655844894096e-9	0.00016028431083789225
-2.090966456597121e-9	0.00016046101559217667
-2.0940697770477356e-9	0.00016063609062548726
-2.0940760656951163e-9	0.00016082221531044046
-2.090965571815984e-9	0.00016099801014222474
-2.0906512671392543e-9	0.00016117615298232368
-2.0905620035760466e-9	0.0001613549889150565
-2.0905241533919484e-9	0.00016153430028842587
-2.0905045542696234e-9	0.0001617140268630267
-2.0904935707444227e-9	0.00016189414573975053
-2.0904865171256227e-9	0.00016207464653747035
-2.0904817317146665e-9	0.0001622555239700402
-2.0904800200172158e-9	0.00016243677504529274
-2.090478080518654e-9	0.00016261839779160416
-2.09047897261061e-9	0.00016280039051402888
-2.0904803791854666e-9	0.00016298275119909167
-2.090485041444934e-9	0.0001631654767582352
-2.090494056566916e-9	0.000163348561710043
-2.0905115772795747e-9	0.00016353199525672688
-2.0905477204513637e-9	0.0001637157535651939
-2.090637712737209e-9	0.00016389977390208351
-2.090961528433688e-9	0.00016408382953073803
-2.0941947549757425e-9	0.0001642661958662463
-2.094201342928148e-9	0.00016446008102027164
-2.09096104537565e-9	0.00016464321411995602
-2.090633374624007e-9	0.00016482880166431032
-2.090540154386922e-9	0.0001650151197968197
-2.0905006938076734e-9	0.00016520194184454945
-2.0904805570653998e-9	0.00016538920510876656
-2.090468661236633e-9	0.00016557688578797676
-2.0904613511674164e-9	0.00016576497312263192
-2.0904570750546193e-9	0.00016595346165810371
-2.0904540851074407e-9	0.0001661423483360508
-2.090452290259837e-9	0.00016633163115232287
-2.0904527028131614e-9	0.00016652130839649203
-2.0904552717582184e-9	0.0001667113780244407
-2.0904588851400344e-9	0.00016690183687194713
-2.0904687800193946e-9	0.000167092679276966
-2.0904875482619102e-9	0.00016728389403962757
-2.0905247410996088e-9	0.00016747545636516977
-2.090619214167866e-9	0.00016766730089987683
-2.0909565554894093e-9	0.00016785919128816317
-2.0943273747131562e-9	0.00016804932941253743
-2.0943336057399623e-9	0.0001682514870063788
-2.0909556363468697e-9	0.0001684424430326731
-2.0906122235542227e-9	0.00016863596750353604
-2.090517357200561e-9	0.0001688302630782419
-2.090477080018971e-9	0.00016902509347724372
-2.090455231290589e-9	0.00016922039337782975
-2.090443023700095e-9	0.0001694161380274186
-2.0904346883510173e-9	0.000169612316263861
-2.0904301416047043e-9	0.0001698089224636346
-2.0904269952048973e-9	0.00017000595349260213
-2.0904255176645847e-9	0.00017020340732486878
-2.090425538753271e-9	0.00017040128223617723
-2.0904279531885897e-9	0.00017059957615403088
-2.090432819529253e-9	0.00017079828583865117
-2.0904425059309343e-9	0.00017099740544179569
-2.0904615123162887e-9	0.00017119692333672138
-2.090500923318528e-9	0.00017139681370835575
-2.090598689902246e-9	0.00017159700841028083
-2.0909510972388914e-9	0.00017179726082578508
-2.0944687823098994e-9	0.0001719956943478181
-2.0944754396512445e-9	0.00017220668235748746
-2.0909502279065073e-9	0.00017240598956430936
-2.0905937619331018e-9	0.0001726079875126881
-2.090491955719642e-9	0.00017281080042674753
-2.090449254410487e-9	0.00017301418176579491
-2.090427548795404e-9	0.00017321806342854109
-2.090414536226604e-9	0.00017342241964202757
-2.0904063394777685e-9	0.00017362723882490035
-2.090400950077731e-9	0.0001738325151737826
-2.0903977039909982e-9	0.00017403824548496602
-2.0903964568164127e-9	0.00017424442771080852
-2.090396547482776e-9	0.0001744510601186028
-2.0903987249409895e-9	0.00017465814061223985
-2.090404931692769e-9	0.0001748656658760912
-2.0904141978139723e-9	0.00017507362986815132
-2.090434133772412e-9	0.0001752820205114892
-2.090475555005522e-9	0.00017549081090538978
-2.0905773039203712e-9	0.00017569992992521314
-2.090944989668886e-9	0.0001759091199896811
-2.0946204068894584e-9	0.0001761164205932728
-2.094628263338283e-9	0.0001763368482783867
-2.090944197852274e-9	0.00017654508353580478
-2.0905717224406485e-9	0.00017675614094354872
-2.0904657180242924e-9	0.0001769680608864547
-2.0904207233551908e-9	0.00017718058586839997
-2.0903977023534192e-9	0.00017739364481409914
-2.0903844307751386e-9	0.0001776072108697765
-2.0903757202983545e-9	0.0001778212720125494
-2.0903705498454e-9	0.00017803582225188323
-2.0903670798544385e-9	0.0001782508583177556
-2.090365379014969e-9	0.00017846637814435793
-2.0903654255721715e-9	0.00017868237999648257
-2.0903677861117134e-9	0.00017889886175969348
-2.0903735572230796e-9	0.00017911582004190307
-2.0903837806951488e-9	0.00017933324860179496
-2.0904044764513685e-9	0.00017955113488643732
-2.090447209107671e-9	0.00017976945083918538
-2.090554192196725e-9	0.0001799881221539904
-2.090938824678146e-9	0.00018020687951670193
-2.094782589889821e-9	0.00018042367260452696
-2.0947914079583187e-9	0.00018065420655046755
-2.0909378646849498e-9	0.0001808720010638248
-2.0905481347532897e-9	0.00018109275917549273
-2.0904367942664595e-9	0.00018131443151607794
-2.090390386505492e-9	0.00018153674886621117
-2.090366315082859e-9	0.0001817596369734576
-2.0903520296766676e-9	0.00018198306783922508
-2.090343340122036e-9	0.00018220702896848165
-2.0903374627734285e-9	0.00018243151418193462
-2.0903339223388162e-9	0.00018265652014308554
-2.0903318800891137e-9	0.0001828820447750589
-2.0903315257003732e-9	0.0001831080863481693
-2.09033483263843e-9	0.00018333464273327093
-2.090340330468399e-9	0.0001835617104656246
-2.0903510542347183e-9	0.0001837892830993193
-2.090372924062889e-9	0.0001840173475729368
-2.09041731081272e-9	0.0001842458746035656
-2.090529789150475e-9	0.00018447478647612504
-2.0909313829975407e-9	0.00018470380130827736
-2.0949551774562815e-9	0.00018493077246689937
-2.094965880494737e-9	0.00018517214347940804
-2.0909310026295814e-9	0.00018540018934793236
-2.0905230495082975e-9	0.00018563135133970875
-2.09040661979798e-9	0.00018586348385308992
-2.0903580415065905e-9	0.0001860963051055063
-2.090332410359386e-9	0.00018632973744433511
-2.090316923514246e-9	0.00018656375164945857
-2.0903079686995784e-9	0.00018679833473397495
-2.0903023249696508e-9	0.00018703348031951083
-2.0902983489168306e-9	0.00018726918500753961
-2.090296224266375e-9	0.00018750544671910447
-2.0902965051194934e-9	0.0001877422637370534
-2.090299074547497e-9	0.00018797963392611354
-2.0903047689257993e-9	0.00018821755375233169
-2.09031700612039e-9	0.00018845601655308208
-2.0903388291582114e-9	0.00018869500874127678
-2.0903856936205223e-9	0.00018893449971396054
-2.090502908208558e-9	0.00018917440811030343
-2.090923831060687e-9	0.0001894144385509078
-2.0951429226534482e-9	0.00018965234097089573
-2.095152750258844e-9	0.00018990535201089337
-2.09092391381116e-9	0.00019014440974698575
-2.0904973796920246e-9	0.00019038674839248626
-2.0903737521615897e-9	0.00019063011899094867
-2.0903226941038077e-9	0.00019087422627392964
-2.0902960860047506e-9	0.00019111898895264303
-2.090280516225951e-9	0.0001913643764990397
-2.090270644355963e-9	0.0001916103754052849
-2.0902638054987044e-9	0.000191856979092928
-2.090260295328772e-9	0.00019210418410617243
-2.0902580058712597e-9	0.000192351988370732
-2.0902582445581074e-9	0.00019260039019424513
-2.0902606403194747e-9	0.00019284938744618875
-2.090266888299386e-9	0.00019309897652411656
-2.090278322847139e-9	0.00019334915054814965
-2.0903021424822922e-9	0.00019359989536705703
-2.090351418848613e-9	0.00019385117897430408
-2.0904743714744713e-9	0.00019410291609349108
-2.090917367358891e-9	0.00019435479683376677
-2.095344074770633e-9	0.00019460445985110993
-2.0953545402990772e-9	0.00019486999516006004
-2.0909159653026424e-9	0.0001951209023616135
-2.09046705809679e-9	0.00019537526885927454
-2.090339041055378e-9	0.00019563073450282713
-2.0902849807380442e-9	0.00019588698952524764
-2.090256651371414e-9	0.00019614394873177974
-2.0902402556532973e-9	0.0001964015802019652
-2.090229898543683e-9	0.00019665986987836383
-2.090222968509359e-9	0.0001969188109772262
-2.0902188304805504e-9	0.00019717839999145744
-2.0902167866820866e-9	0.00019743863486555005
-2.0902165580816145e-9	0.00019769951394377886
-2.090218929312604e-9	0.0001979610351098494
-2.0902255262633674e-9	0.00019822319470271598
-2.090238334589989e-9	0.00019848598561590972
-2.0902628986518845e-9	0.00019874939310432808
-2.09031440758789e-9	0.00019901338365865644
-2.09044394725022e-9	0.0001992778677942025
-2.0909089111564863e-9	0.00019954251999001042
-2.0955606276906737e-9	0.00019980485895924454
-2.0955719428283894e-9	0.00020008389461324225
-2.0909072477204306e-9	0.00020034757598374735
-2.0904356401507674e-9	0.0002006149101669573
-2.0903008194239626e-9	0.00020088341716502494
-2.0902440458658858e-9	0.000201152771596631
-2.090214703936999e-9	0.00020142288406865743
-2.090197093312929e-9	0.00020169372117227714
-2.090186029329866e-9	0.00020196526827078186
-2.090179059044406e-9	0.00020223751837109016
-2.0901745267198903e-9	0.00020251046792448002
-2.090172373692134e-9	0.00020278411490800858
-2.0901718775279134e-9	0.0002030584577194741
-2.0901747133927898e-9	0.00020333349427098236
-2.0901814873630633e-9	0.0002036092208505355
-2.0901945149198745e-9	0.00020388563012195549
-2.0902200055461507e-9	0.00020416270670878053
-2.090275579713641e-9	0.00020444041549736223
-2.090410300847889e-9	0.00020471866246550455
-2.0908998253743594e-9	0.00020499710522888838
-2.0957945596422612e-9	0.00020527313297427594
-2.0958066409781927e-9	0.0002055667491255495
-2.0908983553724613e-9	0.00020584422809968408
-2.090401345911097e-9	0.00020612557028058177
-2.0902598153293985e-9	0.00020640816625106632
-2.0901998206090954e-9	0.00020669167377900416
-2.0901687558860796e-9	0.00020697599895219218
-2.090150427175308e-9	0.00020726110676953278
-2.0901384266247547e-9	0.0002075469819832044
-2.0901312005272566e-9	0.00020783361738922182
-2.090126240611445e-9	0.0002081210094090674
-2.090123944081812e-9	0.00020840915607064364
-2.0901243794169132e-9	0.00020869805584403222
-2.0901263291517313e-9	0.00020898770668748714
-2.0901331381550928e-9	0.00020927810484990244
-2.0901467322254066e-9	0.00020956924275970757
-2.090174252594723e-9	0.0002098611043786129
-2.0902313695225772e-9	0.0002101536528631628
-2.09037428759995e-9	0.00021044678930700976
-2.0908901830818396e-9	0.0002107401530869629
-2.096047436050963e-9	0.0002110309932285323
-2.096060708400849e-9	0.00021134038835725108
-2.0908888458071042e-9	0.00021163280064004743
-2.0903645211733934e-9	0.00021192930540885464
-2.0902157159830015e-9	0.0002122271532061381
-2.0901523968941405e-9	0.0002125259835820799
-2.0901193678202204e-9	0.00021282569775151692
-2.0900999184891857e-9	0.00021312625900621863
-2.09008747328876e-9	0.0002134276514549074
-2.090079230659958e-9	0.00021372986768319546
-2.0900743525453792e-9	0.00021403290409832936
-2.0900715321514608e-9	0.0002143367588002407
-2.090070945870437e-9	0.00021464143035502883
-2.090073383959057e-9	0.0002149469167920301
-2.0900813555935205e-9	0.0002152532143314688
-2.09009579978936e-9	0.00021556031516724306
-2.0901242469617556e-9	0.0002158682025581953
-2.0901844721310515e-9	0.00021617683781040742
-2.090335515397834e-9	0.000216486116731876
-2.0908793521512427e-9	0.00021679565894080084
-2.096322028399822e-9	0.000217102561475983
-2.0963363432380254e-9	0.0002174290690490895
-2.090877763305521e-9	0.00021773767844603494
-2.0903251083614905e-9	0.0002180506308045795
-2.0901672788897763e-9	0.00021836502481560572
-2.0901004516016287e-9	0.00021868048028986475
-2.0900657806244285e-9	0.00021899689317753852
-2.090044965707971e-9	0.00021931422494108897
-2.0900320190198054e-9	0.00021963245901118525
-2.0900231513187872e-9	0.0002199515877659399
-2.0900179649896434e-9	0.00022027160761843532
-2.0900147947588986e-9	0.00022059251676748604
-2.0900143776092507e-9	0.00022091431390522842
-2.0900172810589534e-9	0.00022123699715537702
-2.0900247518162997e-9	0.0002215605627343714
-2.090040033192464e-9	0.00022188500259895827
-2.0900702970727547e-9	0.0002222102992669143
-2.0901337294931823e-9	0.00022253641205258363
-2.0902931595068174e-9	0.00022286323104248515
-2.09086815520787e-9	0.00022319035440013254
-2.096620336899946e-9	0.00022351471398231266
-2.09663611383526e-9	0.00022385982200961646
-2.090866361559307e-9	0.00022418603901126058
-2.090282204564309e-9	0.0002245168733227155
-2.0901143629625808e-9	0.00022484925860101593
-2.090044352454079e-9	0.00022518279322989929
-2.0900071724727633e-9	0.0002255173674584674
-2.0899856327138976e-9	0.00022585294078412846
-2.0899719400779836e-9	0.0002261894959255058
-2.089962872842133e-9	0.00022652702506025785
-2.089956112655278e-9	0.00022686552463023154
-2.089953435985281e-9	0.00022720499296880197
-2.0899530115692234e-9	0.00022754542893099638
-2.0899557639619815e-9	0.0002278868307666489
-2.089963563289832e-9	0.00022822919471233538
-2.0899792954165443e-9	0.00022857251249447743
-2.090011428357297e-9	0.00022891676584720568
-2.0900783698873937e-9	0.00022926191194052938
-2.0902475456885394e-9	0.00022960783465394852
-2.090855441838624e-9	0.00022995410880046185
-2.096945247342941e-9	0.00023029748628735193
-2.0969624007771694e-9	0.000230662860378408
-2.0908526725982316e-9	0.00023100826407924414
-2.0902347585949335e-9	0.00023135858641575062
-2.0900579448979164e-9	0.00023171058126847776
-2.0899828707898748e-9	0.00023206382369624434
-2.0899437045474034e-9	0.0002324181977688605
-2.089920459036332e-9	0.00023277366087141462
-2.089905407004489e-9	0.00023313019497535158
-2.0898954541714865e-9	0.0002334877920686986
-2.0898891913423425e-9	0.0002338464486557701
-2.089885619366294e-9	0.000234206163244383
-2.089885121553392e-9	0.000234566934894936
-2.0898882225728333e-9	0.00023492876202900974
-2.089896356166632e-9	0.0002352916409320946
-2.0899131380369695e-9	0.00023565556311001067
-2.0899469567681184e-9	0.00023602050947059544
-2.090017997563587e-9	0.00023638643487297595
-2.0901966631181604e-9	0.00023675321644749434
-2.0908417439235994e-9	0.0002371204035329809
-2.097300374936939e-9	0.0002374845515076915
-2.0973186846240387e-9	0.00023787206218297717
-2.090839590596083e-9	0.0002382384262466006
-2.090183527597711e-9	0.00023861004088035075
-2.0899956237552254e-9	0.00023898346362535717
-2.089915675329568e-9	0.00023935824410181714
-2.0898742347008616e-9	0.00023973425966188793
-2.089849014680345e-9	0.00024011146541566062
-2.089833379487205e-9	0.00024048984255514895
-2.0898226534449282e-9	0.0002408693828943932
-2.089815782319038e-9	0.00024125008304139197
-2.089811983063683e-9	0.000241631941730377
-2.0898112996770024e-9	0.0002420149582824036
-2.0898143492764643e-9	0.0002423991313413317
-2.089822900203098e-9	0.00024278445728294763
-2.089840669466936e-9	0.0002431709274054724
-2.0898763060495096e-9	0.00024355852174998588
-2.0899515819017277e-9	0.0002439471926814568
-2.090141514193844e-9	0.00024433680997400806
-2.090826782397137e-9	0.0002447268951053888
-2.097688831248501e-9	0.00024511378824361863
-2.0977095401497617e-9	0.00024552554344554217
-2.090824451767004e-9	0.0002459148670271361
-2.0901267439921156e-9	0.00024630980797207694
-2.0899270291474537e-9	0.0002467067088303884
-2.0898424000437287e-9	0.00024710509139862084
-2.089797729193377e-9	0.00024750482571373036
-2.0897714764211984e-9	0.0002479058644362043
-2.0897557162447013e-9	0.0002483081879408271
-2.089743015509793e-9	0.0002487117879011019
-2.089735409754878e-9	0.00024911666107452836
-2.0897312055012664e-9	0.0002495228064876323
-2.0897301756084286e-9	0.00024993022378997563
-2.089733382865111e-9	0.00025033891191196897
-2.0897423532117986e-9	0.00025074886737042946
-2.0897612008574653e-9	0.0002511600812804774
-2.0897994004953627e-9	0.00025157253277377614
-2.0898790618950615e-9	0.0002519861715199533
-2.0900807993551318e-9	0.0002524008592588621
-2.090810420296574e-9	0.00025281608691102623
-2.098116177495779e-9	0.0002532279583130546
-2.0981385519314166e-9	0.00025366634230539604
-2.0908077278281035e-9	0.0002540808870614018
-2.0900649508659444e-9	0.0002545014558439723
-2.0898522027523736e-9	0.0002549241551214707
-2.0897616525683562e-9	0.00025534847618040784
-2.089713974251506e-9	0.00025577428107063173
-2.0896854712959545e-9	0.0002562015198112839
-2.0896674977233242e-9	0.0002566301719358029
-2.0896550395832493e-9	0.0002570602290001387
-2.08964696333247e-9	0.00025749168798917295
-2.089642325836527e-9	0.0002579245482978209
-2.089641014413335e-9	0.0002583588099886783
-2.0896443554574428e-9	0.0002587944723587597
-2.0896536678693955e-9	0.0002592315321325252
-2.089673803723491e-9	0.00025966998027483876
-2.0897137149478164e-9	0.0002601097949690105
-2.089799027688022e-9	0.00026055092296761354
-2.0900141904034443e-9	0.0002609932172145392
-2.090792185910351e-9	0.0002614361350196515
-2.0985863750211386e-9	0.0002618755199130999
-2.098611133038997e-9	0.00026234324009429455
-2.09078925603734e-9	0.0002627855747232527
-2.0899964325415964e-9	0.00026323438585363604
-2.0897691723309463e-9	0.00026368551992994035
-2.089672324967484e-9	0.0002641384346853356
-2.089621835177358e-9	0.000264592983429786
-2.089591240983513e-9	0.00026504911333444
-2.089571533814283e-9	0.00026550680306125735
-2.0895582661994983e-9	0.00026596604410643863
-2.0895492724937183e-9	0.0002664268337606356
-2.0895441720014673e-9	0.0002668891718898433
-2.0895427601974605e-9	0.0002673530590739147
-2.0895459750092107e-9	0.0002678184950776814
-2.0895558148936734e-9	0.0002682854769186161
-2.089576610508903e-9	0.00026875399545698506
-2.0896196774200517e-9	0.00026922402789567555
-2.0897107245232417e-9	0.00026969551782554885
-2.0899405674512652e-9	0.00027016830853443644
-2.090772310936462e-9	0.0002706418202522905
-2.0991061695396776e-9	0.0002711116088706406
-2.099133287702948e-9	0.0002716117524301518
-2.0907691730798205e-9	0.00027208480660931853
-2.089920956893643e-9	0.0002725648426526723
-2.0896777529311185e-9	0.00027304741969341967
-2.089573922098298e-9	0.00027353195845226355
-2.089519085790581e-9	0.0002740183026538874
-2.089486534467833e-9	0.0002745063963911741
-2.0894654816028258e-9	0.00027499621744103106
-2.089450746051158e-9	0.0002754877573066043
-2.0894412350869197e-9	0.00027598101369292593
-2.0894355143352695e-9	0.00027647598706274294
-2.089433760693593e-9	0.00027697267864682423
-2.089437038066411e-9	0.0002774710888030264
-2.0894475016797198e-9	0.0002779712149506357
-2.089469829447133e-9	0.00027847304791489433
-2.0895152838873445e-9	0.00027897656388272557
-2.089613189526496e-9	0.0002794817030236943
-2.0898589302376093e-9	0.0002799882979998587
-2.0907500602795894e-9	0.00028049572799285726
-2.0996824666941193e-9	0.00028099922996532286
-2.0997130399158516e-9	0.0002815353328955654
-2.0907465377084656e-9	0.0002820424629923288
-2.0898371321409483e-9	0.00028255714169258205
-2.0895760582728683e-9	0.0002830746095775228
-2.0894647654812193e-9	0.00028359424640815605
-2.089405881744444e-9	0.0002841158853639431
-2.0893706575264572e-9	0.00028463946721962074
-2.08934743802236e-9	0.0002851649688579011
-2.089331693816421e-9	0.00028569238188383346
-2.0893212383577e-9	0.0002862217045552414
-2.0893147703537897e-9	0.00028675293809127104
-2.0893126610632695e-9	0.0002872860845389145
-2.089316058634383e-9	0.0002878211450118323
-2.089326862925178e-9	0.0002883581174702045
-2.0893508841324238e-9	0.00028889699279533083
-2.089399406607351e-9	0.000289437746143705
-2.089504001084874e-9	0.0002899803139740932
-2.0897678839615354e-9	0.00029052451721079764
-2.0907252869517557e-9	0.0002910696894535952
-2.1003237786199057e-9	0.0002916107127355477
-2.100358246470702e-9	0.0002921868444543433
-2.0907216222054713e-9	0.00029273191413838084
-2.0897435437816637e-9	0.00029328517078591705
-2.0894628247558614e-9	0.0002938415004917387
-2.089342925370996e-9	0.00029440023753069515
-2.0892794189708574e-9	0.00029496120345602297
-2.0892412066098043e-9	0.00029552433545889485
-2.089216112671766e-9	0.0002960896095411826
-2.0891988664228925e-9	0.00029665701753574025
-2.0891870328387797e-9	0.0002972265584313055
-2.0891800971034605e-9	0.0002977982344085361
-2.0891776443099363e-9	0.00029837204854010155
-2.089181009778951e-9	0.000298948002899671
-2.089192446430577e-9	0.00029952609617172433
-2.089218049677877e-9	0.00030010631941823255
-2.0892700706154346e-9	0.0003006886467647886
-2.089382040326715e-9	0.0003012730106428639
-2.0896664502167982e-9	0.00030185921898924283
-2.090697854933987e-9	0.0003024465545790867
-2.101041120028402e-9	0.0003030295028979566
-2.101079079674939e-9	0.00030365037077299985
-2.0906927008679246e-9	0.0003042378506133943
-2.089639198776805e-9	0.00030483423985301573
-2.0893362283280758e-9	0.00030543402855608896
-2.089206659011689e-9	0.00030603650029821484
-2.089137985700207e-9	0.000306641463777989
-2.089096517504663e-9	0.0003072488523203902
-2.089069005750677e-9	0.0003078586410857148
-2.0890500409265214e-9	0.00030847082230435046
-2.089037261387983e-9	0.00030908539592890697
-2.0890292860065165e-9	0.00030970236535881446
-2.0890264115558387e-9	0.0003103217349640591
-2.0890295618414268e-9	0.00031094350804205455
-2.089041552305604e-9	0.0003115676842349687
-2.0890687762120662e-9	0.0003121942549582122
-2.0891247216492383e-9	0.00031282319333033833
-2.089245722153299e-9	0.00031345442741840575
-2.0895525462805154e-9	0.0003140877507336301
-2.090666855392165e-9	0.00031472238916579873
-2.1018456584087632e-9	0.0003153523832673861
-2.1018883906265274e-9	0.0003160234627078222
-2.0906618299509908e-9	0.0003166585541935522
-2.0895219660199695e-9	0.00031730337684792104
-2.0891939744860366e-9	0.00031795197641022125
-2.0890536182816e-9	0.0003186035797242751
-2.0889790417033537e-9	0.00031925798123447197
-2.0889336753426857e-9	0.00031991511010289126
-2.088903965880018e-9	0.00032057494072500783
-2.088882822354199e-9	0.00032123746595716547
-2.088868912630826e-9	0.00032190268701809334
-2.0888595314960677e-9	0.0003225706088619631
-2.088855929072153e-9	0.00032324123750242077
-2.088859230425788e-9	0.0003239145777998432
-2.088872001593245e-9	0.0003245906306631072
-2.088900544466865e-9	0.0003252693880934754
-2.0889614120334077e-9	0.000325950822266854
-2.0890920415295168e-9	0.0003266348565192572
-2.0894239271318504e-9	0.0003273212682957832
-2.0906319794622432e-9	0.0003280092195410969
-2.102752646970796e-9	0.0003286922492914917
-2.1028012883728133e-9	0.0003294199470294567
-2.090626317591271e-9	0.0003301087382958133
-2.0893896287954573e-9	0.00033080820067470096
-2.0890334495760055e-9	0.0003315118791138533
-2.088880945150251e-9	0.00033221893670651564
-2.0887995054508224e-9	0.00033292915204535876
-2.088749806733459e-9	0.000333642449822848
-2.0887167813676835e-9	0.00033435880379855456
-2.0886938374098385e-9	0.00033507820776770077
-2.088678153827628e-9	0.00033580066461007664
-2.088667765975938e-9	0.0003365261812699179
-2.0886637807970845e-9	0.00033725476585397913
-2.0886665128894146e-9	0.00033798642522851237
-2.0886799845465376e-9	0.0003387211619740878
-2.0887110496525807e-9	0.0003394589689971376
-2.0887762127774766e-9	0.0003401998176482705
-2.0889178457272895e-9	0.00034094362615051145
-2.089279122835519e-9	0.00034169015399304365
-2.090592534786939e-9	0.00034243849090500434
-2.103780664375332e-9	0.0003431816078256654
-2.1038355881408678e-9	0.00034397346869308664
-2.0905859285158537e-9	0.00034472313182131223
-2.089239535868481e-9	0.0003454845476609274
-2.088851523307511e-9	0.00034625069392579344
-2.0886847237389095e-9	0.00034702066174329896
-2.0885955619942556e-9	0.0003477942120262352
-2.088540893363522e-9	0.00034857126469058964
-2.088504903130506e-9	0.000349351793068509
-2.088479351769479e-9	0.000350135792316521
-2.0884614875982255e-9	0.00035092326749677733
-2.0884496526429877e-9	0.00035171422811637853
-2.0884438388379945e-9	0.0003525086849654265
-2.088447475789845e-9	0.0003533066474923951
-2.0884621747707667e-9	0.0003541081204920846
-2.088494697638499e-9	0.0003549130982083012
-2.0885657035008e-9	0.0003557215513676182
-2.0887195837815397e-9	0.00035653339268769304
-2.0891134731471083e-9	0.0003573483615197971
-2.0905474185206607e-9	0.00035816546563852147
-2.1049516683802063e-9	0.0003589770289803766
-2.105014520836779e-9	0.00035984200032750303
-2.090539936250302e-9	0.000360661043776399
-2.0890686336483277e-9	0.00036149309273658464
-2.0886439709211223e-9	0.00036233047896473897
-2.0884612766780554e-9	0.0003631722119506862
-2.0883630582335666e-9	0.00036401803283110396
-2.08830316101305e-9	0.00036486785645560923
-2.0882626709628482e-9	0.0003657216560491114
-2.088233926395011e-9	0.0003665794287065448
-2.088213914175352e-9	0.00036744118237060563
-2.0882010894729408e-9	0.00036830692986652454
-2.0881942531691954e-9	0.0003691766854428256
-2.0881963803565106e-9	0.0003700504619054599
-2.0882116296860876e-9	0.000370928266980455
-2.088247733827986e-9	0.0003718100968509423
-2.0883245445468824e-9	0.00037269592193606507
-2.0884926564213035e-9	0.0003735856490597644
-2.0889238610377615e-9	0.00037447899491538
-2.090495808776405e-9	0.0003753748737676733
-2.106293875503429e-9	0.0003762648683494525
-2.1063661344911113e-9	0.0003772136417588055
-2.090487400030483e-9	0.00037811223677333553
-2.088872237043793e-9	0.0003790252988696921
-2.0884054705128107e-9	0.0003799444198746246
-2.088204576961017e-9	0.0003808685161811516
-2.088096264818429e-9	0.0003817973067431543
-2.08802930252161e-9	0.0003827307010954511
-2.0879842797416617e-9	0.00038366867284205945
-2.087952100432444e-9	0.00038461122180919
-2.087929510036224e-9	0.0003855583597591983
-2.0879141354623878e-9	0.00038651010384663497
-2.087906440112475e-9	0.0003874664728206157
-2.0879084957514672e-9	0.0003884274838735567
-2.087923941757053e-9	0.0003893931486339946
-2.087962785485287e-9	0.0003903634660597522
-2.0880467255957047e-9	0.0003913384067562814
-2.0882312988301788e-9	0.00039231787129794194
-2.088706131098128e-9	0.0003933015507984251
-2.090436456625433e-9	0.0003942882522057779
-2.1078420560982636e-9	0.0003952687036587807
-2.107925599348359e-9	0.00039631416166491235
-2.090426575701576e-9	0.0003973045692453394
-2.0886456136959277e-9	0.00039831116257611564
-2.0881303724074042e-9	0.000399324680462947
-2.0879077657243173e-9	0.0004003439325260664
-2.087787615739911e-9	0.00040136861277341825
-2.08771302923072e-9	0.00040239862526415105
-2.087662573946325e-9	0.0004034339447100645
-2.0876261375479822e-9	0.00040447457476740906
-2.087600053607419e-9	0.00040552053229814
-2.0875822901000876e-9	0.0004065718401552417
-2.087572931974702e-9	0.00040762852299347757
-2.0875740681103317e-9	0.00040869060379091187
-2.0875905945016982e-9	0.0004097580994142938
-2.0876325711405297e-9	0.0004108310127533037
-2.087724439897576e-9	0.0004119093153563118
-2.087927886595953e-9	0.00041299290127475816
-2.0884519280450764e-9	0.00041408143264823317
-2.090367285451089e-9	0.00041517359248540093
-2.1096406567111537e-9	0.00041625911661261815
-2.1097386347812554e-9	0.0004174169240901226
-2.0903561561647077e-9	0.0004185140606100334
-2.088382121218091e-9	0.00041962942161389834
-2.0878100411791946e-9	0.0004207527555562818
-2.0875625434790823e-9	0.00042188274884518177
-2.0874279196003708e-9	0.0004230190673724032
-2.0873444785352026e-9	0.0004241616097242883
-2.0872875460320462e-9	0.00042531035280279954
-2.0872459830401093e-9	0.00042646530563906685
-2.0872160823859343e-9	0.00042762649195763323
-2.087195066186043e-9	0.0004287939421882432
-2.0871835055447096e-9	0.0004299676888194519
-2.0871839332359253e-9	0.0004311477625365926
-2.0872010698169685e-9	0.0004323341872909954
-2.087246749954419e-9	0.00043352697154488555
-2.087347910928461e-9	0.0004347260889355122
-2.0875728834912623e-9	0.00043593142687825017
-2.088155106294565e-9	0.0004371426146005761
-2.0902863968053076e-9	0.00043835819098605544
-2.111746915822721e-9	0.0004395667306203343
-2.1118617056115063e-9	0.0004408561286023619
-2.0902729657323873e-9	0.0004420783256050194
-2.0880729477423812e-9	0.0004433211890786063
-2.087434478437178e-9	0.00044457330872080817
-2.0871571245584253e-9	0.00044583322780064523
-2.087006215212295e-9	0.00044710058047720057
-2.086911665977187e-9	0.00044837526014724277
-2.0868459686629317e-9	0.00044965724752355423
-2.0867991536610563e-9	0.00045094655920104926
-2.086764658493223e-9	0.0004522432282350656
-2.086739707696239e-9	0.0004535472952468326
-2.0867252789602554e-9	0.00045485880324145863
-2.0867242068123296e-9	0.000456177793294437
-2.086742169754574e-9	0.0004575042990358
-2.0867921384781775e-9	0.00045883833684595736
-2.0869036995496695e-9	0.00046017988419197215
-2.0871542251721386e-9	0.0004615288220355753
-2.0878048368089264e-9	0.00046288474213142207
-2.0901909860371326e-9	0.00046424601450582517
-2.1142352080283367e-9	0.00046559984301503123
-2.1143712063964594e-9	0.0004670447306494287
-2.09017517864285e-9	0.0004684147712774814
-2.087707151882112e-9	0.0004698084352508943
-2.0869898593789406e-9	0.0004712129447278324
-2.086677400670034e-9	0.00047262667548576473
-2.0865063151853657e-9	0.000474049225859834
-2.086398646888865e-9	0.00047548048482267205
-2.0863243349933394e-9	0.0004769204393325567
-2.086269073869884e-9	0.0004783691166980404
-2.0862281811417916e-9	0.0004798265628176607
-2.086198648987292e-9	0.00048129283220502535
-2.086180927662884e-9	0.0004827679821776108
-2.086178212146184e-9	0.0004842520680078694
-2.086196344402991e-9	0.0004857451367119943
-2.0862507485730487e-9	0.0004872472159922518
-2.086374871623775e-9	0.0004887582898010447
-2.0866556043441786e-9	0.0004902782333555743
-2.0873873126381337e-9	0.0004918065956916333
-2.0900770632992227e-9	0.0004933415473751361
-2.1172036796190953e-9	0.0004948686585653151
-2.1173668676710556e-9	0.0004964990930418534
-2.0900581075122826e-9	0.0004980456501585829
-2.0872704793839515e-9	0.0004996194548063904
-2.086458408712133e-9	0.0005012060996169742
-2.086101892678771e-9	0.0005028037628366483
-2.0859080468116353e-9	0.0005044120024291249
-2.085784260963397e-9	0.0005060307045289819
-2.0856979009664655e-9	0.0005076598660348561
-2.085633383325236e-9	0.0005092995295843894
-2.0855850184742234e-9	0.0005109497589992286
-2.0855495662885916e-9	0.0005126106280258907
-2.0855272680697645e-9	0.0005142822137698037
-2.085521966421755e-9	0.000515964591205997
-2.085540465573965e-9	0.0005176578261308981
-2.085599684931161e-9	0.0005193619625973343
-2.0857382902195188e-9	0.0005210769951332266
-2.0860549815038265e-9	0.0005228027948381304
-2.0868845613586373e-9	0.0005245388620817551
-2.0899397518980845e-9	0.0005262831297015877
-2.1207835068537407e-9	0.0005280191995329556
-2.1209824437762317e-9	0.0005298735152386246
-2.089916917979995e-9	0.0005316331853423992
-2.0867426692328105e-9	0.0005334246066864941
-2.0858158050474086e-9	0.0005352314091437118
-2.085408997004601e-9	0.0005370515360119645
-2.085183895228493e-9	0.0005388845000293394
-2.085040107119296e-9	0.0005407301874447785
-2.084938884555632e-9	0.0005425886107919022
-2.084862464057924e-9	0.0005444598349266588
-2.0848046287380572e-9	0.000546343949105334
-2.0847612438423812e-9	0.0005482410541754957
-2.0847328504658427e-9	0.0005501512551005199
-2.0847239585397583e-9	0.0005520746546933085
-2.084742128150019e-9	0.0005540113455511136
-2.0848073526258393e-9	0.0005559613956530398
-2.084963152820807e-9	0.000557924816492562
-2.085323182776655e-9	0.0005599014782825499
-2.0862709463720375e-9	0.0005618908261771329
-2.0897723186030784e-9	0.0005638905068861682
-2.1251580425096785e-9	0.0005658817215398093
-2.1254016881022686e-9	0.0005680095885800963
-2.089743982558456e-9	0.0005700298306926776
-2.0860964032531903e-9	0.0005720875093097933
-2.085028716058979e-9	0.0005741638611872508
-2.0845577956396524e-9	0.000576256547619416
-2.08429570375257e-9	0.0005783650312646742
-2.0841268983717853e-9	0.0005804892038363499
-2.084006769165203e-9	0.0005826291024207128
-2.0839155944807344e-9	0.0005847848246093025
-2.0838448323901027e-9	0.0005869564964632321
-2.0837912418136816e-9	0.0005891442578117582
-2.0837542641816142e-9	0.0005913482536650267
-2.083740368991061e-9	0.0005935686269972078
-2.0837575670340504e-9	0.0005958055094246192
-2.0838289497893125e-9	0.0005980590045348467
-2.0840054094972696e-9	0.0006003291509590299
-2.084418243125663e-9	0.0006026158240811307
-2.0855117966400717e-9	0.0006049184070486587
-2.0895648645380408e-9	0.0006072341985026141
-2.1305773424407093e-9	0.0006095414303475002
-2.1308815395304495e-9	0.0006120083767462668
-2.089529542487201e-9	0.0006143518634126302
-2.0852939220106226e-9	0.0006167400941909795
-2.084050384293379e-9	0.0006191513472534504
-2.083499231336772e-9	0.000621582942116379
-2.0831899805839883e-9	0.000624034287338995
-2.082988914825501e-9	0.0006265052896008565
-2.0828444207754426e-9	0.0006289960248361113
-2.082732890723582e-9	0.0006315066398561665
-2.082645887646617e-9	0.0006340373152166688
-2.082578326684237e-9	0.0006365882481779676
-2.082530498270785e-9	0.0006391596427384601
-2.082508878586964e-9	0.0006417517012334651
-2.0825236135113558e-9	0.0006443646134481547
-2.0826018772734935e-9	0.0006469985370929523
-2.0828031783881596e-9	0.0006496535545109255
-2.083281210080168e-9	0.0006523295573866487
-2.084557481196736e-9	0.0006550258607848211
-2.0893038234826023e-9	0.0006577393350177954
-2.1374040691690688e-9	0.0006604444802299082
-2.1377905052855084e-9	0.0006633387652237786
-2.0892588926013644e-9	0.0006660900055914491
-2.084280327296906e-9	0.0006688955821507602
-2.0828136051365133e-9	0.0006717300567105768
-2.0821595801301386e-9	0.0006745903303869342
-2.0817894861580034e-9	0.0006774757562429727
-2.081546326565542e-9	0.0006803862728749284
-2.081369483442064e-9	0.0006833220186140585
-2.081231083606028e-9	0.0006862832161340401
-2.081121684666121e-9	0.0006892701289053808
-2.0810347269417664e-9	0.0006922830412142738
-2.0809712718339316e-9	0.0006953222464633395
-2.080938292520207e-9	0.000698388037277012
-2.080948492327872e-9	0.0007014806926221253
-2.0810342475197088e-9	0.0007046004546370148
-2.081265281161926e-9	0.0007077474771770569
-2.0818255582255587e-9	0.0007109216886952114
-2.083334216584909e-9	0.0007141223330885518
-2.088968955110682e-9	0.0007173457470894077
-2.146171429362465e-9	0.0007205616525384677
-2.1466740166231626e-9	0.0007240050512397007
-2.088910486003348e-9	0.0007272808012785171
-2.0829745135342304e-9	0.0007306237925979278
-2.081218091226633e-9	0.0007340038318336076
-2.0804297141852057e-9	0.0007374173028228655
-2.079979009689259e-9	0.0007408635082901459
-2.079679286576264e-9	0.000744342449483223
-2.0794584761008042e-9	0.0007478543672421741
-2.0792835074168183e-9	0.0007513996047653035
-2.0791424457711205e-9	0.0007549785558430083
-2.079028485385548e-9	0.0007585916411154986
-2.078941980765414e-9	0.0007622392941610868
-2.0788925225279087e-9	0.0007659219496835832
-2.0788943427274555e-9	0.0007696400280522494
-2.0789867124282326e-9	0.0007733939073734466
-2.079254712639145e-9	0.0007771838613376598
-2.0799198548582257e-9	0.0007810098934350317
-2.0817308680753934e-9	0.0007848711815973897
-2.088529444749243e-9	0.0007887633895333501
-2.157691668058792e-9	0.0007926499854034061
-2.1583602226593614e-9	0.0007968153511563317
-2.0884516960195667e-9	0.0008007816010944944
-2.0812520639734714e-9	0.0008048329724224333
-2.079111567793168e-9	0.0008089330544551876
-2.078142318473475e-9	0.0008130775860493189
-2.0775818943052916e-9	0.0008172658400655309
-2.0772040665362204e-9	0.0008214979377107089
-2.0769215190452607e-9	0.0008257742935073692
-2.076694221392339e-9	0.0008300954493866256
-2.076507865605981e-9	0.0008344620121615785
-2.0763538511880954e-9	0.0008388746248799566
-2.076233093001312e-9	0.0008433339500369199
-2.0761572954275387e-9	0.0008478406552608558
-2.076144149942838e-9	0.0008523953944411256
-2.076241838960824e-9	0.0008569987734409869
-2.0765554390678176e-9	0.0008616512735567989
-2.077357616070419e-9	0.0008663530470578584
-2.0795718802313345e-9	0.00087110323186961
-2.0879366548376412e-9	0.0008758966330255969
-2.1732500448679028e-9	0.0008806883181453681
-2.174167093527135e-9	0.0008858294672874269
-2.087830210156794e-9	0.0008907304189177712
-2.0789151302713637e-9	0.0008957421622263212
-2.0762487132786056e-9	0.0009008199464018936
-2.0750290736060163e-9	0.0009059587026585535
-2.074314112571196e-9	0.0009111577299962191
-2.073824387421874e-9	0.0009164173808256752
-2.0734518909104604e-9	0.0009217383761664578
-2.073147097564343e-9	0.0009271216010943668
-2.0728926224067303e-9	0.000932568027775336
-2.072677585740479e-9	0.0009380786802933247
-2.0725035257018742e-9	0.0009436546140665422
-2.0723847865056213e-9	0.0009492968982176992
-2.0723443081072104e-9	0.0009550065920965768
-2.0724428043183973e-9	0.0009607847022626452
-2.0728126269464743e-9	0.000966632085986071
-2.073798639024016e-9	0.0009725491928783112
-2.076567707620658e-9	0.0009785351980435113
-2.087110404241921e-9	0.000984583803017162
-2.1949806402687954e-9	0.0009906384301958217
-2.1962864739877296e-9	0.0009971437558217353
-2.0869587420369043e-9	0.0010033539630203503
-2.075632308251585e-9	0.0010097134715636943
-2.072219402332598e-9	0.001016165992990496
-2.07063864206547e-9	0.001022705454503742
-2.069696698858703e-9	0.001029331322041564
-2.069039230190306e-9	0.0010360444072872836
-2.06852931707302e-9	0.0010428460017110099
-2.068104489544309e-9	0.0010497376182610637
-2.0677417644054954e-9	0.0010567208944816937
-2.067428858537612e-9	0.0010637975484898902
-2.0671672424421582e-9	0.0010709693533409149
-2.0669756320534916e-9	0.0010782381149786616
-2.0668840558013546e-9	0.001085605642433961
-2.066971373754223e-9	0.0010930736924622754
-2.0674100814632725e-9	0.0011006438443299986
-2.06864990414668e-9	0.0011083171632219524
-2.0722113886095797e-9	0.0011160930690137679
-2.085909343990666e-9	0.0011239638531885033
-2.2266389289815616e-9	0.0011318561577814063
-2.2285880657002543e-9	0.0011403512599498674
-2.085683012187367e-9	0.0011484758077231342
-2.070815007182425e-9	0.0011568107287268103
-2.06629175422135e-9	0.0011652831632985238
-2.0641635348594978e-9	0.0011738858400467712
-2.06286926921484e-9	0.0011826187470890452
-2.0619453656889333e-9	0.0011914836583883962
-2.061212824017167e-9	0.0012004830043081092
-2.060589002533808e-9	0.0012096195356508307
-2.0600455020836075e-9	0.0012188961985090843
-2.059564586420759e-9	0.0012283160781223052
-2.059149453842446e-9	0.0012378823666671216
-2.058825614570381e-9	0.0012475983354889714
-2.0586337942996026e-9	0.0012574672966279244
-2.0586801857402916e-9	0.0012674925295248687
-2.0591997601571158e-9	0.001277677112700193
-2.0608015352308054e-9	0.0012880234678115995
-2.0655510875156047e-9	0.0012985318223000676
-2.08406760733304e-9	0.0013091927489375151
-2.2753396484831435e-9	0.0013199075066072084
-2.278435001545898e-9	0.0013314683643095315
-2.0837081861291298e-9	0.001342551932900581
-2.063333181945293e-9	0.001353950007842652
-2.0570552772214424e-9	0.0013655648026060496
-2.0540401044599756e-9	0.001377387829787629
-2.0521589613242686e-9	0.0013894205481289874
-2.0507789845136684e-9	0.001401666918209283
-2.0496554823890013e-9	0.0014141318694052627
-2.0486755946957927e-9	0.0014268208467544839
-2.0478007154045574e-9	0.001439739644842538
-2.0470069060418705e-9	0.0014528943356953959
-2.046299150093578e-9	0.0014662912292109766
-2.045713865861387e-9	0.0014799368393205866
-2.045309118636762e-9	0.0014938378346025167
-2.0452378263036143e-9	0.0015080009388764542
-2.0458349998364603e-9	0.0015224326952114418
-2.047974845731382e-9	0.001537138816122777
-2.05462132579215e-9	0.0015521219769283425
-2.081032583017839e-9	0.0015673710798083937
-2.3559346554846707e-9	0.001582746525568038
-2.361283496943312e-9	0.0015993918890441527
-2.080411346488953e-9	0.0016154046897340565
-2.050787222718231e-9	0.0016319279178818775
-2.0414963787573903e-9	0.001648824092357125
-2.0369082376625602e-9	0.0016660844451345143
-2.0339480590547688e-9	0.0016837147258167518
-2.0317011345805104e-9	0.0017017244984063042
-2.029812999243541e-9	0.0017201249481923794
-2.0281197840921196e-9	0.0017389282441579315
-2.026565751367393e-9	0.0017581473155119703
-2.025116395093507e-9	0.001777795764400527
-2.0237799861544394e-9	0.0017978878260833152
-2.0226127676437058e-9	0.00181843833741167
-2.0217044007175832e-9	0.0018394626815633165
-2.0212906326033676e-9	0.0018609766557867201
-2.0218903758972842e-9	0.0018829961272781
-2.024859758986697e-9	0.0019055360442900135
-2.0348075923048992e-9	0.0019286070165300136
-2.0754971777225964e-9	0.0019521985684253893
-2.503838062295483e-9	0.0019760998288538075
-2.514284946308898e-9	0.0020021055265300788
-2.0742834010600843e-9	0.0020272517992772363
-2.0273138777893164e-9	0.0020533330748784377
-2.0121891243896073e-9	0.002080144307182886
-2.004415366724244e-9	0.0021076821194067705
-1.9991651084516616e-9	0.0021359665540460595
-1.994998916904356e-9	0.002165024416541018
-1.9913577627483915e-9	0.0021948859157539706
-1.9879809671441428e-9	0.0022255837400584105
-1.9847801011052546e-9	0.002257152786702643
-1.981699492303868e-9	0.0022896301105786543
-1.9787539953464163e-9	0.002323054953774986
-1.9760392821532858e-9	0.002357468793820824
-1.973710210850799e-9	0.002392915357429437
-1.972174880787714e-9	0.002429440507474104
-1.9723400230542423e-9	0.002467091765319292
-1.9765870356680536e-9	0.002505916700597013
-1.9930390340983098e-9	0.0025459570143906017
-2.063715162758939e-9	0.0025872189379536593
-2.8217738717750687e-9	0.002629354388520909
-2.846538366074736e-9	0.002675584008074105
-2.0608367489127756e-9	0.002720671513113595
-1.9752489869240276e-9	0.0027678411452090766
-1.9464632223242797e-9	0.0028167673108226094
-1.9307123544864967e-9	0.0028674862324608442
-1.9193394085625927e-9	0.002920079790382195
-1.909748947698242e-9	0.0029746463711037034
-1.900920682529339e-9	0.0030312953955325007
-1.8923696046280193e-9	0.0030901462380552597
-1.8839239201651205e-9	0.003151328378159511
-1.8754701519296812e-9	0.0032149820229273765
-1.8670285776012376e-9	0.00328125896358819
-1.8587835329042513e-9	0.003350323563843518
-1.851050405837773e-9	0.003422353787110417
-1.8446850438003095e-9	0.0034975420799222014
-1.8416385015429526e-9	0.003576095602761897
-1.8471188794388916e-9	0.003658234110175208
-1.8790661604095595e-9	0.0037441783694009603
-2.0309857695244293e-9	0.003834085516879164
-3.721527251421275e-9	0.0039273326993649275
-3.805121858613259e-9	0.004031352315354729
-2.0212558348664536e-9	0.004134571505889021
-1.818763099203924e-9	0.004244476579456701
-1.7445774969260254e-9	0.004360605243039957
-1.699137054717026e-9	0.004483345732929774
-1.6625263910774459e-9	0.0046132331194824044
-1.6286267349896466e-9	0.004750891206277708
-1.5948904019402743e-9	0.004897029111864439
-1.5599598361060175e-9	0.005052449521871642
-1.5231957279926435e-9	0.005218061935342688
-1.4840436206531306e-9	0.0053948997294720824
-1.442263565470947e-9	0.005584141190835856
-1.39806092314676e-9	0.005787135142855704
-1.352052883502042e-9	0.0060054320275575975
-1.3066465722189058e-9	0.006240821283014749
-1.2681953883875164e-9	0.006495375057208082
-1.2551948823713578e-9	0.006771494247529251
-1.3346633840116696e-9	0.007071932163387273
-1.8671855924023985e-9	0.0073996261204361735
-8.454510123279135e-9	0.007754935076370561
-9.123894982376868e-9	0.008171209256967992
-1.788684058273704e-9	0.008606677442250217
-8.406841074559691e-10	0.009096961168667012
-3.9552887861060706e-10	0.009647561240528684
-3.517447496603765e-11	0.010269520672685191
3.349426184073856e-10	0.010977412117247043
7.565130241693474e-10	0.011790248319772493
1.2630728609575037e-9	0.012733168960190543
1.893725892687659e-9	0.013840074610562119
2.700408019812306e-9	0.015157784590968624
3.7622301585160666e-9	0.01675282615155243
5.2028944633630835e-9	0.018723014752923806
7.225983708802897e-9	0.02121828936457143
1.019227363114883e-8	0.024480752331600252
1.4770690419341204e-8	0.028928301886406736
2.2300431949318078e-8	0.03534945913978615
3.5591393153106e-8	0.045430740674841104
5.917780134946371e-8	0.06354021887244933
4.3906456177050806e-8	0.10552460077105698
-1.0698866222214532e-5	0.3038310487264368
-1.0698866222214532e-5	-0.3038310487264368
4.3906456177050806e-8	-0.10552460077105698
5.917780134946371e-8	-0.06354021887244933
3.5591393153106e-8	-0.045430740674841104
2.2300431949318078e-8	-0.03534945913978615
1.4770690419341204e-8	-0.028928301886406736
1.019227363114883e-8	-0.024480752331600252
7.225983708802897e-9	-0.02121828936457143
5.2028944633630835e-9	-0.018723014752923806
3.7622301585160666e-9	-0.01675282615155243
2.700408019812306e-9	-0.015157784590968624
1.893725892687659e-9	-0.013840074610562119
1.2630728609575037e-9	-0.012733168960190543
7.565130241693474e-10	-0.011790248319772493
3.349426184073856e-10	-0.010977412117247043
-3.517447496603765e-11	-0.010269520672685191
-3.9552887861060706e-10	-0.009647561240528684
-8.406841074559691e-10	-0.009096961168667012
-1.788684058273704e-9	-0.008606677442250217
-9.123894982376868e-9	-0.008171209256967992
-8.454510123279135e-9	-0.007754935076370561
-1.8671855924023985e-9	-0.0073996261204361735
-1.3346633840116696e-9	-0.007071932163387273
-1.2551948823713578e-9	-0.006771494247529251
-1.2681953883875164e-9	-0.006495375057208082
-1.3066465722189058e-9	-0.006240821283014749
-1.352052883502042e-9	-0.0060054320275575975
-1.39806092314676e-9	-0.005787135142855704
-1.442263565470947e-9	-0.005584141190835856
-1.4840436206531306e-9	-0.0053948997294720824
-1.5231957279926435e-9	-0.005218061935342688
-1.5599598361060175e-9	-0.005052449521871642
-1.5948904019402743e-9	-0.004897029111864439
-1.6286267349896466e-9	-0.004750891206277708
-1.6625263910774459e-9	-0.0046132331194824044
-1.699137054717026e-9	-0.004483345732929774
-1.7445774969260254e-9	-0.004360605243039957
-1.818763099203924e-9	-0.004244476579456701
-2.0212558348664536e-9	-0.004134571505889021
-3.805121858613259e-9	-0.004031352315354729
-3.721527251421275e-9	-0.0039273326993649275
-2.0309857695244293e-9	-0.003834085516879164
-1.8790661604095595e-9	-0.0037441783694009603
-1.8471188794388916e-9	-0.003658234110175208
-1.8416385015429526e-9	-0.003576095602761897
-1.8446850438003095e-9	-0.0034975420799222014
-1.851050405837773e-9	-0.003422353787110417
-1.8587835329042513e-9	-0.003350323563843518
-1.8670285776012376e-9	-0.00328125896358819
-1.8754701519296812e-9	-0.0032149820229273765
-1.8839239201651205e-9	-0.003151328378159511
-1.8923696046280193e-9	-0.0030901462380552597
-1.900920682529339e-9	-0.0030312953955325007
-1.909748947698242e-9	-0.0029746463711037034
-1.9193394085625927e-9	-0.002920079790382195
-1.9307123544864967e-9	-0.0028674862324608442
-1.9464632223242797e-9	-0.0028167673108226094
-1.9752489869240276e-9	-0.0027678411452090766
-2.0608367489127756e-9	-0.002720671513113595
-2.846538366074736e-9	-0.002675584008074105
-2.8217738717750687e-9	-0.002629354388520909
-2.063715162758939e-9	-0.0025872189379536593
-1.9930390340983098e-9	-0.0025459570143906017
-1.9765870356680536e-9	-0.002505916700597013
-1.9723400230542423e-9	-0.002467091765319292
-1.972174880787714e-9	-0.002429440507474104
-1.973710210850799e-9	-0.002392915357429437
-1.9760392821532858e-9	-0.002357468793820824
-1.9787539953464163e-9	-0.002323054953774986
-1.981699492303868e-9	-0.0022896301105786543
-1.9847801011052546e-9	-0.002257152786702643
-1.9879809671441428e-9	-0.0022255837400584105
-1.9913577627483915e-9	-0.0021948859157539706
-1.994998916904356e-9	-0.002165024416541018
-1.9991651084516616e-9	-0.0021359665540460595
-2.004415366724244e-9	-0.0021076821194067705
-2.0121891243896073e-9	-0.002080144307182886
-2.0273138777893164e-9	-0.0020533330748784377
-2.0742834010600843e-9	-0.0020272517992772363
-2.514284946308898e-9	-0.0020021055265300788
-2.503838062295483e-9	-0.0019760998288538075
-2.0754971777225964e-9	-0.0019521985684253893
-2.0348075923048992e-9	-0.0019286070165300136
-2.024859758986697e-9	-0.0019055360442900135
-2.0218903758972842e-9	-0.0018829961272781
-2.0212906326033676e-9	-0.0018609766557867201
-2.0217044007175832e-9	-0.0018394626815633165
-2.0226127676437058e-9	-0.00181843833741167
-2.0237799861544394e-9	-0.0017978878260833152
-2.025116395093507e-9	-0.001777795764400527
-2.026565751367393e-9	-0.0017581473155119703
-2.0281197840921196e-9	-0.0017389282441579315
-2.029812999243541e-9	-0.0017201249481923794
-2.0317011345805104e-9	-0.0017017244984063042
-2.0339480590547688e-9	-0.0016837147258167518
-2.0369082376625602e-9	-0.0016660844451345143
-2.0414963787573903e-9	-0.001648824092357125
-2.050787222718231e-9	-0.0016319279178818775
-2.080411346488953e-9	-0.0016154046897340565
-2.361283496943312e-9	-0.0015993918890441527
-2.3559346554846707e-9	-0.001582746525568038
-2.081032583017839e-9	-0.0015673710798083937
-2.05462132579215e-9	-0.0015521219769283425
-2.047974845731382e-9	-0.001537138816122777
-2.0458349998364603e-9	-0.0015224326952114418
-2.0452378263036143e-9	-0.0015080009388764542
-2.045309118636762e-9	-0.0014938378346025167
-2.045713865861387e-9	-0.0014799368393205866
-2.046299150093578e-9	-0.0014662912292109766
-2.0470069060418705e-9	-0.0014528943356953959
-2.0478007154045574e-9	-0.001439739644842538
-2.0486755946957927e-9	-0.0014268208467544839
-2.0496554823890013e-9	-0.0014141318694052627
-2.0507789845136684e-9	-0.001401666918209283
-2.0521589613242686e-9	-0.0013894205481289874
-2.0540401044599756e-9	-0.001377387829787629
-2.0570552772214424e-9	-0.0013655648026060496
-2.063333181945293e-9	-0.001353950007842652
-2.0837081861291298e-9	-0.001342551932900581
-2.278435001545898e-9	-0.0013314683643095315
-2.2753396484831435e-9	-0.0013199075066072084
-2.08406760733304e-9	-0.0013091927489375151
-2.0655510875156047e-9	-0.0012985318223000676
-2.0608015352308054e-9	-0.0012880234678115995
-2.0591997601571158e-9	-0.001277677112700193
-2.0586801857402916e-9	-0.0012674925295248687
-2.0586337942996026e-9	-0.0012574672966279244
-2.058825614570381e-9	-0.0012475983354889714
-2.059149453842446e-9	-0.0012378823666671216
-2.059564586420759e-9	-0.0012283160781223052
-2.0600455020836075e-9	-0.0012188961985090843
-2.060589002533808e-9	-0.0012096195356508307
-2.061212824017167e-9	-0.0012004830043081092
-2.0619453656889333e-9	-0.0011914836583883962
-2.06286926921484e-9	-0.0011826187470890452
-2.0641635348594978e-9	-0.0011738858400467712
-2.06629175422135e-9	-0.0011652831632985238
-2.070815007182425e-9	-0.0011568107287268103
-2.085683012187367e-9	-0.0011484758077231342
-2.2285880657002543e-9	-0.0011403512599498674
-2.2266389289815616e-9	-0.0011318561577814063
-2.085909343990666e-9	-0.0011239638531885033
-2.0722113886095797e-9	-0.0011160930690137679
-2.06864990414668e-9	-0.0011083171632219524
-2.0674100814632725e-9	-0.0011006438443299986
-2.066971373754223e-9	-0.0010930736924622754
-2.0668840558013546e-9	-0.001085605642433961
-2.0669756320534916e-9	-0.0010782381149786616
-2.0671672424421582e-9	-0.0010709693533409149
-2.067428858537612e-9	-0.0010637975484898902
-2.0677417644054954e-9	-0.0010567208944816937
-2.068104489544309e-9	-0.0010497376182610637
-2.06852931707302e-9	-0.0010428460017110099
-2.069039230190306e-9	-0.0010360444072872836
-2.069696698858703e-9	-0.001029331322041564
-2.07063864206547e-9	-0.001022705454503742
-2.072219402332598e-9	-0.001016165992990496
-2.075632308251585e-9	-0.0010097134715636943
-2.0869587420369043e-9	-0.0010033539630203503
-2.1962864739877296e-9	-0.0009971437558217353
-2.1949806402687954e-9	-0.0009906384301958217
-2.087110404241921e-9	-0.000984583803017162
-2.076567707620658e-9	-0.0009785351980435113
-2.073798639024016e-9	-0.0009725491928783112
-2.0728126269464743e-9	-0.000966632085986071
-2.0724428043183973e-9	-0.0009607847022626452
-2.0723443081072104e-9	-0.0009550065920965768
-2.0723847865056213e-9	-0.0009492968982176992
-2.0725035257018742e-9	-0.0009436546140665422
-2.072677585740479e-9	-0.0009380786802933247
-2.0728926224067303e-9	-0.000932568027775336
-2.073147097564343e-9	-0.0009271216010943668
-2.0734518909104604e-9	-0.0009217383761664578
-2.073824387421874e-9	-0.0009164173808256752
-2.074314112571196e-9	-0.0009111577299962191
-2.0750290736060163e-9	-0.0009059587026585535
-2.0762487132786056e-9	-0.0009008199464018936
-2.0789151302713637e-9	-0.0008957421622263212
-2.087830210156794e-9	-0.0008907304189177712
-2.174167093527135e-9	-0.0008858294672874269
-2.1732500448679028e-9	-0.0008806883181453681
-2.0879366548376412e-9	-0.0008758966330255969
-2.0795718802313345e-9	-0.00087110323186961
-2.077357616070419e-9	-0.0008663530470578584
-2.0765554390678176e-9	-0.0008616512735567989
-2.076241838960824e-9	-0.0008569987734409869
-2.076144149942838e-9	-0.0008523953944411256
-2.0761572954275387e-9	-0.0008478406552608558
-2.076233093001312e-9	-0.0008433339500369199
-2.0763538511880954e-9	-0.0008388746248799566
-2.076507865605981e-9	-0.0008344620121615785
-2.076694221392339e-9	-0.0008300954493866256
-2.0769215190452607e-9	-0.0008257742935073692
-2.0772040665362204e-9	-0.0008214979377107089
-2.0775818943052916e-9	-0.0008172658400655309
-2.078142318473475e-9	-0.0008130775860493189
-2.079111567793168e-9	-0.0008089330544551876
-2.0812520639734714e-9	-0.0008048329724224333
-2.0884516960195667e-9	-0.0008007816010944944
-2.1583602226593614e-9	-0.0007968153511563317
-2.157691668058792e-9	-0.0007926499854034061
-2.088529444749243e-9	-0.0007887633895333501
-2.0817308680753934e-9	-0.0007848711815973897
-2.0799198548582257e-9	-0.0007810098934350317
-2.079254712639145e-9	-0.0007771838613376598
-2.0789867124282326e-9	-0.0007733939073734466
-2.0788943427274555e-9	-0.0007696400280522494
-2.0788925225279087e-9	-0.0007659219496835832
-2.078941980765414e-9	-0.0007622392941610868
-2.079028485385548e-9	-0.0007585916411154986
-2.0791424457711205e-9	-0.0007549785558430083
-2.0792835074168183e-9	-0.0007513996047653035
-2.0794584761008042e-9	-0.0007478543672421741
-2.079679286576264e-9	-0.000744342449483223
-2.079979009689259e-9	-0.0007408635082901459
-2.0804297141852057e-9	-0.0007374173028228655
-2.081218091226633e-9	-0.0007340038318336076
-2.0829745135342304e-9	-0.0007306237925979278
-2.088910486003348e-9	-0.0007272808012785171
-2.1466740166231626e-9	-0.0007240050512397007
-2.146171429362465e-9	-0.0007205616525384677
-2.088968955110682e-9	-0.0007173457470894077
-2.083334216584909e-9	-0.0007141223330885518
-2.0818255582255587e-9	-0.0007109216886952114
-2.081265281161926e-9	-0.0007077474771770569
-2.0810342475197088e-9	-0.0007046004546370148
-2.080948492327872e-9	-0.0007014806926221253
-2.080938292520207e-9	-0.000698388037277012
-2.0809712718339316e-9	-0.0006953222464633395
-2.0810347269417664e-9	-0.0006922830412142738
-2.081121684666121e-9	-0.0006892701289053808
-2.081231083606028e-9	-0.0006862832161340401
-2.081369483442064e-9	-0.0006833220186140585
-2.081546326565542e-9	-0.0006803862728749284
-2.0817894861580034e-9	-0.0006774757562429727
-2.0821595801301386e-9	-0.0006745903303869342
-2.0828136051365133e-9	-0.0006717300567105768
-2.084280327296906e-9	-0.0006688955821507602
-2.0892588926013644e-9	-0.0006660900055914491
-2.1377905052855084e-9	-0.0006633387652237786
-2.1374040691690688e-9	-0.0006604444802299082
-2.0893038234826023e-9	-0.0006577393350177954
-2.084557481196736e-9	-0.0006550258607848211
-2.083281210080168e-9	-0.0006523295573866487
-2.0828031783881596e-9	-0.0006496535545109255
-2.0826018772734935e-9	-0.0006469985370929523
-2.0825236135113558e-9	-0.0006443646134481547
-2.082508878586964e-9	-0.0006417517012334651
-2.082530498270785e-9	-0.0006391596427384601
-2.082578326684237e-9	-0.0006365882481779676
-2.082645887646617e-9	-0.0006340373152166688
-2.082732890723582e-9	-0.0006315066398561665
-2.0828444207754426e-9	-0.0006289960248361113
-2.082988914825501e-9	-0.0006265052896008565
-2.0831899805839883e-9	-0.000624034287338995
-2.083499231336772e-9	-0.000621582942116379
-2.084050384293379e-9	-0.0006191513472534504
-2.0852939220106226e-9	-0.0006167400941909795
-2.089529542487201e-9	-0.0006143518634126302
-2.1308815395304495e-9	-0.0006120083767462668
-2.1305773424407093e-9	-0.0006095414303475002
-2.0895648645380408e-9	-0.0006072341985026141
-2.0855117966400717e-9	-0.0006049184070486587
-2.084418243125663e-9	-0.0006026158240811307
-2.0840054094972696e-9	-0.0006003291509590299
-2.0838289497893125e-9	-0.0005980590045348467
-2.0837575670340504e-9	-0.0005958055094246192
-2.083740368991061e-9	-0.0005935686269972078
-2.0837542641816142e-9	-0.0005913482536650267
-2.0837912418136816e-9	-0.0005891442578117582
-2.0838448323901027e-9	-0.0005869564964632321
-2.0839155944807344e-9	-0.0005847848246093025
-2.084006769165203e-9	-0.0005826291024207128
-2.0841268983717853e-9	-0.0005804892038363499
-2.08429570375257e-9	-0.0005783650312646742
-2.0845577956396524e-9	-0.000576256547619416
-2.085028716058979e-9	-0.0005741638611872508
-2.0860964032531903e-9	-0.0005720875093097933
-2.089743982558456e-9	-0.0005700298306926776
-2.1254016881022686e-9	-0.0005680095885800963
-2.1251580425096785e-9	-0.0005658817215398093
-2.0897723186030784e-9	-0.0005638905068861682
-2.0862709463720375e-9	-0.0005618908261771329
-2.085323182776655e-9	-0.0005599014782825499
-2.084963152820807e-9	-0.000557924816492562
-2.0848073526258393e-9	-0.0005559613956530398
-2.084742128150019e-9	-0.0005540113455511136
-2.0847239585397583e-9	-0.0005520746546933085
-2.0847328504658427e-9	-0.0005501512551005199
-2.0847612438423812e-9	-0.0005482410541754957
-2.0848046287380572e-9	-0.000546343949105334
-2.084862464057924e-9	-0.0005444598349266588
-2.084938884555632e-9	-0.0005425886107919022
-2.085040107119296e-9	-0.0005407301874447785
-2.085183895228493e-9	-0.0005388845000293394
-2.085408997004601e-9	-0.0005370515360119645
-2.0858158050474086e-9	-0.0005352314091437118
-2.0867426692328105e-9	-0.0005334246066864941
-2.089916917979995e-9	-0.0005316331853423992
-2.1209824437762317e-9	-0.0005298735152386246
-2.1207835068537407e-9	-0.0005280191995329556
-2.0899397518980845e-9	-0.0005262831297015877
-2.0868845613586373e-9	-0.0005245388620817551
-2.0860549815038265e-9	-0.0005228027948381304
-2.0857382902195188e-9	-0.0005210769951332266
-2.085599684931161e-9	-0.0005193619625973343
-2.085540465573965e-9	-0.0005176578261308981
-2.085521966421755e-9	-0.000515964591205997
-2.0855272680697645e-9	-0.0005142822137698037
-2.0855495662885916e-9	-0.0005126106280258907
-2.0855850184742234e-9	-0.0005109497589992286
-2.085633383325236e-9	-0.0005092995295843894
-2.0856979009664655e-9	-0.0005076598660348561
-2.085784260963397e-9	-0.0005060307045289819
-2.0859080468116353e-9	-0.0005044120024291249
-2.086101892678771e-9	-0.0005028037628366483
-2.086458408712133e-9	-0.0005012060996169742
-2.0872704793839515e-9	-0.0004996194548063904
-2.0900581075122826e-9	-0.0004980456501585829
-2.1173668676710556e-9	-0.0004964990930418534
-2.1172036796190953e-9	-0.0004948686585653151
-2.0900770632992227e-9	-0.0004933415473751361
-2.0873873126381337e-9	-0.0004918065956916333
-2.0866556043441786e-9	-0.0004902782333555743
-2.086374871623775e-9	-0.0004887582898010447
-2.0862507485730487e-9	-0.0004872472159922518
-2.086196344402991e-9	-0.0004857451367119943
-2.086178212146184e-9	-0.0004842520680078694
-2.086180927662884e-9	-0.0004827679821776108
-2.086198648987292e-9	-0.00048129283220502535
-2.0862281811417916e-9	-0.0004798265628176607
-2.086269073869884e-9	-0.0004783691166980404
-2.0863243349933394e-9	-0.0004769204393325567
-2.086398646888865e-9	-0.00047548048482267205
-2.0865063151853657e-9	-0.000474049225859834
-2.086677400670034e-9	-0.00047262667548576473
-2.0869898593789406e-9	-0.0004712129447278324
-2.087707151882112e-9	-0.0004698084352508943
-2.09017517864285e-9	-0.0004684147712774814
-2.1143712063964594e-9	-0.0004670447306494287
-2.1142352080283367e-9	-0.00046559984301503123
-2.0901909860371326e-9	-0.00046424601450582517
-2.0878048368089264e-9	-0.00046288474213142207
-2.0871542251721386e-9	-0.0004615288220355753
-2.0869036995496695e-9	-0.00046017988419197215
-2.0867921384781775e-9	-0.00045883833684595736
-2.086742169754574e-9	-0.0004575042990358
-2.0867242068123296e-9	-0.000456177793294437
-2.0867252789602554e-9	-0.00045485880324145863
-2.086739707696239e-9	-0.0004535472952468326
-2.086764658493223e-9	-0.0004522432282350656
-2.0867991536610563e-9	-0.00045094655920104926
-2.0868459686629317e-9	-0.00044965724752355423
-2.086911665977187e-9	-0.00044837526014724277
-2.087006215212295e-9	-0.00044710058047720057
-2.0871571245584253e-9	-0.00044583322780064523
-2.087434478437178e-9	-0.00044457330872080817
-2.0880729477423812e-9	-0.0004433211890786063
-2.0902729657323873e-9	-0.0004420783256050194
-2.1118617056115063e-9	-0.0004408561286023619
-2.111746915822721e-9	-0.0004395667306203343
-2.0902863968053076e-9	-0.00043835819098605544
-2.088155106294565e-9	-0.0004371426146005761
-2.0875728834912623e-9	-0.00043593142687825017
-2.087347910928461e-9	-0.0004347260889355122
-2.087246749954419e-9	-0.00043352697154488555
-2.0872010698169685e-9	-0.0004323341872909954
-2.0871839332359253e-9	-0.0004311477625365926
-2.0871835055447096e-9	-0.0004299676888194519
-2.087195066186043e-9	-0.0004287939421882432
-2.0872160823859343e-9	-0.00042762649195763323
-2.0872459830401093e-9	-0.00042646530563906685
-2.0872875460320462e-9	-0.00042531035280279954
-2.0873444785352026e-9	-0.0004241616097242883
-2.0874279196003708e-9	-0.0004230190673724032
-2.0875625434790823e-9	-0.00042188274884518177
-2.0878100411791946e-9	-0.0004207527555562818
-2.088382121218091e-9	-0.00041962942161389834
-2.0903561561647077e-9	-0.0004185140606100334
-2.1097386347812554e-9	-0.0004174169240901226
-2.1096406567111537e-9	-0.00041625911661261815
-2.090367285451089e-9	-0.00041517359248540093
-2.0884519280450764e-9	-0.00041408143264823317
-2.087927886595953e-9	-0.00041299290127475816
-2.087724439897576e-9	-0.0004119093153563118
-2.0876325711405297e-9	-0.0004108310127533037
-2.0875905945016982e-9	-0.0004097580994142938
-2.0875740681103317e-9	-0.00040869060379091187
-2.087572931974702e-9	-0.00040762852299347757
-2.0875822901000876e-9	-0.0004065718401552417
-2.087600053607419e-9	-0.00040552053229814
-2.0876261375479822e-9	-0.00040447457476740906
-2.087662573946325e-9	-0.0004034339447100645
-2.08771302923072e-9	-0.00040239862526415105
-2.087787615739911e-9	-0.00040136861277341825
-2.0879077657243173e-9	-0.0004003439325260664
-2.0881303724074042e-9	-0.000399324680462947
-2.0886456136959277e-9	-0.00039831116257611564
-2.090426575701576e-9	-0.0003973045692453394
-2.107925599348359e-9	-0.00039631416166491235
-2.1078420560982636e-9	-0.0003952687036587807
-2.090436456625433e-9	-0.0003942882522057779
-2.088706131098128e-9	-0.0003933015507984251
-2.0882312988301788e-9	-0.00039231787129794194
-2.0880467255957047e-9	-0.0003913384067562814
-2.087962785485287e-9	-0.0003903634660597522
-2.087923941757053e-9	-0.0003893931486339946
-2.0879084957514672e-9	-0.0003884274838735567
-2.087906440112475e-9	-0.0003874664728206157
-2.0879141354623878e-9	-0.00038651010384663497
-2.087929510036224e-9	-0.0003855583597591983
-2.087952100432444e-9	-0.00038461122180919
-2.0879842797416617e-9	-0.00038366867284205945
-2.08802930252161e-9	-0.0003827307010954511
-2.088096264818429e-9	-0.0003817973067431543
-2.088204576961017e-9	-0.0003808685161811516
-2.0884054705128107e-9	-0.0003799444198746246
-2.088872237043793e-9	-0.0003790252988696921
-2.090487400030483e-9	-0.00037811223677333553
-2.1063661344911113e-9	-0.0003772136417588055
-2.106293875503429e-9	-0.0003762648683494525
-2.090495808776405e-9	-0.0003753748737676733
-2.0889238610377615e-9	-0.00037447899491538
-2.0884926564213035e-9	-0.0003735856490597644
-2.0883245445468824e-9	-0.00037269592193606507
-2.088247733827986e-9	-0.0003718100968509423
-2.0882116296860876e-9	-0.000370928266980455
-2.0881963803565106e-9	-0.0003700504619054599
-2.0881942531691954e-9	-0.0003691766854428256
-2.0882010894729408e-9	-0.00036830692986652454
-2.088213914175352e-9	-0.00036744118237060563
-2.088233926395011e-9	-0.0003665794287065448
-2.0882626709628482e-9	-0.0003657216560491114
-2.08830316101305e-9	-0.00036486785645560923
-2.0883630582335666e-9	-0.00036401803283110396
-2.0884612766780554e-9	-0.0003631722119506862
-2.0886439709211223e-9	-0.00036233047896473897
-2.0890686336483277e-9	-0.00036149309273658464
-2.090539936250302e-9	-0.000360661043776399
-2.105014520836779e-9	-0.00035984200032750303
-2.1049516683802063e-9	-0.0003589770289803766
-2.0905474185206607e-9	-0.00035816546563852147
-2.0891134731471083e-9	-0.0003573483615197971
-2.0887195837815397e-9	-0.00035653339268769304
-2.0885657035008e-9	-0.0003557215513676182
-2.088494697638499e-9	-0.0003549130982083012
-2.0884621747707667e-9	-0.0003541081204920846
-2.088447475789845e-9	-0.0003533066474923951
-2.0884438388379945e-9	-0.0003525086849654265
-2.0884496526429877e-9	-0.00035171422811637853
-2.0884614875982255e-9	-0.00035092326749677733
-2.088479351769479e-9	-0.000350135792316521
-2.088504903130506e-9	-0.000349351793068509
-2.088540893363522e-9	-0.00034857126469058964
-2.0885955619942556e-9	-0.0003477942120262352
-2.0886847237389095e-9	-0.00034702066174329896
-2.088851523307511e-9	-0.00034625069392579344
-2.089239535868481e-9	-0.0003454845476609274
-2.0905859285158537e-9	-0.00034472313182131223
-2.1038355881408678e-9	-0.00034397346869308664
-2.103780664375332e-9	-0.0003431816078256654
-2.090592534786939e-9	-0.00034243849090500434
-2.089279122835519e-9	-0.00034169015399304365
-2.0889178457272895e-9	-0.00034094362615051145
-2.0887762127774766e-9	-0.0003401998176482705
-2.0887110496525807e-9	-0.0003394589689971376
-2.0886799845465376e-9	-0.0003387211619740878
-2.0886665128894146e-9	-0.00033798642522851237
-2.0886637807970845e-9	-0.00033725476585397913
-2.088667765975938e-9	-0.0003365261812699179
-2.088678153827628e-9	-0.00033580066461007664
-2.0886938374098385e-9	-0.00033507820776770077
-2.0887167813676835e-9	-0.00033435880379855456
-2.088749806733459e-9	-0.000333642449822848
-2.0887995054508224e-9	-0.00033292915204535876
-2.088880945150251e-9	-0.00033221893670651564
-2.0890334495760055e-9	-0.0003315118791138533
-2.0893896287954573e-9	-0.00033080820067470096
-2.090626317591271e-9	-0.0003301087382958133
-2.1028012883728133e-9	-0.0003294199470294567
-2.102752646970796e-9	-0.0003286922492914917
-2.0906319794622432e-9	-0.0003280092195410969
-2.0894239271318504e-9	-0.0003273212682957832
-2.0890920415295168e-9	-0.0003266348565192572
-2.0889614120334077e-9	-0.000325950822266854
-2.088900544466865e-9	-0.0003252693880934754
-2.088872001593245e-9	-0.0003245906306631072
-2.088859230425788e-9	-0.0003239145777998432
-2.088855929072153e-9	-0.00032324123750242077
-2.0888595314960677e-9	-0.0003225706088619631
-2.088868912630826e-9	-0.00032190268701809334
-2.088882822354199e-9	-0.00032123746595716547
-2.088903965880018e-9	-0.00032057494072500783
-2.0889336753426857e-9	-0.00031991511010289126
-2.0889790417033537e-9	-0.00031925798123447197
-2.0890536182816e-9	-0.0003186035797242751
-2.0891939744860366e-9	-0.00031795197641022125
-2.0895219660199695e-9	-0.00031730337684792104
-2.0906618299509908e-9	-0.0003166585541935522
-2.1018883906265274e-9	-0.0003160234627078222
-2.1018456584087632e-9	-0.0003153523832673861
-2.090666855392165e-9	-0.00031472238916579873
-2.0895525462805154e-9	-0.0003140877507336301
-2.089245722153299e-9	-0.00031345442741840575
-2.0891247216492383e-9	-0.00031282319333033833
-2.0890687762120662e-9	-0.0003121942549582122
-2.089041552305604e-9	-0.0003115676842349687
-2.0890295618414268e-9	-0.00031094350804205455
-2.0890264115558387e-9	-0.0003103217349640591
-2.0890292860065165e-9	-0.00030970236535881446
-2.089037261387983e-9	-0.00030908539592890697
-2.0890500409265214e-9	-0.00030847082230435046
-2.089069005750677e-9	-0.0003078586410857148
-2.089096517504663e-9	-0.0003072488523203902
-2.089137985700207e-9	-0.000306641463777989
-2.089206659011689e-9	-0.00030603650029821484
-2.0893362283280758e-9	-0.00030543402855608896
-2.089639198776805e-9	-0.00030483423985301573
-2.0906927008679246e-9	-0.0003042378506133943
-2.101079079674939e-9	-0.00030365037077299985
-2.101041120028402e-9	-0.0003030295028979566
-2.090697854933987e-9	-0.0003024465545790867
-2.0896664502167982e-9	-0.00030185921898924283
-2.089382040326715e-9	-0.0003012730106428639
-2.0892700706154346e-9	-0.0003006886467647886
-2.089218049677877e-9	-0.00030010631941823255
-2.089192446430577e-9	-0.00029952609617172433
-2.089181009778951e-9	-0.000298948002899671
-2.0891776443099363e-9	-0.00029837204854010155
-2.0891800971034605e-9	-0.0002977982344085361
-2.0891870328387797e-9	-0.0002972265584313055
-2.0891988664228925e-9	-0.00029665701753574025
-2.089216112671766e-9	-0.0002960896095411826
-2.0892412066098043e-9	-0.00029552433545889485
-2.0892794189708574e-9	-0.00029496120345602297
-2.089342925370996e-9	-0.00029440023753069515
-2.0894628247558614e-9	-0.0002938415004917387
-2.0897435437816637e-9	-0.00029328517078591705
-2.0907216222054713e-9	-0.00029273191413838084
-2.100358246470702e-9	-0.0002921868444543433
-2.1003237786199057e-9	-0.0002916107127355477
-2.0907252869517557e-9	-0.0002910696894535952
-2.0897678839615354e-9	-0.00029052451721079764
-2.089504001084874e-9	-0.0002899803139740932
-2.089399406607351e-9	-0.000289437746143705
-2.0893508841324238e-9	-0.00028889699279533083
-2.089326862925178e-9	-0.0002883581174702045
-2.089316058634383e-9	-0.0002878211450118323
-2.0893126610632695e-9	-0.0002872860845389145
-2.0893147703537897e-9	-0.00028675293809127104
-2.0893212383577e-9	-0.0002862217045552414
-2.089331693816421e-9	-0.00028569238188383346
-2.08934743802236e-9	-0.0002851649688579011
-2.0893706575264572e-9	-0.00028463946721962074
-2.089405881744444e-9	-0.0002841158853639431
-2.0894647654812193e-9	-0.00028359424640815605
-2.0895760582728683e-9	-0.0002830746095775228
-2.0898371321409483e-9	-0.00028255714169258205
-2.0907465377084656e-9	-0.0002820424629923288
-2.0997130399158516e-9	-0.0002815353328955654
-2.0996824666941193e-9	-0.00028099922996532286
-2.0907500602795894e-9	-0.00028049572799285726
-2.0898589302376093e-9	-0.0002799882979998587
-2.089613189526496e-9	-0.0002794817030236943
-2.0895152838873445e-9	-0.00027897656388272557
-2.089469829447133e-9	-0.00027847304791489433
-2.0894475016797198e-9	-0.0002779712149506357
-2.089437038066411e-9	-0.0002774710888030264
-2.089433760693593e-9	-0.00027697267864682423
-2.0894355143352695e-9	-0.00027647598706274294
-2.0894412350869197e-9	-0.00027598101369292593
-2.089450746051158e-9	-0.0002754877573066043
-2.0894654816028258e-9	-0.00027499621744103106
-2.089486534467833e-9	-0.0002745063963911741
-2.089519085790581e-9	-0.0002740183026538874
-2.089573922098298e-9	-0.00027353195845226355
-2.0896777529311185e-9	-0.00027304741969341967
-2.089920956893643e-9	-0.0002725648426526723
-2.0907691730798205e-9	-0.00027208480660931853
-2.099133287702948e-9	-0.0002716117524301518
-2.0991061695396776e-9	-0.0002711116088706406
-2.090772310936462e-9	-0.0002706418202522905
-2.0899405674512652e-9	-0.00027016830853443644
-2.0897107245232417e-9	-0.00026969551782554885
-2.0896196774200517e-9	-0.00026922402789567555
-2.089576610508903e-9	-0.00026875399545698506
-2.0895558148936734e-9	-0.0002682854769186161
-2.0895459750092107e-9	-0.0002678184950776814
-2.0895427601974605e-9	-0.0002673530590739147
-2.0895441720014673e-9	-0.0002668891718898433
-2.0895492724937183e-9	-0.0002664268337606356
-2.0895582661994983e-9	-0.00026596604410643863
-2.089571533814283e-9	-0.00026550680306125735
-2.089591240983513e-9	-0.00026504911333444
-2.089621835177358e-9	-0.000264592983429786
-2.089672324967484e-9	-0.0002641384346853356
-2.0897691723309463e-9	-0.00026368551992994035
-2.0899964325415964e-9	-0.00026323438585363604
-2.09078925603734e-9	-0.0002627855747232527
-2.098611133038997e-9	-0.00026234324009429455
-2.0985863750211386e-9	-0.0002618755199130999
-2.090792185910351e-9	-0.0002614361350196515
-2.0900141904034443e-9	-0.0002609932172145392
-2.089799027688022e-9	-0.00026055092296761354
-2.0897137149478164e-9	-0.0002601097949690105
-2.089673803723491e-9	-0.00025966998027483876
-2.0896536678693955e-9	-0.0002592315321325252
-2.0896443554574428e-9	-0.0002587944723587597
-2.089641014413335e-9	-0.0002583588099886783
-2.089642325836527e-9	-0.0002579245482978209
-2.08964696333247e-9	-0.00025749168798917295
-2.0896550395832493e-9	-0.0002570602290001387
-2.0896674977233242e-9	-0.0002566301719358029
-2.0896854712959545e-9	-0.0002562015198112839
-2.089713974251506e-9	-0.00025577428107063173
-2.0897616525683562e-9	-0.00025534847618040784
-2.0898522027523736e-9	-0.0002549241551214707
-2.0900649508659444e-9	-0.0002545014558439723
-2.0908077278281035e-9	-0.0002540808870614018
-2.0981385519314166e-9	-0.00025366634230539604
-2.098116177495779e-9	-0.0002532279583130546
-2.090810420296574e-9	-0.00025281608691102623
-2.0900807993551318e-9	-0.0002524008592588621
-2.0898790618950615e-9	-0.0002519861715199533
-2.0897994004953627e-9	-0.00025157253277377614
-2.0897612008574653e-9	-0.0002511600812804774
-2.0897423532117986e-9	-0.00025074886737042946
-2.089733382865111e-9	-0.00025033891191196897
-2.0897301756084286e-9	-0.00024993022378997563
-2.0897312055012664e-9	-0.0002495228064876323
-2.089735409754878e-9	-0.00024911666107452836
-2.089743015509793e-9	-0.0002487117879011019
-2.0897557162447013e-9	-0.0002483081879408271
-2.0897714764211984e-9	-0.0002479058644362043
-2.089797729193377e-9	-0.00024750482571373036
-2.0898424000437287e-9	-0.00024710509139862084
-2.0899270291474537e-9	-0.0002467067088303884
-2.0901267439921156e-9	-0.00024630980797207694
-2.090824451767004e-9	-0.0002459148670271361
-2.0977095401497617e-9	-0.00024552554344554217
-2.097688831248501e-9	-0.00024511378824361863
-2.090826782397137e-9	-0.0002447268951053888
-2.090141514193844e-9	-0.00024433680997400806
-2.0899515819017277e-9	-0.0002439471926814568
-2.0898763060495096e-9	-0.00024355852174998588
-2.089840669466936e-9	-0.0002431709274054724
-2.089822900203098e-9	-0.00024278445728294763
-2.0898143492764643e-9	-0.0002423991313413317
-2.0898112996770024e-9	-0.0002420149582824036
-2.089811983063683e-9	-0.000241631941730377
-2.089815782319038e-9	-0.00024125008304139197
-2.0898226534449282e-9	-0.0002408693828943932
-2.089833379487205e-9	-0.00024048984255514895
-2.089849014680345e-9	-0.00024011146541566062
-2.0898742347008616e-9	-0.00023973425966188793
-2.089915675329568e-9	-0.00023935824410181714
-2.0899956237552254e-9	-0.00023898346362535717
-2.090183527597711e-9	-0.00023861004088035075
-2.090839590596083e-9	-0.0002382384262466006
-2.0973186846240387e-9	-0.00023787206218297717
-2.097300374936939e-9	-0.0002374845515076915
-2.0908417439235994e-9	-0.0002371204035329809
-2.0901966631181604e-9	-0.00023675321644749434
-2.090017997563587e-9	-0.00023638643487297595
-2.0899469567681184e-9	-0.00023602050947059544
-2.0899131380369695e-9	-0.00023565556311001067
-2.089896356166632e-9	-0.0002352916409320946
-2.0898882225728333e-9	-0.00023492876202900974
-2.089885121553392e-9	-0.000234566934894936
-2.089885619366294e-9	-0.000234206163244383
-2.0898891913423425e-9	-0.0002338464486557701
-2.0898954541714865e-9	-0.0002334877920686986
-2.089905407004489e-9	-0.00023313019497535158
-2.089920459036332e-9	-0.00023277366087141462
-2.0899437045474034e-9	-0.0002324181977688605
-2.0899828707898748e-9	-0.00023206382369624434
-2.0900579448979164e-9	-0.00023171058126847776
-2.0902347585949335e-9	-0.00023135858641575062
-2.0908526725982316e-9	-0.00023100826407924414
-2.0969624007771694e-9	-0.000230662860378408
-2.096945247342941e-9	-0.00023029748628735193
-2.090855441838624e-9	-0.00022995410880046185
-2.0902475456885394e-9	-0.00022960783465394852
-2.0900783698873937e-9	-0.00022926191194052938
-2.090011428357297e-9	-0.00022891676584720568
-2.0899792954165443e-9	-0.00022857251249447743
-2.089963563289832e-9	-0.00022822919471233538
-2.0899557639619815e-9	-0.0002278868307666489
-2.0899530115692234e-9	-0.00022754542893099638
-2.089953435985281e-9	-0.00022720499296880197
-2.089956112655278e-9	-0.00022686552463023154
-2.089962872842133e-9	-0.00022652702506025785
-2.0899719400779836e-9	-0.0002261894959255058
-2.0899856327138976e-9	-0.00022585294078412846
-2.0900071724727633e-9	-0.0002255173674584674
-2.090044352454079e-9	-0.00022518279322989929
-2.0901143629625808e-9	-0.00022484925860101593
-2.090282204564309e-9	-0.0002245168733227155
-2.090866361559307e-9	-0.00022418603901126058
-2.09663611383526e-9	-0.00022385982200961646
-2.096620336899946e-9	-0.00022351471398231266
-2.09086815520787e-9	-0.00022319035440013254
-2.0902931595068174e-9	-0.00022286323104248515
-2.0901337294931823e-9	-0.00022253641205258363
-2.0900702970727547e-9	-0.0002222102992669143
-2.090040033192464e-9	-0.00022188500259895827
-2.0900247518162997e-9	-0.0002215605627343714
-2.0900172810589534e-9	-0.00022123699715537702
-2.0900143776092507e-9	-0.00022091431390522842
-2.0900147947588986e-9	-0.00022059251676748604
-2.0900179649896434e-9	-0.00022027160761843532
-2.0900231513187872e-9	-0.0002199515877659399
-2.0900320190198054e-9	-0.00021963245901118525
-2.090044965707971e-9	-0.00021931422494108897
-2.0900657806244285e-9	-0.00021899689317753852
-2.0901004516016287e-9	-0.00021868048028986475
-2.0901672788897763e-9	-0.00021836502481560572
-2.0903251083614905e-9	-0.0002180506308045795
-2.090877763305521e-9	-0.00021773767844603494
-2.0963363432380254e-9	-0.0002174290690490895
-2.096322028399822e-9	-0.000217102561475983
-2.0908793521512427e-9	-0.00021679565894080084
-2.090335515397834e-9	-0.000216486116731876
-2.0901844721310515e-9	-0.00021617683781040742
-2.0901242469617556e-9	-0.0002158682025581953
-2.09009579978936e-9	-0.00021556031516724306
-2.0900813555935205e-9	-0.0002152532143314688
-2.090073383959057e-9	-0.0002149469167920301
-2.090070945870437e-9	-0.00021464143035502883
-2.0900715321514608e-9	-0.0002143367588002407
-2.0900743525453792e-9	-0.00021403290409832936
-2.090079230659958e-9	-0.00021372986768319546
-2.09008747328876e-9	-0.0002134276514549074
-2.0900999184891857e-9	-0.00021312625900621863
-2.0901193678202204e-9	-0.00021282569775151692
-2.0901523968941405e-9	-0.0002125259835820799
-2.0902157159830015e-9	-0.0002122271532061381
-2.0903645211733934e-9	-0.00021192930540885464
-2.0908888458071042e-9	-0.00021163280064004743
-2.096060708400849e-9	-0.00021134038835725108
-2.096047436050963e-9	-0.0002110309932285323
-2.0908901830818396e-9	-0.0002107401530869629
-2.09037428759995e-9	-0.00021044678930700976
-2.0902313695225772e-9	-0.0002101536528631628
-2.090174252594723e-9	-0.0002098611043786129
-2.0901467322254066e-9	-0.00020956924275970757
-2.0901331381550928e-9	-0.00020927810484990244
-2.0901263291517313e-9	-0.00020898770668748714
-2.0901243794169132e-9	-0.00020869805584403222
-2.090123944081812e-9	-0.00020840915607064364
-2.090126240611445e-9	-0.0002081210094090674
-2.0901312005272566e-9	-0.00020783361738922182
-2.0901384266247547e-9	-0.0002075469819832044
-2.090150427175308e-9	-0.00020726110676953278
-2.0901687558860796e-9	-0.00020697599895219218
-2.0901998206090954e-9	-0.00020669167377900416
-2.0902598153293985e-9	-0.00020640816625106632
-2.090401345911097e-9	-0.00020612557028058177
-2.0908983553724613e-9	-0.00020584422809968408
-2.0958066409781927e-9	-0.0002055667491255495
-2.0957945596422612e-9	-0.00020527313297427594
-2.0908998253743594e-9	-0.00020499710522888838
-2.090410300847889e-9	-0.00020471866246550455
-2.090275579713641e-9	-0.00020444041549736223
-2.0902200055461507e-9	-0.00020416270670878053
-2.0901945149198745e-9	-0.00020388563012195549
-2.0901814873630633e-9	-0.0002036092208505355
-2.0901747133927898e-9	-0.00020333349427098236
-2.0901718775279134e-9	-0.0002030584577194741
-2.090172373692134e-9	-0.00020278411490800858
-2.0901745267198903e-9	-0.00020251046792448002
-2.090179059044406e-9	-0.00020223751837109016
-2.090186029329866e-9	-0.00020196526827078186
-2.090197093312929e-9	-0.00020169372117227714
-2.090214703936999e-9	-0.00020142288406865743
-2.0902440458658858e-9	-0.000201152771596631
-2.0903008194239626e-9	-0.00020088341716502494
-2.0904356401507674e-9	-0.0002006149101669573
-2.0909072477204306e-9	-0.00020034757598374735
-2.0955719428283894e-9	-0.00020008389461324225
-2.0955606276906737e-9	-0.00019980485895924454
-2.0909089111564863e-9	-0.00019954251999001042
-2.09044394725022e-9	-0.0001992778677942025
-2.09031440758789e-9	-0.00019901338365865644
-2.0902628986518845e-9	-0.00019874939310432808
-2.090238334589989e-9	-0.00019848598561590972
-2.0902255262633674e-9	-0.00019822319470271598
-2.090218929312604e-9	-0.0001979610351098494
-2.0902165580816145e-9	-0.00019769951394377886
-2.0902167866820866e-9	-0.00019743863486555005
-2.0902188304805504e-9	-0.00019717839999145744
-2.090222968509359e-9	-0.0001969188109772262
-2.090229898543683e-9	-0.00019665986987836383
-2.0902402556532973e-9	-0.0001964015802019652
-2.090256651371414e-9	-0.00019614394873177974
-2.0902849807380442e-9	-0.00019588698952524764
-2.090339041055378e-9	-0.00019563073450282713
-2.09046705809679e-9	-0.00019537526885927454
-2.0909159653026424e-9	-0.0001951209023616135
-2.0953545402990772e-9	-0.00019486999516006004
-2.095344074770633e-9	-0.00019460445985110993
-2.090917367358891e-9	-0.00019435479683376677
-2.0904743714744713e-9	-0.00019410291609349108
-2.090351418848613e-9	-0.00019385117897430408
-2.0903021424822922e-9	-0.00019359989536705703
-2.090278322847139e-9	-0.00019334915054814965
-2.090266888299386e-9	-0.00019309897652411656
-2.0902606403194747e-9	-0.00019284938744618875
-2.0902582445581074e-9	-0.00019260039019424513
-2.0902580058712597e-9	-0.000192351988370732
-2.090260295328772e-9	-0.00019210418410617243
-2.0902638054987044e-9	-0.000191856979092928
-2.090270644355963e-9	-0.0001916103754052849
-2.090280516225951e-9	-0.0001913643764990397
-2.0902960860047506e-9	-0.00019111898895264303
-2.0903226941038077e-9	-0.00019087422627392964
-2.0903737521615897e-9	-0.00019063011899094867
-2.0904973796920246e-9	-0.00019038674839248626
-2.09092391381116e-9	-0.00019014440974698575
-2.095152750258844e-9	-0.00018990535201089337
-2.0951429226534482e-9	-0.00018965234097089573
-2.090923831060687e-9	-0.0001894144385509078
-2.090502908208558e-9	-0.00018917440811030343
-2.0903856936205223e-9	-0.00018893449971396054
-2.0903388291582114e-9	-0.00018869500874127678
-2.09031700612039e-9	-0.00018845601655308208
-2.0903047689257993e-9	-0.00018821755375233169
-2.090299074547497e-9	-0.00018797963392611354
-2.0902965051194934e-9	-0.0001877422637370534
-2.090296224266375e-9	-0.00018750544671910447
-2.0902983489168306e-9	-0.00018726918500753961
-2.0903023249696508e-9	-0.00018703348031951083
-2.0903079686995784e-9	-0.00018679833473397495
-2.090316923514246e-9	-0.00018656375164945857
-2.090332410359386e-9	-0.00018632973744433511
-2.0903580415065905e-9	-0.0001860963051055063
-2.09040661979798e-9	-0.00018586348385308992
-2.0905230495082975e-9	-0.00018563135133970875
-2.0909310026295814e-9	-0.00018540018934793236
-2.094965880494737e-9	-0.00018517214347940804
-2.0949551774562815e-9	-0.00018493077246689937
-2.0909313829975407e-9	-0.00018470380130827736
-2.090529789150475e-9	-0.00018447478647612504
-2.09041731081272e-9	-0.0001842458746035656
-2.090372924062889e-9	-0.0001840173475729368
-2.0903510542347183e-9	-0.0001837892830993193
-2.090340330468399e-9	-0.0001835617104656246
-2.09033483263843e-9	-0.00018333464273327093
-2.0903315257003732e-9	-0.0001831080863481693
-2.0903318800891137e-9	-0.0001828820447750589
-2.0903339223388162e-9	-0.00018265652014308554
-2.0903374627734285e-9	-0.00018243151418193462
-2.090343340122036e-9	-0.00018220702896848165
-2.0903520296766676e-9	-0.00018198306783922508
-2.090366315082859e-9	-0.0001817596369734576
-2.090390386505492e-9	-0.00018153674886621117
-2.0904367942664595e-9	-0.00018131443151607794
-2.0905481347532897e-9	-0.00018109275917549273
-2.0909378646849498e-9	-0.0001808720010638248
-2.0947914079583187e-9	-0.00018065420655046755
-2.094782589889821e-9	-0.00018042367260452696
-2.090938824678146e-9	-0.00018020687951670193
-2.090554192196725e-9	-0.0001799881221539904
-2.090447209107671e-9	-0.00017976945083918538
-2.0904044764513685e-9	-0.00017955113488643732
-2.0903837806951488e-9	-0.00017933324860179496
-2.0903735572230796e-9	-0.00017911582004190307
-2.0903677861117134e-9	-0.00017889886175969348
-2.0903654255721715e-9	-0.00017868237999648257
-2.090365379014969e-9	-0.00017846637814435793
-2.0903670798544385e-9	-0.0001782508583177556
-2.0903705498454e-9	-0.00017803582225188323
-2.0903757202983545e-9	-0.0001778212720125494
-2.0903844307751386e-9	-0.0001776072108697765
-2.0903977023534192e-9	-0.00017739364481409914
-2.0904207233551908e-9	-0.00017718058586839997
-2.0904657180242924e-9	-0.0001769680608864547
-2.0905717224406485e-9	-0.00017675614094354872
-2.090944197852274e-9	-0.00017654508353580478
-2.094628263338283e-9	-0.0001763368482783867
-2.0946204068894584e-9	-0.0001761164205932728
-2.090944989668886e-9	-0.0001759091199896811
-2.0905773039203712e-9	-0.00017569992992521314
-2.090475555005522e-9	-0.00017549081090538978
-2.090434133772412e-9	-0.0001752820205114892
-2.0904141978139723e-9	-0.00017507362986815132
-2.090404931692769e-9	-0.0001748656658760912
-2.0903987249409895e-9	-0.00017465814061223985
-2.090396547482776e-9	-0.0001744510601186028
-2.0903964568164127e-9	-0.00017424442771080852
-2.0903977039909982e-9	-0.00017403824548496602
-2.090400950077731e-9	-0.0001738325151737826
-2.0904063394777685e-9	-0.00017362723882490035
-2.090414536226604e-9	-0.00017342241964202757
-2.090427548795404e-9	-0.00017321806342854109
-2.090449254410487e-9	-0.00017301418176579491
-2.090491955719642e-9	-0.00017281080042674753
-2.0905937619331018e-9	-0.0001726079875126881
-2.0909502279065073e-9	-0.00017240598956430936
-2.0944754396512445e-9	-0.00017220668235748746
-2.0944687823098994e-9	-0.0001719956943478181
-2.0909510972388914e-9	-0.00017179726082578508
-2.090598689902246e-9	-0.00017159700841028083
-2.090500923318528e-9	-0.00017139681370835575
-2.0904615123162887e-9	-0.00017119692333672138
-2.0904425059309343e-9	-0.00017099740544179569
-2.090432819529253e-9	-0.00017079828583865117
-2.0904279531885897e-9	-0.00017059957615403088
-2.090425538753271e-9	-0.00017040128223617723
-2.0904255176645847e-9	-0.00017020340732486878
-2.0904269952048973e-9	-0.00017000595349260213
-2.0904301416047043e-9	-0.0001698089224636346
-2.0904346883510173e-9	-0.000169612316263861
-2.090443023700095e-9	-0.0001694161380274186
-2.090455231290589e-9	-0.00016922039337782975
-2.090477080018971e-9	-0.00016902509347724372
-2.090517357200561e-9	-0.0001688302630782419
-2.0906122235542227e-9	-0.00016863596750353604
-2.0909556363468697e-9	-0.0001684424430326731
-2.0943336057399623e-9	-0.0001682514870063788
-2.0943273747131562e-9	-0.00016804932941253743
-2.0909565554894093e-9	-0.00016785919128816317
-2.090619214167866e-9	-0.00016766730089987683
-2.0905247410996088e-9	-0.00016747545636516977
-2.0904875482619102e-9	-0.00016728389403962757
-2.0904687800193946e-9	-0.000167092679276966
-2.0904588851400344e-9	-0.00016690183687194713
-2.0904552717582184e-9	-0.0001667113780244407
-2.0904527028131614e-9	-0.00016652130839649203
-2.090452290259837e-9	-0.00016633163115232287
-2.0904540851074407e-9	-0.0001661423483360508
-2.0904570750546193e-9	-0.00016595346165810371
-2.0904613511674164e-9	-0.00016576497312263192
-2.090468661236633e-9	-0.00016557688578797676
-2.0904805570653998e-9	-0.00016538920510876656
-2.0905006938076734e-9	-0.00016520194184454945
-2.090540154386922e-9	-0.0001650151197968197
-2.090633374624007e-9	-0.00016482880166431032
-2.09096104537565e-9	-0.00016464321411995602
-2.094201342928148e-9	-0.00016446008102027164
-2.0941947549757425e-9	-0.0001642661958662463
-2.090961528433688e-9	-0.00016408382953073803
-2.090637712737209e-9	-0.00016389977390208351
-2.0905477204513637e-9	-0.0001637157535651939
-2.0905115772795747e-9	-0.00016353199525672688
-2.090494056566916e-9	-0.000163348561710043
-2.090485041444934e-9	-0.0001631654767582352
-2.0904803791854666e-9	-0.00016298275119909167
-2.09047897261061e-9	-0.00016280039051402888
-2.090478080518654e-9	-0.00016261839779160416
-2.0904800200172158e-9	-0.00016243677504529274
-2.0904817317146665e-9	-0.0001622555239700402
-2.0904865171256227e-9	-0.00016207464653747035
-2.0904935707444227e-9	-0.00016189414573975053
-2.0905045542696234e-9	-0.0001617140268630267
-2.0905241533919484e-9	-0.00016153430028842587
-2.0905620035760466e-9	-0.0001613549889150565
-2.0906512671392543e-9	-0.00016117615298232368
-2.090965571815984e-9	-0.00016099801014222474
-2.0940760656951163e-9	-0.00016082221531044046
-2.0940697770477356e-9	-0.00016063609062548726
-2.090966456597121e-9	-0.00016046101559217667
-2.090655844894096e-9	-0.00016028431083789225
-2.0905686870464903e-9	-0.00016010763195744462
-2.090534304183267e-9	-0.00015993119666205482
-2.0905176878138756e-9	-0.00015975506522398813
-2.09050887871598e-9	-0.00015957926056921516
-2.0905038579766e-9	-0.00015940379311143215
-2.0905021096750965e-9	-0.00015922866816140002
-2.090502199725286e-9	-0.00015905388873294006
-2.0905031009044173e-9	-0.0001588794568047731
-2.0905055307940402e-9	-0.0001587053740535344
-2.0905100769241793e-9	-0.00015853164242033804
-2.0905160955320136e-9	-0.00015835826482692308
-2.0905276811811203e-9	-0.00015818524639674578
-2.090545882033057e-9	-0.000158012597152992
-2.090582004110608e-9	-0.00015784033914221905
-2.090667810278335e-9	-0.00015766853029345834
-2.09097007845549e-9	-0.00015749737977684939
-2.0939583101786675e-9	-0.0001573284777456612
-2.0939526436780656e-9	-0.00015714964291288995
-2.090970476864573e-9	-0.0001569814174714087
-2.0906722110969336e-9	-0.00015681161871009298
-2.090588152020567e-9	-0.0001566418374244533
-2.090555097006286e-9	-0.00015647228283617844
-2.090538764237815e-9	-0.00015630301290651055
-2.090530670922908e-9	-0.00015613404970113234
-2.090525686626599e-9	-0.0001559654032770127
-2.0905242651136912e-9	-0.000155797078770226
-2.090522673736661e-9	-0.0001556290791332214
-2.090524789605253e-9	-0.0001554614062941144
-2.0905223935330233e-9	-0.0001552940619373416
-2.0905572535590002e-9	-0.0001551270479256208
-2.0905437604579192e-9	-0.00015496036712010422
-2.0905500515866482e-9	-0.00015479402454415011
-2.0905687147354527e-9	-0.0001546280298194471
-2.090601922660751e-9	-0.00015446240422120017
-2.0906850413282554e-9	-0.00015429720347726717
-2.090974706991933e-9	-0.0001541326287978796
-2.093849141204807e-9	-0.00015397020940221922
-2.093843405048812e-9	-0.00015379823107198923
-2.0909758628617772e-9	-0.00015363644844369544
-2.090688059391832e-9	-0.0001534731459572253
-2.0906081747984474e-9	-0.00015330985343786242
-2.090577438040864e-9	-0.00015314677213563294
-2.090560624246063e-9	-0.00015298395782451004
-2.0905522496728057e-9	-0.00015282143176912732
-2.0905482473854155e-9	-0.00015265920366882115
-2.0905459262421378e-9	-0.00015249727851783914
-2.0905458723241567e-9	-0.00015233565917612725
-2.090546846850172e-9	-0.0001521743475594952
-2.090549344779813e-9	-0.00015201334529175653
-2.090552856082173e-9	-0.00015185265425240945
-2.090559336942466e-9	-0.00015169227722138515
-2.0905691284101024e-9	-0.00015153221902334033
-2.0905860260211907e-9	-0.0001513724890077338
-2.0906194327818817e-9	-0.00015121310766505507
-2.0906989909919017e-9	-0.00015105412868201667
-2.0909787493195167e-9	-0.00015089574574221628
-2.093744765285788e-9	-0.00015073943070166305
-2.093739733688427e-9	-0.00015057390916072968
-2.090979196917031e-9	-0.0001504181941270524
-2.0907027418026747e-9	-0.00015026100993555209
-2.090625711914651e-9	-0.00015010382901181827
-2.0905947453020436e-9	-0.0001499468450836118
