-2.0928979951373438e-9	0.0001499468450836089
-2.0929289581472776e-9	0.0001501038290117978
-2.093005980491336e-9	0.00015026100993541735
-2.0932824126240756e-9	0.00015041819412496893
-2.096046564004084e-9	0.00015057390879361467
-2.0960516018853073e-9	0.0001507394310694732
-2.0932819609964516e-9	0.00015089574574431177
-2.0930022235687852e-9	0.0001510541286821538
-2.0929226703936267e-9	0.000151213107665075
-2.0928892667249066e-9	0.00015137248900773856
-2.09287237290523e-9	0.00015153221902334133
-2.0928625824090387e-9	0.0001516922772213918
-2.0928560932942376e-9	0.00015185265425241698
-2.092852578394755e-9	0.0001520133452917573
-2.0928500827965825e-9	0.00015217434755949565
-2.0928491081928513e-9	0.00015233565917612964
-2.092849156692944e-9	0.0001524972785178373
-2.0928514790796717e-9	0.00015265920366881294
-2.092855486768297e-9	0.00015282143176911984
-2.0928638598871618e-9	0.00015298395782450944
-2.09288066545521e-9	0.00015314677213562966
-2.092911396961439e-9	0.00015330985343784214
-2.0929912749767523e-9	0.00015347314595708447
-2.0932790549543777e-9	0.00015363644844153105
-2.0961503530925187e-9	0.0001537982306905614
-2.09615609421121e-9	0.00015397020978438495
-2.093277894765766e-9	0.00015413262880005778
-2.0929882501741216e-9	0.00015429720347740888
-2.0929051370188744e-9	0.0001544624042212211
-2.09287193140284e-9	0.00015462802981945035
-2.0928532739605823e-9	0.00015479402454415242
-2.092846982493235e-9	0.00015496036712011035
-2.0928604665515493e-9	0.00015512704792562787
-2.0928256028618364e-9	0.00015529406193734321
-2.0928280026311088e-9	0.00015546140629411285
-2.092825885546823e-9	0.00015562907913322223
-2.092827471705805e-9	0.00015579707877022436
-2.0928288946286954e-9	0.00015596540327700604
-2.0928338838932525e-9	0.00015613404970112456
-2.0928419758037278e-9	0.00015630301290650995
-2.092858300933864e-9	0.0001564722828361746
-2.092891349936288e-9	0.0001566418374244322
-2.0929754019405336e-9	0.00015681161870994775
-2.09327364329992e-9	0.0001569814174691588
-2.0962597160667508e-9	0.00015714964251626462
-2.0962653888290106e-9	0.0001573284781430714
-2.093273240721949e-9	0.00015749737977911336
-2.0929709958317223e-9	0.00015766853029360573
-2.092885193877292e-9	0.0001578403391422398
-2.0928490739979823e-9	0.00015801259715299542
-2.09283087909129e-9	0.00015818524639674681
-2.0928192921154666e-9	0.0001583582648269305
-2.092813266735272e-9	0.00015853164242034647
-2.0928087164084897e-9	0.00015870537405353829
-2.0928062886893527e-9	0.00015887945680477116
-2.0928053867552698e-9	0.00015905388873293846
-2.0928052908708585e-9	0.0001592286681613967
-2.09280704090431e-9	0.0001594037931114234
-2.0928120662289107e-9	0.00015957926056920686
-2.0928208735004896e-9	0.00015975506522398635
-2.092837482187138e-9	0.00015993119666205
-2.0928718600377038e-9	0.00016010763195742133
-2.092959008831441e-9	0.00016028431083774008
-2.093269595171421e-9	0.00016046101558983428
-2.0963769792547995e-9	0.00016063609021270148
-2.096383275385083e-9	0.00016082221572405917
-2.0932687070540637e-9	0.00016099801014458177
-2.092954423682514e-9	0.00016117615298247713
-2.092865166286595e-9	0.0001613549889150806
-2.092827318378454e-9	0.00016153430028842945
-2.0928077245685463e-9	0.00016171402686302786
-2.0927967409434256e-9	0.00016189414573975825
-2.0927896795142067e-9	0.00016207464653747902
-2.0927848896734605e-9	0.0001622555239700423
-2.0927831816841546e-9	0.00016243677504529158
-2.092781239670938e-9	0.00016261839779160546
-2.092782126611459e-9	0.00016280039051402604
-2.0927835346462587e-9	0.0001629827511990816
-2.0927882029120327e-9	0.00016316547675822757
-2.092797215774711e-9	0.00016334856171004177
-2.092814728787973e-9	0.00016353199525672373
-2.0928508658368817e-9	0.00016371575356516997
-2.092940848363867e-9	0.0001638997739019261
-2.0932646385862787e-9	0.00016408382952829795
-2.096502099135922e-9	0.00016426619543626105
-2.0965086945823333e-9	0.00016446008145114572
-2.0932641513704554e-9	0.00016464321412241141
-2.092936503839127e-9	0.00016482880166446992
-2.0928432895528373e-9	0.00016501511979684255
-2.0928038320044972e-9	0.0001652019418445528
-2.092783700530232e-9	0.0001653892051087675
-2.0927718056118482e-9	0.00016557688578798486
-2.0927644849844107e-9	0.00016576497312264122
-2.092760205374411e-9	0.00016595346165810515
-2.0927572179363363e-9	0.0001661423483360491
-2.0927554214178467e-9	0.00016633163115232412
-2.09275582893631e-9	0.0001665213083964902
-2.09275839914147e-9	0.00016671137802443006
-2.0927620176025564e-9	0.00016690183687193916
-2.0927719109886666e-9	0.00016709267927696322
-2.0927906701551092e-9	0.00016728389403962215
-2.09282785703091e-9	0.00016747545636514526
-2.092922322421975e-9	0.00016766730089971322
-2.0932596340450527e-9	0.00016785919128561953
-2.0966348679984926e-9	0.000168049328964215
-2.0966411067191437e-9	0.00016825148745564932
-2.0932587099731225e-9	0.00016844244303523243
-2.092915323753664e-9	0.00016863596750370228
-2.0928204625902948e-9	0.00016883026307826734
-2.092780186807586e-9	0.00016902509347724878
-2.09275834537892e-9	0.00016922039337783192
-2.092746137732915e-9	0.00016941613802742765
-2.0927377922808077e-9	0.00016961231626387064
-2.0927332410325406e-9	0.0001698089224636366
-2.092730097796869e-9	0.00017000595349259996
-2.0927286194016847e-9	0.00017020340732486964
-2.092728633112939e-9	0.0001704012822361752
-2.092731049069263e-9	0.00017059957615402213
-2.092735921338518e-9	0.00017079828583864212
-2.0927456053254633e-9	0.000170997405441794
-2.0927646039947678e-9	0.00017119692333671563
-2.0928040080525624e-9	0.00017139681370833025
-2.092901765771149e-9	0.00017159700841010825
-2.093254142698786e-9	0.00017179726082312927
-2.0967764362445075e-9	0.00017199569387992475
-2.0967831006357686e-9	0.0001722066828263937
-2.0932532692419236e-9	0.00017240598956698273
-2.0928968285094386e-9	0.0001726079875128619
-2.092795028507677e-9	0.0001728108004267741
-2.092752330234982e-9	0.00017301418176580147
-2.0927306303653026e-9	0.0001732180634285433
-2.0927176181018136e-9	0.00017342241964203516
-2.0927094110223534e-9	0.00017362723882491114
-2.092704016509739e-9	0.0001738325151737858
-2.0927007737703285e-9	0.0001740382454849643
-2.0926995254189065e-9	0.00017424442771080942
-2.0926996101400253e-9	0.00017445106011860088
-2.0927017884864174e-9	0.0001746581406122293
-2.0927080024102373e-9	0.00017486566587608259
-2.0927172652118744e-9	0.00017507362986814864
-2.092737191483618e-9	0.00017528202051148522
-2.0927786068436485e-9	0.00017549081090536251
-2.0928803452557875e-9	0.00017569992992503384
-2.0932480007895825e-9	0.0001759091199869097
-2.0969282299443393e-9	0.00017611642010445917
-2.0969360965628073e-9	0.00017633684876828488
-2.0932472032775265e-9	0.0001765450835385968
-2.0928747541726356e-9	0.0001767561409437298
-2.0927687568006447e-9	0.00017696806088648293
-2.092723764807181e-9	0.00017718058586840458
-2.0927007497395513e-9	0.0001773936448141005
-2.0926874794324756e-9	0.0001776072108697859
-2.09267875759811e-9	0.00017782127201255925
-2.092673582027027e-9	0.00017803582225188518
-2.0926701145840276e-9	0.00017825085831775438
-2.0926684122013486e-9	0.00017846637814436034
-2.092668452197133e-9	0.0001786823799964795
-2.0926708154234143e-9	0.00017889886175968256
-2.0926765930406876e-9	0.00017911582004189394
-2.0926868127324474e-9	0.00017933324860179372
-2.0927074983745354e-9	0.00017955113488643274
-2.0927502256462563e-9	0.00017976945083915627
-2.0928571977385516e-9	0.0001799881221538026
-2.0932417978958286e-9	0.00018020687951380218
-2.097090596253626e-9	0.0001804236720933158
-2.0970994228708408e-9	0.00018065420706284016
-2.09324083266238e-9	0.00018087200106674516
-2.0928511316464783e-9	0.00018109275917568216
-2.0927397975045726e-9	0.0001813144315161073
-2.092693392385936e-9	0.00018153674886621661
-2.0926693267364628e-9	0.00018175963697345847
-2.092655040791813e-9	0.00018198306783923543
-2.092646341012028e-9	0.00018220702896849033
-2.0926404583732074e-9	0.00018243151418193693
-2.092636920875135e-9	0.00018265652014308483
-2.0926348758276702e-9	0.00018288204477505962
-2.0926345158822634e-9	0.00018310808634816584
-2.092637823086774e-9	0.00018333464273325966
-2.0926433291490467e-9	0.00018356171046561326
-2.0926540482024694e-9	0.00018378928309931755
-2.092675907860997e-9	0.00018401734757293297
-2.0927202874221343e-9	0.00018424587460353546
-2.092832753664009e-9	0.000184474786475929
-2.093234316030701e-9	0.0001847038013052403
-2.0972633813176603e-9	0.00018493077193167286
-2.0972740943814297e-9	0.00018517214401588173
-2.093233929550964e-9	0.00018540018935099016
-2.0928260056840564e-9	0.00018563135133990754
-2.0927095817913077e-9	0.00018586348385312047
-2.0926610078464413e-9	0.00018609630510551376
-2.0926353828609746e-9	0.00018632973744433747
-2.092619895865955e-9	0.00018656375164946863
-2.092610930237715e-9	0.00018679833473398682
-2.0926052801129026e-9	0.00018703348031951414
-2.092601307762676e-9	0.00018726918500753796
-2.0925991807918543e-9	0.00018750544671910564
-2.0925994541010074e-9	0.00018774226373704925
-2.092602025560719e-9	0.00018797963392610232
-2.0926077272831467e-9	0.00018821755375232177
-2.0926199599702322e-9	0.0001884560165530812
-2.0926417729882906e-9	0.0001886950087412715
-2.0926886293959336e-9	0.00018893449971392996
-2.092805831954703e-9	0.00018917440811009863
-2.093226720517594e-9	0.00018941443854772616
-2.097451336569023e-9	0.0001896523404098727
-2.0974611744217775e-9	0.00018990535257325456
-2.0932267962125997e-9	0.0001901444097501915
-2.092800293868047e-9	0.00019038674839269416
-2.092676673431937e-9	0.0001906301189909799
-2.0926256177944416e-9	0.0001908742262739361
-2.092599018221897e-9	0.0001911189889526459
-2.0925834472107495e-9	0.0001913643764990504
-2.092573562884059e-9	0.00019161037540529782
-2.0925667177762455e-9	0.00019185697909293185
-2.0925632111035153e-9	0.00019210418410617048
-2.0925609200250772e-9	0.00019235198837073422
-2.092561150407457e-9	0.00019260039019424182
-2.092563547517745e-9	0.00019284938744617585
-2.0925698027751685e-9	0.00019309897652410529
-2.09258123258782e-9	0.00019334915054814767
-2.092605040870943e-9	0.00019359989536705134
-2.092654311036668e-9	0.00019385117897427232
-2.092777251000433e-9	0.00019410291609327617
-2.0932202105694574e-9	0.00019435479683042726
-2.0976527146499002e-9	0.0001946044592623357
-2.09766319125837e-9	0.00019486999575027943
-2.093218801280106e-9	0.00019512090236497635
-2.0927699259376543e-9	0.00019537526885949236
-2.0926419162459187e-9	0.00019563073450286009
-2.092587858237849e-9	0.00019588698952525372
-2.0925595373422204e-9	0.0001961439487317821
-2.0925431404583695e-9	0.00019640158020197606
-2.0925327719578668e-9	0.00019665986987837703
-2.092525833391479e-9	0.00019691881097722876
-2.0925217013467723e-9	0.00019717839999145522
-2.0925196549226313e-9	0.00019743863486555122
-2.092519416907468e-9	0.00019769951394377487
-2.092521788893409e-9	0.00019796103510983577
-2.0925283937600625e-9	0.00019822319470270573
-2.0925411994277e-9	0.0001984859856159076
-2.0925657509940356e-9	0.0001987493931043227
-2.092617251053808e-9	0.00019901338365862386
-2.0927467776044043e-9	0.00019927786779397522
-2.093211705256337e-9	0.00019954251998650086
-2.097869512629469e-9	0.00019980485834055484
-2.097880839602162e-9	0.00020008389523348794
-2.093210032089177e-9	0.00020034757598728193
-2.0927384585645026e-9	0.0002006149101671869
-2.0926036473356557e-9	0.00020088341716505972
-2.092546876114598e-9	0.00020115277159663762
-2.0925175419961307e-9	0.00020142288406865938
-2.0924999295235393e-9	0.00020169372117228765
-2.092488853128183e-9	0.00020196526827079563
-2.0924818753098598e-9	0.0002022375183710929
-2.0924773465325066e-9	0.00020251046792447785
-2.0924751922557493e-9	0.00020278411490801053
-2.0924746873540733e-9	0.00020305845771947115
-2.092477523774061e-9	0.00020333349427096705
-2.0924843068315105e-9	0.00020360922085052363
-2.0924973287872464e-9	0.0002038856301219528
-2.092522807861652e-9	0.0002041627067087752
-2.0925783717207216e-9	0.0002044404154973269
-2.092713080464881e-9	0.00020471866246526589
-2.093202564290575e-9	0.00020499710522519496
-2.0981037076595047e-9	0.0002052731323232794
-2.098115802351419e-9	0.00020556674977822566
-2.0932010840024607e-9	0.00020584422810340563
-2.092704110406851e-9	0.00020612557028082322
-2.0925625887568967e-9	0.0002064081662511039
-2.092502597994539e-9	0.00020669167377901072
-2.092471540848795e-9	0.0002069759989521943
-2.0924532115940144e-9	0.00020726110676954314
-2.0924411971323665e-9	0.00020754698198321777
-2.0924339630579157e-9	0.00020783361738922472
-2.092429006578245e-9	0.00020812100940906483
-2.0924267062238932e-9	0.0002084091560706443
-2.092427134048336e-9	0.00020869805584402743
-2.0924290853929773e-9	0.00020898770668747454
-2.0924359032781228e-9	0.00020927810484989095
-2.0924494922747175e-9	0.0002095692427597058
-2.092476998910575e-9	0.00020986110437860655
-2.0925341056243774e-9	0.0002101536528631236
-2.092677009368771e-9	0.00021044678930676072
-2.0931928625789186e-9	0.00021074015308307153
-2.0983568687737987e-9	0.0002110309925425782
-2.0983701552013122e-9	0.0002113403890450273
-2.0931915153843405e-9	0.00021163280064396897
-2.0926672284815597e-9	0.00021192930540910797
-2.092518432067481e-9	0.0002122271532061777
-2.0924551171641604e-9	0.0002125259835820876
-2.0924220963891572e-9	0.00021282569775151893
-2.092402645037517e-9	0.00021312625900623294
-2.0923901850988803e-9	0.000213427651454924
-2.0923819353757536e-9	0.00021372986768319717
-2.092377062301587e-9	0.00021403290409832736
-2.0923742374001632e-9	0.00021433675880024153
-2.092373641149337e-9	0.00021464143035502674
-2.0923760805313664e-9	0.00021494691679201366
-2.0923840626019265e-9	0.00021525321433145725
-2.092398501396531e-9	0.00021556031516724056
-2.0924269339639423e-9	0.00021586820255818922
-2.0924871479865994e-9	0.00021617683781036782
-2.0926381760988376e-9	0.00021648611673161168
-2.093181968393365e-9	0.0002167956589366953
-2.0986317697646585e-9	0.0002171025607521155
-2.0986461010119583e-9	0.00021742906977493477
-2.0931803687784803e-9	0.00021773767845017288
-2.0926277543187325e-9	0.00021805063080485097
-2.092469932218899e-9	0.00021836502481564752
-2.0924031089997185e-9	0.00021868048028987042
-2.092368447226267e-9	0.00021899689317754058
-2.0923476315104497e-9	0.000219314224941103
-2.092334668218898e-9	0.0002196324590112012
-2.092325792729666e-9	0.00021995158776594377
-2.0923206080436518e-9	0.00022027160761843288
-2.0923174363862707e-9	0.00022059251676748826
-2.0923170088837927e-9	0.00022091431390522636
-2.092319913538088e-9	0.00022123699715536005
-2.092327394048743e-9	0.0002215605627343584
-2.0923426701069395e-9	0.00022188500259895638
-2.0923729169952665e-9	0.00022221029926690702
-2.0924363404728476e-9	0.00022253641205254162
-2.0925957536277465e-9	0.00022286323104220418
-2.0931707009508304e-9	0.0002231903543957971
-2.0989304145846435e-9	0.0002235147132172403
-2.0989462098830457e-9	0.00022385982277684522
-2.0931688961778327e-9	0.00022418603901563585
-2.0925847812547362e-9	0.00022451687332299694
-2.09241694857365e-9	0.00022484925860106022
-2.0923469430333963e-9	0.00022518279322990815
-2.0923097715452865e-9	0.00022551736745846985
-2.0922882304430514e-9	0.00022585294078414258
-2.092274520287818e-9	0.00022618949592552104
-2.092265444914032e-9	0.00022652702506026197
-2.0922586898841634e-9	0.00022686552463023073
-2.0922560087344167e-9	0.00022720499296880205
-2.092255572350155e-9	0.00022754542893099156
-2.0922583270799323e-9	0.00022788683076663366
-2.0922661373601325e-9	0.00022822919471232172
-2.092281862769996e-9	0.00022857251249447548
-2.092313979534799e-9	0.00022891676584719934
-2.0923809082140644e-9	0.00022926191194048393
-2.092550068477639e-9	0.00022960783465365302
-2.0931579125194054e-9	0.00022995410879587196
-2.0992556921894946e-9	0.00023029748547738374
-2.099272865108137e-9	0.00023066286119072439
-2.0931551313385646e-9	0.00023100826408387642
-2.092537261350058e-9	0.00023135858641605092
-2.0923604570566304e-9	0.00023171058126852386
-2.0922853873561744e-9	0.0002320638236962541
-2.0922462299788337e-9	0.0002324181977688642
-2.092222985189407e-9	0.00023277366087142928
-2.0922079116858505e-9	0.00023313019497536806
-2.092197951164554e-9	0.00023348779206870134
-2.0921916916383233e-9	0.00023384644865576926
-2.092188116276095e-9	0.00023420616324438496
-2.092187605984286e-9	0.00023456693489493118
-2.0921907092352753e-9	0.00023492876202899324
-2.0921988536481973e-9	0.00023529164093207756
-2.092215630028482e-9	0.00023565556311000844
-2.0922494298358797e-9	0.00023602050947058639
-2.092320458657593e-9	0.00023638643487292966
-2.0924991045501163e-9	0.00023675321644717965
-2.0931441319260723e-9	0.0002371204035281116
-2.0996112182425365e-9	0.00023748455064869227
-2.0996295498898476e-9	0.0002378720630445457
-2.0931419659753204e-9	0.00023823842625151232
-2.0924859488735682e-9	0.00023861004088067024
-2.0922980566662197e-9	0.00023898346362540544
-2.0922181115434757e-9	0.00023935824410182348
-2.092176681206537e-9	0.00023973425966189238
-2.0921514578109426e-9	0.00024011146541567499
-2.092135804859785e-9	0.00024048984255516884
-2.0921250678318517e-9	0.00024086938289439864
-2.0921182012190176e-9	0.00024125008304139045
-2.092114397583833e-9	0.00024163194173037922
-2.0921136999751954e-9	0.00024201495828239907
-2.0921167532328425e-9	0.00024239913134131404
-2.0921253139516427e-9	0.00024278445728292977
-2.092143077575548e-9	0.00024317092740546982
-2.0921786943461917e-9	0.00024355852174997878
-2.09225395765289e-9	0.0002439471926814068
-2.092443870160832e-9	0.00024433680997367017
-2.0931290800996205e-9	0.00024472689510021526
-2.1000001152793327e-9	0.00024511378733091583
-2.1000208473953565e-9	0.00024552554436105956
-2.093126736202322e-9	0.00024591486703235706
-2.0924290778212563e-9	0.00024630980797241624
-2.09222937261333e-9	0.0002467067088304391
-2.0921447475674703e-9	0.0002471050913986319
-2.0921000874807305e-9	0.00024750482571373427
-2.092073833870334e-9	0.0002479058644362215
-2.0920580519834254e-9	0.0002483081879408471
-2.0920453398520777e-9	0.00024871178790110865
-2.0920377381272726e-9	0.0002491166610745265
-2.0920335291441105e-9	0.00024952280648763407
-2.0920324870332687e-9	0.00024993022378997206
-2.092035694678529e-9	0.00025033891191194815
-2.0920446766881098e-9	0.00025074886737041217
-2.0920635166010725e-9	0.0002511600812804763
-2.0921016963104667e-9	0.0002515725327737645
-2.0921813439656046e-9	0.00025198617151990076
-2.092383060836589e-9	0.0002524008592585062
-2.093112619144799e-9	0.0002528160869055184
-2.1004279430414388e-9	0.0002532279573413795
-2.100450341968596e-9	0.00025366634328017294
-2.093109910161761e-9	0.000254080887066961
-2.092367187683797e-9	0.00025450145584433295
-2.092154450872297e-9	0.00025492415512152415
-2.0920639034083257e-9	0.0002553484761804158
-2.0920162357607186e-9	0.00025577428107063677
-2.091987730390432e-9	0.00025620151981130176
-2.0919697347687727e-9	0.0002566301719358233
-2.091957265731859e-9	0.0002570602290001432
-2.0919491923843125e-9	0.00025749168798917175
-2.091944549753588e-9	0.00025792454829782357
-2.0919432246246928e-9	0.0002583588099886748
-2.091946566601388e-9	0.00025879447235873726
-2.0919558911869363e-9	0.0002592315321325057
-2.0919760167714687e-9	0.00025966998027483615
-2.0920159083004377e-9	0.0002601097949690011
-2.0921012068908506e-9	0.0002605509229675557
-2.092316347329648e-9	0.0002609932172141583
-2.0930942758623507e-9	0.00026143613501377466
-2.1008986700210564e-9	0.0002618755188764563
-2.1009234562052725e-9	0.0002623432411343586
-2.0930913284644693e-9	0.00026278557472918566
-2.0922985602966903e-9	0.0002632343858540236
-2.092071312892463e-9	0.0002636855199299992
-2.091974469736746e-9	0.00026413843468534536
-2.0919239908767653e-9	0.0002645929834297873
-2.0918933954672258e-9	0.0002650491133344582
-2.091873664039623e-9	0.0002655068030612794
-2.0918603830633045e-9	0.00026596604410644383
-2.0918513929324423e-9	0.00026642683376063345
-2.091846285845467e-9	0.00026688917188984575
-2.0918448593199027e-9	0.00026735305907390973
-2.0918480746145998e-9	0.0002678184950776573
-2.0918579272388715e-9	0.0002682854769185968
-2.0918787150048247e-9	0.00026875399545697937
-2.0919217579074e-9	0.0002692240278956666
-2.09201278912885e-9	0.00026969551782548965
-2.0922426076153136e-9	0.00027016830853403094
-2.09307427871952e-9	0.00027064182024600877
-2.101419049616027e-9	0.0002711116077621989
-2.1014461992097113e-9	0.000271611753542379
-2.093071121933576e-9	0.00027208480661566247
-2.092222967048363e-9	0.00027256484265308494
-2.091979773283237e-9	0.0002730474196934834
-2.0918759483068427e-9	0.0002735319584522714
-2.091821123345605e-9	0.0002740183026538902
-2.0917885707960603e-9	0.0002745063963911945
-2.0917674909581852e-9	0.0002749962174410573
-2.0917527414787695e-9	0.00027548775730660923
-2.091743234544641e-9	0.00027598101369292344
-2.091737507214919e-9	0.00027647598706274674
-2.0917357364924615e-9	0.00027697267864681995
-2.0917390164132413e-9	0.0002774710888030017
-2.0917494925332124e-9	0.000277971214950616
-2.091771810691645e-9	0.000278473047914888
-2.0918172387307534e-9	0.00027897656388271467
-2.0919151259957137e-9	0.0002794817030236297
-2.092160841499213e-9	0.00027998829799942446
-2.0930518945472268e-9	0.0002804957279861254
-2.1019959971280144e-9	0.00028099922877726074
-2.1020266056881453e-9	0.00028153533408783375
-2.093048353069005e-9	0.00028204246299913283
-2.0921390096850792e-9	0.0002825571416930256
-2.091877947241194e-9	0.00028307460957758743
-2.0917666607667142e-9	0.0002835942464081668
-2.0917077891813297e-9	0.000284115885363946
-2.0916725618769228e-9	0.0002846394672196442
-2.091649314706068e-9	0.00028516496885792783
-2.091633554113237e-9	0.00028569238188383997
-2.0916231035450484e-9	0.00028622170455523834
-2.091616627664106e-9	0.0002867529380912751
-2.0916145010929643e-9	0.00028728608453891074
-2.091617898819509e-9	0.0002878211450118064
-2.091628717315608e-9	0.00028835811747018165
-2.0916527278758145e-9	0.0002888969927953258
-2.0917012229171308e-9	0.0002894377461436923
-2.0918057990648723e-9	0.0002899803139740232
-2.092069652864792e-9	0.0002905245172103307
-2.0930269735541797e-9	0.00029106968944636277
-2.1026380318311945e-9	0.0002916107114588621
-2.1026725401496195e-9	0.00029218684573572163
-2.0930232845661755e-9	0.00029273191414569454
-2.0920452759976007e-9	0.0002932851707863931
-2.0917645695894828e-9	0.00029384150049181
-2.09164467355194e-9	0.0002944002375307089
-2.091581180596602e-9	0.00029496120345602926
-2.091542965365623e-9	0.0002955243354589195
-2.0915178430780393e-9	0.0002960896095412101
-2.0915005786437127e-9	0.0002966570175357464
-2.0914887494782875e-9	0.0002972265584313025
-2.0914818054551532e-9	0.0002977982344085396
-2.0914793326998195e-9	0.0002983720485400949
-2.0914826977191937e-9	0.0002989480028996425
-2.0914941499139416e-9	0.0002995260961717022
-2.0915197408211127e-9	0.00030010631941822626
-2.091571732115716e-9	0.0003006886467647773
-2.091683680649492e-9	0.00030127301064278777
-2.091968061684879e-9	0.0003018592189887389
-2.0929993741924946e-9	0.0003024465545712963
-2.103356183291716e-9	0.0003030295015222359
-2.1033941842496517e-9	0.00030365037215397407
-2.092994194236031e-9	0.000304237850621277
-2.0919407644703903e-9	0.000304834239853528
-2.0916378090374277e-9	0.0003054340285561677
-2.091508243690088e-9	0.00030603650029822747
-2.0914395845283984e-9	0.00030664146377799216
-2.091398112935572e-9	0.00030724885232041567
-2.0913705673308857e-9	0.00030785864108574573
-2.0913515860365716e-9	0.00030847082230435843
-2.0913388091181595e-9	0.0003090853959289038
-2.0913308255876563e-9	0.0003097023653588188
-2.091327929643061e-9	0.0003103217349640532
-2.0913310790848797e-9	0.00031094350804202137
-2.091343085419695e-9	0.00031156768423494025
-2.0913702969138637e-9	0.00031219425495820707
-2.0914262080118374e-9	0.000312823193330323
-2.091547186366949e-9	0.00031345442741832324
-2.091853974661717e-9	0.0003140877507330843
-2.0929681908088417e-9	0.00031472238915737866
-2.1041616278916208e-9	0.00031535238178052356
-2.1042044078600774e-9	0.00031602346420059357
-2.09296313382068e-9	0.00031665855420207127
-2.0918233492428495e-9	0.0003173033768484753
-2.0914953730077903e-9	0.0003179519764103038
-2.091355021499597e-9	0.00031860357972428923
-2.091280456884004e-9	0.0003192579812344764
-2.091235086537635e-9	0.0003199151101029203
-2.091205339871394e-9	0.00032057494072504
-2.0911841774329254e-9	0.00032123746595717404
-2.091170273138543e-9	0.00032190268701808906
-2.091160881340093e-9	0.0003225706088619659
-2.0911572527093635e-9	0.00032324123750241226
-2.0911605568552095e-9	0.00032391457779981
-2.091173343832242e-9	0.00032459063066307676
-2.091201870635384e-9	0.00032526938809346957
-2.091262702341723e-9	0.0003259508222668397
-2.0913933088895222e-9	0.00032663485651916816
-2.091725155628499e-9	0.00032732126829519324
-2.092933103098327e-9	0.0003280092195319676
-2.1050696389135484e-9	0.0003286922476793186
-2.1051183341835868e-9	0.0003294199486483097
-2.0929274063052894e-9	0.0003301087383050557
-2.0916908034129825e-9	0.00033080820067530117
-2.09133464031952e-9	0.0003315118791139468
-2.0911821404179246e-9	0.0003322189367065322
-2.09110071597296e-9	0.0003329291520453659
-2.0910510108052006e-9	0.00033364244982287783
-2.0910179476918425e-9	0.0003343588037985887
-2.090994978498628e-9	0.0003350782077677123
-2.0909793006007593e-9	0.0003358006646100708
-2.0909689025294665e-9	0.00033652618126992276
-2.090964890061331e-9	0.0003372547658539698
-2.090967619589046e-9	0.00033798642522847475
-2.09098111096373e-9	0.00033872116197405716
-2.0910121577066843e-9	0.00033945896899713216
-2.091077283161713e-9	0.00034019981764825315
-2.091218885297286e-9	0.0003409436261504125
-2.0915801230814157e-9	0.0003416901539924032
-2.09289341906449e-9	0.0003424384908950725
-2.106098814858015e-9	0.00034318160607150236
-2.106153799630306e-9	0.00034397347045484155
-2.092886775695302e-9	0.0003447231318313733
-2.0915404749854984e-9	0.00034548454766158206
-2.0911524788891358e-9	0.00034625069392589243
-2.09098568293431e-9	0.0003470206617433153
-2.0908965376209568e-9	0.0003477942120262418
-2.0908418609744128e-9	0.0003485712646906219
-2.0908058304291988e-9	0.0003493517930685478
-2.090780250862956e-9	0.0003501357923165324
-2.0907623920540797e-9	0.00035092326749677544
-2.0907505435874277e-9	0.00035171422811638195
-2.0907447003060134e-9	0.000352508684965419
-2.0907483347487598e-9	0.0003533066474923581
-2.0907630540967225e-9	0.0003541081204920491
-2.090795558584713e-9	0.0003549130982082931
-2.0908665210039868e-9	0.00035572155136760075
-2.0910203690494014e-9	0.000356533392687591
-2.0914142117300915e-9	0.0003573483615190979
-2.092848032614336e-9	0.0003581654656276782
-2.107271139084599e-9	0.0003589770270644463
-2.1073340620292315e-9	0.00035984200225210565
-2.092840508033378e-9	0.00036066104378739463
-2.0913693028534743e-9	0.0003614930927372996
-2.090944658322824e-9	0.0003623304789648474
-2.0907619668997236e-9	0.0003631722119507047
-2.0906637671569417e-9	0.00036401803283111003
-2.090603860277485e-9	0.00036486785645564653
-2.0905633213053057e-9	0.0003657216560491528
-2.0905345499866448e-9	0.00036657942870655166
-2.090514542935074e-9	0.00036744118237060005
-2.0905017025174554e-9	0.0003683069298665278
-2.0904948315525474e-9	0.00036917668544281517
-2.0904969564361497e-9	0.00037005046190541395
-2.090512226932129e-9	0.00037092826698041756
-2.0905483092026336e-9	0.0003718100968509335
-2.0906250732255494e-9	0.0003726959219360457
-2.090793148751269e-9	0.00037358564905964886
-2.091224301431494e-9	0.0003744789949146129
-2.0927961114358684e-9	0.00037537487375578055
-2.1086148601745516e-9	0.00037626486624812983
-2.108687199653403e-9	0.0003772136438701002
-2.09278765178067e-9	0.0003781122367853969
-2.091172597284974e-9	0.00037902529887047883
-2.0907058502661615e-9	0.00037994441987474376
-2.090504959578743e-9	0.00038086851618117433
-2.0903966650775987e-9	0.0003817973067431615
-2.0903296935437243e-9	0.000382730701095493
-2.0902846167736303e-9	0.0003836686728421046
-2.0902524059118746e-9	0.0003846112218091996
-2.090229819273759e-9	0.00038555835975919383
-2.090214427985515e-9	0.00038651010384664104
-2.0902066960926115e-9	0.00038746647282060444
-2.0902087489282907e-9	0.00038842748387350935
-2.0902242136466855e-9	0.00038939314863395413
-2.09026303512605e-9	0.00039036346605974664
-2.09034691819876e-9	0.00039133840675625815
-2.090531453141642e-9	0.00039231787129781357
-2.09100623029812e-9	0.0003933015507975819
-2.0927364015876918e-9	0.00039428825219267925
-2.1101647861287986e-9	0.0003952687013435999
-2.110248421183236e-9	0.00039631416399163406
-2.0927264617998098e-9	0.0003973045692586372
-2.090945618937745e-9	0.00039831116257698013
-2.09043039705592e-9	0.0003993246804630761
-2.0902077935758268e-9	0.00040034393252608933
-2.0900876610441266e-9	0.00040136861277342704
-2.090013062938656e-9	0.00040239862526419436
-2.089962547097146e-9	0.0004034339447101158
-2.0899260761486627e-9	0.00040447457476742256
-2.089899995638689e-9	0.0004055205322981328
-2.089882211114835e-9	0.00040657184015524783
-2.0898728095797292e-9	0.00040762852299346423
-2.0898739434116466e-9	0.0004086906037908594
-2.08989049009789e-9	0.00040975809941424965
-2.0899324411849385e-9	0.0004108310127532939
-2.0900242487020828e-9	0.00041190931535628624
-2.0902276501089114e-9	0.0004129929012746171
-2.0907516284973673e-9	0.0004140814326472974
-2.0926668140353047e-9	0.0004151735924709025
-2.1119654150414393e-9	0.0004162591140489767
-2.1120635006699474e-9	0.0004174169266672317
-2.0926556164535537e-9	0.00041851406062476447
-2.090681709449038e-9	0.00041962942161485694
-2.090109651436967e-9	0.00042075275555642774
-2.089862157655942e-9	0.00042188274884520687
-2.089727552806453e-9	0.00042301906737241164
-2.0896440987572264e-9	0.0004241616097243358
-2.0895870963988373e-9	0.0004253103528028576
-2.0895454929115153e-9	0.0004264653056390798
-2.089515593634017e-9	0.0004276264919576273
-2.0894945558624922e-9	0.00042879394218824806
-2.0894829437345666e-9	0.0004299676888194405
-2.089483364331457e-9	0.0004311477625365332
-2.0895005272580927e-9	0.00043233418729094473
-2.0895461736281095e-9	0.00043352697154487227
-2.0896472659182042e-9	0.00043472608893548454
-2.0898721887208094e-9	0.0004359314268780952
-2.0904543378219564e-9	0.0004371426145995402
-2.092585436985761e-9	0.0004383581909699129
-2.1140740473990505e-9	0.0004395667277657404
-2.114188966562125e-9	0.000440856131472786
-2.0925719280695532e-9	0.00044207832562142885
-2.090372052848677e-9	0.00044332118907967986
-2.0897336040548442e-9	0.00044457330872096635
-2.0894562511308837e-9	0.0004458332278006743
-2.089305364971761e-9	0.0004471005804772102
-2.0892107951309137e-9	0.0004483752601472981
-2.0891450210613895e-9	0.00044965724752361576
-2.0890981604959616e-9	0.00045094655920106396
-2.0890636636017313e-9	0.00045224322823505755
-2.0890386864091947e-9	0.0004535472952468406
-2.089024201396006e-9	0.0004548588032414471
-2.089023121526479e-9	0.0004561777932943721
-2.0890411076668335e-9	0.0004575042990357418
-2.089091040941016e-9	0.00045883833684594565
-2.089202523913869e-9	0.00046017988419193973
-2.08945299005614e-9	0.000461528822035403
-2.090103517143893e-9	0.0004628847421302555
-2.092489450711277e-9	0.00046424601448774594
-2.116565146259575e-9	0.0004655998398167255
-2.116701296317469e-9	0.00046704473386653125
-2.0924735495198024e-9	0.0004684147712958801
-2.0900056819483926e-9	0.0004698084352520923
-2.0892884116774368e-9	0.0004712129447280125
-2.088975951697325e-9	0.00047262667548579807
-2.0888048874845302e-9	0.00047404922585984237
-2.0886971994760195e-9	0.0004754804848227322
-2.0886227962535475e-9	0.0004769204393326268
-2.08856748254993e-9	0.0004783691166980577
-2.0885265906933626e-9	0.0004798265628176508
-2.0884970261536575e-9	0.0004812928322050346
-2.0884792345465808e-9	0.00048276798217759327
-2.08847650782773e-9	0.00048425206800779277
-2.0884946678734196e-9	0.00048574513671192823
-2.088549028955722e-9	0.0004872472159922405
-2.088673058497914e-9	0.0004887582898010096
-2.0889537247548165e-9	0.0004902782333553767
-2.089685338418912e-9	0.0004918065956903197
-2.092374841489164e-9	0.0004933415473547448
-2.1195369621307416e-9	0.0004948686549569642
-2.1197003342132706e-9	0.0004964990966727531
-2.092355771560195e-9	0.0004980456501793588
-2.0895683208621565e-9	0.0004996194548077455
-2.0887562747540223e-9	0.0005012060996171771
-2.0883997562115563e-9	0.0005028037628366859
-2.088205931805032e-9	0.0005044120024291386
-2.0880821196778144e-9	0.0005060307045290533
-2.0879956553088163e-9	0.0005076598660349376
-2.0879310758836756e-9	0.0005092995295844073
-2.0878827110826226e-9	0.0005109497589992177
-2.087847214193861e-9	0.0005126106280259043
-2.0878248374378573e-9	0.0005142822137697891
-2.087819522167411e-9	0.0005159645912059091
-2.08783805013546e-9	0.0005176578261308273
-2.087897217434298e-9	0.0005193619625973229
-2.0880357157970764e-9	0.000521076995133189
-2.088352328288856e-9	0.0005228027948379067
-2.0891817989199256e-9	0.000524538862080263
-2.0922367042652824e-9	0.0005262831296784134
-2.1231208266581094e-9	0.0005280191954299822
-2.123319988434069e-9	0.0005298735193689575
-2.0922137323742263e-9	0.0005316331853660458
-2.0890396785822053e-9	0.0005334246066880361
-2.088112840231693e-9	0.0005352314091439428
-2.0877060257551427e-9	0.0005370515360120064
-2.087480948848031e-9	0.0005388845000293593
-2.0873371272323027e-9	0.0005407301874448602
-2.08723578370984e-9	0.0005425886107919955
-2.0871592852078627e-9	0.0005444598349266804
-2.087101444842032e-9	0.0005463439491053279
-2.087058012401055e-9	0.0005482410541755098
-2.0870295253549997e-9	0.0005501512551004982
-2.0870206129453008e-9	0.0005520746546932147
-2.087038812143005e-9	0.0005540113455510317
-2.087103971787352e-9	0.0005559613956530238
-2.087259647709505e-9	0.0005579248164925202
-2.0876195815255904e-9	0.0005599014782822962
-2.0885672163517555e-9	0.0005618908261754229
-2.09206826209396e-9	0.0005638905068595892
-2.1275002930476463e-9	0.0005658817168326853
-2.127744213331617e-9	0.0005680095933208771
-2.0920397534651693e-9	0.0005700298307198284
-2.088392399185457e-9	0.0005720875093115672
-2.0873247372599214e-9	0.0005741638611875166
-2.0868538059326536e-9	0.0005762565476194665
-2.0865917336132523e-9	0.0005783650312646929
-2.0864228863770595e-9	0.0005804892038364409
-2.086302612691604e-9	0.000582629102420817
-2.086211345375677e-9	0.000584784824609327
-2.0861405762517825e-9	0.0005869564964632202
-2.0860869228811475e-9	0.0005891442578117734
-2.0860498342378797e-9	0.000591348253665005
-2.0860359140784104e-9	0.0005935686269970936
-2.0860531405819672e-9	0.0005958055094245244
-2.086124443473336e-9	0.0005980590045348248
-2.0863007545501857e-9	0.0006003291509589768
-2.0867134775115482e-9	0.0006026158240808339
-2.0878068714036415e-9	0.0006049184070466772
-2.091859557207254e-9	0.0006072341984718299
-2.132925699893651e-9	0.0006095414248917915
-2.133230238476891e-9	0.0006120083822440155
-2.091824020550304e-9	0.0006143518634441332
-2.0875886577065297e-9	0.0006167400941930388
-2.0863451423325242e-9	0.0006191513472537588
-2.0857939688534443e-9	0.0006215829421164369
-2.085484738600929e-9	0.0006240342873390206
-2.0852836185247805e-9	0.0006265052896009606
-2.0851389511356013e-9	0.0006289960248362349
-2.0850273119599197e-9	0.0006315066398561982
-2.0849402895539717e-9	0.0006340373152166526
-2.084872653390635e-9	0.0006365882481779814
-2.084824688525222e-9	0.0006391596427384298
-2.084803032725846e-9	0.0006417517012333333
-2.084817795428018e-9	0.0006443646134480411
-2.0848959617847384e-9	0.00064699853709293
-2.0850970843644402e-9	0.0006496535545108604
-2.085574974791671e-9	0.0006523295573863057
-2.0868510559379772e-9	0.0006550258607825003
-2.0915969393242585e-9	0.0006577393349817173
-2.1397601253081435e-9	0.0006604444738311774
-2.1401469985971035e-9	0.0006633387716759451
-2.0915517393749196e-9	0.0006660900056284414
-2.0865734687181005e-9	0.0006688955821531812
-2.085106766419598e-9	0.0006717300567109417
-2.0844527116925526e-9	0.0006745903303869993
-2.084082635134266e-9	0.0006774757562429922
-2.083839404476429e-9	0.0006803862728750557
-2.083662348462134e-9	0.0006833220186142045
-2.0835238098704247e-9	0.0006862832161340741
-2.083414382164639e-9	0.000689270128905363
-2.0833273282727662e-9	0.000692283041214293
-2.0832637075363094e-9	0.0006953222464633085
-2.083230675370418e-9	0.0006983880372768604
-2.083240896494365e-9	0.0007014806926219942
-2.0833265272746096e-9	0.0007046004546369907
-2.083557340121223e-9	0.0007077474771769857
-2.084117443951206e-9	0.0007109216886948061
-2.085625868980534e-9	0.0007141223330857977
-2.0912600549483074e-9	0.0007173457470465304
-2.1485373696394917e-9	0.0007205616449286437
-2.149040522003709e-9	0.0007240050589189032
-2.0912012337337418e-9	0.0007272808013225795
-2.0852655996939085e-9	0.00073062379260081
-2.0835091946835863e-9	0.0007340038318340396
-2.0827207736884293e-9	0.000737417302822943
-2.082270077968795e-9	0.0007408635082901772
-2.081970260975341e-9	0.0007443424494833753
-2.081749185750548e-9	0.0007478543672423481
-2.081574041168377e-9	0.0007513996047653362
-2.0814329312168757e-9	0.0007549785558429857
-2.081318841556934e-9	0.0007585916411155161
-2.0812321268048884e-9	0.0007622392941610486
-2.0811825935718178e-9	0.0007659219496834001
-2.0811844291701577e-9	0.0007696400280520873
-2.0812766416689055e-9	0.0007733939073734145
-2.081544361398624e-9	0.000777183861337573
-2.082209278891911e-9	0.0007810098934345372
-2.0840200002258948e-9	0.0007848711815940651
-2.0908178919032408e-9	0.0007887633894815562
-2.1600705946700495e-9	0.0007926499762022396
-2.1607399033118923e-9	0.000796815360449848
-2.0907396759084487e-9	0.0008007816011478722
-2.0835404417884897e-9	0.0008048329724259275
-2.081399946929352e-9	0.0008089330544557185
-2.0804306325283852e-9	0.0008130775860494153
-2.079870207022383e-9	0.0008172658400655688
-2.0794922495182e-9	0.0008214979377108906
-2.079209364019841e-9	0.0008257742935075854
-2.078981833225635e-9	0.0008300954493866767
-2.0787954031875613e-9	0.0008344620121615562
-2.078641217478916e-9	0.0008388746248799841
-2.0785201799544686e-9	0.000843333950036878
-2.0784442798293946e-9	0.0008478406552606308
-2.078431136470771e-9	0.0008523953944409307
-2.078528608456809e-9	0.0008569987734409504
-2.0788418487960316e-9	0.0008616512735566927
-2.079643733798875e-9	0.0008663530470572486
-2.0818576166869996e-9	0.000871103231865518
-2.0902215339790864e-9	0.000875896632961766
-2.175646514057661e-9	0.0008806883067950534
-2.1765645922933175e-9	0.0008858294787644317
-2.0901144475726775e-9	0.0008907304189837652
-2.0811998310110712e-9	0.0008957421622306484
-2.0785334005679613e-9	0.0009008199464025531
-2.077313650095114e-9	0.0009059587026586716
-2.0765986632420574e-9	0.00091115772999626
-2.0761087552667592e-9	0.0009164173808259034
-2.075735816325919e-9	0.0009217383761667258
-2.0754307087422762e-9	0.0009271216010944346
-2.075176117344313e-9	0.000932568027775305
-2.0749608422798715e-9	0.0009380786802933615
-2.0747864138748184e-9	0.0009436546140664698
-2.074667506518635e-9	0.0009492968982174173
-2.0746270058602522e-9	0.0009550065920963334
-2.074725204093131e-9	0.0009607847022626003
-2.075094545750389e-9	0.0009666320859859393
-2.0760801636321435e-9	0.0009725491928775466
-2.0788487224976394e-9	0.00097853519803835
-2.0893903021290682e-9	0.0009845838029365615
-2.1974016095716034e-9	0.000990638415843735
-2.198708914424863e-9	0.0009971437703541932
-2.0892377227466064e-9	0.0010033539631040215
-2.0779118476310644e-9	0.0010097134715691917
-2.074498891257992e-9	0.0010161659929913188
-2.072917956247311e-9	0.001022705454503892
-2.0719759403320384e-9	0.0010293313220416168
-2.071318198337835e-9	0.0010360444072875744
-2.0708076841957634e-9	0.0010428460017113473
-2.0703824151591112e-9	0.0010497376182611448
-2.0700195019651703e-9	0.001056720894481648
-2.0697062472874174e-9	0.0010637975484899351
-2.0694441104140983e-9	0.0010709693533408433
-2.0692522444243357e-9	0.0010782381149783001
-2.0691605945200034e-9	0.0010856056424336446
-2.069247483632575e-9	0.0010930736924622112
-2.0696855246526982e-9	0.001100643844329824
-2.0709247821659728e-9	0.00110831716322096
-2.0744855528220807e-9	0.0011160930690070562
-2.088182003884276e-9	0.0011239638530835343
-2.229095585026819e-9	0.0011318561390562083
-2.231046916434387e-9	0.0011403512789443149
-2.08795430856612e-9	0.0011484758078327006
-2.0730869760843264e-9	0.001156810728734022
-2.0685635880757225e-9	0.001165283163299617
-2.0664350795895904e-9	0.0011738858400469688
-2.0651406608063193e-9	0.0011826187470891133
-2.0642163321704654e-9	0.0011914836583887735
-2.063482930680927e-9	0.0012004830043085472
-2.0628584544435394e-9	0.0012096195356509417
-2.0623146309184383e-9	0.0012188961985090394
-2.061833184652251e-9	0.001228316078122366
-2.061417282633871e-9	0.0012378823666670169
-2.061093021898941e-9	0.0012475983354884868
-2.0609010271788187e-9	0.001257467296627507
-2.0609467575594123e-9	0.0012674925295247793
-2.0614653593820087e-9	0.001277677112699965
-2.063066275997949e-9	0.0012880234678102564
-2.0678147787445147e-9	0.00129853182229099
-2.0863291601336266e-9	0.001309192748795168
-2.2778512070997792e-9	0.0013199074811547074
-2.280950048438868e-9	0.0013314683901895922
-2.0859675834261626e-9	0.0013425519330502202
-2.0655933832824936e-9	0.0013539500078525257
-2.0593151862591255e-9	0.0013655648026075521
-2.0562995145689823e-9	0.001377387829787905
-2.054418033253791e-9	0.0013894205481290816
-2.0530373531724157e-9	0.001401666918209808
-2.051912536749079e-9	0.0014141318694058803
-2.0509316149275315e-9	0.0014268208467546337
-2.0500561579706035e-9	0.001439739644842462
-2.049261453640483e-9	0.00145289433569548
-2.048552488292943e-9	0.0014662912292108265
-2.0479664664729835e-9	0.0014799368393199107
-2.0475613188353227e-9	0.0014938378346019243
-2.0474889430521783e-9	0.0015080009388763393
-2.048084561095953e-9	0.0015224326952111046
-2.050223037619592e-9	0.0015371388161208733
-2.056867824912212e-9	0.0015521219769153772
-2.0832758465150204e-9	0.0015673710796044475
-2.3585370750423e-9	0.0015827464889825074
-2.3638919425694738e-9	0.0015993919263685037
-2.0826508598581486e-9	0.001615404689950618
-2.0530276939101367e-9	0.0016319279178962018
-2.0437362002634354e-9	0.0016488240923593143
-2.0391470913261322e-9	0.001666084445134914
-2.0361861961304406e-9	0.0016837147258168966
-2.033937992551582e-9	0.001701724498407073
-2.0320476447566182e-9	0.0017201249481933068
-2.0303526183484965e-9	0.0017389282441581408
-2.02879744361506e-9	0.0017581473155118563
-2.0273464770736993e-9	0.00177779576440064
-2.0260079274248e-9	0.0017978878260830958
-2.0248392884225642e-9	0.0018184383374106464
-2.0239299713620262e-9	0.0018394626815624105
-2.023514207633026e-9	0.0018609766557865343
-2.0241112145547027e-9	0.0018829961272776097
-2.0270781169673403e-9	0.0019055360442870872
-2.0370229379784723e-9	0.0019286070165099984
-2.0777070783517538e-9	0.001952198568109088
-2.5066072079416025e-9	0.0019760997718376518
-2.5170658749296138e-9	0.0020021055849893093
-2.0764859868682705e-9	0.002027251799618156
-2.0295174419593386e-9	0.002053333074901125
-2.0143911172998407e-9	0.0020801443071863726
-2.0066152440323394e-9	0.002107682119407405
-2.001363244796828e-9	0.0021359665540462975
-1.9971943744256926e-9	0.0021650244165422527
-1.9935489809774777e-9	0.0021948859157554703
-1.990168541071702e-9	0.0022255837400587623
-1.9869650679349427e-9	0.002257152786702456
-1.983881019779199e-9	0.0022896301105788464
-1.980931165601607e-9	0.0023230549537746085
-1.978213203190915e-9	0.002357468793819098
-1.9758816526105337e-9	0.0023929153574279135
-1.974341981436645e-9	0.0024294405074737945
-1.974501426338371e-9	0.0024670917653184235
-1.9787430652284942e-9	0.0025059167005919594
-1.995188685488536e-9	0.0025459570143557112
-2.065854055333105e-9	0.002587218937398271
-2.8249014538461736e-9	0.0026293542875866684
-2.8496938706545906e-9	0.0026755841124291853
-2.062958278259419e-9	0.002720671513727393
-1.977370669153933e-9	0.002767841145250286
-1.9485803774865753e-9	0.00281676731082898
-1.9328238222648954e-9	0.00286748623246201
-1.9214457468830214e-9	0.002920079790382641
-1.911848227920121e-9	0.0029746463711060617
-1.903009782772136e-9	0.003031295395535354
-1.8944493580141944e-9	0.003090146238055922
-1.885996125000622e-9	0.0031513283781591677
-1.8775328970765947e-9	0.0032149820229277703
-1.8690797615572573e-9	0.0032812589635874433
-1.8608250525353755e-9	0.0033503235638400195
-1.8530834812235943e-9	0.0034223537871072964
-1.8467055387105802e-9	0.003497542079921571
-1.8436431257151665e-9	0.0035760956027600893
-1.8491077810434131e-9	0.0036582341101644364
-1.881036598544439e-9	0.003744178369325594
-2.032927387479733e-9	0.0038340855156595625
-3.725669146337207e-9	0.003927332474143142
-3.809358001527485e-9	0.004031352552123868
-2.0231387882818643e-9	0.004134571507306127
-1.8206387222163834e-9	0.004244476579553552
-1.7464340302031368e-9	0.004360605243055223
-1.7009707546977727e-9	0.004483345732932653
-1.6643373934532857e-9	0.004613233119483506
-1.6304088861440748e-9	0.004750891206283711
-1.5966338894557454e-9	0.0048970291118718996
-1.561664747101732e-9	0.005052449521873382
-1.5248645762633296e-9	0.0052180619353416665
-1.4856687119757516e-9	0.0053948997294731614
-1.4438357769042121e-9	0.0055841411908336865
-1.399582160455104e-9	0.005787135142845323
-1.3535230896755124e-9	0.006005432027547939
-1.3080483309169112e-9	0.006240821283012731
-1.2695121677175347e-9	0.006495375057202052
-1.2564196943121165e-9	0.006771494247492339
-1.3357777981837238e-9	0.00707193216311824
-1.8681398794240246e-9	0.007399626115892335
-8.463987704310228e-9	0.007754934197357509
-9.134127217858002e-9	0.008171210228446602
-1.7891652062784759e-9	0.008606677448387137
-8.410217583854074e-10	0.009096961169111708
-3.9564395586944027e-10	0.00964756124060354
-3.501226583102479e-11	0.010269520672700271
3.3542857293955566e-10	0.010977412117253317
7.574214269001623e-10	0.011790248319809578
1.2645567415869863e-9	0.012733168960240826
1.895915503541401e-9	0.01384007461057536
2.7034618834742564e-9	0.015157784590960156
3.76647123404017e-9	0.016752826151562816
5.20881553354724e-9	0.018723014752899416
7.234201247363626e-9	0.02121828936443171
1.0203826004262507e-8	0.024480752331440408
1.4787776560964973e-8	0.028928301886363
2.2327385743381445e-8	0.03534945913960724
3.563773308437601e-8	0.045430740673177476
5.92718387145863e-8	0.06354021885065934
4.418139967795054e-8	0.10552459983756654
-1.0710927454364683e-5	0.30382957112593517
-1.0710927454364683e-5	-0.30382957112593517
4.418139967795054e-8	-0.10552459983756654
5.92718387145863e-8	-0.06354021885065934
3.563773308437601e-8	-0.045430740673177476
2.2327385743381445e-8	-0.03534945913960724
1.4787776560964973e-8	-0.028928301886363
1.0203826004262507e-8	-0.024480752331440408
7.234201247363626e-9	-0.02121828936443171
5.20881553354724e-9	-0.018723014752899416
3.76647123404017e-9	-0.016752826151562816
2.7034618834742564e-9	-0.015157784590960156
1.895915503541401e-9	-0.01384007461057536
1.2645567415869863e-9	-0.012733168960240826
7.574214269001623e-10	-0.011790248319809578
3.3542857293955566e-10	-0.010977412117253317
-3.501226583102479e-11	-0.010269520672700271
-3.9564395586944027e-10	-0.00964756124060354
-8.410217583854074e-10	-0.009096961169111708
-1.7891652062784759e-9	-0.008606677448387137
-9.134127217858002e-9	-0.008171210228446602
-8.463987704310228e-9	-0.007754934197357509
-1.8681398794240246e-9	-0.007399626115892335
-1.3357777981837238e-9	-0.00707193216311824
-1.2564196943121165e-9	-0.006771494247492339
-1.2695121677175347e-9	-0.006495375057202052
-1.3080483309169112e-9	-0.006240821283012731
-1.3535230896755124e-9	-0.006005432027547939
-1.399582160455104e-9	-0.005787135142845323
-1.4438357769042121e-9	-0.0055841411908336865
-1.4856687119757516e-9	-0.0053948997294731614
-1.5248645762633296e-9	-0.0052180619353416665
-1.561664747101732e-9	-0.005052449521873382
-1.5966338894557454e-9	-0.0048970291118718996
-1.6304088861440748e-9	-0.004750891206283711
-1.6643373934532857e-9	-0.004613233119483506
-1.7009707546977727e-9	-0.004483345732932653
-1.7464340302031368e-9	-0.004360605243055223
-1.8206387222163834e-9	-0.004244476579553552
-2.0231387882818643e-9	-0.004134571507306127
-3.809358001527485e-9	-0.004031352552123868
-3.725669146337207e-9	-0.003927332474143142
-2.032927387479733e-9	-0.0038340855156595625
-1.881036598544439e-9	-0.003744178369325594
-1.8491077810434131e-9	-0.0036582341101644364
-1.8436431257151665e-9	-0.0035760956027600893
-1.8467055387105802e-9	-0.003497542079921571
-1.8530834812235943e-9	-0.0034223537871072964
-1.8608250525353755e-9	-0.0033503235638400195
-1.8690797615572573e-9	-0.0032812589635874433
-1.8775328970765947e-9	-0.0032149820229277703
-1.885996125000622e-9	-0.0031513283781591677
-1.8944493580141944e-9	-0.003090146238055922
-1.903009782772136e-9	-0.003031295395535354
-1.911848227920121e-9	-0.0029746463711060617
-1.9214457468830214e-9	-0.002920079790382641
-1.9328238222648954e-9	-0.00286748623246201
-1.9485803774865753e-9	-0.00281676731082898
-1.977370669153933e-9	-0.002767841145250286
-2.062958278259419e-9	-0.002720671513727393
-2.8496938706545906e-9	-0.0026755841124291853
-2.8249014538461736e-9	-0.0026293542875866684
-2.065854055333105e-9	-0.002587218937398271
-1.995188685488536e-9	-0.0025459570143557112
-1.9787430652284942e-9	-0.0025059167005919594
-1.974501426338371e-9	-0.0024670917653184235
-1.974341981436645e-9	-0.0024294405074737945
-1.9758816526105337e-9	-0.0023929153574279135
-1.978213203190915e-9	-0.002357468793819098
-1.980931165601607e-9	-0.0023230549537746085
-1.983881019779199e-9	-0.0022896301105788464
-1.9869650679349427e-9	-0.002257152786702456
-1.990168541071702e-9	-0.0022255837400587623
-1.9935489809774777e-9	-0.0021948859157554703
-1.9971943744256926e-9	-0.0021650244165422527
-2.001363244796828e-9	-0.0021359665540462975
-2.0066152440323394e-9	-0.002107682119407405
-2.0143911172998407e-9	-0.0020801443071863726
-2.0295174419593386e-9	-0.002053333074901125
-2.0764859868682705e-9	-0.002027251799618156
-2.5170658749296138e-9	-0.0020021055849893093
-2.5066072079416025e-9	-0.0019760997718376518
-2.0777070783517538e-9	-0.001952198568109088
-2.0370229379784723e-9	-0.0019286070165099984
-2.0270781169673403e-9	-0.0019055360442870872
-2.0241112145547027e-9	-0.0018829961272776097
-2.023514207633026e-9	-0.0018609766557865343
-2.0239299713620262e-9	-0.0018394626815624105
-2.0248392884225642e-9	-0.0018184383374106464
-2.0260079274248e-9	-0.0017978878260830958
-2.0273464770736993e-9	-0.00177779576440064
-2.02879744361506e-9	-0.0017581473155118563
-2.0303526183484965e-9	-0.0017389282441581408
-2.0320476447566182e-9	-0.0017201249481933068
-2.033937992551582e-9	-0.001701724498407073
-2.0361861961304406e-9	-0.0016837147258168966
-2.0391470913261322e-9	-0.001666084445134914
-2.0437362002634354e-9	-0.0016488240923593143
-2.0530276939101367e-9	-0.0016319279178962018
-2.0826508598581486e-9	-0.001615404689950618
-2.3638919425694738e-9	-0.0015993919263685037
-2.3585370750423e-9	-0.0015827464889825074
-2.0832758465150204e-9	-0.0015673710796044475
-2.056867824912212e-9	-0.0015521219769153772
-2.050223037619592e-9	-0.0015371388161208733
-2.048084561095953e-9	-0.0015224326952111046
-2.0474889430521783e-9	-0.0015080009388763393
-2.0475613188353227e-9	-0.0014938378346019243
-2.0479664664729835e-9	-0.0014799368393199107
-2.048552488292943e-9	-0.0014662912292108265
-2.049261453640483e-9	-0.00145289433569548
-2.0500561579706035e-9	-0.001439739644842462
-2.0509316149275315e-9	-0.0014268208467546337
-2.051912536749079e-9	-0.0014141318694058803
-2.0530373531724157e-9	-0.001401666918209808
-2.054418033253791e-9	-0.0013894205481290816
-2.0562995145689823e-9	-0.001377387829787905
-2.0593151862591255e-9	-0.0013655648026075521
-2.0655933832824936e-9	-0.0013539500078525257
-2.0859675834261626e-9	-0.0013425519330502202
-2.280950048438868e-9	-0.0013314683901895922
-2.2778512070997792e-9	-0.0013199074811547074
-2.0863291601336266e-9	-0.001309192748795168
-2.0678147787445147e-9	-0.00129853182229099
-2.063066275997949e-9	-0.0012880234678102564
-2.0614653593820087e-9	-0.001277677112699965
-2.0609467575594123e-9	-0.0012674925295247793
-2.0609010271788187e-9	-0.001257467296627507
-2.061093021898941e-9	-0.0012475983354884868
-2.061417282633871e-9	-0.0012378823666670169
-2.061833184652251e-9	-0.001228316078122366
-2.0623146309184383e-9	-0.0012188961985090394
-2.0628584544435394e-9	-0.0012096195356509417
-2.063482930680927e-9	-0.0012004830043085472
-2.0642163321704654e-9	-0.0011914836583887735
-2.0651406608063193e-9	-0.0011826187470891133
-2.0664350795895904e-9	-0.0011738858400469688
-2.0685635880757225e-9	-0.001165283163299617
-2.0730869760843264e-9	-0.001156810728734022
-2.08795430856612e-9	-0.0011484758078327006
-2.231046916434387e-9	-0.0011403512789443149
-2.229095585026819e-9	-0.0011318561390562083
-2.088182003884276e-9	-0.0011239638530835343
-2.0744855528220807e-9	-0.0011160930690070562
-2.0709247821659728e-9	-0.00110831716322096
-2.0696855246526982e-9	-0.001100643844329824
-2.069247483632575e-9	-0.0010930736924622112
-2.0691605945200034e-9	-0.0010856056424336446
-2.0692522444243357e-9	-0.0010782381149783001
-2.0694441104140983e-9	-0.0010709693533408433
-2.0697062472874174e-9	-0.0010637975484899351
-2.0700195019651703e-9	-0.001056720894481648
-2.0703824151591112e-9	-0.0010497376182611448
-2.0708076841957634e-9	-0.0010428460017113473
-2.071318198337835e-9	-0.0010360444072875744
-2.0719759403320384e-9	-0.0010293313220416168
-2.072917956247311e-9	-0.001022705454503892
-2.074498891257992e-9	-0.0010161659929913188
-2.0779118476310644e-9	-0.0010097134715691917
-2.0892377227466064e-9	-0.0010033539631040215
-2.198708914424863e-9	-0.0009971437703541932
-2.1974016095716034e-9	-0.000990638415843735
-2.0893903021290682e-9	-0.0009845838029365615
-2.0788487224976394e-9	-0.00097853519803835
-2.0760801636321435e-9	-0.0009725491928775466
-2.075094545750389e-9	-0.0009666320859859393
-2.074725204093131e-9	-0.0009607847022626003
-2.0746270058602522e-9	-0.0009550065920963334
-2.074667506518635e-9	-0.0009492968982174173
-2.0747864138748184e-9	-0.0009436546140664698
-2.0749608422798715e-9	-0.0009380786802933615
-2.075176117344313e-9	-0.000932568027775305
-2.0754307087422762e-9	-0.0009271216010944346
-2.075735816325919e-9	-0.0009217383761667258
-2.0761087552667592e-9	-0.0009164173808259034
-2.0765986632420574e-9	-0.00091115772999626
-2.077313650095114e-9	-0.0009059587026586716
-2.0785334005679613e-9	-0.0009008199464025531
-2.0811998310110712e-9	-0.0008957421622306484
-2.0901144475726775e-9	-0.0008907304189837652
-2.1765645922933175e-9	-0.0008858294787644317
-2.175646514057661e-9	-0.0008806883067950534
-2.0902215339790864e-9	-0.000875896632961766
-2.0818576166869996e-9	-0.000871103231865518
-2.079643733798875e-9	-0.0008663530470572486
-2.0788418487960316e-9	-0.0008616512735566927
-2.078528608456809e-9	-0.0008569987734409504
-2.078431136470771e-9	-0.0008523953944409307
-2.0784442798293946e-9	-0.0008478406552606308
-2.0785201799544686e-9	-0.000843333950036878
-2.078641217478916e-9	-0.0008388746248799841
-2.0787954031875613e-9	-0.0008344620121615562
-2.078981833225635e-9	-0.0008300954493866767
-2.079209364019841e-9	-0.0008257742935075854
-2.0794922495182e-9	-0.0008214979377108906
-2.079870207022383e-9	-0.0008172658400655688
-2.0804306325283852e-9	-0.0008130775860494153
-2.081399946929352e-9	-0.0008089330544557185
-2.0835404417884897e-9	-0.0008048329724259275
-2.0907396759084487e-9	-0.0008007816011478722
-2.1607399033118923e-9	-0.000796815360449848
-2.1600705946700495e-9	-0.0007926499762022396
-2.0908178919032408e-9	-0.0007887633894815562
-2.0840200002258948e-9	-0.0007848711815940651
-2.082209278891911e-9	-0.0007810098934345372
-2.081544361398624e-9	-0.000777183861337573
-2.0812766416689055e-9	-0.0007733939073734145
-2.0811844291701577e-9	-0.0007696400280520873
-2.0811825935718178e-9	-0.0007659219496834001
-2.0812321268048884e-9	-0.0007622392941610486
-2.081318841556934e-9	-0.0007585916411155161
-2.0814329312168757e-9	-0.0007549785558429857
-2.081574041168377e-9	-0.0007513996047653362
-2.081749185750548e-9	-0.0007478543672423481
-2.081970260975341e-9	-0.0007443424494833753
-2.082270077968795e-9	-0.0007408635082901772
-2.0827207736884293e-9	-0.000737417302822943
-2.0835091946835863e-9	-0.0007340038318340396
-2.0852655996939085e-9	-0.00073062379260081
-2.0912012337337418e-9	-0.0007272808013225795
-2.149040522003709e-9	-0.0007240050589189032
-2.1485373696394917e-9	-0.0007205616449286437
-2.0912600549483074e-9	-0.0007173457470465304
-2.085625868980534e-9	-0.0007141223330857977
-2.084117443951206e-9	-0.0007109216886948061
-2.083557340121223e-9	-0.0007077474771769857
-2.0833265272746096e-9	-0.0007046004546369907
-2.083240896494365e-9	-0.0007014806926219942
-2.083230675370418e-9	-0.0006983880372768604
-2.0832637075363094e-9	-0.0006953222464633085
-2.0833273282727662e-9	-0.000692283041214293
-2.083414382164639e-9	-0.000689270128905363
-2.0835238098704247e-9	-0.0006862832161340741
-2.083662348462134e-9	-0.0006833220186142045
-2.083839404476429e-9	-0.0006803862728750557
-2.084082635134266e-9	-0.0006774757562429922
-2.0844527116925526e-9	-0.0006745903303869993
-2.085106766419598e-9	-0.0006717300567109417
-2.0865734687181005e-9	-0.0006688955821531812
-2.0915517393749196e-9	-0.0006660900056284414
-2.1401469985971035e-9	-0.0006633387716759451
-2.1397601253081435e-9	-0.0006604444738311774
-2.0915969393242585e-9	-0.0006577393349817173
-2.0868510559379772e-9	-0.0006550258607825003
-2.085574974791671e-9	-0.0006523295573863057
-2.0850970843644402e-9	-0.0006496535545108604
-2.0848959617847384e-9	-0.00064699853709293
-2.084817795428018e-9	-0.0006443646134480411
-2.084803032725846e-9	-0.0006417517012333333
-2.084824688525222e-9	-0.0006391596427384298
-2.084872653390635e-9	-0.0006365882481779814
-2.0849402895539717e-9	-0.0006340373152166526
-2.0850273119599197e-9	-0.0006315066398561982
-2.0851389511356013e-9	-0.0006289960248362349
-2.0852836185247805e-9	-0.0006265052896009606
-2.085484738600929e-9	-0.0006240342873390206
-2.0857939688534443e-9	-0.0006215829421164369
-2.0863451423325242e-9	-0.0006191513472537588
-2.0875886577065297e-9	-0.0006167400941930388
-2.091824020550304e-9	-0.0006143518634441332
-2.133230238476891e-9	-0.0006120083822440155
-2.132925699893651e-9	-0.0006095414248917915
-2.091859557207254e-9	-0.0006072341984718299
-2.0878068714036415e-9	-0.0006049184070466772
-2.0867134775115482e-9	-0.0006026158240808339
-2.0863007545501857e-9	-0.0006003291509589768
-2.086124443473336e-9	-0.0005980590045348248
-2.0860531405819672e-9	-0.0005958055094245244
-2.0860359140784104e-9	-0.0005935686269970936
-2.0860498342378797e-9	-0.000591348253665005
-2.0860869228811475e-9	-0.0005891442578117734
-2.0861405762517825e-9	-0.0005869564964632202
-2.086211345375677e-9	-0.000584784824609327
-2.086302612691604e-9	-0.000582629102420817
-2.0864228863770595e-9	-0.0005804892038364409
-2.0865917336132523e-9	-0.0005783650312646929
-2.0868538059326536e-9	-0.0005762565476194665
-2.0873247372599214e-9	-0.0005741638611875166
-2.088392399185457e-9	-0.0005720875093115672
-2.0920397534651693e-9	-0.0005700298307198284
-2.127744213331617e-9	-0.0005680095933208771
-2.1275002930476463e-9	-0.0005658817168326853
-2.09206826209396e-9	-0.0005638905068595892
-2.0885672163517555e-9	-0.0005618908261754229
-2.0876195815255904e-9	-0.0005599014782822962
-2.087259647709505e-9	-0.0005579248164925202
-2.087103971787352e-9	-0.0005559613956530238
-2.087038812143005e-9	-0.0005540113455510317
-2.0870206129453008e-9	-0.0005520746546932147
-2.0870295253549997e-9	-0.0005501512551004982
-2.087058012401055e-9	-0.0005482410541755098
-2.087101444842032e-9	-0.0005463439491053279
-2.0871592852078627e-9	-0.0005444598349266804
-2.08723578370984e-9	-0.0005425886107919955
-2.0873371272323027e-9	-0.0005407301874448602
-2.087480948848031e-9	-0.0005388845000293593
-2.0877060257551427e-9	-0.0005370515360120064
-2.088112840231693e-9	-0.0005352314091439428
-2.0890396785822053e-9	-0.0005334246066880361
-2.0922137323742263e-9	-0.0005316331853660458
-2.123319988434069e-9	-0.0005298735193689575
-2.1231208266581094e-9	-0.0005280191954299822
-2.0922367042652824e-9	-0.0005262831296784134
-2.0891817989199256e-9	-0.000524538862080263
-2.088352328288856e-9	-0.0005228027948379067
-2.0880357157970764e-9	-0.000521076995133189
-2.087897217434298e-9	-0.0005193619625973229
-2.08783805013546e-9	-0.0005176578261308273
-2.087819522167411e-9	-0.0005159645912059091
-2.0878248374378573e-9	-0.0005142822137697891
-2.087847214193861e-9	-0.0005126106280259043
-2.0878827110826226e-9	-0.0005109497589992177
-2.0879310758836756e-9	-0.0005092995295844073
-2.0879956553088163e-9	-0.0005076598660349376
-2.0880821196778144e-9	-0.0005060307045290533
-2.088205931805032e-9	-0.0005044120024291386
-2.0883997562115563e-9	-0.0005028037628366859
-2.0887562747540223e-9	-0.0005012060996171771
-2.0895683208621565e-9	-0.0004996194548077455
-2.092355771560195e-9	-0.0004980456501793588
-2.1197003342132706e-9	-0.0004964990966727531
-2.1195369621307416e-9	-0.0004948686549569642
-2.092374841489164e-9	-0.0004933415473547448
-2.089685338418912e-9	-0.0004918065956903197
-2.0889537247548165e-9	-0.0004902782333553767
-2.088673058497914e-9	-0.0004887582898010096
-2.088549028955722e-9	-0.0004872472159922405
-2.0884946678734196e-9	-0.00048574513671192823
-2.08847650782773e-9	-0.00048425206800779277
-2.0884792345465808e-9	-0.00048276798217759327
-2.0884970261536575e-9	-0.0004812928322050346
-2.0885265906933626e-9	-0.0004798265628176508
-2.08856748254993e-9	-0.0004783691166980577
-2.0886227962535475e-9	-0.0004769204393326268
-2.0886971994760195e-9	-0.0004754804848227322
-2.0888048874845302e-9	-0.00047404922585984237
-2.088975951697325e-9	-0.00047262667548579807
-2.0892884116774368e-9	-0.0004712129447280125
-2.0900056819483926e-9	-0.0004698084352520923
-2.0924735495198024e-9	-0.0004684147712958801
-2.116701296317469e-9	-0.00046704473386653125
-2.116565146259575e-9	-0.0004655998398167255
-2.092489450711277e-9	-0.00046424601448774594
-2.090103517143893e-9	-0.0004628847421302555
-2.08945299005614e-9	-0.000461528822035403
-2.089202523913869e-9	-0.00046017988419193973
-2.089091040941016e-9	-0.00045883833684594565
-2.0890411076668335e-9	-0.0004575042990357418
-2.089023121526479e-9	-0.0004561777932943721
-2.089024201396006e-9	-0.0004548588032414471
-2.0890386864091947e-9	-0.0004535472952468406
-2.0890636636017313e-9	-0.00045224322823505755
-2.0890981604959616e-9	-0.00045094655920106396
-2.0891450210613895e-9	-0.00044965724752361576
-2.0892107951309137e-9	-0.0004483752601472981
-2.089305364971761e-9	-0.0004471005804772102
-2.0894562511308837e-9	-0.0004458332278006743
-2.0897336040548442e-9	-0.00044457330872096635
-2.090372052848677e-9	-0.00044332118907967986
-2.0925719280695532e-9	-0.00044207832562142885
-2.114188966562125e-9	-0.000440856131472786
-2.1140740473990505e-9	-0.0004395667277657404
-2.092585436985761e-9	-0.0004383581909699129
-2.0904543378219564e-9	-0.0004371426145995402
-2.0898721887208094e-9	-0.0004359314268780952
-2.0896472659182042e-9	-0.00043472608893548454
-2.0895461736281095e-9	-0.00043352697154487227
-2.0895005272580927e-9	-0.00043233418729094473
-2.089483364331457e-9	-0.0004311477625365332
-2.0894829437345666e-9	-0.0004299676888194405
-2.0894945558624922e-9	-0.00042879394218824806
-2.089515593634017e-9	-0.0004276264919576273
-2.0895454929115153e-9	-0.0004264653056390798
-2.0895870963988373e-9	-0.0004253103528028576
-2.0896440987572264e-9	-0.0004241616097243358
-2.089727552806453e-9	-0.00042301906737241164
-2.089862157655942e-9	-0.00042188274884520687
-2.090109651436967e-9	-0.00042075275555642774
-2.090681709449038e-9	-0.00041962942161485694
-2.0926556164535537e-9	-0.00041851406062476447
-2.1120635006699474e-9	-0.0004174169266672317
-2.1119654150414393e-9	-0.0004162591140489767
-2.0926668140353047e-9	-0.0004151735924709025
-2.0907516284973673e-9	-0.0004140814326472974
-2.0902276501089114e-9	-0.0004129929012746171
-2.0900242487020828e-9	-0.00041190931535628624
-2.0899324411849385e-9	-0.0004108310127532939
-2.08989049009789e-9	-0.00040975809941424965
-2.0898739434116466e-9	-0.0004086906037908594
-2.0898728095797292e-9	-0.00040762852299346423
-2.089882211114835e-9	-0.00040657184015524783
-2.089899995638689e-9	-0.0004055205322981328
-2.0899260761486627e-9	-0.00040447457476742256
-2.089962547097146e-9	-0.0004034339447101158
-2.090013062938656e-9	-0.00040239862526419436
-2.0900876610441266e-9	-0.00040136861277342704
-2.0902077935758268e-9	-0.00040034393252608933
-2.09043039705592e-9	-0.0003993246804630761
-2.090945618937745e-9	-0.00039831116257698013
-2.0927264617998098e-9	-0.0003973045692586372
-2.110248421183236e-9	-0.00039631416399163406
-2.1101647861287986e-9	-0.0003952687013435999
-2.0927364015876918e-9	-0.00039428825219267925
-2.09100623029812e-9	-0.0003933015507975819
-2.090531453141642e-9	-0.00039231787129781357
-2.09034691819876e-9	-0.00039133840675625815
-2.09026303512605e-9	-0.00039036346605974664
-2.0902242136466855e-9	-0.00038939314863395413
-2.0902087489282907e-9	-0.00038842748387350935
-2.0902066960926115e-9	-0.00038746647282060444
-2.090214427985515e-9	-0.00038651010384664104
-2.090229819273759e-9	-0.00038555835975919383
-2.0902524059118746e-9	-0.0003846112218091996
-2.0902846167736303e-9	-0.0003836686728421046
-2.0903296935437243e-9	-0.000382730701095493
-2.0903966650775987e-9	-0.0003817973067431615
-2.090504959578743e-9	-0.00038086851618117433
-2.0907058502661615e-9	-0.00037994441987474376
-2.091172597284974e-9	-0.00037902529887047883
-2.09278765178067e-9	-0.0003781122367853969
-2.108687199653403e-9	-0.0003772136438701002
-2.1086148601745516e-9	-0.00037626486624812983
-2.0927961114358684e-9	-0.00037537487375578055
-2.091224301431494e-9	-0.0003744789949146129
-2.090793148751269e-9	-0.00037358564905964886
-2.0906250732255494e-9	-0.0003726959219360457
-2.0905483092026336e-9	-0.0003718100968509335
-2.090512226932129e-9	-0.00037092826698041756
-2.0904969564361497e-9	-0.00037005046190541395
-2.0904948315525474e-9	-0.00036917668544281517
-2.0905017025174554e-9	-0.0003683069298665278
-2.090514542935074e-9	-0.00036744118237060005
-2.0905345499866448e-9	-0.00036657942870655166
-2.0905633213053057e-9	-0.0003657216560491528
-2.090603860277485e-9	-0.00036486785645564653
-2.0906637671569417e-9	-0.00036401803283111003
-2.0907619668997236e-9	-0.0003631722119507047
-2.090944658322824e-9	-0.0003623304789648474
-2.0913693028534743e-9	-0.0003614930927372996
-2.092840508033378e-9	-0.00036066104378739463
-2.1073340620292315e-9	-0.00035984200225210565
-2.107271139084599e-9	-0.0003589770270644463
-2.092848032614336e-9	-0.0003581654656276782
-2.0914142117300915e-9	-0.0003573483615190979
-2.0910203690494014e-9	-0.000356533392687591
-2.0908665210039868e-9	-0.00035572155136760075
-2.090795558584713e-9	-0.0003549130982082931
-2.0907630540967225e-9	-0.0003541081204920491
-2.0907483347487598e-9	-0.0003533066474923581
-2.0907447003060134e-9	-0.000352508684965419
-2.0907505435874277e-9	-0.00035171422811638195
-2.0907623920540797e-9	-0.00035092326749677544
-2.090780250862956e-9	-0.0003501357923165324
-2.0908058304291988e-9	-0.0003493517930685478
-2.0908418609744128e-9	-0.0003485712646906219
-2.0908965376209568e-9	-0.0003477942120262418
-2.09098568293431e-9	-0.0003470206617433153
-2.0911524788891358e-9	-0.00034625069392589243
-2.0915404749854984e-9	-0.00034548454766158206
-2.092886775695302e-9	-0.0003447231318313733
-2.106153799630306e-9	-0.00034397347045484155
-2.106098814858015e-9	-0.00034318160607150236
-2.09289341906449e-9	-0.0003424384908950725
-2.0915801230814157e-9	-0.0003416901539924032
-2.091218885297286e-9	-0.0003409436261504125
-2.091077283161713e-9	-0.00034019981764825315
-2.0910121577066843e-9	-0.00033945896899713216
-2.09098111096373e-9	-0.00033872116197405716
-2.090967619589046e-9	-0.00033798642522847475
-2.090964890061331e-9	-0.0003372547658539698
-2.0909689025294665e-9	-0.00033652618126992276
-2.0909793006007593e-9	-0.0003358006646100708
-2.090994978498628e-9	-0.0003350782077677123
-2.0910179476918425e-9	-0.0003343588037985887
-2.0910510108052006e-9	-0.00033364244982287783
-2.09110071597296e-9	-0.0003329291520453659
-2.0911821404179246e-9	-0.0003322189367065322
-2.09133464031952e-9	-0.0003315118791139468
-2.0916908034129825e-9	-0.00033080820067530117
-2.0929274063052894e-9	-0.0003301087383050557
-2.1051183341835868e-9	-0.0003294199486483097
-2.1050696389135484e-9	-0.0003286922476793186
-2.092933103098327e-9	-0.0003280092195319676
-2.091725155628499e-9	-0.00032732126829519324
-2.0913933088895222e-9	-0.00032663485651916816
-2.091262702341723e-9	-0.0003259508222668397
-2.091201870635384e-9	-0.00032526938809346957
-2.091173343832242e-9	-0.00032459063066307676
-2.0911605568552095e-9	-0.00032391457779981
-2.0911572527093635e-9	-0.00032324123750241226
-2.091160881340093e-9	-0.0003225706088619659
-2.091170273138543e-9	-0.00032190268701808906
-2.0911841774329254e-9	-0.00032123746595717404
-2.091205339871394e-9	-0.00032057494072504
-2.091235086537635e-9	-0.0003199151101029203
-2.091280456884004e-9	-0.0003192579812344764
-2.091355021499597e-9	-0.00031860357972428923
-2.0914953730077903e-9	-0.0003179519764103038
-2.0918233492428495e-9	-0.0003173033768484753
-2.09296313382068e-9	-0.00031665855420207127
-2.1042044078600774e-9	-0.00031602346420059357
-2.1041616278916208e-9	-0.00031535238178052356
-2.0929681908088417e-9	-0.00031472238915737866
-2.091853974661717e-9	-0.0003140877507330843
-2.091547186366949e-9	-0.00031345442741832324
-2.0914262080118374e-9	-0.000312823193330323
-2.0913702969138637e-9	-0.00031219425495820707
-2.091343085419695e-9	-0.00031156768423494025
-2.0913310790848797e-9	-0.00031094350804202137
-2.091327929643061e-9	-0.0003103217349640532
-2.0913308255876563e-9	-0.0003097023653588188
-2.0913388091181595e-9	-0.0003090853959289038
-2.0913515860365716e-9	-0.00030847082230435843
-2.0913705673308857e-9	-0.00030785864108574573
-2.091398112935572e-9	-0.00030724885232041567
-2.0914395845283984e-9	-0.00030664146377799216
-2.091508243690088e-9	-0.00030603650029822747
-2.0916378090374277e-9	-0.0003054340285561677
-2.0919407644703903e-9	-0.000304834239853528
-2.092994194236031e-9	-0.000304237850621277
-2.1033941842496517e-9	-0.00030365037215397407
-2.103356183291716e-9	-0.0003030295015222359
-2.0929993741924946e-9	-0.0003024465545712963
-2.091968061684879e-9	-0.0003018592189887389
-2.091683680649492e-9	-0.00030127301064278777
-2.091571732115716e-9	-0.0003006886467647773
-2.0915197408211127e-9	-0.00030010631941822626
-2.0914941499139416e-9	-0.0002995260961717022
-2.0914826977191937e-9	-0.0002989480028996425
-2.0914793326998195e-9	-0.0002983720485400949
-2.0914818054551532e-9	-0.0002977982344085396
-2.0914887494782875e-9	-0.0002972265584313025
-2.0915005786437127e-9	-0.0002966570175357464
-2.0915178430780393e-9	-0.0002960896095412101
-2.091542965365623e-9	-0.0002955243354589195
-2.091581180596602e-9	-0.00029496120345602926
-2.09164467355194e-9	-0.0002944002375307089
-2.0917645695894828e-9	-0.00029384150049181
-2.0920452759976007e-9	-0.0002932851707863931
-2.0930232845661755e-9	-0.00029273191414569454
-2.1026725401496195e-9	-0.00029218684573572163
-2.1026380318311945e-9	-0.0002916107114588621
-2.0930269735541797e-9	-0.00029106968944636277
-2.092069652864792e-9	-0.0002905245172103307
-2.0918057990648723e-9	-0.0002899803139740232
-2.0917012229171308e-9	-0.0002894377461436923
-2.0916527278758145e-9	-0.0002888969927953258
-2.091628717315608e-9	-0.00028835811747018165
-2.091617898819509e-9	-0.0002878211450118064
-2.0916145010929643e-9	-0.00028728608453891074
-2.091616627664106e-9	-0.0002867529380912751
-2.0916231035450484e-9	-0.00028622170455523834
-2.091633554113237e-9	-0.00028569238188383997
-2.091649314706068e-9	-0.00028516496885792783
-2.0916725618769228e-9	-0.0002846394672196442
-2.0917077891813297e-9	-0.000284115885363946
-2.0917666607667142e-9	-0.0002835942464081668
-2.091877947241194e-9	-0.00028307460957758743
-2.0921390096850792e-9	-0.0002825571416930256
-2.093048353069005e-9	-0.00028204246299913283
-2.1020266056881453e-9	-0.00028153533408783375
-2.1019959971280144e-9	-0.00028099922877726074
-2.0930518945472268e-9	-0.0002804957279861254
-2.092160841499213e-9	-0.00027998829799942446
-2.0919151259957137e-9	-0.0002794817030236297
-2.0918172387307534e-9	-0.00027897656388271467
-2.091771810691645e-9	-0.000278473047914888
-2.0917494925332124e-9	-0.000277971214950616
-2.0917390164132413e-9	-0.0002774710888030017
-2.0917357364924615e-9	-0.00027697267864681995
-2.091737507214919e-9	-0.00027647598706274674
-2.091743234544641e-9	-0.00027598101369292344
-2.0917527414787695e-9	-0.00027548775730660923
-2.0917674909581852e-9	-0.0002749962174410573
-2.0917885707960603e-9	-0.0002745063963911945
-2.091821123345605e-9	-0.0002740183026538902
-2.0918759483068427e-9	-0.0002735319584522714
-2.091979773283237e-9	-0.0002730474196934834
-2.092222967048363e-9	-0.00027256484265308494
-2.093071121933576e-9	-0.00027208480661566247
-2.1014461992097113e-9	-0.000271611753542379
-2.101419049616027e-9	-0.0002711116077621989
-2.09307427871952e-9	-0.00027064182024600877
-2.0922426076153136e-9	-0.00027016830853403094
-2.09201278912885e-9	-0.00026969551782548965
-2.0919217579074e-9	-0.0002692240278956666
-2.0918787150048247e-9	-0.00026875399545697937
-2.0918579272388715e-9	-0.0002682854769185968
-2.0918480746145998e-9	-0.0002678184950776573
-2.0918448593199027e-9	-0.00026735305907390973
-2.091846285845467e-9	-0.00026688917188984575
-2.0918513929324423e-9	-0.00026642683376063345
-2.0918603830633045e-9	-0.00026596604410644383
-2.091873664039623e-9	-0.0002655068030612794
-2.0918933954672258e-9	-0.0002650491133344582
-2.0919239908767653e-9	-0.0002645929834297873
-2.091974469736746e-9	-0.00026413843468534536
-2.092071312892463e-9	-0.0002636855199299992
-2.0922985602966903e-9	-0.0002632343858540236
-2.0930913284644693e-9	-0.00026278557472918566
-2.1009234562052725e-9	-0.0002623432411343586
-2.1008986700210564e-9	-0.0002618755188764563
-2.0930942758623507e-9	-0.00026143613501377466
-2.092316347329648e-9	-0.0002609932172141583
-2.0921012068908506e-9	-0.0002605509229675557
-2.0920159083004377e-9	-0.0002601097949690011
-2.0919760167714687e-9	-0.00025966998027483615
-2.0919558911869363e-9	-0.0002592315321325057
-2.091946566601388e-9	-0.00025879447235873726
-2.0919432246246928e-9	-0.0002583588099886748
-2.091944549753588e-9	-0.00025792454829782357
-2.0919491923843125e-9	-0.00025749168798917175
-2.091957265731859e-9	-0.0002570602290001432
-2.0919697347687727e-9	-0.0002566301719358233
-2.091987730390432e-9	-0.00025620151981130176
-2.0920162357607186e-9	-0.00025577428107063677
-2.0920639034083257e-9	-0.0002553484761804158
-2.092154450872297e-9	-0.00025492415512152415
-2.092367187683797e-9	-0.00025450145584433295
-2.093109910161761e-9	-0.000254080887066961
-2.100450341968596e-9	-0.00025366634328017294
-2.1004279430414388e-9	-0.0002532279573413795
-2.093112619144799e-9	-0.0002528160869055184
-2.092383060836589e-9	-0.0002524008592585062
-2.0921813439656046e-9	-0.00025198617151990076
-2.0921016963104667e-9	-0.0002515725327737645
-2.0920635166010725e-9	-0.0002511600812804763
-2.0920446766881098e-9	-0.00025074886737041217
-2.092035694678529e-9	-0.00025033891191194815
-2.0920324870332687e-9	-0.00024993022378997206
-2.0920335291441105e-9	-0.00024952280648763407
-2.0920377381272726e-9	-0.0002491166610745265
-2.0920453398520777e-9	-0.00024871178790110865
-2.0920580519834254e-9	-0.0002483081879408471
-2.092073833870334e-9	-0.0002479058644362215
-2.0921000874807305e-9	-0.00024750482571373427
-2.0921447475674703e-9	-0.0002471050913986319
-2.09222937261333e-9	-0.0002467067088304391
-2.0924290778212563e-9	-0.00024630980797241624
-2.093126736202322e-9	-0.00024591486703235706
-2.1000208473953565e-9	-0.00024552554436105956
-2.1000001152793327e-9	-0.00024511378733091583
-2.0931290800996205e-9	-0.00024472689510021526
-2.092443870160832e-9	-0.00024433680997367017
-2.09225395765289e-9	-0.0002439471926814068
-2.0921786943461917e-9	-0.00024355852174997878
-2.092143077575548e-9	-0.00024317092740546982
-2.0921253139516427e-9	-0.00024278445728292977
-2.0921167532328425e-9	-0.00024239913134131404
-2.0921136999751954e-9	-0.00024201495828239907
-2.092114397583833e-9	-0.00024163194173037922
-2.0921182012190176e-9	-0.00024125008304139045
-2.0921250678318517e-9	-0.00024086938289439864
-2.092135804859785e-9	-0.00024048984255516884
-2.0921514578109426e-9	-0.00024011146541567499
-2.092176681206537e-9	-0.00023973425966189238
-2.0922181115434757e-9	-0.00023935824410182348
-2.0922980566662197e-9	-0.00023898346362540544
-2.0924859488735682e-9	-0.00023861004088067024
-2.0931419659753204e-9	-0.00023823842625151232
-2.0996295498898476e-9	-0.0002378720630445457
-2.0996112182425365e-9	-0.00023748455064869227
-2.0931441319260723e-9	-0.0002371204035281116
-2.0924991045501163e-9	-0.00023675321644717965
-2.092320458657593e-9	-0.00023638643487292966
-2.0922494298358797e-9	-0.00023602050947058639
-2.092215630028482e-9	-0.00023565556311000844
-2.0921988536481973e-9	-0.00023529164093207756
-2.0921907092352753e-9	-0.00023492876202899324
-2.092187605984286e-9	-0.00023456693489493118
-2.092188116276095e-9	-0.00023420616324438496
-2.0921916916383233e-9	-0.00023384644865576926
-2.092197951164554e-9	-0.00023348779206870134
-2.0922079116858505e-9	-0.00023313019497536806
-2.092222985189407e-9	-0.00023277366087142928
-2.0922462299788337e-9	-0.0002324181977688642
-2.0922853873561744e-9	-0.0002320638236962541
-2.0923604570566304e-9	-0.00023171058126852386
-2.092537261350058e-9	-0.00023135858641605092
-2.0931551313385646e-9	-0.00023100826408387642
-2.099272865108137e-9	-0.00023066286119072439
-2.0992556921894946e-9	-0.00023029748547738374
-2.0931579125194054e-9	-0.00022995410879587196
-2.092550068477639e-9	-0.00022960783465365302
-2.0923809082140644e-9	-0.00022926191194048393
-2.092313979534799e-9	-0.00022891676584719934
-2.092281862769996e-9	-0.00022857251249447548
-2.0922661373601325e-9	-0.00022822919471232172
-2.0922583270799323e-9	-0.00022788683076663366
-2.092255572350155e-9	-0.00022754542893099156
-2.0922560087344167e-9	-0.00022720499296880205
-2.0922586898841634e-9	-0.00022686552463023073
-2.092265444914032e-9	-0.00022652702506026197
-2.092274520287818e-9	-0.00022618949592552104
-2.0922882304430514e-9	-0.00022585294078414258
-2.0923097715452865e-9	-0.00022551736745846985
-2.0923469430333963e-9	-0.00022518279322990815
-2.09241694857365e-9	-0.00022484925860106022
-2.0925847812547362e-9	-0.00022451687332299694
-2.0931688961778327e-9	-0.00022418603901563585
-2.0989462098830457e-9	-0.00022385982277684522
-2.0989304145846435e-9	-0.0002235147132172403
-2.0931707009508304e-9	-0.0002231903543957971
-2.0925957536277465e-9	-0.00022286323104220418
-2.0924363404728476e-9	-0.00022253641205254162
-2.0923729169952665e-9	-0.00022221029926690702
-2.0923426701069395e-9	-0.00022188500259895638
-2.092327394048743e-9	-0.0002215605627343584
-2.092319913538088e-9	-0.00022123699715536005
-2.0923170088837927e-9	-0.00022091431390522636
-2.0923174363862707e-9	-0.00022059251676748826
-2.0923206080436518e-9	-0.00022027160761843288
-2.092325792729666e-9	-0.00021995158776594377
-2.092334668218898e-9	-0.0002196324590112012
-2.0923476315104497e-9	-0.000219314224941103
-2.092368447226267e-9	-0.00021899689317754058
-2.0924031089997185e-9	-0.00021868048028987042
-2.092469932218899e-9	-0.00021836502481564752
-2.0926277543187325e-9	-0.00021805063080485097
-2.0931803687784803e-9	-0.00021773767845017288
-2.0986461010119583e-9	-0.00021742906977493477
-2.0986317697646585e-9	-0.0002171025607521155
-2.093181968393365e-9	-0.0002167956589366953
-2.0926381760988376e-9	-0.00021648611673161168
-2.0924871479865994e-9	-0.00021617683781036782
-2.0924269339639423e-9	-0.00021586820255818922
-2.092398501396531e-9	-0.00021556031516724056
-2.0923840626019265e-9	-0.00021525321433145725
-2.0923760805313664e-9	-0.00021494691679201366
-2.092373641149337e-9	-0.00021464143035502674
-2.0923742374001632e-9	-0.00021433675880024153
-2.092377062301587e-9	-0.00021403290409832736
-2.0923819353757536e-9	-0.00021372986768319717
-2.0923901850988803e-9	-0.000213427651454924
-2.092402645037517e-9	-0.00021312625900623294
-2.0924220963891572e-9	-0.00021282569775151893
-2.0924551171641604e-9	-0.0002125259835820876
-2.092518432067481e-9	-0.0002122271532061777
-2.0926672284815597e-9	-0.00021192930540910797
-2.0931915153843405e-9	-0.00021163280064396897
-2.0983701552013122e-9	-0.0002113403890450273
-2.0983568687737987e-9	-0.0002110309925425782
-2.0931928625789186e-9	-0.00021074015308307153
-2.092677009368771e-9	-0.00021044678930676072
-2.0925341056243774e-9	-0.0002101536528631236
-2.092476998910575e-9	-0.00020986110437860655
-2.0924494922747175e-9	-0.0002095692427597058
-2.0924359032781228e-9	-0.00020927810484989095
-2.0924290853929773e-9	-0.00020898770668747454
-2.092427134048336e-9	-0.00020869805584402743
-2.0924267062238932e-9	-0.0002084091560706443
-2.092429006578245e-9	-0.00020812100940906483
-2.0924339630579157e-9	-0.00020783361738922472
-2.0924411971323665e-9	-0.00020754698198321777
-2.0924532115940144e-9	-0.00020726110676954314
-2.092471540848795e-9	-0.0002069759989521943
-2.092502597994539e-9	-0.00020669167377901072
-2.0925625887568967e-9	-0.0002064081662511039
-2.092704110406851e-9	-0.00020612557028082322
-2.0932010840024607e-9	-0.00020584422810340563
-2.098115802351419e-9	-0.00020556674977822566
-2.0981037076595047e-9	-0.0002052731323232794
-2.093202564290575e-9	-0.00020499710522519496
-2.092713080464881e-9	-0.00020471866246526589
-2.0925783717207216e-9	-0.0002044404154973269
-2.092522807861652e-9	-0.0002041627067087752
-2.0924973287872464e-9	-0.0002038856301219528
-2.0924843068315105e-9	-0.00020360922085052363
-2.092477523774061e-9	-0.00020333349427096705
-2.0924746873540733e-9	-0.00020305845771947115
-2.0924751922557493e-9	-0.00020278411490801053
-2.0924773465325066e-9	-0.00020251046792447785
-2.0924818753098598e-9	-0.0002022375183710929
-2.092488853128183e-9	-0.00020196526827079563
-2.0924999295235393e-9	-0.00020169372117228765
-2.0925175419961307e-9	-0.00020142288406865938
-2.092546876114598e-9	-0.00020115277159663762
-2.0926036473356557e-9	-0.00020088341716505972
-2.0927384585645026e-9	-0.0002006149101671869
-2.093210032089177e-9	-0.00020034757598728193
-2.097880839602162e-9	-0.00020008389523348794
-2.097869512629469e-9	-0.00019980485834055484
-2.093211705256337e-9	-0.00019954251998650086
-2.0927467776044043e-9	-0.00019927786779397522
-2.092617251053808e-9	-0.00019901338365862386
-2.0925657509940356e-9	-0.0001987493931043227
-2.0925411994277e-9	-0.0001984859856159076
-2.0925283937600625e-9	-0.00019822319470270573
-2.092521788893409e-9	-0.00019796103510983577
-2.092519416907468e-9	-0.00019769951394377487
-2.0925196549226313e-9	-0.00019743863486555122
-2.0925217013467723e-9	-0.00019717839999145522
-2.092525833391479e-9	-0.00019691881097722876
-2.0925327719578668e-9	-0.00019665986987837703
-2.0925431404583695e-9	-0.00019640158020197606
-2.0925595373422204e-9	-0.0001961439487317821
-2.092587858237849e-9	-0.00019588698952525372
-2.0926419162459187e-9	-0.00019563073450286009
-2.0927699259376543e-9	-0.00019537526885949236
-2.093218801280106e-9	-0.00019512090236497635
-2.09766319125837e-9	-0.00019486999575027943
-2.0976527146499002e-9	-0.0001946044592623357
-2.0932202105694574e-9	-0.00019435479683042726
-2.092777251000433e-9	-0.00019410291609327617
-2.092654311036668e-9	-0.00019385117897427232
-2.092605040870943e-9	-0.00019359989536705134
-2.09258123258782e-9	-0.00019334915054814767
-2.0925698027751685e-9	-0.00019309897652410529
-2.092563547517745e-9	-0.00019284938744617585
-2.092561150407457e-9	-0.00019260039019424182
-2.0925609200250772e-9	-0.00019235198837073422
-2.0925632111035153e-9	-0.00019210418410617048
-2.0925667177762455e-9	-0.00019185697909293185
-2.092573562884059e-9	-0.00019161037540529782
-2.0925834472107495e-9	-0.0001913643764990504
-2.092599018221897e-9	-0.0001911189889526459
-2.0926256177944416e-9	-0.0001908742262739361
-2.092676673431937e-9	-0.0001906301189909799
-2.092800293868047e-9	-0.00019038674839269416
-2.0932267962125997e-9	-0.0001901444097501915
-2.0974611744217775e-9	-0.00018990535257325456
-2.097451336569023e-9	-0.0001896523404098727
-2.093226720517594e-9	-0.00018941443854772616
-2.092805831954703e-9	-0.00018917440811009863
-2.0926886293959336e-9	-0.00018893449971392996
-2.0926417729882906e-9	-0.0001886950087412715
-2.0926199599702322e-9	-0.0001884560165530812
-2.0926077272831467e-9	-0.00018821755375232177
-2.092602025560719e-9	-0.00018797963392610232
-2.0925994541010074e-9	-0.00018774226373704925
-2.0925991807918543e-9	-0.00018750544671910564
-2.092601307762676e-9	-0.00018726918500753796
-2.0926052801129026e-9	-0.00018703348031951414
-2.092610930237715e-9	-0.00018679833473398682
-2.092619895865955e-9	-0.00018656375164946863
-2.0926353828609746e-9	-0.00018632973744433747
-2.0926610078464413e-9	-0.00018609630510551376
-2.0927095817913077e-9	-0.00018586348385312047
-2.0928260056840564e-9	-0.00018563135133990754
-2.093233929550964e-9	-0.00018540018935099016
-2.0972740943814297e-9	-0.00018517214401588173
-2.0972633813176603e-9	-0.00018493077193167286
-2.093234316030701e-9	-0.0001847038013052403
-2.092832753664009e-9	-0.000184474786475929
-2.0927202874221343e-9	-0.00018424587460353546
-2.092675907860997e-9	-0.00018401734757293297
-2.0926540482024694e-9	-0.00018378928309931755
-2.0926433291490467e-9	-0.00018356171046561326
-2.092637823086774e-9	-0.00018333464273325966
-2.0926345158822634e-9	-0.00018310808634816584
-2.0926348758276702e-9	-0.00018288204477505962
-2.092636920875135e-9	-0.00018265652014308483
-2.0926404583732074e-9	-0.00018243151418193693
-2.092646341012028e-9	-0.00018220702896849033
-2.092655040791813e-9	-0.00018198306783923543
-2.0926693267364628e-9	-0.00018175963697345847
-2.092693392385936e-9	-0.00018153674886621661
-2.0927397975045726e-9	-0.0001813144315161073
-2.0928511316464783e-9	-0.00018109275917568216
-2.09324083266238e-9	-0.00018087200106674516
-2.0970994228708408e-9	-0.00018065420706284016
-2.097090596253626e-9	-0.0001804236720933158
-2.0932417978958286e-9	-0.00018020687951380218
-2.0928571977385516e-9	-0.0001799881221538026
-2.0927502256462563e-9	-0.00017976945083915627
-2.0927074983745354e-9	-0.00017955113488643274
-2.0926868127324474e-9	-0.00017933324860179372
-2.0926765930406876e-9	-0.00017911582004189394
-2.0926708154234143e-9	-0.00017889886175968256
-2.092668452197133e-9	-0.0001786823799964795
-2.0926684122013486e-9	-0.00017846637814436034
-2.0926701145840276e-9	-0.00017825085831775438
-2.092673582027027e-9	-0.00017803582225188518
-2.09267875759811e-9	-0.00017782127201255925
-2.0926874794324756e-9	-0.0001776072108697859
-2.0927007497395513e-9	-0.0001773936448141005
-2.092723764807181e-9	-0.00017718058586840458
-2.0927687568006447e-9	-0.00017696806088648293
-2.0928747541726356e-9	-0.0001767561409437298
-2.0932472032775265e-9	-0.0001765450835385968
-2.0969360965628073e-9	-0.00017633684876828488
-2.0969282299443393e-9	-0.00017611642010445917
-2.0932480007895825e-9	-0.0001759091199869097
-2.0928803452557875e-9	-0.00017569992992503384
-2.0927786068436485e-9	-0.00017549081090536251
-2.092737191483618e-9	-0.00017528202051148522
-2.0927172652118744e-9	-0.00017507362986814864
-2.0927080024102373e-9	-0.00017486566587608259
-2.0927017884864174e-9	-0.0001746581406122293
-2.0926996101400253e-9	-0.00017445106011860088
-2.0926995254189065e-9	-0.00017424442771080942
-2.0927007737703285e-9	-0.0001740382454849643
-2.092704016509739e-9	-0.0001738325151737858
-2.0927094110223534e-9	-0.00017362723882491114
-2.0927176181018136e-9	-0.00017342241964203516
-2.0927306303653026e-9	-0.0001732180634285433
-2.092752330234982e-9	-0.00017301418176580147
-2.092795028507677e-9	-0.0001728108004267741
-2.0928968285094386e-9	-0.0001726079875128619
-2.0932532692419236e-9	-0.00017240598956698273
-2.0967831006357686e-9	-0.0001722066828263937
-2.0967764362445075e-9	-0.00017199569387992475
-2.093254142698786e-9	-0.00017179726082312927
-2.092901765771149e-9	-0.00017159700841010825
-2.0928040080525624e-9	-0.00017139681370833025
-2.0927646039947678e-9	-0.00017119692333671563
-2.0927456053254633e-9	-0.000170997405441794
-2.092735921338518e-9	-0.00017079828583864212
-2.092731049069263e-9	-0.00017059957615402213
-2.092728633112939e-9	-0.0001704012822361752
-2.0927286194016847e-9	-0.00017020340732486964
-2.092730097796869e-9	-0.00017000595349259996
-2.0927332410325406e-9	-0.0001698089224636366
-2.0927377922808077e-9	-0.00016961231626387064
-2.092746137732915e-9	-0.00016941613802742765
-2.09275834537892e-9	-0.00016922039337783192
-2.092780186807586e-9	-0.00016902509347724878
-2.0928204625902948e-9	-0.00016883026307826734
-2.092915323753664e-9	-0.00016863596750370228
-2.0932587099731225e-9	-0.00016844244303523243
-2.0966411067191437e-9	-0.00016825148745564932
-2.0966348679984926e-9	-0.000168049328964215
-2.0932596340450527e-9	-0.00016785919128561953
-2.092922322421975e-9	-0.00016766730089971322
-2.09282785703091e-9	-0.00016747545636514526
-2.0927906701551092e-9	-0.00016728389403962215
-2.0927719109886666e-9	-0.00016709267927696322
-2.0927620176025564e-9	-0.00016690183687193916
-2.09275839914147e-9	-0.00016671137802443006
-2.09275582893631e-9	-0.0001665213083964902
-2.0927554214178467e-9	-0.00016633163115232412
-2.0927572179363363e-9	-0.0001661423483360491
-2.092760205374411e-9	-0.00016595346165810515
-2.0927644849844107e-9	-0.00016576497312264122
-2.0927718056118482e-9	-0.00016557688578798486
-2.092783700530232e-9	-0.0001653892051087675
-2.0928038320044972e-9	-0.0001652019418445528
-2.0928432895528373e-9	-0.00016501511979684255
-2.092936503839127e-9	-0.00016482880166446992
-2.0932641513704554e-9	-0.00016464321412241141
-2.0965086945823333e-9	-0.00016446008145114572
-2.096502099135922e-9	-0.00016426619543626105
-2.0932646385862787e-9	-0.00016408382952829795
-2.092940848363867e-9	-0.0001638997739019261
-2.0928508658368817e-9	-0.00016371575356516997
-2.092814728787973e-9	-0.00016353199525672373
-2.092797215774711e-9	-0.00016334856171004177
-2.0927882029120327e-9	-0.00016316547675822757
-2.0927835346462587e-9	-0.0001629827511990816
-2.092782126611459e-9	-0.00016280039051402604
-2.092781239670938e-9	-0.00016261839779160546
-2.0927831816841546e-9	-0.00016243677504529158
-2.0927848896734605e-9	-0.0001622555239700423
-2.0927896795142067e-9	-0.00016207464653747902
-2.0927967409434256e-9	-0.00016189414573975825
-2.0928077245685463e-9	-0.00016171402686302786
-2.092827318378454e-9	-0.00016153430028842945
-2.092865166286595e-9	-0.0001613549889150806
-2.092954423682514e-9	-0.00016117615298247713
-2.0932687070540637e-9	-0.00016099801014458177
-2.096383275385083e-9	-0.00016082221572405917
-2.0963769792547995e-9	-0.00016063609021270148
-2.093269595171421e-9	-0.00016046101558983428
-2.092959008831441e-9	-0.00016028431083774008
-2.0928718600377038e-9	-0.00016010763195742133
-2.092837482187138e-9	-0.00015993119666205
-2.0928208735004896e-9	-0.00015975506522398635
-2.0928120662289107e-9	-0.00015957926056920686
-2.09280704090431e-9	-0.0001594037931114234
-2.0928052908708585e-9	-0.0001592286681613967
-2.0928053867552698e-9	-0.00015905388873293846
-2.0928062886893527e-9	-0.00015887945680477116
-2.0928087164084897e-9	-0.00015870537405353829
-2.092813266735272e-9	-0.00015853164242034647
-2.0928192921154666e-9	-0.0001583582648269305
-2.09283087909129e-9	-0.00015818524639674681
-2.0928490739979823e-9	-0.00015801259715299542
-2.092885193877292e-9	-0.0001578403391422398
-2.0929709958317223e-9	-0.00015766853029360573
-2.093273240721949e-9	-0.00015749737977911336
-2.0962653888290106e-9	-0.0001573284781430714
-2.0962597160667508e-9	-0.00015714964251626462
-2.09327364329992e-9	-0.0001569814174691588
-2.0929754019405336e-9	-0.00015681161870994775
-2.092891349936288e-9	-0.0001566418374244322
-2.092858300933864e-9	-0.0001564722828361746
-2.0928419758037278e-9	-0.00015630301290650995
-2.0928338838932525e-9	-0.00015613404970112456
-2.0928288946286954e-9	-0.00015596540327700604
-2.092827471705805e-9	-0.00015579707877022436
-2.092825885546823e-9	-0.00015562907913322223
-2.0928280026311088e-9	-0.00015546140629411285
-2.0928256028618364e-9	-0.00015529406193734321
-2.0928604665515493e-9	-0.00015512704792562787
-2.092846982493235e-9	-0.00015496036712011035
-2.0928532739605823e-9	-0.00015479402454415242
-2.09287193140284e-9	-0.00015462802981945035
-2.0929051370188744e-9	-0.0001544624042212211
-2.0929882501741216e-9	-0.00015429720347740888
-2.093277894765766e-9	-0.00015413262880005778
-2.09615609421121e-9	-0.00015397020978438495
-2.0961503530925187e-9	-0.0001537982306905614
-2.0932790549543777e-9	-0.00015363644844153105
-2.0929912749767523e-9	-0.00015347314595708447
-2.092911396961439e-9	-0.00015330985343784214
-2.09288066545521e-9	-0.00015314677213562966
-2.0928638598871618e-9	-0.00015298395782450944
-2.092855486768297e-9	-0.00015282143176911984
-2.0928514790796717e-9	-0.00015265920366881294
-2.092849156692944e-9	-0.0001524972785178373
-2.0928491081928513e-9	-0.00015233565917612964
-2.0928500827965825e-9	-0.00015217434755949565
-2.092852578394755e-9	-0.0001520133452917573
-2.0928560932942376e-9	-0.00015185265425241698
-2.0928625824090387e-9	-0.0001516922772213918
-2.09287237290523e-9	-0.00015153221902334133
-2.0928892667249066e-9	-0.00015137248900773856
-2.0929226703936267e-9	-0.000151213107665075
-2.0930022235687852e-9	-0.0001510541286821538
-2.0932819609964516e-9	-0.00015089574574431177
-2.0960516018853073e-9	-0.0001507394310694732
-2.096046564004084e-9	-0.00015057390879361467
-2.0932824126240756e-9	-0.00015041819412496893
-2.093005980491336e-9	-0.00015026100993541735
-2.0929289581472776e-9	-0.0001501038290117978
-2.0928979951373438e-9	-0.0001499468450836089
