-2.0928963542221624e-9	0.00014994684508360772
-2.0929273164660422e-9	0.00015010382901179748
-2.093004338882265e-9	0.00015026100993541868
-2.093280770715245e-9	0.0001504181941249685
-2.0960449199636245e-9	0.00015057390879378435
-2.0960499583444483e-9	0.00015073943106930348
-2.0932803193762783e-9	0.0001508957457443126
-2.0930005819264075e-9	0.00015105412868215363
-2.0929210290066004e-9	0.00015121310766507426
-2.0928876246606445e-9	0.00015137248900773737
-2.092870732112173e-9	0.0001515322190233419
-2.0928609405668208e-9	0.00015169227722139136
-2.092854451557491e-9	0.00015185265425241644
-2.092850937146507e-9	0.00015201334529175889
-2.092848440343742e-9	0.0001521743475594942
-2.0928474653902907e-9	0.0001523356591761285
-2.0928475143733305e-9	0.00015249727851783794
-2.0928498369321426e-9	0.00015265920366881315
-2.0928538453812706e-9	0.00015282143176912092
-2.0928622177285307e-9	0.00015298395782451017
-2.0928790230412276e-9	0.00015314677213562866
-2.092909756501449e-9	0.00015330985343784163
-2.092989632740405e-9	0.00015347314595708499
-2.0932774125348444e-9	0.0001536364484415305
-2.09614870736452e-9	0.00015379823069073642
-2.0961544505038177e-9	0.0001539702097842085
-2.093276253101184e-9	0.00015413262880005835
-2.0929866091867754e-9	0.00015429720347740958
-2.092903495765075e-9	0.00015446240422122085
-2.092870290082427e-9	0.00015462802981945008
-2.092851632812254e-9	0.00015479402454415136
-2.092845341256089e-9	0.00015496036712010975
-2.0928588247426382e-9	0.0001551270479256276
-2.0928239620354728e-9	0.00015529406193734148
-2.0928263605890506e-9	0.00015546140629411423
-2.0928242421169865e-9	0.00015562907913322182
-2.0928258302688187e-9	0.0001557970787702249
-2.092827252608842e-9	0.00015596540327700406
-2.092832241962217e-9	0.00015613404970112404
-2.092840333334234e-9	0.00015630301290650843
-2.092856658780784e-9	0.00015647228283617576
-2.092889708632528e-9	0.00015664183742443105
-2.0929737608033072e-9	0.00015681161870994786
-2.0932720016020313e-9	0.00015698141746915887
-2.0962580708827616e-9	0.00015714964251644772
-2.0962637426902297e-9	0.0001573284781428887
-2.0932715988519757e-9	0.0001574973797791132
-2.0929693522464545e-9	0.00015766853029360617
-2.092883552318181e-9	0.0001578403391422404
-2.092847432222378e-9	0.0001580125971529968
-2.092829236666205e-9	0.00015818524639674798
-2.092817650523049e-9	0.00015835826482693132
-2.0928116249263607e-9	0.0001585316424203471
-2.092807073839076e-9	0.000158705374053537
-2.0928046468526864e-9	0.0001588794568047731
-2.0928037452738746e-9	0.0001590538887329398
-2.092803650000086e-9	0.000159228668161399
-2.092805399722675e-9	0.00015940379311142492
-2.0928104253747915e-9	0.0001595792605692078
-2.092819232102361e-9	0.0001597550652239873
-2.0928358407112935e-9	0.00015993119666205105
-2.0928702177736014e-9	0.00016010763195742177
-2.092957368282633e-9	0.00016028431083774033
-2.0932679532958965e-9	0.00016046101558983455
-2.0963753356140205e-9	0.00016063609021289035
-2.096381631744304e-9	0.00016082221572386962
-2.09326706513413e-9	0.0001609980101445814
-2.0929527826951677e-9	0.00016117615298247745
-2.0928635249772844e-9	0.00016135498891507955
-2.0928256767416275e-9	0.00016153430028842983
-2.0928060833314e-9	0.00016171402686302786
-2.092795099473133e-9	0.0001618941457397584
-2.0927880375554155e-9	0.0001620746465374782
-2.0927832482697806e-9	0.00016225552397004293
-2.092781539980715e-9	0.00016243677504529117
-2.0927795977510044e-9	0.00016261839779160563
-2.092780485440926e-9	0.00016280039051402688
-2.0927818935367884e-9	0.00016298275119908283
-2.0927865612307973e-9	0.0001631654767582275
-2.0927955745209118e-9	0.00016334856171004093
-2.092813087600787e-9	0.00016353199525672373
-2.0928492238669884e-9	0.00016371575356517067
-2.0929392078927744e-9	0.00016389977390192576
-2.0932629973879903e-9	0.00016408382952829838
-2.0965004543627152e-9	0.00016426619543645886
-2.0965070494760598e-9	0.00016446008145094818
-2.0932625091285575e-9	0.00016464321412241117
-2.0929348621079315e-9	0.00016482880166446973
-2.0928416476717617e-9	0.00016501511979684285
-2.0928021900568084e-9	0.00016520194184455265
-2.0927820594762726e-9	0.00016538920510876686
-2.092770162914759e-9	0.00016557688578798527
-2.092762844146945e-9	0.00016576497312263965
-2.0927585643204515e-9	0.00016595346165810626
-2.092755576338368e-9	0.00016614234833604925
-2.0927537796477937e-9	0.00016633163115232312
-2.0927541869941726e-9	0.0001665213083964909
-2.0927567581041642e-9	0.00016671137802443014
-2.0927603764819836e-9	0.0001669018368719395
-2.0927702688300355e-9	0.00016709267927696414
-2.092789028196318e-9	0.000167283894039623
-2.0928262145003543e-9	0.00016747545636514513
-2.0929206800912595e-9	0.0001676673008997132
-2.0932579934351825e-9	0.00016785919128561963
-2.0966332234362285e-9	0.00016804932896442106
-2.096639461579564e-9	0.0001682514874554408
-2.0932570683918073e-9	0.0001684424430352329
-2.092913681195352e-9	0.0001686359675037027
-2.092818820703668e-9	0.00016883026307826712
-2.092778546791685e-9	0.00016902509347724895
-2.092756703470089e-9	0.00016922039337783173
-2.0927444967566713e-9	0.0001694161380274271
-2.092736151015906e-9	0.00016961231626387192
-2.0927315990848518e-9	0.0001698089224636356
-2.092728455760362e-9	0.00017000595349260075
-2.0927269774206894e-9	0.0001702034073248693
-2.0927269925308245e-9	0.00017040128223617444
-2.092729408026406e-9	0.0001705995761540216
-2.0927342804788475e-9	0.00017079828583864114
-2.0927439639994995e-9	0.0001709974054417935
-2.092762962824235e-9	0.00017119692333671682
-2.0928023672039943e-9	0.00017139681370832908
-2.0929001230240997e-9	0.0001715970084101076
-2.0932525008121594e-9	0.00017179726082312932
-2.0967747914379944e-9	0.00017199569388014018
-2.0967814559846864e-9	0.00017220668282617695
-2.0932516280880444e-9	0.0001724059895669823
-2.0928951876220124e-9	0.00017260798751286282
-2.092793386898606e-9	0.00017281080042677358
-2.0927506883261506e-9	0.00017301418176580126
-2.0927289881733647e-9	0.00017321806342854374
-2.0927159766537253e-9	0.0001734224196420355
-2.092707770018354e-9	0.00017362723882491084
-2.09270237511161e-9	0.0001738325151737844
-2.092699132466569e-9	0.00017403824548496463
-2.09269788383204e-9	0.0001742444277108096
-2.0926979685698124e-9	0.00017445106011860026
-2.0927001463943996e-9	0.00017465814061222982
-2.0927063608400245e-9	0.00017486566587608296
-2.092715623058794e-9	0.00017507362986814894
-2.0927355499411603e-9	0.00017528202051148524
-2.0927769656176044e-9	0.00017549081090536295
-2.0928787041685216e-9	0.00017569992992503465
-2.0932463594247607e-9	0.00017590911998690854
-2.0969265859038802e-9	0.00017611642010468425
-2.0969344518784183e-9	0.00017633684876806115
-2.0932455605582324e-9	0.00017654508353859608
-2.092873111664284e-9	0.00017675614094372956
-2.092767114858507e-9	0.00017696806088648198
-2.0927221241306973e-9	0.00017718058586840504
-2.0926991086633874e-9	0.00017739364481410093
-2.0926858379399785e-9	0.0001776072108697867
-2.092677116127817e-9	0.00017782127201256023
-2.0926719412839302e-9	0.00017803582225188512
-2.092668473124837e-9	0.00017825085831775454
-2.092666770669993e-9	0.0001784663781443602
-2.092666811315258e-9	0.00017868237999648019
-2.0926691735367875e-9	0.00017889886175968274
-2.0926749502547806e-9	0.0001791158200418938
-2.0926851710789673e-9	0.0001793332486017932
-2.092705856510113e-9	0.00017955113488643364
-2.0927485835708917e-9	0.0001797694508391564
-2.0928555562349516e-9	0.00017998812215380355
-2.093240156020304e-9	0.00018020687951380212
-2.0970889515803392e-9	0.00018042367209355096
-2.0970977776535448e-9	0.0001806542070626047
-2.0932391907035887e-9	0.00018087200106674557
-2.0928494886274243e-9	0.00018109275917568203
-2.0927381560342794e-9	0.000181314431516106
-2.0926917509100917e-9	0.0001815367488662169
-2.092667685432703e-9	0.0001817596369734593
-2.09265339942144e-9	0.00018198306783923454
-2.092644699014379e-9	0.00018220702896849168
-2.092638815504033e-9	0.0001824315141819372
-2.0926352785721746e-9	0.000182656520143084
-2.092633234912489e-9	0.00018288204477505938
-2.092632874767242e-9	0.0001831080863481666
-2.092636181005858e-9	0.0001833346427332595
-2.0926416878286337e-9	0.000183561710465614
-2.092652406532336e-9	0.0001837892830993174
-2.0926742665683397e-9	0.00018401734757293142
-2.092718647001002e-9	0.0001842458746035358
-2.092831113625904e-9	0.00018447478647592845
-2.0932326746658793e-9	0.00018470380130524062
-2.097261736611067e-9	0.00018493077193191914
-2.097272449419485e-9	0.00018517214401563464
-2.093232287830871e-9	0.00018540018935099016
-2.0928243650297774e-9	0.0001856313513399069
-2.0927079417365493e-9	0.00018586348385312004
-2.0926593659542637e-9	0.00018609630510551379
-2.0926337414239883e-9	0.00018632973744433712
-2.0926182549119155e-9	0.00018656375164946893
-2.0926092883510885e-9	0.00018679833473398633
-2.092603638553792e-9	0.00018703348031951314
-2.092599666619899e-9	0.00018726918500753812
-2.0925975380226005e-9	0.0001875054467191064
-2.0925978128194525e-9	0.00018774226373704996
-2.0926003830468164e-9	0.0001879796339261021
-2.0926060861348183e-9	0.00018821755375232111
-2.0926183189051707e-9	0.00018845601655308018
-2.0926401322785007e-9	0.00018869500874127063
-2.092686987303916e-9	0.00018893449971393072
-2.0928041904733077e-9	0.000189174408110097
-2.0932250783589624e-9	0.00018941443854772588
-2.09744969041914e-9	0.00018965234041013067
-2.097459528438428e-9	0.000189905352572996
-2.0932251538319236e-9	0.00019014440975019127
-2.092798652936212e-9	0.0001903867483926945
-2.0926750315564125e-9	0.0001906301189909804
-2.0926239769514243e-9	0.00019087422627393554
-2.092597375508154e-9	0.0001911189889526448
-2.0925818056294343e-9	0.00019136437649905155
-2.0925719221520644e-9	0.00019161037540529657
-2.0925650770498016e-9	0.0001918569790929315
-2.092561568950435e-9	0.00019210418410617192
-2.0925592775444814e-9	0.00019235198837073373
-2.0925595095977468e-9	0.00019260039019424342
-2.0925619059142254e-9	0.00019284938744617558
-2.092568161238262e-9	0.00019309897652410613
-2.0925795919946032e-9	0.00019334915054814727
-2.0926034004831176e-9	0.00019359989536705134
-2.092652669027917e-9	0.0001938511789742711
-2.092775609591202e-9	0.00019410291609327582
-2.0932185689048757e-9	0.00019435479683042845
-2.097651068189155e-9	0.00019460445926260591
-2.0976615458634386e-9	0.00019486999575000724
-2.093217159193639e-9	0.00019512090236497827
-2.09276828456173e-9	0.00019537526885949372
-2.0926402743315363e-9	0.00019563073450286085
-2.0925862171339294e-9	0.00019588698952525344
-2.0925578962160964e-9	0.0001961439487317814
-2.0925414995209834e-9	0.00019640158020197668
-2.0925311305153293e-9	0.00019665986987837605
-2.0925241934643958e-9	0.0001969188109772291
-2.092520058510905e-9	0.0001971783999914556
-2.0925180128861243e-9	0.00019743863486555135
-2.0925177760533486e-9	0.000197699513943775
-2.092520146940169e-9	0.0001979610351098353
-2.092526751823476e-9	0.00019822319470270435
-2.0925395580961847e-9	0.0001984859856159073
-2.0925641092406358e-9	0.00019874939310432296
-2.0926156087341943e-9	0.0001990133836586246
-2.0927451372054763e-9	0.00019927786779397625
-2.093210062714679e-9	0.0001995425199865011
-2.097867866091008e-9	0.00019980485834084023
-2.0978791934744834e-9	0.0002000838952332028
-2.0932083906466395e-9	0.00020034757598728215
-2.0927368187151352e-9	0.0002006149101671864
-2.09260200540462e-9	0.00020088341716505901
-2.0925452336340024e-9	0.00020115277159663778
-2.092515899626557e-9	0.00020142288406865984
-2.092498289346656e-9	0.00020169372117228744
-2.092487210469951e-9	0.0002019652682707947
-2.0924802338728735e-9	0.00020223751837109246
-2.0924757053841782e-9	0.00020251046792447798
-2.0924735504856963e-9	0.00020278411490801026
-2.0924730451232778e-9	0.00020305845771947088
-2.0924758816043276e-9	0.0002033334942709672
-2.092482665105866e-9	0.00020360922085052355
-2.0924956871726243e-9	0.00020388563012195432
-2.092521166974226e-9	0.00020416270670877657
-2.0925767309831756e-9	0.0002044404154973258
-2.0927114386504185e-9	0.00020471866246526705
-2.093200922820282e-9	0.0002049971052251955
-2.098102062175755e-9	0.00020527313232357903
-2.098114155701936e-9	0.00020556674977792612
-2.0931994432482615e-9	0.0002058442281034052
-2.0927024699135543e-9	0.0002061255702808231
-2.092560947508648e-9	0.00020640816625110446
-2.0925009562300368e-9	0.00020669167377901127
-2.092469898989924e-9	0.0002069759989521936
-2.0924515701403745e-9	0.00020726110676954428
-2.092439555917425e-9	0.0002075469819832188
-2.0924323220428143e-9	0.000207833617389225
-2.092427364969174e-9	0.00020812100940906545
-2.092425065364223e-9	0.0002084091560706435
-2.0924254923226917e-9	0.00020869805584402897
-2.0924274438505197e-9	0.0002089877066874742
-2.0924342624351055e-9	0.0002092781048498895
-2.092447851509416e-9	0.00020956924275970372
-2.0924753572293397e-9	0.00020986110437860625
-2.0925324640153065e-9	0.00021015365286312335
-2.09267536795954e-9	0.00021044678930675926
-2.0931912207144966e-9	0.00021074015308307292
-2.098355222968085e-9	0.00021103099254289313
-2.0983685103503902e-9	0.00021134038904471205
-2.0931898739195986e-9	0.00021163280064396932
-2.0926655867503643e-9	0.00021192930540910935
-2.092516790175303e-9	0.00021222715320617575
-2.092453476149059e-9	0.00021252598358208687
-2.0924204544414684e-9	0.0002128256977515195
-2.0924010043610333e-9	0.0002131262590062313
-2.0923885439450007e-9	0.00021342765145492356
-2.0923802939720738e-9	0.00021372986768319842
-2.0923754200041777e-9	0.00021403290409832785
-2.092372594958425e-9	0.000214336758800242
-2.0923719996290836e-9	0.00021464143035502544
-2.092374439333078e-9	0.00021494691679201403
-2.0923824207041977e-9	0.0002152532143314574
-2.0923968594876998e-9	0.00021556031516724048
-2.092425291505551e-9	0.00021586820255818876
-2.0924855063442217e-9	0.000216176837810367
-2.0926365336626507e-9	0.00021648611673161147
-2.0931803276724726e-9	0.0002167956589366961
-2.098630124369727e-9	0.00021710256075244878
-2.0986444544734973e-9	0.00021742906977460162
-2.093178727202716e-9	0.00021773767845017234
-2.092626113370244e-9	0.0002180506308048499
-2.0924682922751627e-9	0.0002183650248156462
-2.09240146785139e-9	0.0002186804802898719
-2.0923668063443923e-9	0.0002189968931775404
-2.0923459902288944e-9	0.00021931422494110377
-2.09233302727041e-9	0.00021963245901120186
-2.0923241518200353e-9	0.00021995158776594217
-2.092318968499596e-9	0.00022027160761843307
-2.0923157967311923e-9	0.00022059251676748832
-2.09231536776322e-9	0.0002209143139052245
-2.09231827169587e-9	0.00022123699715536068
-2.092325753638713e-9	0.00022156056273435693
-2.0923410287865265e-9	0.00022188500259895527
-2.0923712761300452e-9	0.0002222102992669071
-2.0924346992801103e-9	0.00022253641205254187
-2.092594112812485e-9	0.00022286323104220407
-2.0931690605796585e-9	0.00022319035439579598
-2.098928769234121e-9	0.00022351471321759112
-2.098944563155847e-9	0.00022385982277649274
-2.0931672552348957e-9	0.00022418603901563572
-2.0925831399953853e-9	0.00022451687332299808
-2.092415308108109e-9	0.00022484925860106087
-2.0923453017462902e-9	0.00022518279322990744
-2.092308130624554e-9	0.00022551736745847194
-2.0922865892891718e-9	0.00022585294078414397
-2.0922728801442415e-9	0.00022618949592552042
-2.0922638039488907e-9	0.0002265270250602616
-2.0922570486137105e-9	0.00022686552463023002
-2.0922543685020226e-9	0.00022720499296880392
-2.092253930835453e-9	0.00022754542893099248
-2.0922566869641114e-9	0.00022788683076663312
-2.0922644959953107e-9	0.00022822919471231936
-2.09228022038932e-9	0.00022857251249447415
-2.0923123385585553e-9	0.0002289167658471987
-2.092379267742972e-9	0.00022926191194048458
-2.0925484268130567e-9	0.00022960783465365278
-2.0931562717596555e-9	0.0002299541087958708
-2.0992540448405708e-9	0.00023029748547775792
-2.0992712183365294e-9	0.00023066286119035026
-2.0931534910839656e-9	0.00023100826408387838
-2.0925356193579604e-9	0.00023135858641605057
-2.0923588153309858e-9	0.0002317105812685224
-2.09228374573045e-9	0.0002320638236962522
-2.0922445880533493e-9	0.00023241819776886291
-2.0922213420593305e-9	0.0002327736608714282
-2.0922062720418745e-9	0.00023313019497537
-2.0921963094777676e-9	0.00023348779206870194
-2.0921900502735015e-9	0.00023384644865576842
-2.092186474489388e-9	0.00023420616324438737
-2.092185965729687e-9	0.00023456693489493224
-2.0921890681091517e-9	0.00023492876202899256
-2.092197212538727e-9	0.00023529164093207805
-2.092213988047487e-9	0.0002356555631100069
-2.0922477883156266e-9	0.00023602050947058758
-2.0923188181865006e-9	0.00023638643487292909
-2.092497464117882e-9	0.00023675321644718106
-2.0931424913217533e-9	0.0002371204035281109
-2.0996095724257203e-9	0.00023748455064908687
-2.0996279030072175e-9	0.00023787206304415012
-2.0931403249768722e-9	0.00023823842625151468
-2.09248430792508e-9	0.00023861004088067072
-2.0922964143244016e-9	0.00023898346362540593
-2.0922164700065693e-9	0.00023935824410182389
-2.092175041240596e-9	0.00023973425966189202
-2.092149818100353e-9	0.00024011146541567588
-2.092134163339532e-9	0.00024048984255516952
-2.0921234279491775e-9	0.00024086938289439824
-2.0921165593101868e-9	0.00024125008304139059
-2.092112756685305e-9	0.00024163194173037979
-2.0921120603478727e-9	0.00024201495828239815
-2.0921151112962557e-9	0.00024239913134131572
-2.092123673175239e-9	0.00024278445728293018
-2.0921414359553746e-9	0.00024317092740547017
-2.0921770540194286e-9	0.0002435585217499776
-2.0922523169486507e-9	0.00024394719268140612
-2.0924422291568325e-9	0.000244336809973672
-2.0931274389734965e-9	0.0002447268951002158
-2.099998467031128e-9	0.0002451137873313372
-2.1000191988918006e-9	0.00024552554436063726
-2.0931250950928514e-9	0.0002459148670323587
-2.0924274359679364e-9	0.00024630980797241765
-2.0922277318369265e-9	0.0002467067088304385
-2.0921431070686226e-9	0.0002471050913986316
-2.092098444889112e-9	0.0002475048257137335
-2.092072192261263e-9	0.00024790586443622196
-2.092056411018284e-9	0.000248308187940848
-2.0920436996196835e-9	0.0002487117879011071
-2.0920360972731533e-9	0.00024911666107452446
-2.092031889094903e-9	0.00024952280648763336
-2.092030845862736e-9	0.00024993022378997097
-2.092034053591263e-9	0.0002503389119119452
-2.0920430360837908e-9	0.0002507488673704121
-2.092061875402784e-9	0.0002511600812804743
-2.0921000554396942e-9	0.00025157253277376573
-2.0921797036999036e-9	0.0002519861715199009
-2.0923814188111846e-9	0.0002524008592585062
-2.0931109776467504e-9	0.00025281608690552005
-2.1004262945822917e-9	0.0002532279573418259
-2.100448693020951e-9	0.0002536663432797251
-2.0931082691300066e-9	0.0002540808870669627
-2.0923655457139034e-9	0.000254501455844334
-2.092152810523329e-9	0.00025492415512152523
-2.0920622621267703e-9	0.00025534847618041576
-2.092014595861391e-9	0.00025577428107063547
-2.091986090635434e-9	0.00025620151981130116
-2.0919680935593823e-9	0.00025663017193582456
-2.091955624200503e-9	0.00025706022900014364
-2.091947552845808e-9	0.00025749168798917224
-2.0919429094823364e-9	0.0002579245482978224
-2.091941583781676e-9	0.0002583588099886738
-2.091944925547429e-9	0.00025879447235873564
-2.0919542508712752e-9	0.00025923153213250674
-2.0919743772607193e-9	0.00025966998027483567
-2.092014268195719e-9	0.0002601097949690018
-2.092099565192962e-9	0.0002605509229675575
-2.0923147065032845e-9	0.00026099321721415855
-2.093092634886107e-9	0.0002614361350137767
-2.100897021883874e-9	0.0002618755188769345
-2.100921807035583e-9	0.00026234324113387904
-2.0930896880766437e-9	0.0002627855747291862
-2.0922969192094244e-9	0.0002632343858540238
-2.0920696723825128e-9	0.0002636855199299991
-2.0919728289603425e-9	0.000264138434685346
-2.0919223489845873e-9	0.0002645929834297872
-2.0918917540801995e-9	0.00026504911333445803
-2.091872021786623e-9	0.0002655068030612805
-2.0918587420870607e-9	0.0002659660441064442
-2.091849751734154e-9	0.0002664268337606344
-2.0918446458184638e-9	0.00026688917188984554
-2.0918432168892665e-9	0.0002673530590739101
-2.0918464329999777e-9	0.0002678184950776592
-2.0918562863625478e-9	0.00026828547691859766
-2.091877074028581e-9	0.0002687539954569798
-2.091920117158752e-9	0.00026922402789566384
-2.0920111484745706e-9	0.0002696955178254891
-2.0922409663948208e-9	0.0002701683085340295
-2.0930726384316145e-9	0.0002706418202460104
-2.1014174020450584e-9	0.00027111160776271145
-2.101444551416698e-9	0.00027161175354186725
-2.093069481928778e-9	0.000272084806615664
-2.0922213269713998e-9	0.00027256484265308586
-2.091978133261785e-9	0.00027304741969348147
-2.0918743067921408e-9	0.0002735319584522716
-2.0918194823804638e-9	0.00027401830265388866
-2.0917869288317183e-9	0.0002745063963911944
-2.09176584937687e-9	0.00027499621744105557
-2.091751102489825e-9	0.000275487757306609
-2.091741593668317e-9	0.00027598101369292365
-2.0917358673044898e-9	0.00027647598706274576
-2.0917340958936937e-9	0.00027697267864681903
-2.0917373746209834e-9	0.0002774710888030021
-2.091747852100978e-9	0.000277971214950616
-2.091770168882734e-9	0.0002784730479148893
-2.0918155989091417e-9	0.00027897656388271424
-2.091913486906849e-9	0.00027948170302362964
-2.0921592009170986e-9	0.0002799882979994245
-2.0930502528160313e-9	0.0002804957279861239
-2.1019943485800496e-9	0.00028099922877780745
-2.1020249562964112e-9	0.00028153533408728547
-2.093046711376667e-9	0.00028204246299913337
-2.0921373693361113e-9	0.0002825571416930271
-2.0918763062760527e-9	0.0002830746095775893
-2.0917650190577233e-9	0.00028359424640816733
-2.091706149176531e-9	0.00028411588536394615
-2.0916709204565897e-9	0.00028463946721964264
-2.0916476748678025e-9	0.0002851649688579277
-2.091631914280523e-9	0.00028569238188383975
-2.091621462924076e-9	0.000286221704555238
-2.091614988136703e-9	0.0002867529380912755
-2.0916128597170404e-9	0.00028728608453890847
-2.091616258320661e-9	0.00028782114501180514
-2.0916270776494273e-9	0.00028835811747018067
-2.0916510863666638e-9	0.000288896992795327
-2.0916995830289054e-9	0.0002894377461436923
-2.0918041584216952e-9	0.00028998031397402366
-2.0920680122826775e-9	0.0002905245172103285
-2.093025333782528e-9	0.0002910696894463621
-2.1026363827614247e-9	0.00029161071145944917
-2.102670890224978e-9	0.00029218684573513085
-2.0930216449333016e-9	0.0002927319141456937
-2.0920436353377704e-9	0.00029328517078639307
-2.0917629267591666e-9	0.0002938415004918095
-2.0916430338802084e-9	0.0002944002375307078
-2.0915795413523067e-9	0.0002949612034560297
-2.091541325649482e-9	0.00029552433545891875
-2.0915162014467636e-9	0.00029608960954120845
-2.0914989377507353e-9	0.0002966570175357457
-2.0914871088795197e-9	0.0002972265584313028
-2.0914801642235583e-9	0.00029779823440853934
-2.091477690913113e-9	0.00029837204854009673
-2.091481057325817e-9	0.00029894800289964135
-2.091492508421444e-9	0.00029952609617169885
-2.0915180992953088e-9	0.00030010631941822713
-2.091570093065709e-9	0.00030068864676477565
-2.091682039656595e-9	0.0003012730106427894
-2.09196641948739e-9	0.00030185921898873803
-2.0929977337602602e-9	0.0003024465545712934
-2.1033545321014204e-9	0.00030302950152286833
-2.103392534591464e-9	0.00030365037215333737
-2.0929925544532768e-9	0.00030423785062127536
-2.0919391238827245e-9	0.00030483423985352824
-2.091636168199962e-9	0.00030543402855616735
-2.091506603757454e-9	0.00030603650029822823
-2.0914379431080657e-9	0.0003066414637779946
-2.091396473108409e-9	0.0003072488523204164
-2.0913689265267265e-9	0.00030785864108574525
-2.091349943716958e-9	0.0003084708223043595
-2.0913371700070905e-9	0.0003090853959289027
-2.0913291863100535e-9	0.000309702365358821
-2.091326289133111e-9	0.00031032173496405285
-2.0913294388802407e-9	0.0003109435080420215
-2.0913414450041136e-9	0.00031156768423494204
-2.0913686558543534e-9	0.00031219425495820593
-2.091424568195777e-9	0.00031282319333032185
-2.0915455458569986e-9	0.00031345442741832346
-2.0918523344015672e-9	0.00031408775073308264
-2.0929665498159447e-9	0.0003147223891573767
-2.104159977012188e-9	0.000315352381781207
-2.104202756669782e-9	0.00031602346419990813
-2.0929614943043795e-9	0.00031665855420207333
-2.091821708710695e-9	0.00031730337684847615
-2.091493730721483e-9	0.0003179519764103032
-2.0913533808286646e-9	0.00031860357972428885
-2.091278817778486e-9	0.0003192579812344783
-2.0912334472489303e-9	0.00031991511010291874
-2.091203699761124e-9	0.0003205749407250412
-2.0911825373615134e-9	0.00032123746595717534
-2.09116863196801e-9	0.00032190268701808846
-2.0911592408134895e-9	0.00032257060886196854
-2.091155612515827e-9	0.00032324123750241296
-2.091158916373015e-9	0.00032391457779980845
-2.09117170321127e-9	0.0003245906306630757
-2.0912002314299463e-9	0.0003252693880934695
-2.091261063286165e-9	0.00032595082226684086
-2.0913916669196286e-9	0.0003266348565191676
-2.0917235161233005e-9	0.00032732126829519367
-2.0929314629380968e-9	0.00032800921953196735
-2.10506798741239e-9	0.00032869224768006136
-2.105116682504793e-9	0.00032941994864756687
-2.0929257661561617e-9	0.00033010873830505654
-2.091689162797561e-9	0.0003308082006753015
-2.0913330007865662e-9	0.0003315118791139442
-2.0911805001522235e-9	0.00033221893670653456
-2.091099075191005e-9	0.0003329291520453639
-2.09104937088922e-9	0.0003336424498228771
-2.091016305683091e-9	0.0003343588037985898
-2.0909933385326875e-9	0.000335078207767712
-2.090977660546001e-9	0.0003358006646100707
-2.0909672607705155e-9	0.00033652618126992433
-2.0909632479859664e-9	0.00033725476585397057
-2.0909659798840075e-9	0.00033798642522847453
-2.0909794698209527e-9	0.00033872116197405905
-2.0910105187510467e-9	0.0003394589689971315
-2.091075642457474e-9	0.0003401998176482522
-2.091217244948318e-9	0.0003409436261504132
-2.0915784814556917e-9	0.00034169015399240185
-2.0928917790097315e-9	0.0003424384908950713
-2.1060971614028646e-9	0.00034318160607231063
-2.106152147662854e-9	0.00034397347045403204
-2.0928851348189783e-9	0.00034472313183137255
-2.091538834464446e-9	0.0003454845476615826
-2.091150837624234e-9	0.00034625069392589124
-2.0909840429461646e-9	0.0003470206617433149
-2.090894898088003e-9	0.0003477942120262412
-2.0908402225128245e-9	0.0003485712646906231
-2.0908041891365414e-9	0.0003493517930685494
-2.0907786117851934e-9	0.0003501357923165292
-2.090760752571086e-9	0.0003509232674967762
-2.0907489036881003e-9	0.0003517142281163834
-2.0907430594852006e-9	0.0003525086849654191
-2.0907466949326992e-9	0.00035330664749235705
-2.0907614143195196e-9	0.0003541081204920501
-2.0907939181635805e-9	0.00035491309820829517
-2.0908648807327346e-9	0.00035572155136760086
-2.0910187294664875e-9	0.0003565333926875912
-2.0914125719861955e-9	0.00035734836151909776
-2.0928463926817023e-9	0.0003581654656276792
-2.10726948648432e-9	0.0003589770270653293
-2.1073324106835045e-9	0.0003598420022512202
-2.092838867195912e-9	0.0003606610437873948
-2.09136766242124e-9	0.00036149309273730216
-2.090943018512315e-9	0.00036233047896484566
-2.0907603276221212e-9	0.0003631722119507041
-2.090662127818277e-9	0.00036401803283111047
-2.0906022208722063e-9	0.00036486785645564415
-2.0905616818611695e-9	0.000365721656049152
-2.090532910159482e-9	0.00036657942870655383
-2.0905129026305147e-9	0.0003674411823706014
-2.090500064055867e-9	0.0003683069298665271
-2.090493191692078e-9	0.0003691766854428148
-2.0904953179357034e-9	0.00037005046190541525
-2.0905105858781693e-9	0.000370928266980416
-2.090546669442084e-9	0.0003718100968509355
-2.0906234344642004e-9	0.0003726959219360458
-2.090791510228618e-9	0.00037358564905964897
-2.0912226631197853e-9	0.0003744789949146125
-2.0927944721915725e-9	0.0003753748737557797
-2.108613204798715e-9	0.000376264866249095
-2.108685543811273e-9	0.0003772136438691273
-2.0927860132857748e-9	0.000378112236785396
-2.0911709585957894e-9	0.00037902529887047726
-2.0907042111106833e-9	0.0003799444198747431
-2.090503321328097e-9	0.0003808685161811737
-2.0903950257278315e-9	0.0003817973067431619
-2.090328054271673e-9	0.0003827307010954942
-2.090282976352498e-9	0.0003836686728421077
-2.0902507669728898e-9	0.00038461122180919783
-2.0902281807955173e-9	0.00038555835975919334
-2.090212787619894e-9	0.0003865101038466393
-2.0902050563265106e-9	0.0003874664728206066
-2.090207109151088e-9	0.0003884274838735098
-2.0902225754737547e-9	0.0003893931486339543
-2.09026139501578e-9	0.0003903634660597461
-2.0903452792486735e-9	0.0003913384067562583
-2.09052981327007e-9	0.000392317871297813
-2.091004590748513e-9	0.0003933015507975801
-2.092734763448068e-9	0.0003942882521926791
-2.1101631282105517e-9	0.0003952687013446644
-2.110246766440227e-9	0.0003963141639905648
-2.092724822205794e-9	0.0003973045692586382
-2.0909439770622207e-9	0.00039831116257698203
-2.09042875788934e-9	0.00039932468046307825
-2.0902061545424735e-9	0.0004003439325260928
-2.0900860205286253e-9	0.00040136861277342606
-2.090011422439808e-9	0.0004023986252641934
-2.0899609090130335e-9	0.0004034339447101164
-2.0899244371097582e-9	0.0004044745747674223
-2.0898983560446727e-9	0.00040552053229813345
-2.089880573580283e-9	0.00040657184015524815
-2.08987116827597e-9	0.000407628522993466
-2.0898723035345236e-9	0.0004086906037908633
-2.0898888506759585e-9	0.00040975809941424965
-2.0899307998867303e-9	0.00041083101275329366
-2.0900226086195684e-9	0.0004119093153562879
-2.0902260105370995e-9	0.00041299290127461933
-2.09074998745451e-9	0.00041408143264729614
-2.0926651741026704e-9	0.0004151735924708998
-2.1119637561128893e-9	0.0004162591140501569
-2.112061844328217e-9	0.00041741692666604727
-2.0926539768817422e-9	0.00041851406062476377
-2.0906800708375698e-9	0.00041962942161485954
-2.090108011232328e-9	0.00042075275555642703
-2.0898605185393218e-9	0.00042188274884520985
-2.0897259139673888e-9	0.0004230190673724125
-2.089642459102148e-9	0.00042416160972433617
-2.0895854573377284e-9	0.00042531035280285895
-2.0895438541890244e-9	0.0004264653056390774
-2.0895139556942333e-9	0.00042762649195762754
-2.0894929168124853e-9	0.000428793942188249
-2.0894813052618755e-9	0.00042996768881943705
-2.0894817271743806e-9	0.0004311477625365339
-2.089498886626018e-9	0.0004323341872909456
-2.0895445362545396e-9	0.00043352697154487276
-2.0896456274899224e-9	0.0004347260889354864
-2.0898705509753147e-9	0.00043593142687809507
-2.0904527021525787e-9	0.00043714261459953675
-2.0925837988572394e-9	0.000438358190969911
-2.11407238817074e-9	0.00043956672776705307
-2.1141873061569784e-9	0.00044085613147146864
-2.0925702879037723e-9	0.00044207832562143064
-2.090370412821674e-9	0.0004433211890796786
-2.0897319662926963e-9	0.0004445733087209664
-2.0894546120253655e-9	0.0004458332278006716
-2.0893037259828165e-9	0.0004471005804772092
-2.0892091558144533e-9	0.0004483752601472996
-2.089143381128755e-9	0.00044965724752361603
-2.089096521984413e-9	0.00045094655920106477
-2.089062026650046e-9	0.000452243228235057
-2.0890370464154984e-9	0.0004535472952468417
-2.0890225629399684e-9	0.00045485880324144497
-2.089021483253628e-9	0.00045617779329437306
-2.0890394689832006e-9	0.0004575042990357407
-2.0890894011083018e-9	0.0004588383368459461
-2.089200883986786e-9	0.0004601798841919435
-2.0894513502567325e-9	0.00046152882203540026
-2.0901018795815853e-9	0.00046288474213025714
-2.0924878131711735e-9	0.0004642460144877447
-2.1165634840003556e-9	0.0004655998398181979
-2.116699635634767e-9	0.00046704473386504985
-2.0924719089709943e-9	0.00046841477129588
-2.090004042715199e-9	0.00046980843525209175
-2.0892867730493147e-9	0.0004712129447280108
-2.0889743135688034e-9	0.00047262667548579986
-2.0888032491783725e-9	0.00047404922585984405
-2.08869556095892e-9	0.0004754804848227318
-2.0886211595516623e-9	0.00047692043933262647
-2.0885658420011224e-9	0.00047836911669805744
-2.088524951698867e-9	0.000479826562817651
-2.088495386398659e-9	0.00048129283220503104
-2.088477595640903e-9	0.0004827679821775934
-2.088474869482715e-9	0.0004842520680078009
-2.0884930288234127e-9	0.00048574513671193023
-2.088547390716178e-9	0.00048724721599224384
-2.088671419669952e-9	0.0004887582898010111
-2.088952087375695e-9	0.0004902782333553788
-2.0896837002015724e-9	0.0004918065956903182
-2.0923732045097234e-9	0.0004933415473547431
-2.1195352984615392e-9	0.0004948686549586259
-2.1196986735638747e-9	0.0004964990966710828
-2.0923541333150997e-9	0.0004980456501793594
-2.0895666828724123e-9	0.0004996194548077455
-2.088754637907808e-9	0.0005012060996171751
-2.0883981194264047e-9	0.0005028037628366844
-2.0882042953418445e-9	0.0005044120024291373
-2.0880804817657863e-9	0.0005060307045290546
-2.0879940172746637e-9	0.0005076598660349366
-2.087929437860625e-9	0.0005092995295844066
-2.0878810723157228e-9	0.0005109497589992166
-2.087845575582392e-9	0.0005126106280259048
-2.0878231989818198e-9	0.0005142822137697903
-2.0878178852989926e-9	0.0005159645912059121
-2.08783641151844e-9	0.0005176578261308307
-2.087895576974308e-9	0.0005193619625973195
-2.088034078445711e-9	0.0005210769951331907
-2.08835069033797e-9	0.0005228027948379087
-2.0891801609579375e-9	0.0005245388620802661
-2.0922350684293713e-9	0.0005262831296784103
-2.1231191607684607e-9	0.000528019195431867
-2.1233183228996924e-9	0.0005298735193670574
-2.092212093296464e-9	0.000531633185366046
-2.0890380414528844e-9	0.0005334246066880386
-2.0881112046233777e-9	0.0005352314091439423
-2.0877043869493853e-9	0.0005370515360120042
-2.087479310758367e-9	0.0005388845000293546
-2.087335490347231e-9	0.000540730187444859
-2.0872341463307187e-9	0.0005425886107919977
-2.0871576501990674e-9	0.0005444598349266777
-2.0870998062694214e-9	0.0005463439491053271
-2.0870563754327165e-9	0.0005482410541755085
-2.0870278897522357e-9	0.0005501512551004959
-2.087018978969013e-9	0.0005520746546932128
-2.087037175069195e-9	0.000554011345551028
-2.0871023337254434e-9	0.0005559613956530264
-2.087258010413651e-9	0.0005579248164925166
-2.0876179468498626e-9	0.0005599014782822969
-2.088565578617363e-9	0.000561890826175423
-2.0920666242596477e-9	0.0005638905068595892
-2.1274986236941018e-9	0.0005658817168348496
-2.127742542645805e-9	0.0005680095933186958
-2.0920381176292582e-9	0.0005700298307198304
-2.0883907615953933e-9	0.0005720875093115682
-2.087323100796734e-9	0.0005741638611875158
-2.0868521685035724e-9	0.000576256547619462
-2.0865900952016237e-9	0.0005783650312646926
-2.0864212505411485e-9	0.000580489203836441
-2.0863009764948705e-9	0.0005826291024208164
-2.0862097078633293e-9	0.0005847848246093272
-2.086138936618909e-9	0.0005869564964632177
-2.086085285679662e-9	0.0005891442578117712
-2.0860481974860344e-9	0.0005913482536649979
-2.0860342753115102e-9	0.0005935686269970981
-2.0860515050014073e-9	0.000595805509424525
-2.086122809713542e-9	0.0005980590045348265
-2.0862991197134753e-9	0.0006003291509589757
-2.0867118418033125e-9	0.0006026158240808375
-2.0878052363504373e-9	0.0006049184070466747
-2.091857921515672e-9	0.0006072341984718261
-2.1329240280199005e-9	0.0006095414248942993
-2.1332285682573725e-9	0.0006120083822414854
-2.091822384975295e-9	0.0006143518634441333
-2.087587021964987e-9	0.0006167400941930353
-2.0863435056417415e-9	0.0006191513472537611
-2.085792333156311e-9	0.0006215829421164334
-2.0854831028815915e-9	0.0006240342873390197
-2.0852819841876703e-9	0.0006265052896009609
-2.0851373169483712e-9	0.000628996024836236
-2.0850256770010844e-9	0.0006315066398561979
-2.08493865456183e-9	0.000634037315216652
-2.084871018154244e-9	0.0006365882481779828
-2.084823052594942e-9	0.0006391596427384334
-2.0848013980667715e-9	0.0006417517012333355
-2.0848161600695027e-9	0.0006443646134480413
-2.084894325260489e-9	0.0006469985370929313
-2.0850954467299676e-9	0.0006496535545108662
-2.085573340165903e-9	0.0006523295573863064
-2.086849422749948e-9	0.0006550258607825011
-2.0915953074518433e-9	0.000657739334981715
-2.1397584468951792e-9	0.0006604444738341197
-2.1401453145442063e-9	0.0006633387716729764
-2.091550104904583e-9	0.0006660900056284435
-2.08657183358163e-9	0.0006688955821531822
-2.085105129295828e-9	0.0006717300567109423
-2.0844510757234146e-9	0.0006745903303870023
-2.084081000425231e-9	0.000677475756242996
-2.0838377704446297e-9	0.0006803862728750578
-2.083660715518354e-9	0.0006833220186142021
-2.08352217386798e-9	0.000686283216134074
-2.083412747738711e-9	0.0006892701289053619
-2.083325693941207e-9	0.0006922830412142919
-2.0832620721555897e-9	0.000695322246463309
-2.083229040017454e-9	0.0006983880372768581
-2.0832392613301386e-9	0.0007014806926219927
-2.0833248962681686e-9	0.0007046004546369905
-2.083555706433593e-9	0.0007077474771769884
-2.084115809680709e-9	0.0007109216886948042
-2.0856242351541265e-9	0.0007141223330857983
-2.091258422820541e-9	0.0007173457470465293
-2.1485356854089587e-9	0.0007205616449321415
-2.149038837084838e-9	0.0007240050589153706
-2.0911996008232683e-9	0.000727280801322581
-2.085263967649409e-9	0.0007306237926008104
-2.0835075607239516e-9	0.0007340038318340446
-2.0827191426431302e-9	0.0007374173028229435
-2.082268444825175e-9	0.000740863508290175
-2.0819686275486138e-9	0.0007443424494833729
-2.0817475518908338e-9	0.0007478543672423519
-2.081572408463295e-9	0.0007513996047653463
-2.0814312972405883e-9	0.0007549785558429866
-2.0813172101397106e-9	0.0007585916411155196
-2.0812304950768026e-9	0.0007622392941610467
-2.0811809617382607e-9	0.0007659219496834027
-2.0811827964095643e-9	0.0007696400280520877
-2.0812750069820753e-9	0.000773393907373417
-2.0815427277109946e-9	0.0007771838613375696
-2.0822076480075945e-9	0.0007810098934345381
-2.084018371883989e-9	0.0007848711815940626
-2.090816263228268e-9	0.0007887633894815532
-2.1600689002476695e-9	0.0007926499762064733
-2.160738207956925e-9	0.0007968153604455715
-2.0907380468782046e-9	0.0008007816011478711
-2.0835388086504204e-9	0.0008048329724259315
-2.0813983192202733e-9	0.000808933054455721
-2.080429000644868e-9	0.0008130775860494128
-2.0798685730072377e-9	0.0008172658400655659
-2.0794906168908333e-9	0.0008214979377108881
-2.079207732402777e-9	0.0008257742935075825
-2.0789802021858875e-9	0.000830095449386675
-2.0787937732857922e-9	0.0008344620121615563
-2.07863958908705e-9	0.0008388746248799811
-2.078518553982889e-9	0.000843333950036873
-2.078442649855461e-9	0.0008478406552606361
-2.078429508883817e-9	0.0008523953944409304
-2.0785269787826354e-9	0.000856998773440954
-2.0788402183336e-9	0.0008616512735566904
-2.07964210625633e-9	0.0008663530470572463
-2.081855993374404e-9	0.0008711032318655152
-2.090219907918689e-9	0.0008758966329617641
-2.1756448023602106e-9	0.0008806883068002739
-2.1765628830161534e-9	0.0008858294787591458
-2.0901128194861232e-9	0.0008907304189837673
-2.081198203601753e-9	0.0008957421622306507
-2.0785317717375575e-9	0.0009008199464025515
-2.0773120208372743e-9	0.0009059587026586746
-2.076597035594041e-9	0.0009111577299962602
-2.0761071264141506e-9	0.0009164173808259017
-2.075734187007017e-9	0.0009217383761667244
-2.0754290834867906e-9	0.0009271216010944272
-2.0751744903513283e-9	0.000932568027775309
-2.074959215875305e-9	0.0009380786802933628
-2.0747847876867454e-9	0.0009436546140664787
-2.0746658793036054e-9	0.000949296898217415
-2.0746253769299283e-9	0.0009550065920963322
-2.0747235729812185e-9	0.0009607847022625978
-2.075092919667787e-9	0.0009666320859859418
-2.0760785371998214e-9	0.0009725491928775474
-2.0788470964150373e-9	0.0009785351980383526
-2.0893886802264563e-9	0.0009845838029365658
-2.1973998805435716e-9	0.0009906384158503412
-2.1987071851858885e-9	0.0009971437703475098
-2.08923609957834e-9	0.0010033539631040215
-2.077910221909285e-9	0.0010097134715691945
-2.0744972690833754e-9	0.0010161659929913257
-2.0729163319799237e-9	0.001022705454503891
-2.0719743175134922e-9	0.0010293313220416198
-2.0713165730490424e-9	0.001036044407287577
-2.0708060655627582e-9	0.001042846001711349
-2.0703807892985538e-9	0.0010497376182611441
-2.070017877081609e-9	0.0010567208944816553
-2.0697046251239028e-9	0.0010637975484899351
-2.069442488794593e-9	0.0010709693533408418
-2.069250624270325e-9	0.0010782381149782982
-2.0691589718624394e-9	0.0010856056424336522
-2.069245860897295e-9	0.001093073692462211
-2.0696839036105088e-9	0.0011006438443298234
-2.070923158831173e-9	0.0011083171632209677
-2.0744839296316097e-9	0.001116093069007051
-2.0881803812988764e-9	0.0011239638530835326
-2.229093835970364e-9	0.0011318561390648277
-2.2310451630591646e-9	0.0011403512789355823
-2.0879526909822755e-9	0.0011484758078327056
-2.0730853538208917e-9	0.0011568107287340246
-2.0685619671445556e-9	0.0011652831632996128
-2.0664334627051862e-9	0.0011738858400469634
-2.0651390461534636e-9	0.0011826187470891124
-2.0642147187277526e-9	0.0011914836583887766
-2.0634813144404518e-9	0.0012004830043085455
-2.0628568329073006e-9	0.001209619535650937
-2.062313013112549e-9	0.0012188961985090327
-2.061831561028793e-9	0.0012283160781223583
-2.0614156682252638e-9	0.0012378823666670145
-2.0610914092888954e-9	0.0012475983354884891
-2.0608994075022035e-9	0.001257467296627506
-2.06094514501598e-9	0.0012674925295247854
-2.0614637379401393e-9	0.0012776771126999614
-2.0630646656860654e-9	0.0012880234678102518
-2.067813167849764e-9	0.0012985318222909885
-2.0863275540794482e-9	0.0013091927487951546
-2.2778494171205035e-9	0.0013199074811664209
-2.280948255029003e-9	0.0013314683901776837
-2.0859659668526212e-9	0.0013425519330502265
-2.06559176814114e-9	0.0013539500078525268
-2.0593135744151336e-9	0.0013655648026075484
-2.0562979040683606e-9	0.0013773878297879067
-2.0544164301361523e-9	0.0013894205481290835
-2.053035746202303e-9	0.0014016669182098055
-2.0519109255823232e-9	0.00141413186940588
-2.0509300073578986e-9	0.001426820846754628
-2.050054548297098e-9	0.001439739644842454
-2.0492598468091483e-9	0.0014528943356954779
-2.0485508796352916e-9	0.0014662912292108291
-2.0479648628835e-9	0.0014799368393199042
-2.0475597146130122e-9	0.0014938378346019186
-2.047487340922638e-9	0.0015080009388763384
-2.04808295944936e-9	0.0015224326952111155
-2.0502214362505547e-9	0.0015371388161208672
-2.056866226612941e-9	0.0015521219769153768
-2.083274248193545e-9	0.0015673710796044417
-2.3585352213806312e-9	0.001582746488999338
-2.363890080259168e-9	0.0015993919263513389
-2.082649264933956e-9	0.0016154046899506237
-2.053026094367416e-9	0.001631927917896214
-2.043734608331294e-9	0.0016488240923593215
-2.039145493576422e-9	0.0016660844451349105
-2.036184606757363e-9	0.001683714725816895
-2.033936394896241e-9	0.0017017244984070775
-2.032046055294723e-9	0.0017201249481933
-2.0303510295305307e-9	0.0017389282441581473
-2.0287958512943406e-9	0.001758147315511857
-2.0273448864627232e-9	0.0017777957644006471
-2.026006340971609e-9	0.0017978878260830897
-2.0248376979448147e-9	0.00181843833741065
-2.0239283849088354e-9	0.0018394626815624116
-2.02351262678091e-9	0.0018609766557865315
-2.0241096274742356e-9	0.0018829961272775943
-2.0270765254626344e-9	0.0019055360442870994
-2.037021358169966e-9	0.0019286070165099802
-2.0777055030618554e-9	0.0019521985681090726
-2.506605238017379e-9	0.001976099771863869
-2.5170638930038793e-9	0.002002105584962431
-2.0764844185450217e-9	0.0020272517996181598
-2.029515870521914e-9	0.0020533330749011283
-2.014389541615813e-9	0.002080144307186373
-2.0066136736607287e-9	0.002107682119407411
-2.0013616764014143e-9	0.0021359665540463084
-1.997192805097692e-9	0.0021650244165422527
-1.9935474108723205e-9	0.0021948859157554725
-1.9901669724431415e-9	0.0022255837400587454
-1.9869635143054954e-9	0.0022571527867024563
-1.983879475758732e-9	0.0022896301105788416
-1.9809296084194463e-9	0.0023230549537745972
-1.978211653874684e-9	0.002357468793819095
-1.975880103050054e-9	0.00239291535742789
-1.974340432508992e-9	0.002429440507473806
-1.974499883627967e-9	0.002467091765318432
-1.9787415329819424e-9	0.0025059167005919425
-1.995187163222889e-9	0.002545957014355717
-2.0658525347549975e-9	0.0025872189373982433
-2.824899219533439e-9	0.0026293542876330953
-2.8496916148590403e-9	0.002675584112381186
-2.0629567685226393e-9	0.0027206715137274183
-1.977369169681165e-9	0.002767841145250285
-1.948578855215377e-9	0.0028167673108289936
-1.932822319017369e-9	0.002867486232462028
-1.9214442425474766e-9	0.002920079790382648
-1.9118467337098102e-9	0.0029746463711060552
-1.9030082820392647e-9	0.0030312953955353543
-1.8944478799853836e-9	0.0030901462380559246
-1.8859946452676193e-9	0.0031513283781591604
-1.8775314216457064e-9	0.0032149820229277672
-1.869078301902638e-9	0.003281258963587437
-1.8608235934469698e-9	0.0033503235638400217
-1.85308202717005e-9	0.003422353787107283
-1.8467040967806715e-9	0.0034975420799215804
-1.8436417051237443e-9	0.00357609560276007
-1.849106361029307e-9	0.0036582341101644347
-1.881035203077364e-9	0.0037441783693255687
-2.0329260070450773e-9	0.00383408551565951
-3.725666201503941e-9	0.00392733247424672
-3.809354962980294e-9	0.004031352552014945
-2.023137455875457e-9	0.0041345715073061754
-1.8206373818718813e-9	0.004244476579553542
-1.7464327161598182e-9	0.004360605243055218
-1.7009694552205802e-9	0.00448334573293263
-1.664336113060827e-9	0.004613233119483512
-1.6304076253637058e-9	0.004750891206283715
-1.5966326518346286e-9	0.004897029111871871
-1.5616635354154253e-9	0.005052449521873411
-1.524863373697505e-9	0.0052180619353416734
-1.4856675367158623e-9	0.005394899729473199
-1.443834657638421e-9	0.0055841411908336865
-1.399581059269295e-9	0.005787135142845329
-1.3535220472704613e-9	0.006005432027547974
-1.3080473537319116e-9	0.006240821283012725
-1.2695112383664943e-9	0.00649537505720205
-1.2564188040797842e-9	0.006771494247492351
-1.3357770003163962e-9	0.007071932163118179
-1.868139254629364e-9	0.007399626115892124
-8.463980960704555e-9	0.007754934197761832
-9.134119905684912e-9	0.008171210227999805
-1.7891648948775707e-9	0.00860667744838746
-8.41021519537577e-10	0.009096961169111767
-3.9564388862878275e-10	0.009647561240603588
-3.501239627112796e-11	0.010269520672700271
3.354282214818039e-10	0.010977412117253268
7.574207691485314e-10	0.011790248319809528
1.26455568905115e-9	0.012733168960240834
1.8959139256535806e-9	0.013840074610575352
2.7034596943475986e-9	0.015157784590960203
3.766468207871965e-9	0.016752826151562893
5.2088113581705286e-9	0.01872301475289944
7.234195338162719e-9	0.021218289364431767
1.0203817691994966e-8	0.02448075233144065
1.478776443427088e-8	0.028928301886362976
2.232736665579438e-8	0.0353494591396071
3.5637700012963735e-8	0.045430740673177226
5.927177118113525e-8	0.06354021885065604
4.418119686355748e-8	0.10552459983752047
-1.0710918849104668e-5	0.3038295718056075
-1.0710918849104668e-5	-0.3038295718056075
4.418119686355748e-8	-0.10552459983752047
5.927177118113525e-8	-0.06354021885065604
3.5637700012963735e-8	-0.045430740673177226
2.232736665579438e-8	-0.0353494591396071
1.478776443427088e-8	-0.028928301886362976
1.0203817691994966e-8	-0.02448075233144065
7.234195338162719e-9	-0.021218289364431767
5.2088113581705286e-9	-0.01872301475289944
3.766468207871965e-9	-0.016752826151562893
2.7034596943475986e-9	-0.015157784590960203
1.8959139256535806e-9	-0.013840074610575352
1.26455568905115e-9	-0.012733168960240834
7.574207691485314e-10	-0.011790248319809528
3.354282214818039e-10	-0.010977412117253268
-3.501239627112796e-11	-0.010269520672700271
-3.9564388862878275e-10	-0.009647561240603588
-8.41021519537577e-10	-0.009096961169111767
-1.7891648948775707e-9	-0.00860667744838746
-9.134119905684912e-9	-0.008171210227999805
-8.463980960704555e-9	-0.007754934197761832
-1.868139254629364e-9	-0.007399626115892124
-1.3357770003163962e-9	-0.007071932163118179
-1.2564188040797842e-9	-0.006771494247492351
-1.2695112383664943e-9	-0.00649537505720205
-1.3080473537319116e-9	-0.006240821283012725
-1.3535220472704613e-9	-0.006005432027547974
-1.399581059269295e-9	-0.005787135142845329
-1.443834657638421e-9	-0.0055841411908336865
-1.4856675367158623e-9	-0.005394899729473199
-1.524863373697505e-9	-0.0052180619353416734
-1.5616635354154253e-9	-0.005052449521873411
-1.5966326518346286e-9	-0.004897029111871871
-1.6304076253637058e-9	-0.004750891206283715
-1.664336113060827e-9	-0.004613233119483512
-1.7009694552205802e-9	-0.00448334573293263
-1.7464327161598182e-9	-0.004360605243055218
-1.8206373818718813e-9	-0.004244476579553542
-2.023137455875457e-9	-0.0041345715073061754
-3.809354962980294e-9	-0.004031352552014945
-3.725666201503941e-9	-0.00392733247424672
-2.0329260070450773e-9	-0.00383408551565951
-1.881035203077364e-9	-0.0037441783693255687
-1.849106361029307e-9	-0.0036582341101644347
-1.8436417051237443e-9	-0.00357609560276007
-1.8467040967806715e-9	-0.0034975420799215804
-1.85308202717005e-9	-0.003422353787107283
-1.8608235934469698e-9	-0.0033503235638400217
-1.869078301902638e-9	-0.003281258963587437
-1.8775314216457064e-9	-0.0032149820229277672
-1.8859946452676193e-9	-0.0031513283781591604
-1.8944478799853836e-9	-0.0030901462380559246
-1.9030082820392647e-9	-0.0030312953955353543
-1.9118467337098102e-9	-0.0029746463711060552
-1.9214442425474766e-9	-0.002920079790382648
-1.932822319017369e-9	-0.002867486232462028
-1.948578855215377e-9	-0.0028167673108289936
-1.977369169681165e-9	-0.002767841145250285
-2.0629567685226393e-9	-0.0027206715137274183
-2.8496916148590403e-9	-0.002675584112381186
-2.824899219533439e-9	-0.0026293542876330953
-2.0658525347549975e-9	-0.0025872189373982433
-1.995187163222889e-9	-0.002545957014355717
-1.9787415329819424e-9	-0.0025059167005919425
-1.974499883627967e-9	-0.002467091765318432
-1.974340432508992e-9	-0.002429440507473806
-1.975880103050054e-9	-0.00239291535742789
-1.978211653874684e-9	-0.002357468793819095
-1.9809296084194463e-9	-0.0023230549537745972
-1.983879475758732e-9	-0.0022896301105788416
-1.9869635143054954e-9	-0.0022571527867024563
-1.9901669724431415e-9	-0.0022255837400587454
-1.9935474108723205e-9	-0.0021948859157554725
-1.997192805097692e-9	-0.0021650244165422527
-2.0013616764014143e-9	-0.0021359665540463084
-2.0066136736607287e-9	-0.002107682119407411
-2.014389541615813e-9	-0.002080144307186373
-2.029515870521914e-9	-0.0020533330749011283
-2.0764844185450217e-9	-0.0020272517996181598
-2.5170638930038793e-9	-0.002002105584962431
-2.506605238017379e-9	-0.001976099771863869
-2.0777055030618554e-9	-0.0019521985681090726
-2.037021358169966e-9	-0.0019286070165099802
-2.0270765254626344e-9	-0.0019055360442870994
-2.0241096274742356e-9	-0.0018829961272775943
-2.02351262678091e-9	-0.0018609766557865315
-2.0239283849088354e-9	-0.0018394626815624116
-2.0248376979448147e-9	-0.00181843833741065
-2.026006340971609e-9	-0.0017978878260830897
-2.0273448864627232e-9	-0.0017777957644006471
-2.0287958512943406e-9	-0.001758147315511857
-2.0303510295305307e-9	-0.0017389282441581473
-2.032046055294723e-9	-0.0017201249481933
-2.033936394896241e-9	-0.0017017244984070775
-2.036184606757363e-9	-0.001683714725816895
-2.039145493576422e-9	-0.0016660844451349105
-2.043734608331294e-9	-0.0016488240923593215
-2.053026094367416e-9	-0.001631927917896214
-2.082649264933956e-9	-0.0016154046899506237
-2.363890080259168e-9	-0.0015993919263513389
-2.3585352213806312e-9	-0.001582746488999338
-2.083274248193545e-9	-0.0015673710796044417
-2.056866226612941e-9	-0.0015521219769153768
-2.0502214362505547e-9	-0.0015371388161208672
-2.04808295944936e-9	-0.0015224326952111155
-2.047487340922638e-9	-0.0015080009388763384
-2.0475597146130122e-9	-0.0014938378346019186
-2.0479648628835e-9	-0.0014799368393199042
-2.0485508796352916e-9	-0.0014662912292108291
-2.0492598468091483e-9	-0.0014528943356954779
-2.050054548297098e-9	-0.001439739644842454
-2.0509300073578986e-9	-0.001426820846754628
-2.0519109255823232e-9	-0.00141413186940588
-2.053035746202303e-9	-0.0014016669182098055
-2.0544164301361523e-9	-0.0013894205481290835
-2.0562979040683606e-9	-0.0013773878297879067
-2.0593135744151336e-9	-0.0013655648026075484
-2.06559176814114e-9	-0.0013539500078525268
-2.0859659668526212e-9	-0.0013425519330502265
-2.280948255029003e-9	-0.0013314683901776837
-2.2778494171205035e-9	-0.0013199074811664209
-2.0863275540794482e-9	-0.0013091927487951546
-2.067813167849764e-9	-0.0012985318222909885
-2.0630646656860654e-9	-0.0012880234678102518
-2.0614637379401393e-9	-0.0012776771126999614
-2.06094514501598e-9	-0.0012674925295247854
-2.0608994075022035e-9	-0.001257467296627506
-2.0610914092888954e-9	-0.0012475983354884891
-2.0614156682252638e-9	-0.0012378823666670145
-2.061831561028793e-9	-0.0012283160781223583
-2.062313013112549e-9	-0.0012188961985090327
-2.0628568329073006e-9	-0.001209619535650937
-2.0634813144404518e-9	-0.0012004830043085455
-2.0642147187277526e-9	-0.0011914836583887766
-2.0651390461534636e-9	-0.0011826187470891124
-2.0664334627051862e-9	-0.0011738858400469634
-2.0685619671445556e-9	-0.0011652831632996128
-2.0730853538208917e-9	-0.0011568107287340246
-2.0879526909822755e-9	-0.0011484758078327056
-2.2310451630591646e-9	-0.0011403512789355823
-2.229093835970364e-9	-0.0011318561390648277
-2.0881803812988764e-9	-0.0011239638530835326
-2.0744839296316097e-9	-0.001116093069007051
-2.070923158831173e-9	-0.0011083171632209677
-2.0696839036105088e-9	-0.0011006438443298234
-2.069245860897295e-9	-0.001093073692462211
-2.0691589718624394e-9	-0.0010856056424336522
-2.069250624270325e-9	-0.0010782381149782982
-2.069442488794593e-9	-0.0010709693533408418
-2.0697046251239028e-9	-0.0010637975484899351
-2.070017877081609e-9	-0.0010567208944816553
-2.0703807892985538e-9	-0.0010497376182611441
-2.0708060655627582e-9	-0.001042846001711349
-2.0713165730490424e-9	-0.001036044407287577
-2.0719743175134922e-9	-0.0010293313220416198
-2.0729163319799237e-9	-0.001022705454503891
-2.0744972690833754e-9	-0.0010161659929913257
-2.077910221909285e-9	-0.0010097134715691945
-2.08923609957834e-9	-0.0010033539631040215
-2.1987071851858885e-9	-0.0009971437703475098
-2.1973998805435716e-9	-0.0009906384158503412
-2.0893886802264563e-9	-0.0009845838029365658
-2.0788470964150373e-9	-0.0009785351980383526
-2.0760785371998214e-9	-0.0009725491928775474
-2.075092919667787e-9	-0.0009666320859859418
-2.0747235729812185e-9	-0.0009607847022625978
-2.0746253769299283e-9	-0.0009550065920963322
-2.0746658793036054e-9	-0.000949296898217415
-2.0747847876867454e-9	-0.0009436546140664787
-2.074959215875305e-9	-0.0009380786802933628
-2.0751744903513283e-9	-0.000932568027775309
-2.0754290834867906e-9	-0.0009271216010944272
-2.075734187007017e-9	-0.0009217383761667244
-2.0761071264141506e-9	-0.0009164173808259017
-2.076597035594041e-9	-0.0009111577299962602
-2.0773120208372743e-9	-0.0009059587026586746
-2.0785317717375575e-9	-0.0009008199464025515
-2.081198203601753e-9	-0.0008957421622306507
-2.0901128194861232e-9	-0.0008907304189837673
-2.1765628830161534e-9	-0.0008858294787591458
-2.1756448023602106e-9	-0.0008806883068002739
-2.090219907918689e-9	-0.0008758966329617641
-2.081855993374404e-9	-0.0008711032318655152
-2.07964210625633e-9	-0.0008663530470572463
-2.0788402183336e-9	-0.0008616512735566904
-2.0785269787826354e-9	-0.000856998773440954
-2.078429508883817e-9	-0.0008523953944409304
-2.078442649855461e-9	-0.0008478406552606361
-2.078518553982889e-9	-0.000843333950036873
-2.07863958908705e-9	-0.0008388746248799811
-2.0787937732857922e-9	-0.0008344620121615563
-2.0789802021858875e-9	-0.000830095449386675
-2.079207732402777e-9	-0.0008257742935075825
-2.0794906168908333e-9	-0.0008214979377108881
-2.0798685730072377e-9	-0.0008172658400655659
-2.080429000644868e-9	-0.0008130775860494128
-2.0813983192202733e-9	-0.000808933054455721
-2.0835388086504204e-9	-0.0008048329724259315
-2.0907380468782046e-9	-0.0008007816011478711
-2.160738207956925e-9	-0.0007968153604455715
-2.1600689002476695e-9	-0.0007926499762064733
-2.090816263228268e-9	-0.0007887633894815532
-2.084018371883989e-9	-0.0007848711815940626
-2.0822076480075945e-9	-0.0007810098934345381
-2.0815427277109946e-9	-0.0007771838613375696
-2.0812750069820753e-9	-0.000773393907373417
-2.0811827964095643e-9	-0.0007696400280520877
-2.0811809617382607e-9	-0.0007659219496834027
-2.0812304950768026e-9	-0.0007622392941610467
-2.0813172101397106e-9	-0.0007585916411155196
-2.0814312972405883e-9	-0.0007549785558429866
-2.081572408463295e-9	-0.0007513996047653463
-2.0817475518908338e-9	-0.0007478543672423519
-2.0819686275486138e-9	-0.0007443424494833729
-2.082268444825175e-9	-0.000740863508290175
-2.0827191426431302e-9	-0.0007374173028229435
-2.0835075607239516e-9	-0.0007340038318340446
-2.085263967649409e-9	-0.0007306237926008104
-2.0911996008232683e-9	-0.000727280801322581
-2.149038837084838e-9	-0.0007240050589153706
-2.1485356854089587e-9	-0.0007205616449321415
-2.091258422820541e-9	-0.0007173457470465293
-2.0856242351541265e-9	-0.0007141223330857983
-2.084115809680709e-9	-0.0007109216886948042
-2.083555706433593e-9	-0.0007077474771769884
-2.0833248962681686e-9	-0.0007046004546369905
-2.0832392613301386e-9	-0.0007014806926219927
-2.083229040017454e-9	-0.0006983880372768581
-2.0832620721555897e-9	-0.000695322246463309
-2.083325693941207e-9	-0.0006922830412142919
-2.083412747738711e-9	-0.0006892701289053619
-2.08352217386798e-9	-0.000686283216134074
-2.083660715518354e-9	-0.0006833220186142021
-2.0838377704446297e-9	-0.0006803862728750578
-2.084081000425231e-9	-0.000677475756242996
-2.0844510757234146e-9	-0.0006745903303870023
-2.085105129295828e-9	-0.0006717300567109423
-2.08657183358163e-9	-0.0006688955821531822
-2.091550104904583e-9	-0.0006660900056284435
-2.1401453145442063e-9	-0.0006633387716729764
-2.1397584468951792e-9	-0.0006604444738341197
-2.0915953074518433e-9	-0.000657739334981715
-2.086849422749948e-9	-0.0006550258607825011
-2.085573340165903e-9	-0.0006523295573863064
-2.0850954467299676e-9	-0.0006496535545108662
-2.084894325260489e-9	-0.0006469985370929313
-2.0848161600695027e-9	-0.0006443646134480413
-2.0848013980667715e-9	-0.0006417517012333355
-2.084823052594942e-9	-0.0006391596427384334
-2.084871018154244e-9	-0.0006365882481779828
-2.08493865456183e-9	-0.000634037315216652
-2.0850256770010844e-9	-0.0006315066398561979
-2.0851373169483712e-9	-0.000628996024836236
-2.0852819841876703e-9	-0.0006265052896009609
-2.0854831028815915e-9	-0.0006240342873390197
-2.085792333156311e-9	-0.0006215829421164334
-2.0863435056417415e-9	-0.0006191513472537611
-2.087587021964987e-9	-0.0006167400941930353
-2.091822384975295e-9	-0.0006143518634441333
-2.1332285682573725e-9	-0.0006120083822414854
-2.1329240280199005e-9	-0.0006095414248942993
-2.091857921515672e-9	-0.0006072341984718261
-2.0878052363504373e-9	-0.0006049184070466747
-2.0867118418033125e-9	-0.0006026158240808375
-2.0862991197134753e-9	-0.0006003291509589757
-2.086122809713542e-9	-0.0005980590045348265
-2.0860515050014073e-9	-0.000595805509424525
-2.0860342753115102e-9	-0.0005935686269970981
-2.0860481974860344e-9	-0.0005913482536649979
-2.086085285679662e-9	-0.0005891442578117712
-2.086138936618909e-9	-0.0005869564964632177
-2.0862097078633293e-9	-0.0005847848246093272
-2.0863009764948705e-9	-0.0005826291024208164
-2.0864212505411485e-9	-0.000580489203836441
-2.0865900952016237e-9	-0.0005783650312646926
-2.0868521685035724e-9	-0.000576256547619462
-2.087323100796734e-9	-0.0005741638611875158
-2.0883907615953933e-9	-0.0005720875093115682
-2.0920381176292582e-9	-0.0005700298307198304
-2.127742542645805e-9	-0.0005680095933186958
-2.1274986236941018e-9	-0.0005658817168348496
-2.0920666242596477e-9	-0.0005638905068595892
-2.088565578617363e-9	-0.000561890826175423
-2.0876179468498626e-9	-0.0005599014782822969
-2.087258010413651e-9	-0.0005579248164925166
-2.0871023337254434e-9	-0.0005559613956530264
-2.087037175069195e-9	-0.000554011345551028
-2.087018978969013e-9	-0.0005520746546932128
-2.0870278897522357e-9	-0.0005501512551004959
-2.0870563754327165e-9	-0.0005482410541755085
-2.0870998062694214e-9	-0.0005463439491053271
-2.0871576501990674e-9	-0.0005444598349266777
-2.0872341463307187e-9	-0.0005425886107919977
-2.087335490347231e-9	-0.000540730187444859
-2.087479310758367e-9	-0.0005388845000293546
-2.0877043869493853e-9	-0.0005370515360120042
-2.0881112046233777e-9	-0.0005352314091439423
-2.0890380414528844e-9	-0.0005334246066880386
-2.092212093296464e-9	-0.000531633185366046
-2.1233183228996924e-9	-0.0005298735193670574
-2.1231191607684607e-9	-0.000528019195431867
-2.0922350684293713e-9	-0.0005262831296784103
-2.0891801609579375e-9	-0.0005245388620802661
-2.08835069033797e-9	-0.0005228027948379087
-2.088034078445711e-9	-0.0005210769951331907
-2.087895576974308e-9	-0.0005193619625973195
-2.08783641151844e-9	-0.0005176578261308307
-2.0878178852989926e-9	-0.0005159645912059121
-2.0878231989818198e-9	-0.0005142822137697903
-2.087845575582392e-9	-0.0005126106280259048
-2.0878810723157228e-9	-0.0005109497589992166
-2.087929437860625e-9	-0.0005092995295844066
-2.0879940172746637e-9	-0.0005076598660349366
-2.0880804817657863e-9	-0.0005060307045290546
-2.0882042953418445e-9	-0.0005044120024291373
-2.0883981194264047e-9	-0.0005028037628366844
-2.088754637907808e-9	-0.0005012060996171751
-2.0895666828724123e-9	-0.0004996194548077455
-2.0923541333150997e-9	-0.0004980456501793594
-2.1196986735638747e-9	-0.0004964990966710828
-2.1195352984615392e-9	-0.0004948686549586259
-2.0923732045097234e-9	-0.0004933415473547431
-2.0896837002015724e-9	-0.0004918065956903182
-2.088952087375695e-9	-0.0004902782333553788
-2.088671419669952e-9	-0.0004887582898010111
-2.088547390716178e-9	-0.00048724721599224384
-2.0884930288234127e-9	-0.00048574513671193023
-2.088474869482715e-9	-0.0004842520680078009
-2.088477595640903e-9	-0.0004827679821775934
-2.088495386398659e-9	-0.00048129283220503104
-2.088524951698867e-9	-0.000479826562817651
-2.0885658420011224e-9	-0.00047836911669805744
-2.0886211595516623e-9	-0.00047692043933262647
-2.08869556095892e-9	-0.0004754804848227318
-2.0888032491783725e-9	-0.00047404922585984405
-2.0889743135688034e-9	-0.00047262667548579986
-2.0892867730493147e-9	-0.0004712129447280108
-2.090004042715199e-9	-0.00046980843525209175
-2.0924719089709943e-9	-0.00046841477129588
-2.116699635634767e-9	-0.00046704473386504985
-2.1165634840003556e-9	-0.0004655998398181979
-2.0924878131711735e-9	-0.0004642460144877447
-2.0901018795815853e-9	-0.00046288474213025714
-2.0894513502567325e-9	-0.00046152882203540026
-2.089200883986786e-9	-0.0004601798841919435
-2.0890894011083018e-9	-0.0004588383368459461
-2.0890394689832006e-9	-0.0004575042990357407
-2.089021483253628e-9	-0.00045617779329437306
-2.0890225629399684e-9	-0.00045485880324144497
-2.0890370464154984e-9	-0.0004535472952468417
-2.089062026650046e-9	-0.000452243228235057
-2.089096521984413e-9	-0.00045094655920106477
-2.089143381128755e-9	-0.00044965724752361603
-2.0892091558144533e-9	-0.0004483752601472996
-2.0893037259828165e-9	-0.0004471005804772092
-2.0894546120253655e-9	-0.0004458332278006716
-2.0897319662926963e-9	-0.0004445733087209664
-2.090370412821674e-9	-0.0004433211890796786
-2.0925702879037723e-9	-0.00044207832562143064
-2.1141873061569784e-9	-0.00044085613147146864
-2.11407238817074e-9	-0.00043956672776705307
-2.0925837988572394e-9	-0.000438358190969911
-2.0904527021525787e-9	-0.00043714261459953675
-2.0898705509753147e-9	-0.00043593142687809507
-2.0896456274899224e-9	-0.0004347260889354864
-2.0895445362545396e-9	-0.00043352697154487276
-2.089498886626018e-9	-0.0004323341872909456
-2.0894817271743806e-9	-0.0004311477625365339
-2.0894813052618755e-9	-0.00042996768881943705
-2.0894929168124853e-9	-0.000428793942188249
-2.0895139556942333e-9	-0.00042762649195762754
-2.0895438541890244e-9	-0.0004264653056390774
-2.0895854573377284e-9	-0.00042531035280285895
-2.089642459102148e-9	-0.00042416160972433617
-2.0897259139673888e-9	-0.0004230190673724125
-2.0898605185393218e-9	-0.00042188274884520985
-2.090108011232328e-9	-0.00042075275555642703
-2.0906800708375698e-9	-0.00041962942161485954
-2.0926539768817422e-9	-0.00041851406062476377
-2.112061844328217e-9	-0.00041741692666604727
-2.1119637561128893e-9	-0.0004162591140501569
-2.0926651741026704e-9	-0.0004151735924708998
-2.09074998745451e-9	-0.00041408143264729614
-2.0902260105370995e-9	-0.00041299290127461933
-2.0900226086195684e-9	-0.0004119093153562879
-2.0899307998867303e-9	-0.00041083101275329366
-2.0898888506759585e-9	-0.00040975809941424965
-2.0898723035345236e-9	-0.0004086906037908633
-2.08987116827597e-9	-0.000407628522993466
-2.089880573580283e-9	-0.00040657184015524815
-2.0898983560446727e-9	-0.00040552053229813345
-2.0899244371097582e-9	-0.0004044745747674223
-2.0899609090130335e-9	-0.0004034339447101164
-2.090011422439808e-9	-0.0004023986252641934
-2.0900860205286253e-9	-0.00040136861277342606
-2.0902061545424735e-9	-0.0004003439325260928
-2.09042875788934e-9	-0.00039932468046307825
-2.0909439770622207e-9	-0.00039831116257698203
-2.092724822205794e-9	-0.0003973045692586382
-2.110246766440227e-9	-0.0003963141639905648
-2.1101631282105517e-9	-0.0003952687013446644
-2.092734763448068e-9	-0.0003942882521926791
-2.091004590748513e-9	-0.0003933015507975801
-2.09052981327007e-9	-0.000392317871297813
-2.0903452792486735e-9	-0.0003913384067562583
-2.09026139501578e-9	-0.0003903634660597461
-2.0902225754737547e-9	-0.0003893931486339543
-2.090207109151088e-9	-0.0003884274838735098
-2.0902050563265106e-9	-0.0003874664728206066
-2.090212787619894e-9	-0.0003865101038466393
-2.0902281807955173e-9	-0.00038555835975919334
-2.0902507669728898e-9	-0.00038461122180919783
-2.090282976352498e-9	-0.0003836686728421077
-2.090328054271673e-9	-0.0003827307010954942
-2.0903950257278315e-9	-0.0003817973067431619
-2.090503321328097e-9	-0.0003808685161811737
-2.0907042111106833e-9	-0.0003799444198747431
-2.0911709585957894e-9	-0.00037902529887047726
-2.0927860132857748e-9	-0.000378112236785396
-2.108685543811273e-9	-0.0003772136438691273
-2.108613204798715e-9	-0.000376264866249095
-2.0927944721915725e-9	-0.0003753748737557797
-2.0912226631197853e-9	-0.0003744789949146125
-2.090791510228618e-9	-0.00037358564905964897
-2.0906234344642004e-9	-0.0003726959219360458
-2.090546669442084e-9	-0.0003718100968509355
-2.0905105858781693e-9	-0.000370928266980416
-2.0904953179357034e-9	-0.00037005046190541525
-2.090493191692078e-9	-0.0003691766854428148
-2.090500064055867e-9	-0.0003683069298665271
-2.0905129026305147e-9	-0.0003674411823706014
-2.090532910159482e-9	-0.00036657942870655383
-2.0905616818611695e-9	-0.000365721656049152
-2.0906022208722063e-9	-0.00036486785645564415
-2.090662127818277e-9	-0.00036401803283111047
-2.0907603276221212e-9	-0.0003631722119507041
-2.090943018512315e-9	-0.00036233047896484566
-2.09136766242124e-9	-0.00036149309273730216
-2.092838867195912e-9	-0.0003606610437873948
-2.1073324106835045e-9	-0.0003598420022512202
-2.10726948648432e-9	-0.0003589770270653293
-2.0928463926817023e-9	-0.0003581654656276792
-2.0914125719861955e-9	-0.00035734836151909776
-2.0910187294664875e-9	-0.0003565333926875912
-2.0908648807327346e-9	-0.00035572155136760086
-2.0907939181635805e-9	-0.00035491309820829517
-2.0907614143195196e-9	-0.0003541081204920501
-2.0907466949326992e-9	-0.00035330664749235705
-2.0907430594852006e-9	-0.0003525086849654191
-2.0907489036881003e-9	-0.0003517142281163834
-2.090760752571086e-9	-0.0003509232674967762
-2.0907786117851934e-9	-0.0003501357923165292
-2.0908041891365414e-9	-0.0003493517930685494
-2.0908402225128245e-9	-0.0003485712646906231
-2.090894898088003e-9	-0.0003477942120262412
-2.0909840429461646e-9	-0.0003470206617433149
-2.091150837624234e-9	-0.00034625069392589124
-2.091538834464446e-9	-0.0003454845476615826
-2.0928851348189783e-9	-0.00034472313183137255
-2.106152147662854e-9	-0.00034397347045403204
-2.1060971614028646e-9	-0.00034318160607231063
-2.0928917790097315e-9	-0.0003424384908950713
-2.0915784814556917e-9	-0.00034169015399240185
-2.091217244948318e-9	-0.0003409436261504132
-2.091075642457474e-9	-0.0003401998176482522
-2.0910105187510467e-9	-0.0003394589689971315
-2.0909794698209527e-9	-0.00033872116197405905
-2.0909659798840075e-9	-0.00033798642522847453
-2.0909632479859664e-9	-0.00033725476585397057
-2.0909672607705155e-9	-0.00033652618126992433
-2.090977660546001e-9	-0.0003358006646100707
-2.0909933385326875e-9	-0.000335078207767712
-2.091016305683091e-9	-0.0003343588037985898
-2.09104937088922e-9	-0.0003336424498228771
-2.091099075191005e-9	-0.0003329291520453639
-2.0911805001522235e-9	-0.00033221893670653456
-2.0913330007865662e-9	-0.0003315118791139442
-2.091689162797561e-9	-0.0003308082006753015
-2.0929257661561617e-9	-0.00033010873830505654
-2.105116682504793e-9	-0.00032941994864756687
-2.10506798741239e-9	-0.00032869224768006136
-2.0929314629380968e-9	-0.00032800921953196735
-2.0917235161233005e-9	-0.00032732126829519367
-2.0913916669196286e-9	-0.0003266348565191676
-2.091261063286165e-9	-0.00032595082226684086
-2.0912002314299463e-9	-0.0003252693880934695
-2.09117170321127e-9	-0.0003245906306630757
-2.091158916373015e-9	-0.00032391457779980845
-2.091155612515827e-9	-0.00032324123750241296
-2.0911592408134895e-9	-0.00032257060886196854
-2.09116863196801e-9	-0.00032190268701808846
-2.0911825373615134e-9	-0.00032123746595717534
-2.091203699761124e-9	-0.0003205749407250412
-2.0912334472489303e-9	-0.00031991511010291874
-2.091278817778486e-9	-0.0003192579812344783
-2.0913533808286646e-9	-0.00031860357972428885
-2.091493730721483e-9	-0.0003179519764103032
-2.091821708710695e-9	-0.00031730337684847615
-2.0929614943043795e-9	-0.00031665855420207333
-2.104202756669782e-9	-0.00031602346419990813
-2.104159977012188e-9	-0.000315352381781207
-2.0929665498159447e-9	-0.0003147223891573767
-2.0918523344015672e-9	-0.00031408775073308264
-2.0915455458569986e-9	-0.00031345442741832346
-2.091424568195777e-9	-0.00031282319333032185
-2.0913686558543534e-9	-0.00031219425495820593
-2.0913414450041136e-9	-0.00031156768423494204
-2.0913294388802407e-9	-0.0003109435080420215
-2.091326289133111e-9	-0.00031032173496405285
-2.0913291863100535e-9	-0.000309702365358821
-2.0913371700070905e-9	-0.0003090853959289027
-2.091349943716958e-9	-0.0003084708223043595
-2.0913689265267265e-9	-0.00030785864108574525
-2.091396473108409e-9	-0.0003072488523204164
-2.0914379431080657e-9	-0.0003066414637779946
-2.091506603757454e-9	-0.00030603650029822823
-2.091636168199962e-9	-0.00030543402855616735
-2.0919391238827245e-9	-0.00030483423985352824
-2.0929925544532768e-9	-0.00030423785062127536
-2.103392534591464e-9	-0.00030365037215333737
-2.1033545321014204e-9	-0.00030302950152286833
-2.0929977337602602e-9	-0.0003024465545712934
-2.09196641948739e-9	-0.00030185921898873803
-2.091682039656595e-9	-0.0003012730106427894
-2.091570093065709e-9	-0.00030068864676477565
-2.0915180992953088e-9	-0.00030010631941822713
-2.091492508421444e-9	-0.00029952609617169885
-2.091481057325817e-9	-0.00029894800289964135
-2.091477690913113e-9	-0.00029837204854009673
-2.0914801642235583e-9	-0.00029779823440853934
-2.0914871088795197e-9	-0.0002972265584313028
-2.0914989377507353e-9	-0.0002966570175357457
-2.0915162014467636e-9	-0.00029608960954120845
-2.091541325649482e-9	-0.00029552433545891875
-2.0915795413523067e-9	-0.0002949612034560297
-2.0916430338802084e-9	-0.0002944002375307078
-2.0917629267591666e-9	-0.0002938415004918095
-2.0920436353377704e-9	-0.00029328517078639307
-2.0930216449333016e-9	-0.0002927319141456937
-2.102670890224978e-9	-0.00029218684573513085
-2.1026363827614247e-9	-0.00029161071145944917
-2.093025333782528e-9	-0.0002910696894463621
-2.0920680122826775e-9	-0.0002905245172103285
-2.0918041584216952e-9	-0.00028998031397402366
-2.0916995830289054e-9	-0.0002894377461436923
-2.0916510863666638e-9	-0.000288896992795327
-2.0916270776494273e-9	-0.00028835811747018067
-2.091616258320661e-9	-0.00028782114501180514
-2.0916128597170404e-9	-0.00028728608453890847
-2.091614988136703e-9	-0.0002867529380912755
-2.091621462924076e-9	-0.000286221704555238
-2.091631914280523e-9	-0.00028569238188383975
-2.0916476748678025e-9	-0.0002851649688579277
-2.0916709204565897e-9	-0.00028463946721964264
-2.091706149176531e-9	-0.00028411588536394615
-2.0917650190577233e-9	-0.00028359424640816733
-2.0918763062760527e-9	-0.0002830746095775893
-2.0921373693361113e-9	-0.0002825571416930271
-2.093046711376667e-9	-0.00028204246299913337
-2.1020249562964112e-9	-0.00028153533408728547
-2.1019943485800496e-9	-0.00028099922877780745
-2.0930502528160313e-9	-0.0002804957279861239
-2.0921592009170986e-9	-0.0002799882979994245
-2.091913486906849e-9	-0.00027948170302362964
-2.0918155989091417e-9	-0.00027897656388271424
-2.091770168882734e-9	-0.0002784730479148893
-2.091747852100978e-9	-0.000277971214950616
-2.0917373746209834e-9	-0.0002774710888030021
-2.0917340958936937e-9	-0.00027697267864681903
-2.0917358673044898e-9	-0.00027647598706274576
-2.091741593668317e-9	-0.00027598101369292365
-2.091751102489825e-9	-0.000275487757306609
-2.09176584937687e-9	-0.00027499621744105557
-2.0917869288317183e-9	-0.0002745063963911944
-2.0918194823804638e-9	-0.00027401830265388866
-2.0918743067921408e-9	-0.0002735319584522716
-2.091978133261785e-9	-0.00027304741969348147
-2.0922213269713998e-9	-0.00027256484265308586
-2.093069481928778e-9	-0.000272084806615664
-2.101444551416698e-9	-0.00027161175354186725
-2.1014174020450584e-9	-0.00027111160776271145
-2.0930726384316145e-9	-0.0002706418202460104
-2.0922409663948208e-9	-0.0002701683085340295
-2.0920111484745706e-9	-0.0002696955178254891
-2.091920117158752e-9	-0.00026922402789566384
-2.091877074028581e-9	-0.0002687539954569798
-2.0918562863625478e-9	-0.00026828547691859766
-2.0918464329999777e-9	-0.0002678184950776592
-2.0918432168892665e-9	-0.0002673530590739101
-2.0918446458184638e-9	-0.00026688917188984554
-2.091849751734154e-9	-0.0002664268337606344
-2.0918587420870607e-9	-0.0002659660441064442
-2.091872021786623e-9	-0.0002655068030612805
-2.0918917540801995e-9	-0.00026504911333445803
-2.0919223489845873e-9	-0.0002645929834297872
-2.0919728289603425e-9	-0.000264138434685346
-2.0920696723825128e-9	-0.0002636855199299991
-2.0922969192094244e-9	-0.0002632343858540238
-2.0930896880766437e-9	-0.0002627855747291862
-2.100921807035583e-9	-0.00026234324113387904
-2.100897021883874e-9	-0.0002618755188769345
-2.093092634886107e-9	-0.0002614361350137767
-2.0923147065032845e-9	-0.00026099321721415855
-2.092099565192962e-9	-0.0002605509229675575
-2.092014268195719e-9	-0.0002601097949690018
-2.0919743772607193e-9	-0.00025966998027483567
-2.0919542508712752e-9	-0.00025923153213250674
-2.091944925547429e-9	-0.00025879447235873564
-2.091941583781676e-9	-0.0002583588099886738
-2.0919429094823364e-9	-0.0002579245482978224
-2.091947552845808e-9	-0.00025749168798917224
-2.091955624200503e-9	-0.00025706022900014364
-2.0919680935593823e-9	-0.00025663017193582456
-2.091986090635434e-9	-0.00025620151981130116
-2.092014595861391e-9	-0.00025577428107063547
-2.0920622621267703e-9	-0.00025534847618041576
-2.092152810523329e-9	-0.00025492415512152523
-2.0923655457139034e-9	-0.000254501455844334
-2.0931082691300066e-9	-0.0002540808870669627
-2.100448693020951e-9	-0.0002536663432797251
-2.1004262945822917e-9	-0.0002532279573418259
-2.0931109776467504e-9	-0.00025281608690552005
-2.0923814188111846e-9	-0.0002524008592585062
-2.0921797036999036e-9	-0.0002519861715199009
-2.0921000554396942e-9	-0.00025157253277376573
-2.092061875402784e-9	-0.0002511600812804743
-2.0920430360837908e-9	-0.0002507488673704121
-2.092034053591263e-9	-0.0002503389119119452
-2.092030845862736e-9	-0.00024993022378997097
-2.092031889094903e-9	-0.00024952280648763336
-2.0920360972731533e-9	-0.00024911666107452446
-2.0920436996196835e-9	-0.0002487117879011071
-2.092056411018284e-9	-0.000248308187940848
-2.092072192261263e-9	-0.00024790586443622196
-2.092098444889112e-9	-0.0002475048257137335
-2.0921431070686226e-9	-0.0002471050913986316
-2.0922277318369265e-9	-0.0002467067088304385
-2.0924274359679364e-9	-0.00024630980797241765
-2.0931250950928514e-9	-0.0002459148670323587
-2.1000191988918006e-9	-0.00024552554436063726
-2.099998467031128e-9	-0.0002451137873313372
-2.0931274389734965e-9	-0.0002447268951002158
-2.0924422291568325e-9	-0.000244336809973672
-2.0922523169486507e-9	-0.00024394719268140612
-2.0921770540194286e-9	-0.0002435585217499776
-2.0921414359553746e-9	-0.00024317092740547017
-2.092123673175239e-9	-0.00024278445728293018
-2.0921151112962557e-9	-0.00024239913134131572
-2.0921120603478727e-9	-0.00024201495828239815
-2.092112756685305e-9	-0.00024163194173037979
-2.0921165593101868e-9	-0.00024125008304139059
-2.0921234279491775e-9	-0.00024086938289439824
-2.092134163339532e-9	-0.00024048984255516952
-2.092149818100353e-9	-0.00024011146541567588
-2.092175041240596e-9	-0.00023973425966189202
-2.0922164700065693e-9	-0.00023935824410182389
-2.0922964143244016e-9	-0.00023898346362540593
-2.09248430792508e-9	-0.00023861004088067072
-2.0931403249768722e-9	-0.00023823842625151468
-2.0996279030072175e-9	-0.00023787206304415012
-2.0996095724257203e-9	-0.00023748455064908687
-2.0931424913217533e-9	-0.0002371204035281109
-2.092497464117882e-9	-0.00023675321644718106
-2.0923188181865006e-9	-0.00023638643487292909
-2.0922477883156266e-9	-0.00023602050947058758
-2.092213988047487e-9	-0.0002356555631100069
-2.092197212538727e-9	-0.00023529164093207805
-2.0921890681091517e-9	-0.00023492876202899256
-2.092185965729687e-9	-0.00023456693489493224
-2.092186474489388e-9	-0.00023420616324438737
-2.0921900502735015e-9	-0.00023384644865576842
-2.0921963094777676e-9	-0.00023348779206870194
-2.0922062720418745e-9	-0.00023313019497537
-2.0922213420593305e-9	-0.0002327736608714282
-2.0922445880533493e-9	-0.00023241819776886291
-2.09228374573045e-9	-0.0002320638236962522
-2.0923588153309858e-9	-0.0002317105812685224
-2.0925356193579604e-9	-0.00023135858641605057
-2.0931534910839656e-9	-0.00023100826408387838
-2.0992712183365294e-9	-0.00023066286119035026
-2.0992540448405708e-9	-0.00023029748547775792
-2.0931562717596555e-9	-0.0002299541087958708
-2.0925484268130567e-9	-0.00022960783465365278
-2.092379267742972e-9	-0.00022926191194048458
-2.0923123385585553e-9	-0.0002289167658471987
-2.09228022038932e-9	-0.00022857251249447415
-2.0922644959953107e-9	-0.00022822919471231936
-2.0922566869641114e-9	-0.00022788683076663312
-2.092253930835453e-9	-0.00022754542893099248
-2.0922543685020226e-9	-0.00022720499296880392
-2.0922570486137105e-9	-0.00022686552463023002
-2.0922638039488907e-9	-0.0002265270250602616
-2.0922728801442415e-9	-0.00022618949592552042
-2.0922865892891718e-9	-0.00022585294078414397
-2.092308130624554e-9	-0.00022551736745847194
-2.0923453017462902e-9	-0.00022518279322990744
-2.092415308108109e-9	-0.00022484925860106087
-2.0925831399953853e-9	-0.00022451687332299808
-2.0931672552348957e-9	-0.00022418603901563572
-2.098944563155847e-9	-0.00022385982277649274
-2.098928769234121e-9	-0.00022351471321759112
-2.0931690605796585e-9	-0.00022319035439579598
-2.092594112812485e-9	-0.00022286323104220407
-2.0924346992801103e-9	-0.00022253641205254187
-2.0923712761300452e-9	-0.0002222102992669071
-2.0923410287865265e-9	-0.00022188500259895527
-2.092325753638713e-9	-0.00022156056273435693
-2.09231827169587e-9	-0.00022123699715536068
-2.09231536776322e-9	-0.0002209143139052245
-2.0923157967311923e-9	-0.00022059251676748832
-2.092318968499596e-9	-0.00022027160761843307
-2.0923241518200353e-9	-0.00021995158776594217
-2.09233302727041e-9	-0.00021963245901120186
-2.0923459902288944e-9	-0.00021931422494110377
-2.0923668063443923e-9	-0.0002189968931775404
-2.09240146785139e-9	-0.0002186804802898719
-2.0924682922751627e-9	-0.0002183650248156462
-2.092626113370244e-9	-0.0002180506308048499
-2.093178727202716e-9	-0.00021773767845017234
-2.0986444544734973e-9	-0.00021742906977460162
-2.098630124369727e-9	-0.00021710256075244878
-2.0931803276724726e-9	-0.0002167956589366961
-2.0926365336626507e-9	-0.00021648611673161147
-2.0924855063442217e-9	-0.000216176837810367
-2.092425291505551e-9	-0.00021586820255818876
-2.0923968594876998e-9	-0.00021556031516724048
-2.0923824207041977e-9	-0.0002152532143314574
-2.092374439333078e-9	-0.00021494691679201403
-2.0923719996290836e-9	-0.00021464143035502544
-2.092372594958425e-9	-0.000214336758800242
-2.0923754200041777e-9	-0.00021403290409832785
-2.0923802939720738e-9	-0.00021372986768319842
-2.0923885439450007e-9	-0.00021342765145492356
-2.0924010043610333e-9	-0.0002131262590062313
-2.0924204544414684e-9	-0.0002128256977515195
-2.092453476149059e-9	-0.00021252598358208687
-2.092516790175303e-9	-0.00021222715320617575
-2.0926655867503643e-9	-0.00021192930540910935
-2.0931898739195986e-9	-0.00021163280064396932
-2.0983685103503902e-9	-0.00021134038904471205
-2.098355222968085e-9	-0.00021103099254289313
-2.0931912207144966e-9	-0.00021074015308307292
-2.09267536795954e-9	-0.00021044678930675926
-2.0925324640153065e-9	-0.00021015365286312335
-2.0924753572293397e-9	-0.00020986110437860625
-2.092447851509416e-9	-0.00020956924275970372
-2.0924342624351055e-9	-0.0002092781048498895
-2.0924274438505197e-9	-0.0002089877066874742
-2.0924254923226917e-9	-0.00020869805584402897
-2.092425065364223e-9	-0.0002084091560706435
-2.092427364969174e-9	-0.00020812100940906545
-2.0924323220428143e-9	-0.000207833617389225
-2.092439555917425e-9	-0.0002075469819832188
-2.0924515701403745e-9	-0.00020726110676954428
-2.092469898989924e-9	-0.0002069759989521936
-2.0925009562300368e-9	-0.00020669167377901127
-2.092560947508648e-9	-0.00020640816625110446
-2.0927024699135543e-9	-0.0002061255702808231
-2.0931994432482615e-9	-0.0002058442281034052
-2.098114155701936e-9	-0.00020556674977792612
-2.098102062175755e-9	-0.00020527313232357903
-2.093200922820282e-9	-0.0002049971052251955
-2.0927114386504185e-9	-0.00020471866246526705
-2.0925767309831756e-9	-0.0002044404154973258
-2.092521166974226e-9	-0.00020416270670877657
-2.0924956871726243e-9	-0.00020388563012195432
-2.092482665105866e-9	-0.00020360922085052355
-2.0924758816043276e-9	-0.0002033334942709672
-2.0924730451232778e-9	-0.00020305845771947088
-2.0924735504856963e-9	-0.00020278411490801026
-2.0924757053841782e-9	-0.00020251046792447798
-2.0924802338728735e-9	-0.00020223751837109246
-2.092487210469951e-9	-0.0002019652682707947
-2.092498289346656e-9	-0.00020169372117228744
-2.092515899626557e-9	-0.00020142288406865984
-2.0925452336340024e-9	-0.00020115277159663778
-2.09260200540462e-9	-0.00020088341716505901
-2.0927368187151352e-9	-0.0002006149101671864
-2.0932083906466395e-9	-0.00020034757598728215
-2.0978791934744834e-9	-0.0002000838952332028
-2.097867866091008e-9	-0.00019980485834084023
-2.093210062714679e-9	-0.0001995425199865011
-2.0927451372054763e-9	-0.00019927786779397625
-2.0926156087341943e-9	-0.0001990133836586246
-2.0925641092406358e-9	-0.00019874939310432296
-2.0925395580961847e-9	-0.0001984859856159073
-2.092526751823476e-9	-0.00019822319470270435
-2.092520146940169e-9	-0.0001979610351098353
-2.0925177760533486e-9	-0.000197699513943775
-2.0925180128861243e-9	-0.00019743863486555135
-2.092520058510905e-9	-0.0001971783999914556
-2.0925241934643958e-9	-0.0001969188109772291
-2.0925311305153293e-9	-0.00019665986987837605
-2.0925414995209834e-9	-0.00019640158020197668
-2.0925578962160964e-9	-0.0001961439487317814
-2.0925862171339294e-9	-0.00019588698952525344
-2.0926402743315363e-9	-0.00019563073450286085
-2.09276828456173e-9	-0.00019537526885949372
-2.093217159193639e-9	-0.00019512090236497827
-2.0976615458634386e-9	-0.00019486999575000724
-2.097651068189155e-9	-0.00019460445926260591
-2.0932185689048757e-9	-0.00019435479683042845
-2.092775609591202e-9	-0.00019410291609327582
-2.092652669027917e-9	-0.0001938511789742711
-2.0926034004831176e-9	-0.00019359989536705134
-2.0925795919946032e-9	-0.00019334915054814727
-2.092568161238262e-9	-0.00019309897652410613
-2.0925619059142254e-9	-0.00019284938744617558
-2.0925595095977468e-9	-0.00019260039019424342
-2.0925592775444814e-9	-0.00019235198837073373
-2.092561568950435e-9	-0.00019210418410617192
-2.0925650770498016e-9	-0.0001918569790929315
-2.0925719221520644e-9	-0.00019161037540529657
-2.0925818056294343e-9	-0.00019136437649905155
-2.092597375508154e-9	-0.0001911189889526448
-2.0926239769514243e-9	-0.00019087422627393554
-2.0926750315564125e-9	-0.0001906301189909804
-2.092798652936212e-9	-0.0001903867483926945
-2.0932251538319236e-9	-0.00019014440975019127
-2.097459528438428e-9	-0.000189905352572996
-2.09744969041914e-9	-0.00018965234041013067
-2.0932250783589624e-9	-0.00018941443854772588
-2.0928041904733077e-9	-0.000189174408110097
-2.092686987303916e-9	-0.00018893449971393072
-2.0926401322785007e-9	-0.00018869500874127063
-2.0926183189051707e-9	-0.00018845601655308018
-2.0926060861348183e-9	-0.00018821755375232111
-2.0926003830468164e-9	-0.0001879796339261021
-2.0925978128194525e-9	-0.00018774226373704996
-2.0925975380226005e-9	-0.0001875054467191064
-2.092599666619899e-9	-0.00018726918500753812
-2.092603638553792e-9	-0.00018703348031951314
-2.0926092883510885e-9	-0.00018679833473398633
-2.0926182549119155e-9	-0.00018656375164946893
-2.0926337414239883e-9	-0.00018632973744433712
-2.0926593659542637e-9	-0.00018609630510551379
-2.0927079417365493e-9	-0.00018586348385312004
-2.0928243650297774e-9	-0.0001856313513399069
-2.093232287830871e-9	-0.00018540018935099016
-2.097272449419485e-9	-0.00018517214401563464
-2.097261736611067e-9	-0.00018493077193191914
-2.0932326746658793e-9	-0.00018470380130524062
-2.092831113625904e-9	-0.00018447478647592845
-2.092718647001002e-9	-0.0001842458746035358
-2.0926742665683397e-9	-0.00018401734757293142
-2.092652406532336e-9	-0.0001837892830993174
-2.0926416878286337e-9	-0.000183561710465614
-2.092636181005858e-9	-0.0001833346427332595
-2.092632874767242e-9	-0.0001831080863481666
-2.092633234912489e-9	-0.00018288204477505938
-2.0926352785721746e-9	-0.000182656520143084
-2.092638815504033e-9	-0.0001824315141819372
-2.092644699014379e-9	-0.00018220702896849168
-2.09265339942144e-9	-0.00018198306783923454
-2.092667685432703e-9	-0.0001817596369734593
-2.0926917509100917e-9	-0.0001815367488662169
-2.0927381560342794e-9	-0.000181314431516106
-2.0928494886274243e-9	-0.00018109275917568203
-2.0932391907035887e-9	-0.00018087200106674557
-2.0970977776535448e-9	-0.0001806542070626047
-2.0970889515803392e-9	-0.00018042367209355096
-2.093240156020304e-9	-0.00018020687951380212
-2.0928555562349516e-9	-0.00017998812215380355
-2.0927485835708917e-9	-0.0001797694508391564
-2.092705856510113e-9	-0.00017955113488643364
-2.0926851710789673e-9	-0.0001793332486017932
-2.0926749502547806e-9	-0.0001791158200418938
-2.0926691735367875e-9	-0.00017889886175968274
-2.092666811315258e-9	-0.00017868237999648019
-2.092666770669993e-9	-0.0001784663781443602
-2.092668473124837e-9	-0.00017825085831775454
-2.0926719412839302e-9	-0.00017803582225188512
-2.092677116127817e-9	-0.00017782127201256023
-2.0926858379399785e-9	-0.0001776072108697867
-2.0926991086633874e-9	-0.00017739364481410093
-2.0927221241306973e-9	-0.00017718058586840504
-2.092767114858507e-9	-0.00017696806088648198
-2.092873111664284e-9	-0.00017675614094372956
-2.0932455605582324e-9	-0.00017654508353859608
-2.0969344518784183e-9	-0.00017633684876806115
-2.0969265859038802e-9	-0.00017611642010468425
-2.0932463594247607e-9	-0.00017590911998690854
-2.0928787041685216e-9	-0.00017569992992503465
-2.0927769656176044e-9	-0.00017549081090536295
-2.0927355499411603e-9	-0.00017528202051148524
-2.092715623058794e-9	-0.00017507362986814894
-2.0927063608400245e-9	-0.00017486566587608296
-2.0927001463943996e-9	-0.00017465814061222982
-2.0926979685698124e-9	-0.00017445106011860026
-2.09269788383204e-9	-0.0001742444277108096
-2.092699132466569e-9	-0.00017403824548496463
-2.09270237511161e-9	-0.0001738325151737844
-2.092707770018354e-9	-0.00017362723882491084
-2.0927159766537253e-9	-0.0001734224196420355
-2.0927289881733647e-9	-0.00017321806342854374
-2.0927506883261506e-9	-0.00017301418176580126
-2.092793386898606e-9	-0.00017281080042677358
-2.0928951876220124e-9	-0.00017260798751286282
-2.0932516280880444e-9	-0.0001724059895669823
-2.0967814559846864e-9	-0.00017220668282617695
-2.0967747914379944e-9	-0.00017199569388014018
-2.0932525008121594e-9	-0.00017179726082312932
-2.0929001230240997e-9	-0.0001715970084101076
-2.0928023672039943e-9	-0.00017139681370832908
-2.092762962824235e-9	-0.00017119692333671682
-2.0927439639994995e-9	-0.0001709974054417935
-2.0927342804788475e-9	-0.00017079828583864114
-2.092729408026406e-9	-0.0001705995761540216
-2.0927269925308245e-9	-0.00017040128223617444
-2.0927269774206894e-9	-0.0001702034073248693
-2.092728455760362e-9	-0.00017000595349260075
-2.0927315990848518e-9	-0.0001698089224636356
-2.092736151015906e-9	-0.00016961231626387192
-2.0927444967566713e-9	-0.0001694161380274271
-2.092756703470089e-9	-0.00016922039337783173
-2.092778546791685e-9	-0.00016902509347724895
-2.092818820703668e-9	-0.00016883026307826712
-2.092913681195352e-9	-0.0001686359675037027
-2.0932570683918073e-9	-0.0001684424430352329
-2.096639461579564e-9	-0.0001682514874554408
-2.0966332234362285e-9	-0.00016804932896442106
-2.0932579934351825e-9	-0.00016785919128561963
-2.0929206800912595e-9	-0.0001676673008997132
-2.0928262145003543e-9	-0.00016747545636514513
-2.092789028196318e-9	-0.000167283894039623
-2.0927702688300355e-9	-0.00016709267927696414
-2.0927603764819836e-9	-0.0001669018368719395
-2.0927567581041642e-9	-0.00016671137802443014
-2.0927541869941726e-9	-0.0001665213083964909
-2.0927537796477937e-9	-0.00016633163115232312
-2.092755576338368e-9	-0.00016614234833604925
-2.0927585643204515e-9	-0.00016595346165810626
-2.092762844146945e-9	-0.00016576497312263965
-2.092770162914759e-9	-0.00016557688578798527
-2.0927820594762726e-9	-0.00016538920510876686
-2.0928021900568084e-9	-0.00016520194184455265
-2.0928416476717617e-9	-0.00016501511979684285
-2.0929348621079315e-9	-0.00016482880166446973
-2.0932625091285575e-9	-0.00016464321412241117
-2.0965070494760598e-9	-0.00016446008145094818
-2.0965004543627152e-9	-0.00016426619543645886
-2.0932629973879903e-9	-0.00016408382952829838
-2.0929392078927744e-9	-0.00016389977390192576
-2.0928492238669884e-9	-0.00016371575356517067
-2.092813087600787e-9	-0.00016353199525672373
-2.0927955745209118e-9	-0.00016334856171004093
-2.0927865612307973e-9	-0.0001631654767582275
-2.0927818935367884e-9	-0.00016298275119908283
-2.092780485440926e-9	-0.00016280039051402688
-2.0927795977510044e-9	-0.00016261839779160563
-2.092781539980715e-9	-0.00016243677504529117
-2.0927832482697806e-9	-0.00016225552397004293
-2.0927880375554155e-9	-0.0001620746465374782
-2.092795099473133e-9	-0.0001618941457397584
-2.0928060833314e-9	-0.00016171402686302786
-2.0928256767416275e-9	-0.00016153430028842983
-2.0928635249772844e-9	-0.00016135498891507955
-2.0929527826951677e-9	-0.00016117615298247745
-2.09326706513413e-9	-0.0001609980101445814
-2.096381631744304e-9	-0.00016082221572386962
-2.0963753356140205e-9	-0.00016063609021289035
-2.0932679532958965e-9	-0.00016046101558983455
-2.092957368282633e-9	-0.00016028431083774033
-2.0928702177736014e-9	-0.00016010763195742177
-2.0928358407112935e-9	-0.00015993119666205105
-2.092819232102361e-9	-0.0001597550652239873
-2.0928104253747915e-9	-0.0001595792605692078
-2.092805399722675e-9	-0.00015940379311142492
-2.092803650000086e-9	-0.000159228668161399
-2.0928037452738746e-9	-0.0001590538887329398
-2.0928046468526864e-9	-0.0001588794568047731
-2.092807073839076e-9	-0.000158705374053537
-2.0928116249263607e-9	-0.0001585316424203471
-2.092817650523049e-9	-0.00015835826482693132
-2.092829236666205e-9	-0.00015818524639674798
-2.092847432222378e-9	-0.0001580125971529968
-2.092883552318181e-9	-0.0001578403391422404
-2.0929693522464545e-9	-0.00015766853029360617
-2.0932715988519757e-9	-0.0001574973797791132
-2.0962637426902297e-9	-0.0001573284781428887
-2.0962580708827616e-9	-0.00015714964251644772
-2.0932720016020313e-9	-0.00015698141746915887
-2.0929737608033072e-9	-0.00015681161870994786
-2.092889708632528e-9	-0.00015664183742443105
-2.092856658780784e-9	-0.00015647228283617576
-2.092840333334234e-9	-0.00015630301290650843
-2.092832241962217e-9	-0.00015613404970112404
-2.092827252608842e-9	-0.00015596540327700406
-2.0928258302688187e-9	-0.0001557970787702249
-2.0928242421169865e-9	-0.00015562907913322182
-2.0928263605890506e-9	-0.00015546140629411423
-2.0928239620354728e-9	-0.00015529406193734148
-2.0928588247426382e-9	-0.0001551270479256276
-2.092845341256089e-9	-0.00015496036712010975
-2.092851632812254e-9	-0.00015479402454415136
-2.092870290082427e-9	-0.00015462802981945008
-2.092903495765075e-9	-0.00015446240422122085
-2.0929866091867754e-9	-0.00015429720347740958
-2.093276253101184e-9	-0.00015413262880005835
-2.0961544505038177e-9	-0.0001539702097842085
-2.09614870736452e-9	-0.00015379823069073642
-2.0932774125348444e-9	-0.0001536364484415305
-2.092989632740405e-9	-0.00015347314595708499
-2.092909756501449e-9	-0.00015330985343784163
-2.0928790230412276e-9	-0.00015314677213562866
-2.0928622177285307e-9	-0.00015298395782451017
-2.0928538453812706e-9	-0.00015282143176912092
-2.0928498369321426e-9	-0.00015265920366881315
-2.0928475143733305e-9	-0.00015249727851783794
-2.0928474653902907e-9	-0.0001523356591761285
-2.092848440343742e-9	-0.0001521743475594942
-2.092850937146507e-9	-0.00015201334529175889
-2.092854451557491e-9	-0.00015185265425241644
-2.0928609405668208e-9	-0.00015169227722139136
-2.092870732112173e-9	-0.0001515322190233419
-2.0928876246606445e-9	-0.00015137248900773737
-2.0929210290066004e-9	-0.00015121310766507426
-2.0930005819264075e-9	-0.00015105412868215363
-2.0932803193762783e-9	-0.0001508957457443126
-2.0960499583444483e-9	-0.00015073943106930348
-2.0960449199636245e-9	-0.00015057390879378435
-2.093280770715245e-9	-0.0001504181941249685
-2.093004338882265e-9	-0.00015026100993541868
-2.0929273164660422e-9	-0.00015010382901179748
-2.0928963542221624e-9	-0.00014994684508360772
