-2.0928979953205308e-9	0.00014994684508360802
-2.0929289589632917e-9	0.0001501038290117983
-2.093005980541296e-9	0.00015026100993541718
-2.0932824129960004e-9	0.00015041819412496888
-2.0960465637043236e-9	0.0001505739087936154
-2.096051601641058e-9	0.00015073943106947232
-2.093281961212945e-9	0.00015089574574431134
-2.0930022229415093e-9	0.00015105412868215187
-2.0929226709154316e-9	0.0001512131076650756
-2.0928892664251463e-9	0.00015137248900773766
-2.092872373476995e-9	0.00015153221902334136
-2.092862582525612e-9	0.00015169227722139177
-2.0928560938215934e-9	0.00015185265425241785
-2.0928525786556576e-9	0.0001520133452917581
-2.0928500837236187e-9	0.0001521743475594945
-2.0928491072325087e-9	0.00015233565917612937
-2.0928491564542463e-9	0.00015249727851783767
-2.0928514790297116e-9	0.0001526592036688139
-2.0928554872401418e-9	0.0001528214317691218
-2.092863859987082e-9	0.0001529839578245101
-2.0928806658937483e-9	0.0001531467721356297
-2.092911398465791e-9	0.00015330985343784155
-2.0929912743938853e-9	0.0001534731459570851
-2.0932790545657997e-9	0.0001536364484415308
-2.096150352903781e-9	0.00015379823069056148
-2.096156094499868e-9	0.00015397020978438368
-2.093277894227308e-9	0.00015413262880005775
-2.0929882500797527e-9	0.0001542972034774097
-2.0929051365692343e-9	0.00015446240422122218
-2.09287193180252e-9	0.00015462802981945037
-2.0928532745656537e-9	0.00015479402454415226
-2.092846983442476e-9	0.0001549603671201117
-2.0928604673620122e-9	0.00015512704792562936
-2.0928256033447833e-9	0.00015529406193734303
-2.0928280032472822e-9	0.00015546140629411383
-2.0928258851415917e-9	0.00015562907913322274
-2.0928274705289686e-9	0.000155797078770225
-2.092828895483567e-9	0.00015596540327700444
-2.0928338846759598e-9	0.000156134049701125
-2.092841975775972e-9	0.0001563030129065102
-2.092858300489775e-9	0.0001564722828361736
-2.092891350419235e-9	0.00015664183742443192
-2.0929754019405336e-9	0.00015681161870994745
-2.0932736425560706e-9	0.00015698141746915765
-2.0962597148788123e-9	0.00015714964251626446
-2.0962653885847616e-9	0.00015732847814307278
-2.0932732416045762e-9	0.00015749737977911317
-2.0929709946826415e-9	0.0001576685302936056
-2.0928851937496164e-9	0.0001578403391422399
-2.092849073453973e-9	0.00015801259715299675
-2.092830878946961e-9	0.0001581852463967476
-2.092819292315307e-9	0.0001583582648269311
-2.0928132662967337e-9	0.00015853164242034606
-2.0928087158367247e-9	0.0001587053740535375
-2.0928062884839617e-9	0.00015887945680477216
-2.0928053862501184e-9	0.00015905388873293884
-2.0928052916646677e-9	0.00015922866816139787
-2.092807040032785e-9	0.0001594037931114241
-2.092812066234462e-9	0.0001595792605692064
-2.0928208743775657e-9	0.00015975506522398588
-2.0928374822482e-9	0.00015993119666205162
-2.0928718592438945e-9	0.00016010763195742136
-2.0929590106466556e-9	0.00016028431083773924
-2.0932695948938654e-9	0.0001604610155898336
-2.096376979432435e-9	0.00016063609021270194
-2.0963832757514567e-9	0.0001608222157240584
-2.0932687074426417e-9	0.00016099801014458215
-2.092954423632554e-9	0.00016117615298247718
-2.0928651661478172e-9	0.00016135498891507998
-2.0928273180620405e-9	0.00016153430028842972
-2.09280772498488e-9	0.00016171402686302776
-2.0927967418926666e-9	0.00016189414573975833
-2.0927896800582157e-9	0.00016207464653747935
-2.0927848896346024e-9	0.00016225552397004247
-2.0927831813233322e-9	0.000162436775045291
-2.092781239354524e-9	0.00016261839779160516
-2.0927821262062276e-9	0.00016280039051402598
-2.0927835349848767e-9	0.00016298275119908231
-2.0927882027621525e-9	0.00016316547675822765
-2.092797215191844e-9	0.0001633485617100419
-2.0928147281829014e-9	0.00016353199525672297
-2.0928508661588464e-9	0.00016371575356517092
-2.0929408493464143e-9	0.00016389977390192644
-2.0932646388582834e-9	0.00016408382952829854
-2.096502098858366e-9	0.0001642661954362601
-2.09650869481548e-9	0.00016446008145114767
-2.0932641506987703e-9	0.00016464321412241063
-2.092936504521914e-9	0.0001648288016644699
-2.092843290019131e-9	0.0001650151197968433
-2.0928038318601683e-9	0.00016520194184455354
-2.092783700191614e-9	0.00016538920510876802
-2.0927718055563374e-9	0.00016557688578798554
-2.0927644858836913e-9	0.00016576497312264027
-2.0927602051246107e-9	0.0001659534616581053
-2.0927572183249143e-9	0.00016614234833604857
-2.0927554210070643e-9	0.0001663316311523246
-2.0927558288419413e-9	0.0001665213083964898
-2.0927583994356792e-9	0.00016671137802443017
-2.092762018307548e-9	0.0001669018368719402
-2.0927719101060396e-9	0.00016709267927696297
-2.0927906696832643e-9	0.00016728389403962272
-2.092827856625679e-9	0.00016747545636514591
-2.0929223211285654e-9	0.000167667300899712
-2.093259633861866e-9	0.00016785919128561912
-2.0966348687645466e-9	0.00016804932896421546
-2.096641107152131e-9	0.000168251487455648
-2.0932587103006385e-9	0.00016844244303523335
-2.0929153223936403e-9	0.00016863596750370195
-2.092820462512579e-9	0.00016883026307826796
-2.09278018822312e-9	0.00016902509347724906
-2.0927583443741685e-9	0.00016922039337783167
-2.0927461383712934e-9	0.0001694161380274272
-2.0927377934687466e-9	0.0001696123162638711
-2.092733241770839e-9	0.0001698089224636368
-2.092730096997508e-9	0.00017000595349260143
-2.0927286192851114e-9	0.00017020340732486932
-2.0927286332628193e-9	0.0001704012822361749
-2.0927310488416675e-9	0.00017059957615402145
-2.092735922309963e-9	0.0001707982858386423
-2.0927456052310944e-9	0.00017099740544179333
-2.0927646039614614e-9	0.00017119692333671674
-2.0928040081469313e-9	0.00017139681370832979
-2.092901765232691e-9	0.00017159700841010776
-2.093254143226142e-9	0.00017179726082312914
-2.0967764367663125e-9	0.00017199569387992456
-2.096783101235289e-9	0.00017220668282639216
-2.093253269480622e-9	0.00017240598956698178
-2.0928968287203808e-9	0.0001726079875128628
-2.0927950281912633e-9	0.00017281080042677398
-2.092752330018488e-9	0.00017301418176580147
-2.0927306307039206e-9	0.00017321806342854366
-2.0927176181684273e-9	0.0001734224196420349
-2.0927094118550207e-9	0.00017362723882491146
-2.092704016304348e-9	0.00017383251517378393
-2.092700774669609e-9	0.00017403824548496545
-2.0926995251913106e-9	0.0001742444277108102
-2.092699609834714e-9	0.00017445106011860045
-2.0927017885197242e-9	0.0001746581406122293
-2.092708002859878e-9	0.00017486566587608196
-2.092717263452171e-9	0.00017507362986814948
-2.0927371905343773e-9	0.0001752820205114848
-2.092778606149759e-9	0.00017549081090536224
-2.0928803454889346e-9	0.00017569992992503444
-2.0932480011004453e-9	0.000175909119986908
-2.0969282305660644e-9	0.00017611642010445915
-2.0969360969180785e-9	0.00017633684876828507
-2.0932472027612727e-9	0.00017654508353859825
-2.092874753367724e-9	0.00017675614094373037
-2.0927687563954135e-9	0.00017696806088648032
-2.0927237650902875e-9	0.00017718058586840518
-2.0927007501503337e-9	0.00017739364481410058
-2.092687479426925e-9	0.0001776072108697863
-2.0926787577257857e-9	0.00017782127201255846
-2.0926735831039433e-9	0.00017803582225188602
-2.0926701147283565e-9	0.00017825085831775487
-2.092668412817522e-9	0.00017846637814436
-2.0926684523248084e-9	0.00017868237999647948
-2.092670815162512e-9	0.00017889886175968283
-2.0926765927464784e-9	0.00017911582004189404
-2.092686813010003e-9	0.00017933324860179388
-2.0927074974530504e-9	0.00017955113488643318
-2.092750225507478e-9	0.00017976945083915665
-2.0928571979883514e-9	0.00017998812215380366
-2.0932417977959085e-9	0.00018020687951380302
-2.0970905974859736e-9	0.00018042367209331563
-2.097099423470361e-9	0.00018065420706284127
-2.0932408327789533e-9	0.0001808720010667447
-2.0928511301754327e-9	0.00018109275917568184
-2.0927397972547723e-9	0.00018131443151610707
-2.092693391575473e-9	0.00018153674886621737
-2.092669326753116e-9	0.0001817596369734587
-2.0926550409805514e-9	0.0001819830678392347
-2.092646340534632e-9	0.00018220702896849138
-2.092640458029038e-9	0.00018243151418193655
-2.092636920963953e-9	0.00018265652014308454
-2.092634876438293e-9	0.00018288204477505954
-2.0926345162930462e-9	0.00018310808634816562
-2.092637823097876e-9	0.00018333464273325928
-2.0926433289325533e-9	0.0001835617104656141
-2.092654047947118e-9	0.00018378928309931725
-2.092675907472419e-9	0.00018401734757293164
-2.0927202874332363e-9	0.00018424587460353636
-2.092832755834495e-9	0.0001844747864759295
-2.093234315397874e-9	0.00018470380130524013
-2.0972633804738905e-9	0.00018493077193167215
-2.097274093770807e-9	0.00018517214401588095
-2.0932339282353497e-9	0.0001854001893509907
-2.092826006477866e-9	0.00018563135133990724
-2.092709582318664e-9	0.0001858634838531197
-2.092661007774277e-9	0.00018609630510551192
-2.0926353821282274e-9	0.0001863297374443371
-2.092619896348902e-9	0.00018656375164946866
-2.0926109303043285e-9	0.00018679833473398628
-2.0926052802849872e-9	0.00018703348031951322
-2.092601307612796e-9	0.00018726918500753831
-2.092599180497645e-9	0.00018750544671910585
-2.0925994543619097e-9	0.0001877422637370491
-2.0926020258604794e-9	0.00018797963392610186
-2.0926077270555512e-9	0.00018821755375232147
-2.0926199622794963e-9	0.00018845601655308124
-2.092641772233339e-9	0.00018869500874127052
-2.0926886299232894e-9	0.0001889344997139296
-2.0928058323543833e-9	0.00018917440811009884
-2.0932267199735845e-9	0.00018941443854772643
-2.0974513358695826e-9	0.00018965234040987252
-2.097461174299653e-9	0.00018990535257325497
-2.0932267961237816e-9	0.00019014440975019054
-2.0928002949616166e-9	0.0001903867483926941
-2.0926766739481907e-9	0.0001906301189909792
-2.0926256173559035e-9	0.0001908742262739359
-2.092599017461394e-9	0.00019111898895264522
-2.0925834481544394e-9	0.00019136437649905117
-2.092573564221878e-9	0.00019161037540529682
-2.0925667172710937e-9	0.00019185697909293204
-2.092563211086862e-9	0.00019210418410617054
-2.0925609193978014e-9	0.00019235198837073427
-2.092561150934813e-9	0.0001926003901942422
-2.0925635472957004e-9	0.00019284938744617381
-2.0925698032248086e-9	0.00019309897652410602
-2.092581233315016e-9	0.00019334915054814697
-2.092605041609241e-9	0.0001935998953670523
-2.0926543109200947e-9	0.00019385117897427194
-2.0927772519496736e-9	0.00019410291609327498
-2.0932202105639066e-9	0.00019435479683042731
-2.0976527139282555e-9	0.00019460445926233587
-2.097663190625543e-9	0.00019486999575027859
-2.093218800874874e-9	0.00019512090236497695
-2.0927699252826228e-9	0.00019537526885949382
-2.092641914852589e-9	0.00019563073450285935
-2.0925878576105727e-9	0.00019588698952525298
-2.092559537197891e-9	0.0001961439487317826
-2.0925431396257022e-9	0.00019640158020197673
-2.0925327709309105e-9	0.00019665986987837673
-2.092525833974346e-9	0.00019691881097722846
-2.092521700847172e-9	0.00019717839999145394
-2.092519654151026e-9	0.00019743863486555114
-2.0925194160803518e-9	0.00019769951394377585
-2.092521789653912e-9	0.00019796103510983547
-2.092528393682347e-9	0.0001982231947027044
-2.092541197995512e-9	0.0001984859856159074
-2.0925657506665196e-9	0.000198749393104322
-2.092617251209239e-9	0.00019901338365862275
-2.092746778242782e-9	0.0001992778677939757
-2.0932117042182784e-9	0.0001995425199865022
-2.0978695119411307e-9	0.00019980485834055476
-2.097880838924926e-9	0.00020008389523348724
-2.0932100320225633e-9	0.0002003475759872836
-2.0927384589086718e-9	0.00020061491016718676
-2.092603646136615e-9	0.0002008834171650587
-2.092546875132051e-9	0.0002011527715966374
-2.09251754094697e-9	0.00020142288406865784
-2.092499930378411e-9	0.00020169372117228863
-2.092488852989405e-9	0.00020196526827079593
-2.09248187535982e-9	0.00020223751837109358
-2.0924773458774747e-9	0.00020251046792447817
-2.0924751911954866e-9	0.00020278411490800993
-2.0924746869710465e-9	0.0002030584577194704
-2.0924775225306113e-9	0.00020333349427096838
-2.0924843056768784e-9	0.00020360922085052403
-2.092497329314602e-9	0.0002038856301219532
-2.0925228075840962e-9	0.00020416270670877573
-2.092578372175913e-9	0.0002044404154973266
-2.0927130791992267e-9	0.00020471866246526648
-2.093202564196206e-9	0.0002049971052251962
-2.0981037081369004e-9	0.00020527313232327914
-2.0981158027510994e-9	0.00020556674977822653
-2.0932010840357675e-9	0.00020584422810340618
-2.092704110934207e-9	0.00020612557028082496
-2.0925625885515056e-9	0.0002064081662511023
-2.0925025982054813e-9	0.00020669167377901132
-2.0924715407377725e-9	0.00020697599895219514
-2.09245321162177e-9	0.00020726110676954384
-2.092441197010242e-9	0.00020754698198321693
-2.0924339635075562e-9	0.00020783361738922542
-2.0924290060508887e-9	0.00020812100940906358
-2.09242670635712e-9	0.0002084091560706439
-2.0924271333100375e-9	0.0002086980558440282
-2.0924290844548387e-9	0.0002089877066874726
-2.092435902573131e-9	0.0002092781048498894
-2.092449491680748e-9	0.0002095692427597054
-2.0924769991659266e-9	0.00020986110437860704
-2.092534104936039e-9	0.00021015365286312357
-2.092677008735944e-9	0.00021044678930675926
-2.0931928626122254e-9	0.00021074015308307105
-2.0983568689958434e-9	0.0002110309925425783
-2.098370155412255e-9	0.00021134038904502885
-2.093191515789572e-9	0.00021163280064397057
-2.0926672284815597e-9	0.0002119293054091086
-2.092518431934254e-9	0.00021222715320617642
-2.0924551173473474e-9	0.00021252598358208774
-2.0924220946683114e-9	0.0002128256977515187
-2.0924026449375967e-9	0.0002131262590062329
-2.092390185948201e-9	0.0002134276514549232
-2.0923819350870953e-9	0.00021372986768319806
-2.0923770604364125e-9	0.00021403290409832614
-2.0923742359624245e-9	0.00021433675880024166
-2.092373640838474e-9	0.00021464143035502612
-2.0923760805480196e-9	0.00021494691679201487
-2.0923840610087563e-9	0.00021525321433145695
-2.09239850054721e-9	0.00021556031516724146
-2.0924269331423774e-9	0.00021586820255818932
-2.092487148158684e-9	0.00021617683781036796
-2.092638175676953e-9	0.00021648611673161025
-2.0931819686154096e-9	0.00021679565893669654
-2.0986317708748817e-9	0.00021710256075211542
-2.0986461003236203e-9	0.0002174290697749362
-2.0931803678680973e-9	0.00021773767845017301
-2.092627754368692e-9	0.00021805063080485146
-2.092469933084873e-9	0.00021836502481564703
-2.0924031086111405e-9	0.0002186804802898705
-2.0923684475315787e-9	0.00021899689317754186
-2.0923476307888045e-9	0.0002193142249411023
-2.0923346676970935e-9	0.00021963245901120054
-2.0923257924743144e-9	0.00021995158776594377
-2.092320608826359e-9	0.00022027160761843272
-2.092317437696334e-9	0.00022059251676748702
-2.0923170089115484e-9	0.0002209143139052246
-2.092319913404861e-9	0.00022123699715536144
-2.0923273947537347e-9	0.0002215605627343577
-2.0923426695407257e-9	0.00022188500259895505
-2.0923729173172312e-9	0.0002222102992669083
-2.0924363408558744e-9	0.00022253641205254149
-2.0925957539497108e-9	0.00022286323104220372
-2.093170700639968e-9	0.0002231903543957965
-2.098930415139755e-9	0.00022351471321724065
-2.098946209516672e-9	0.00022385982277684522
-2.093168895556108e-9	0.00022418603901563545
-2.0925847818098476e-9	0.00022451687332299684
-2.0924169486569167e-9	0.00022484925860105938
-2.092346943305401e-9	0.00022518279322990804
-2.0923097719893758e-9	0.00022551736745847034
-2.092288230809425e-9	0.00022585294078414182
-2.0922745204876583e-9	0.00022618949592552104
-2.0922654450528102e-9	0.0002265270250602632
-2.0922586903171503e-9	0.00022686552463022945
-2.092256009095239e-9	0.00022720499296880356
-2.092255572361257e-9	0.00022754542893099294
-2.0922583270965855e-9	0.0002278868307666338
-2.0922661374100926e-9	0.00022822919471231887
-2.092281861093559e-9	0.00022857251249447496
-2.0923139799011727e-9	0.00022891676584719904
-2.0923809095796387e-9	0.0002292619119404857
-2.0925500682722475e-9	0.00022960783465365156
-2.093157912635979e-9	0.00022995410879587076
-2.0992556926557883e-9	0.00023029748547738553
-2.099272864897195e-9	0.0002306628611907272
-2.0931551308112084e-9	0.00023100826408387683
-2.092537261622063e-9	0.0002313585864160496
-2.092360456901199e-9	0.00023171058126852449
-2.092285386751103e-9	0.00023206382369625318
-2.0922462295347445e-9	0.00023241819776886237
-2.0922229834352547e-9	0.00023277366087142928
-2.0922079119300996e-9	0.00023313019497536933
-2.0921979510868384e-9	0.00023348779206870223
-2.0921916923155592e-9	0.00023384644865576647
-2.092188116231686e-9	0.0002342061632443851
-2.0921876067281354e-9	0.0002345669348949318
-2.092190708541386e-9	0.00023492876202899172
-2.092198855235816e-9	0.0002352916409320777
-2.0922156298508467e-9	0.0002356555631100069
-2.0922494299358e-9	0.0002360205094705875
-2.0923204583189747e-9	0.00023638643487292846
-2.0924991050941257e-9	0.0002367532164471796
-2.0931441325200418e-9	0.00023712040352811222
-2.0996112197968486e-9	0.0002374845506486913
-2.0996295501340967e-9	0.0002378720630445471
-2.093141965470169e-9	0.00023823842625151351
-2.092485949251044e-9	0.00023861004088067197
-2.0922980563553574e-9	0.00023898346362540528
-2.0922181108939954e-9	0.00023935824410182307
-2.0921766803849717e-9	0.00023973425966189216
-2.092151459176517e-9	0.00024011146541567694
-2.092135804421247e-9	0.00024048984255516863
-2.0921250675653982e-9	0.0002408693828943987
-2.092118200014426e-9	0.00024125008304139018
-2.0921143976948555e-9	0.000241631941730379
-2.092113701679388e-9	0.00024201495828239992
-2.092116751972739e-9	0.00024239913134131304
-2.092125313762905e-9	0.00024278445728293107
-2.0921430774090146e-9	0.0002431709274054698
-2.0921786957117664e-9	0.00024355852174997753
-2.092253957847179e-9	0.0002439471926814088
-2.092443869894378e-9	0.0002443368099736722
-2.0931290804271364e-9	0.00024472689510021505
-2.1000001147464253e-9	0.0002451137873309166
-2.1000208471622095e-9	0.0002455255443610595
-2.0931267352031215e-9	0.00024591486703235695
-2.092429076855362e-9	0.0002463098079724176
-2.0922293726854946e-9	0.00024670670883044087
-2.0921447469957057e-9	0.00024710509139863016
-2.092100087169868e-9	0.0002475048257137325
-2.0920738335261648e-9	0.0002479058644362205
-2.0920580527938882e-9	0.00024830818794084863
-2.0920453400297135e-9	0.0002487117879011071
-2.092037738049557e-9	0.00024911666107452625
-2.092033529155213e-9	0.00024952280648763456
-2.092032486367135e-9	0.00024993022378997124
-2.0920356958109564e-9	0.0002503389119119449
-2.0920446774042033e-9	0.00025074886737041434
-2.092063516839771e-9	0.0002511600812804747
-2.09210169627716e-9	0.00025157253277376676
-2.0921813443486315e-9	0.00025198617151990185
-2.092383060880998e-9	0.00025240085925850594
-2.0931126180123715e-9	0.00025281608690551886
-2.1004279429526207e-9	0.00025322795734137937
-2.1004503414023826e-9	0.0002536663432801714
-2.0931099091070493e-9	0.0002540808870669617
-2.092367188366584e-9	0.00025450145584433317
-2.0921544510998924e-9	0.00025492415512152523
-2.0920639021537735e-9	0.0002553484761804178
-2.092016235777372e-9	0.000255774281070634
-2.0919877308844814e-9	0.00025620151981130154
-2.0919697356236445e-9	0.00025663017193582386
-2.0919572656430407e-9	0.00025706022900014305
-2.091949192450926e-9	0.00025749168798917213
-2.0919445498424063e-9	0.0002579245482978242
-2.091943224724613e-9	0.0002583588099886745
-2.09194656616285e-9	0.0002587944723587378
-2.091955892236097e-9	0.00025923153213250664
-2.0919760176707492e-9	0.00025966998027483496
-2.092015908172762e-9	0.0002601097949689995
-2.092101204925756e-9	0.0002605509229675577
-2.092316346807843e-9	0.000260993217214158
-2.093094275623653e-9	0.00026143613501377754
-2.100898669510354e-9	0.0002618755188764563
-2.1009234554725253e-9	0.0002623432411343582
-2.0930913284755717e-9	0.0002627855747291864
-2.0922985596860677e-9	0.0002632343858540243
-2.092071312703725e-9	0.0002636855199299985
-2.0919744689817945e-9	0.00026413843468534666
-2.0919239911876276e-9	0.00026459298342978684
-2.0918933941349583e-9	0.00026504911333445787
-2.0918736629071956e-9	0.0002655068030612811
-2.091860382630317e-9	0.00026596604410644166
-2.091851393287714e-9	0.00026642683376063307
-2.091846286877974e-9	0.00026688917188984673
-2.0918448591644713e-9	0.0002673530590739086
-2.0918480741649593e-9	0.0002678184950776599
-2.0918579271334006e-9	0.00026828547691859706
-2.091878714727269e-9	0.0002687539954569805
-2.0919217578518892e-9	0.00026922402789566487
-2.0920127884516138e-9	0.0002696955178254889
-2.0922426063163526e-9	0.0002701683085340319
-2.0930742790303827e-9	0.0002706418202460089
-2.101419050748454e-9	0.0002711116077621976
-2.1014461998425384e-9	0.0002716117535423801
-2.093071122438728e-9	0.00027208480661566344
-2.0922229672148964e-9	0.0002725648426530871
-2.0919797749374693e-9	0.00027304741969348266
-2.0918759483401496e-9	0.0002735319584522759
-2.0918211231679698e-9	0.00027401830265389116
-2.091788569330566e-9	0.0002745063963911954
-2.091767492012897e-9	0.0002749962174410556
-2.091752741922859e-9	0.00027548775730661053
-2.0917432350386902e-9	0.000275981013692921
-2.091737507248226e-9	0.00027647598706274603
-2.091735737091982e-9	0.00027697267864681827
-2.0917390156027784e-9	0.0002774710888030021
-2.0917494928218708e-9	0.0002779712149506167
-2.091771810236454e-9	0.00027847304791488804
-2.0918172395634207e-9	0.00027897656388271424
-2.091915127455657e-9	0.00027948170302362905
-2.0921608412993733e-9	0.0002799882979994227
-2.093051893947706e-9	0.0002804957279861269
-2.1019959979273753e-9	0.00028099922877726117
-2.1020266044446956e-9	0.0002815353340878335
-2.0930483525194443e-9	0.0002820424629991324
-2.0921390091299674e-9	0.00028255714169302587
-2.091877948007248e-9	0.00028307460957758884
-2.0917666602671137e-9	0.0002835942464081674
-2.091707789192432e-9	0.0002841158853639465
-2.0916725621544787e-9	0.00028463946721964285
-2.0916493142508766e-9	0.00028516496885792734
-2.0916335548015755e-9	0.0002856923818838398
-2.091623102712381e-9	0.00028622170455523953
-2.091616628596693e-9	0.0002867529380912751
-2.091614502225392e-9	0.0002872860845389087
-2.0916178990859625e-9	0.00028782114501180455
-2.091628718237093e-9	0.00028835811747018224
-2.0916527263659113e-9	0.00028889699279532703
-2.0917012231891355e-9	0.00028943774614369216
-2.091805799364632e-9	0.0002899803139740239
-2.0920696532811257e-9	0.00029052451721032916
-2.09302697375402e-9	0.0002910696894463624
-2.1026380312427762e-9	0.00029161071145885996
-2.1026725381401157e-9	0.00029218684573572125
-2.0930232859650567e-9	0.00029273191414569324
-2.092045274559862e-9	0.00029328517078639263
-2.0917645690843314e-9	0.0002938415004918106
-2.091644673818394e-9	0.00029440023753070854
-2.091581181651314e-9	0.0002949612034560295
-2.0915429652434983e-9	0.000295524335458919
-2.0915178423341897e-9	0.0002960896095412105
-2.091500578288441e-9	0.0002966570175357464
-2.0914887502387903e-9	0.00029722655843130244
-2.0914818043726856e-9	0.000297798234408539
-2.091479332300139e-9	0.0002983720485400964
-2.091482697830216e-9	0.0002989480028996429
-2.0914941493255234e-9	0.0002995260961717001
-2.091519740649028e-9	0.00030010631941822854
-2.091571731982489e-9	0.000300688646764776
-2.0916836802165052e-9	0.0003012730106427903
-2.091968059558802e-9	0.00030185921898873835
-2.0929993741480858e-9	0.0003024465545712958
-2.103356182148186e-9	0.00030302950152223554
-2.103394183883278e-9	0.00030365037215397114
-2.092994193864106e-9	0.0003042378506212753
-2.0919407650921154e-9	0.0003048342398535281
-2.091637809126246e-9	0.0003054340285561649
-2.0915082443340173e-9	0.0003060365002982273
-2.0914395833737667e-9	0.00030664146377799384
-2.0913981138237504e-9	0.0003072488523204179
-2.091370566820183e-9	0.0003078586410857463
-2.091351583971557e-9	0.0003084708223043583
-2.0913388108834142e-9	0.00030908539592890285
-2.0913308258985186e-9	0.00030970236535881603
-2.0913279296985722e-9	0.0003103217349640519
-2.0913310794234976e-9	0.00031094350804202175
-2.091343085336428e-9	0.0003115676842349423
-2.091370297035988e-9	0.00031219425495820517
-2.0914262083004953e-9	0.0003128231933303224
-2.0915471866778114e-9	0.00031345442741832205
-2.0918539743397527e-9	0.000314087750733084
-2.092968189676414e-9	0.00031472238915737795
-2.104161627802803e-9	0.00031535238178052145
-2.1042044078600774e-9	0.0003160234642005952
-2.0929631333210796e-9	0.00031665855420207257
-2.0918233487765558e-9	0.0003173033768484763
-2.0914953716810737e-9	0.00031795197641030457
-2.091355020689134e-9	0.0003186035797242898
-2.0912804580275335e-9	0.00031925798123447766
-2.0912350873369956e-9	0.00031991511010291825
-2.0912053387944775e-9	0.0003205749407250391
-2.0911841780490993e-9	0.000321237465957172
-2.0911702722559156e-9	0.0003219026870180909
-2.091160882250476e-9	0.0003225706088619676
-2.0911572531867596e-9	0.0003232412375024134
-2.0911605562778937e-9	0.0003239145777998099
-2.0911733446093985e-9	0.0003245906306630768
-2.0912018720564697e-9	0.0003252693880934687
-2.0912627026858924e-9	0.0003259508222668383
-2.0913933090005444e-9	0.00032663485651916865
-2.091725154762525e-9	0.000327321268295192
-2.0929331045971277e-9	0.000328009219531966
-2.105069639246615e-9	0.0003286922476793185
-2.105118334772005e-9	0.0003294199486483112
-2.0929274070713434e-9	0.00033010873830505513
-2.091690803879276e-9	0.00033080820067530237
-2.09133464041944e-9	0.0003315118791139468
-2.0911821405456e-9	0.0003322189367065312
-2.0911007147850215e-9	0.0003329291520453643
-2.091051011116063e-9	0.0003336424498228794
-2.091017945604623e-9	0.0003343588037985887
-2.0909949791425577e-9	0.00033507820776771063
-2.0909793001677724e-9	0.0003358006646100709
-2.090968901397039e-9	0.00033652618126992623
-2.0909648885791833e-9	0.00033725476585396975
-2.090967619505779e-9	0.00033798642522847605
-2.0909811102198807e-9	0.0003387211619740576
-2.0910121571737773e-9	0.00033945896899713075
-2.0910772812965383e-9	0.0003401998176482538
-2.0912188863631e-9	0.0003409436261504141
-2.091580122459691e-9	0.00034169015399240283
-2.0928934183150895e-9	0.0003424384908950738
-2.1060988142362904e-9	0.00034318160607150404
-2.1061537999855775e-9	0.00034397347045484074
-2.092886774207603e-9	0.0003447231318313733
-2.0915404753407696e-9	0.0003454845476615819
-2.0911524789779535e-9	0.0003462506939258918
-2.090985681635349e-9	0.00034702066174331647
-2.090896537931819e-9	0.00034779421202624065
-2.0908418629284053e-9	0.00034857126469062114
-2.0908058300073143e-9	0.00034935179306854684
-2.0907802515679475e-9	0.0003501357923165304
-2.090762391776524e-9	0.00035092326749677544
-2.090750542549369e-9	0.00035171422811638265
-2.090744700211644e-9	0.0003525086849654172
-2.0907483348597823e-9	0.00035330664749236
-2.0907630542965627e-9	0.00035410812049204923
-2.090795557785352e-9	0.0003549130982082931
-2.0908665202268308e-9	0.0003557215513676001
-2.091020368177876e-9	0.00035653339268759037
-2.0914142125960657e-9	0.0003573483615190971
-2.092848032403394e-9	0.00035816546562767853
-2.1072711401282085e-9	0.000358977027064447
-2.1073340619404134e-9	0.00035984200225210386
-2.0928405079667644e-9	0.0003606610437873958
-2.091369302786861e-9	0.0003614930927373006
-2.090944658256211e-9	0.00036233047896484506
-2.090761968254196e-9	0.0003631722119507031
-2.0906637657580606e-9	0.00036401803283110895
-2.0906038606993692e-9	0.00036486785645564555
-2.0905633223267108e-9	0.00036572165604915354
-2.090534549620271e-9	0.0003665794287065518
-2.090514542857358e-9	0.00036744118237060124
-2.09050170233982e-9	0.00036830692986652725
-2.0904948319966367e-9	0.00036917668544281604
-2.0904969571799993e-9	0.00037005046190541715
-2.0905122262937505e-9	0.0003709282669804165
-2.090548309224838e-9	0.0003718100968509323
-2.0906250730867717e-9	0.0003726959219360469
-2.09079314910654e-9	0.0003735856490596499
-2.0912243009985065e-9	0.00037447899491461323
-2.0927961125460916e-9	0.00037537487375578245
-2.1086148596305422e-9	0.0003762648662481306
-2.10868719998647e-9	0.00037721364387009943
-2.092787653357187e-9	0.000378112236785396
-2.09117259497571e-9	0.0003790252988704782
-2.090705851176544e-9	0.00037994441987474327
-2.090504960688966e-9	0.00038086851618117563
-2.0903966668983643e-9	0.00038179730674316095
-2.090329693044124e-9	0.0003827307010954932
-2.0902846157799804e-9	0.00038366867284210526
-2.090252405834159e-9	0.00038461122180919957
-2.0902298197844617e-9	0.00038555835975919177
-2.0902144270362744e-9	0.0003865101038466406
-2.090206694049801e-9	0.0003874664728206052
-2.09020874937238e-9	0.00038842748387350875
-2.090224214157388e-9	0.00038939314863395435
-2.0902630355479345e-9	0.00039036346605974474
-2.0903469193755964e-9	0.0003913384067562594
-2.0905314527308593e-9	0.00039231787129781514
-2.091006229654191e-9	0.0003933015507975804
-2.092736400921558e-9	0.000394288252192679
-2.110164785462665e-9	0.00039526870134360174
-2.1102484221935393e-9	0.000396314163991635
-2.0927264621106725e-9	0.0003973045692586353
-2.0909456177997666e-9	0.0003983111625769824
-2.090430397233556e-9	0.00039932468046307776
-2.0902077929763065e-9	0.00040034393252609004
-2.0900876601559484e-9	0.00040136861277342704
-2.09001306186174e-9	0.000402398625264196
-2.0899625472081687e-9	0.00040343394471011664
-2.08992607678149e-9	0.000404474574767423
-2.08989999579412e-9	0.0004055205322981329
-2.0898822113146753e-9	0.00040657184015524897
-2.0898728088525332e-9	0.000407628522993466
-2.0898739423902415e-9	0.00040869060379086135
-2.0898904905641835e-9	0.0004097580994142477
-2.0899324403633736e-9	0.00041083101275329534
-2.0900242476695753e-9	0.0004119093153562889
-2.090227650475285e-9	0.00041299290127461987
-2.090751628297527e-9	0.0004140814326472968
-2.0926668152121408e-9	0.0004151735924709021
-2.1119654145751456e-9	0.00041625911404897685
-2.1120635012139567e-9	0.00041741692666722916
-2.0926556159983624e-9	0.0004185140606247654
-2.0906817095600607e-9	0.00041962942161486013
-2.0901096524361675e-9	0.0004207527555564248
-2.08986215650131e-9	0.000421882748845209
-2.0897275528841687e-9	0.0004230190673724131
-2.089644097291732e-9	0.0004241616097243343
-2.0895870963100196e-9	0.00042531035280285776
-2.0895454934444223e-9	0.0004264653056390773
-2.089515593522995e-9	0.00042762649195762716
-2.089494554885496e-9	0.0004287939421882458
-2.0894829442119623e-9	0.000429967688819438
-2.08948336319903e-9	0.0004311477625365342
-2.0895005259036204e-9	0.00043233418729094543
-2.0895461744496748e-9	0.0004335269715448746
-2.0896472678055835e-9	0.0004347260889354841
-2.0898721891537963e-9	0.0004359314268780966
-2.0904543405253497e-9	0.00043714261459953425
-2.092585438090433e-9	0.0004383581909699131
-2.1140740479541623e-9	0.00043956672776574194
-2.1141889643194747e-9	0.0004408561314727887
-2.0925719272479884e-9	0.00044207832562142706
-2.0903720510945245e-9	0.00044332118907967894
-2.089733603877209e-9	0.0004445733087209665
-2.0894562518192216e-9	0.00044583322780067353
-2.0893053656600993e-9	0.00044710058047721103
-2.0892107950643005e-9	0.0004483752601472981
-2.089145021039185e-9	0.00044965724752361793
-2.0890981611398907e-9	0.00045094655920106217
-2.0890636648229766e-9	0.0004522432282350556
-2.0890386866312393e-9	0.0004535472952468423
-2.08902420226198e-9	0.00045485880324144665
-2.0890231205494826e-9	0.0004561777932943752
-2.0890411079332874e-9	0.00045750429903574583
-2.089091041229674e-9	0.00045883833684594565
-2.0892025241137092e-9	0.00046017988419193875
-2.0894529905668424e-9	0.00046152882203540345
-2.0901035177434137e-9	0.00046288474213025666
-2.0924894521545668e-9	0.00046424601448774756
-2.1165651443277868e-9	0.0004655998398167255
-2.116701294918588e-9	0.00046704473386653114
-2.092473547143925e-9	0.000468414771295879
-2.0900056800665646e-9	0.00046980843525209456
-2.089288411966095e-9	0.0004712129447280109
-2.0889759523856632e-9	0.0004726266754857978
-2.0888048880396416e-9	0.0004740492258598445
-2.088697199786882e-9	0.0004754804848227351
-2.08862279656441e-9	0.00047692043933262706
-2.088567481384196e-9	0.00047836911669805744
-2.0885265886727568e-9	0.0004798265628176504
-2.0884970233780997e-9	0.00048129283220503364
-2.0884792360342796e-9	0.0004827679821775914
-2.0884765086714997e-9	0.000484252068007798
-2.0884946693611184e-9	0.0004857451367119287
-2.088549027173814e-9	0.00048724721599224146
-2.088673059064128e-9	0.0004887582898010096
-2.0889537259316525e-9	0.000490278233355377
-2.089685337841596e-9	0.0004918065956903216
-2.0923748422108093e-9	0.0004933415473547462
-2.119536962008617e-9	0.0004948686549569649
-2.1197003357009694e-9	0.0004964990966727539
-2.0923557723928623e-9	0.0004980456501793584
-2.0895683214616768e-9	0.0004996194548077449
-2.0887562766414016e-9	0.0005012060996171756
-2.088399754701653e-9	0.0005028037628366851
-2.0882059337812287e-9	0.0005044120024291412
-2.0880821200996993e-9	0.0005060307045290531
-2.087995654420638e-9	0.0005076598660349354
-2.0879310752397465e-9	0.0005092995295844051
-2.087882707774158e-9	0.0005109497589992192
-2.08784721319466e-9	0.0005126106280259035
-2.087824835195207e-9	0.0005142822137697854
-2.0878195204576677e-9	0.0005159645912059125
-2.087838049380508e-9	0.0005176578261308282
-2.0878972163462794e-9	0.0005193619625973192
-2.0880357153307827e-9	0.0005210769951331895
-2.0883523283776742e-9	0.0005228027948379083
-2.089181798448081e-9	0.0005245388620802675
-2.0922367052422786e-9	0.00052628312967841
-2.123120825348046e-9	0.0005280191954299805
-2.1233199877679357e-9	0.0005298735193689581
-2.0922137322632042e-9	0.0005316331853660435
-2.0890396799033707e-9	0.0005334246066880368
-2.0881128389660387e-9	0.0005352314091439422
-2.087706027109615e-9	0.0005370515360120029
-2.0874809468107714e-9	0.0005388845000293569
-2.0873371290308642e-9	0.0005407301874448564
-2.087235781789154e-9	0.0005425886107919948
-2.0871592863624943e-9	0.0005444598349266789
-2.0871014450141168e-9	0.0005463439491053242
-2.087058011757126e-9	0.0005482410541755101
-2.087029526531836e-9	0.0005501512551004984
-2.0870206109468994e-9	0.0005520746546932145
-2.0870388121652095e-9	0.0005540113455510292
-2.0871039733638686e-9	0.0005559613956530251
-2.087259646976758e-9	0.0005579248164925169
-2.087619583379663e-9	0.0005599014782822967
-2.0885672160742e-9	0.0005618908261754244
-2.092068259523794e-9	0.0005638905068595902
-2.1275002920040367e-9	0.0005658817168326817
-2.127744211244398e-9	0.0005680095933208719
-2.092039752976671e-9	0.0005700298307198301
-2.0883923988634923e-9	0.0005720875093115699
-2.0873247352948265e-9	0.0005741638611875155
-2.0868538047114082e-9	0.0005762565476194622
-2.0865917326140516e-9	0.0005783650312646899
-2.086422887653816e-9	0.0005804892038364423
-2.0863026132245113e-9	0.0005826291024208184
-2.0862113450648146e-9	0.0005847848246093273
-2.086140575385809e-9	0.0005869564964632169
-2.0860869249905714e-9	0.0005891442578117729
-2.0860498347485822e-9	0.000591348253665003
-2.0860359127738982e-9	0.0005935686269970967
-2.086053140382127e-9	0.0005958055094245239
-2.086124445938031e-9	0.000598059004534827
-2.086300755094195e-9	0.0006003291509589716
-2.0867134786883847e-9	0.0006026158240808336
-2.0878068727581134e-9	0.0006049184070466775
-2.0918595567853693e-9	0.0006072341984718267
-2.1329257014257586e-9	0.0006095414248917891
-2.1332302412524486e-9	0.0006120083822440163
-2.091824017819155e-9	0.0006143518634441331
-2.0875886581506186e-9	0.00061674009419304
-2.086345141644186e-9	0.0006191513472537611
-2.085793970607597e-9	0.0006215829421164328
-2.08548473875636e-9	0.0006240342873390197
-2.085283619457368e-9	0.00062650528960096
-2.0851389528231403e-9	0.0006289960248362363
-2.0850273111827632e-9	0.0006315066398561988
-2.084940289587278e-9	0.0006340373152166517
-2.084872652724501e-9	0.0006365882481779816
-2.0848246899018987e-9	0.0006391596427384326
-2.0848030311493295e-9	0.0006417517012333347
-2.0848177942067727e-9	0.0006443646134480384
-2.0848959610075824e-9	0.0006469985370929276
-2.0850970828378834e-9	0.0006496535545108632
-2.085574975613236e-9	0.0006523295573863027
-2.0868510568150534e-9	0.0006550258607825038
-2.0915969393908718e-9	0.0006577393349817167
-2.1397601266626154e-9	0.0006604444738311781
-2.1401469975756984e-9	0.0006633387716759454
-2.091551737043451e-9	0.0006660900056284412
-2.0865734682129488e-9	0.0006688955821531781
-2.085106766575029e-9	0.0006717300567109426
-2.0844527130858825e-9	0.0006745903303869992
-2.0840826327139796e-9	0.0006774757562429966
-2.0838394026667653e-9	0.0006803862728750551
-2.083662348395521e-9	0.0006833220186142028
-2.0835238083605215e-9	0.0006862832161340719
-2.0834143813208697e-9	0.0006892701289053632
-2.083327326007911e-9	0.0006922830412142945
-2.0832637058931792e-9	0.000695322246463307
-2.083230674593262e-9	0.0006983880372768602
-2.083240896694205e-9	0.0007014806926219927
-2.083326528895535e-9	0.0007046004546369923
-2.083557340043507e-9	0.0007077474771769861
-2.084117443640343e-9	0.0007109216886948041
-2.0856258668822127e-9	0.0007141223330857973
-2.0912600545930362e-9	0.000717345747046529
-2.1485373700169677e-9	0.0007205616449286415
-2.1490405232693632e-9	0.0007240050589189061
-2.0912012335339016e-9	0.0007272808013225757
-2.0852656007819272e-9	0.0007306237926008077
-2.083509193151478e-9	0.0007340038318340475
-2.082720775042901e-9	0.0007374173028229431
-2.0822700767253454e-9	0.0007408635082901746
-2.081970259043553e-9	0.0007443424494833734
-2.0817491846292227e-9	0.0007478543672423512
-2.081574040246892e-9	0.0007513996047653393
-2.081432931283489e-9	0.0007549785558429849
-2.0813188425561347e-9	0.0007585916411155164
-2.0812321278596003e-9	0.0007622392941610502
-2.0811825928834794e-9	0.0007659219496833981
-2.0811844282597747e-9	0.0007696400280520907
-2.0812766417133144e-9	0.0007733939073734145
-2.0815443602661965e-9	0.0007771838613375695
-2.0822092803018945e-9	0.0007810098934345353
-2.0840200034899503e-9	0.0007848711815940651
-2.0908178914591515e-9	0.0007887633894815565
-2.1600705966462464e-9	0.0007926499762022391
-2.160739904399911e-9	0.0007968153604498464
-2.090739677373943e-9	0.0008007816011478719
-2.0835404411001514e-9	0.0008048329724259274
-2.081399950193408e-9	0.0008089330544557193
-2.0804306341493106e-9	0.0008130775860494158
-2.079870204757528e-9	0.0008172658400655641
-2.0794922483857725e-9	0.0008214979377108892
-2.079209365574153e-9	0.0008257742935075839
-2.0789818308053487e-9	0.0008300954493866751
-2.0787954061851633e-9	0.0008344620121615553
-2.0786412185225258e-9	0.0008388746248799818
-2.0785201852613343e-9	0.0008433339500368762
-2.0784442801624613e-9	0.0008478406552606302
-2.078431135738024e-9	0.0008523953944409296
-2.0785286106550506e-9	0.0008569987734409515
-2.0788418494177563e-9	0.0008616512735566937
-2.0796437347536667e-9	0.000866353047057253
-2.0818576172865203e-9	0.0008711032318655149
-2.0902215335572015e-9	0.0008758966329617679
-2.1756465135469583e-9	0.000880688306795047
-2.1765645925819754e-9	0.0008858294787644331
-2.090114446928748e-9	0.0008907304189837595
-2.0811998316550007e-9	0.0008957421622306471
-2.0785333996575784e-9	0.000900819946402547
-2.0773136523155603e-9	0.0009059587026586694
-2.076598662775764e-9	0.0009111577299962546
-2.076108754400785e-9	0.0009164173808259034
-2.0757358166367813e-9	0.0009217383761667277
-2.0754307091197522e-9	0.0009271216010944294
-2.075176117299904e-9	0.0009325680277753061
-2.0749608437675703e-9	0.0009380786802933637
-2.074786413319707e-9	0.000943654614066473
-2.0746675074123645e-9	0.0009492968982174126
-2.074627001885654e-9	0.0009550065920963295
-2.0747252018948893e-9	0.0009607847022625965
-2.0750945468162032e-9	0.0009666320859859429
-2.07608016356553e-9	0.0009725491928775414
-2.0788487226530708e-9	0.000978535198038355
-2.089390300863414e-9	0.000984583802936564
-2.1974016028880606e-9	0.0009906384158437415
-2.1987089127151195e-9	0.0009971437703541924
-2.089237724234305e-9	0.0010033539631040215
-2.0779118468094995e-9	0.0010097134715691925
-2.074498888748888e-9	0.0010161659929913247
-2.072917957202103e-9	0.0010227054545038907
-2.071975942774529e-9	0.0010293313220416155
-2.071318198160199e-9	0.0010360444072875757
-2.0708076895026296e-9	0.0010428460017113455
-2.0703824116730107e-9	0.001049737618261144
-2.0700195012879344e-9	0.001056720894481647
-2.069706246465852e-9	0.0010637975484899334
-2.069444109192853e-9	0.0010709693533408411
-2.0692522448462205e-9	0.001078238114978301
-2.0691605956524306e-9	0.0010856056424336472
-2.0692474811678798e-9	0.00109307369246221
-2.069685524985765e-9	0.0011006438443298167
-2.0709247816108614e-9	0.0011083171632209608
-2.074485551178951e-9	0.0011160930690070525
-2.0881820022189413e-9	0.0011239638530835421
-2.2290955844050944e-9	0.0011318561390562122
-2.2310469197872607e-9	0.0011403512789443194
-2.0879543073448747e-9	0.0011484758078326948
-2.073086976106531e-9	0.0011568107287340146
-2.068563589119332e-9	0.0011652831632996132
-2.0664350818100364e-9	0.001173885840046973
-2.065140659185394e-9	0.001182618747089109
-2.0642163298389973e-9	0.00119148365838877
-2.0634829327459415e-9	0.0012004830043085475
-2.062858450668781e-9	0.001209619535650938
-2.062314631740003e-9	0.0012188961985090284
-2.0618331784016954e-9	0.0012283160781223562
-2.061417282167577e-9	0.0012378823666670121
-2.0610930236086844e-9	0.001247598335488485
-2.060901024159012e-9	0.0012574672966275018
-2.060946761556215e-9	0.0012674925295247774
-2.0614653559403174e-9	0.0012776771126999545
-2.0630662804166368e-9	0.0012880234678102583
-2.06781477852247e-9	0.0012985318222909908
-2.086329161554712e-9	0.0013091927487951585
-2.2778512084986603e-9	0.00131990748115472
-2.2809500457077194e-9	0.0013314683901895963
-2.0859675803841517e-9	0.0013425519330502245
-2.0655933789526238e-9	0.0013539500078525236
-2.05931518792446e-9	0.0013655648026075545
-2.056299513103488e-9	0.001377387829787901
-2.054418037383821e-9	0.001389420548129083
-2.0530373535943005e-9	0.0014016669182098115
-2.051912538636458e-9	0.0014141318694058764
-2.050931613839513e-9	0.0014268208467546316
-2.0500561547953656e-9	0.0014397396448424626
-2.0492614553502266e-9	0.0014528943356954802
-2.048552490047095e-9	0.0014662912292108263
-2.0479664667616418e-9	0.0014799368393199077
-2.0475613242310065e-9	0.0014938378346019236
-2.047488945117193e-9	0.001508000938876333
-2.0480845604298195e-9	0.0015224326952111128
-2.0502230361318932e-9	0.0015371388161208722
-2.0568678274435204e-9	0.0015521219769153785
-2.08327584755863e-9	0.001567371079604447
-2.358537074242939e-9	0.0015827464889825184
-2.363891944168195e-9	0.001599391926368514
-2.08265086329984e-9	0.0016154046899506153
-2.053027695797516e-9	0.001631927917896207
-2.043736200152413e-9	0.0016488240923593232
-2.0391470874181472e-9	0.001666084445134925
-2.036186198550727e-9	0.0016837147258169016
-2.0339379978140395e-9	0.0017017244984070758
-2.0320476468216333e-9	0.001720124948193299
-2.030352624721177e-9	0.0017389282441581436
-2.0287974487442905e-9	0.001758147315511862
-2.0273464720332867e-9	0.0017777957644006428
-2.026007931621443e-9	0.0017978878260830908
-2.0248392829824716e-9	0.0018184383374106492
-2.0239299716950934e-9	0.0018394626815624322
-2.023514210675037e-9	0.001860976655786535
-2.0241112106467177e-9	0.0018829961272775941
-2.027078108418623e-9	0.0019055360442871013
-2.0370229397770334e-9	0.0019286070165099836
-2.077707078307345e-9	0.0019521985681090833
-2.506607216268275e-9	0.0019760997718376466
-2.5170658676243463e-9	0.002002105584989316
-2.0764859889332855e-9	0.00202725179961815
-2.029517441048956e-9	0.0020533330749011145
-2.0143911144354656e-9	0.002080144307186374
-2.006615241612053e-9	0.002107682119407409
-2.0013632330284636e-9	0.002135966554046304
-1.997194368408284e-9	0.0021650244165422644
-1.993548972695214e-9	0.002194885915755461
-1.99016853847378e-9	0.00222558374005877
-1.9869650682013962e-9	0.0022571527867024754
-1.9838810270400577e-9	0.002289630110578846
-1.980931157985477e-9	0.0023230549537746063
-1.9782131999712684e-9	0.0023574687938190944
-1.9758816431292295e-9	0.0023929153574279004
-1.974341983812522e-9	0.0024294405074737984
-1.97450142782607e-9	0.002467091765318427
-1.9787430683149144e-9	0.002505916700591947
-1.9951886901958815e-9	0.002545957014355727
-2.065854059130068e-9	0.0025872189373982645
-2.82490144143388e-9	0.0026293542875866645
-2.8496938617506018e-9	0.002675584112429192
-2.062958270820925e-9	0.002720671513727383
-1.977370675526613e-9	0.002767841145250281
-1.948580372046482e-9	0.002816767310828993
-1.932823824818408e-9	0.002867486232462039
-1.9214457461058654e-9	0.002920079790382633
-1.9118482288527083e-9	0.002974646371106059
-1.903009787990184e-9	0.0030312953955353634
-1.894449361145023e-9	0.003090146238055926
-1.885996116407496e-9	0.0031513283781591547
-1.8775328946563085e-9	0.0032149820229277625
-1.8690797601583766e-9	0.0032812589635874455
-1.860825050781223e-9	0.00335032356384002
-1.8530834764940442e-9	0.0034223537871072894
-1.8467055341142568e-9	0.0034975420799215422
-1.843643123472516e-9	0.003576095602760083
-1.8491077809323908e-9	0.003658234110164442
-1.8810365972121715e-9	0.0037441783693255896
-2.0329273728914024e-9	0.003834085515659581
-3.725669151244393e-9	0.003927332474143094
-3.8093579793008205e-9	0.004031352552123848
-2.0231387990066187e-9	0.004134571507306086
-1.8206387304542383e-9	0.004244476579553587
-1.7464340369754972e-9	0.004360605243055223
-1.700970763823806e-9	0.00448334573293265
-1.6643373777547321e-9	0.004613233119483494
-1.6304088844787402e-9	0.004750891206283738
-1.5966339043105295e-9	0.004897029111871899
-1.5616647583149846e-9	0.005052449521873429
-1.5248645703791475e-9	0.005218061935341649
-1.4856686920583507e-9	0.005394899729473194
-1.4438357760382382e-9	0.005584141190833703
-1.3995821523948848e-9	0.005787135142845324
-1.353523060676487e-9	0.0060054320275479646
-1.3080483332483795e-9	0.00624082128301271
-1.2695121709815905e-9	0.006495375057202049
-1.2564196902042912e-9	0.006771494247492366
-1.3357777965183894e-9	0.007071932163118207
-1.8681398858411136e-9	0.007399626115892335
-8.463987693740905e-9	0.007754934197357515
-9.13412722411966e-9	0.008171210228446558
-1.7891652150936466e-9	0.008606677448387175
-8.41021760583649e-10	0.009096961169111697
-3.956439573127302e-10	0.009647561240603538
-3.501225035451583e-11	0.010269520672700231
3.354285648793365e-10	0.010977412117253312
7.57421412178605e-10	0.011790248319809578
1.264556714719589e-9	0.012733168960240841
1.8959155243469806e-9	0.013840074610575324
2.7034618880483753e-9	0.015157784590960137
3.766471234151192e-9	0.016752826151562893
5.2088155978291535e-9	0.018723014752899413
7.234201207950708e-9	0.02121828936443174
1.0203825983945426e-8	0.024480752331440588
1.4787776564761935e-8	0.028928301886363018
2.2327385819609358e-8	0.035349459139607305
3.563773317574737e-8	0.04543074067317764
5.927183882900589e-8	0.06354021885065902
4.418139969937785e-8	0.10552459983756624
-1.0710927454151965e-5	0.30382957112594283
-1.0710927454151965e-5	-0.30382957112594283
4.418139969937785e-8	-0.10552459983756624
5.927183882900589e-8	-0.06354021885065902
3.563773317574737e-8	-0.04543074067317764
2.2327385819609358e-8	-0.035349459139607305
1.4787776564761935e-8	-0.028928301886363018
1.0203825983945426e-8	-0.024480752331440588
7.234201207950708e-9	-0.02121828936443174
5.2088155978291535e-9	-0.018723014752899413
3.766471234151192e-9	-0.016752826151562893
2.7034618880483753e-9	-0.015157784590960137
1.8959155243469806e-9	-0.013840074610575324
1.264556714719589e-9	-0.012733168960240841
7.57421412178605e-10	-0.011790248319809578
3.354285648793365e-10	-0.010977412117253312
-3.501225035451583e-11	-0.010269520672700231
-3.956439573127302e-10	-0.009647561240603538
-8.41021760583649e-10	-0.009096961169111697
-1.7891652150936466e-9	-0.008606677448387175
-9.13412722411966e-9	-0.008171210228446558
-8.463987693740905e-9	-0.007754934197357515
-1.8681398858411136e-9	-0.007399626115892335
-1.3357777965183894e-9	-0.007071932163118207
-1.2564196902042912e-9	-0.006771494247492366
-1.2695121709815905e-9	-0.006495375057202049
-1.3080483332483795e-9	-0.00624082128301271
-1.353523060676487e-9	-0.0060054320275479646
-1.3995821523948848e-9	-0.005787135142845324
-1.4438357760382382e-9	-0.005584141190833703
-1.4856686920583507e-9	-0.005394899729473194
-1.5248645703791475e-9	-0.005218061935341649
-1.5616647583149846e-9	-0.005052449521873429
-1.5966339043105295e-9	-0.004897029111871899
-1.6304088844787402e-9	-0.004750891206283738
-1.6643373777547321e-9	-0.004613233119483494
-1.700970763823806e-9	-0.00448334573293265
-1.7464340369754972e-9	-0.004360605243055223
-1.8206387304542383e-9	-0.004244476579553587
-2.0231387990066187e-9	-0.004134571507306086
-3.8093579793008205e-9	-0.004031352552123848
-3.725669151244393e-9	-0.003927332474143094
-2.0329273728914024e-9	-0.003834085515659581
-1.8810365972121715e-9	-0.0037441783693255896
-1.8491077809323908e-9	-0.003658234110164442
-1.843643123472516e-9	-0.003576095602760083
-1.8467055341142568e-9	-0.0034975420799215422
-1.8530834764940442e-9	-0.0034223537871072894
-1.860825050781223e-9	-0.00335032356384002
-1.8690797601583766e-9	-0.0032812589635874455
-1.8775328946563085e-9	-0.0032149820229277625
-1.885996116407496e-9	-0.0031513283781591547
-1.894449361145023e-9	-0.003090146238055926
-1.903009787990184e-9	-0.0030312953955353634
-1.9118482288527083e-9	-0.002974646371106059
-1.9214457461058654e-9	-0.002920079790382633
-1.932823824818408e-9	-0.002867486232462039
-1.948580372046482e-9	-0.002816767310828993
-1.977370675526613e-9	-0.002767841145250281
-2.062958270820925e-9	-0.002720671513727383
-2.8496938617506018e-9	-0.002675584112429192
-2.82490144143388e-9	-0.0026293542875866645
-2.065854059130068e-9	-0.0025872189373982645
-1.9951886901958815e-9	-0.002545957014355727
-1.9787430683149144e-9	-0.002505916700591947
-1.97450142782607e-9	-0.002467091765318427
-1.974341983812522e-9	-0.0024294405074737984
-1.9758816431292295e-9	-0.0023929153574279004
-1.9782131999712684e-9	-0.0023574687938190944
-1.980931157985477e-9	-0.0023230549537746063
-1.9838810270400577e-9	-0.002289630110578846
-1.9869650682013962e-9	-0.0022571527867024754
-1.99016853847378e-9	-0.00222558374005877
-1.993548972695214e-9	-0.002194885915755461
-1.997194368408284e-9	-0.0021650244165422644
-2.0013632330284636e-9	-0.002135966554046304
-2.006615241612053e-9	-0.002107682119407409
-2.0143911144354656e-9	-0.002080144307186374
-2.029517441048956e-9	-0.0020533330749011145
-2.0764859889332855e-9	-0.00202725179961815
-2.5170658676243463e-9	-0.002002105584989316
-2.506607216268275e-9	-0.0019760997718376466
-2.077707078307345e-9	-0.0019521985681090833
-2.0370229397770334e-9	-0.0019286070165099836
-2.027078108418623e-9	-0.0019055360442871013
-2.0241112106467177e-9	-0.0018829961272775941
-2.023514210675037e-9	-0.001860976655786535
-2.0239299716950934e-9	-0.0018394626815624322
-2.0248392829824716e-9	-0.0018184383374106492
-2.026007931621443e-9	-0.0017978878260830908
-2.0273464720332867e-9	-0.0017777957644006428
-2.0287974487442905e-9	-0.001758147315511862
-2.030352624721177e-9	-0.0017389282441581436
-2.0320476468216333e-9	-0.001720124948193299
-2.0339379978140395e-9	-0.0017017244984070758
-2.036186198550727e-9	-0.0016837147258169016
-2.0391470874181472e-9	-0.001666084445134925
-2.043736200152413e-9	-0.0016488240923593232
-2.053027695797516e-9	-0.001631927917896207
-2.08265086329984e-9	-0.0016154046899506153
-2.363891944168195e-9	-0.001599391926368514
-2.358537074242939e-9	-0.0015827464889825184
-2.08327584755863e-9	-0.001567371079604447
-2.0568678274435204e-9	-0.0015521219769153785
-2.0502230361318932e-9	-0.0015371388161208722
-2.0480845604298195e-9	-0.0015224326952111128
-2.047488945117193e-9	-0.001508000938876333
-2.0475613242310065e-9	-0.0014938378346019236
-2.0479664667616418e-9	-0.0014799368393199077
-2.048552490047095e-9	-0.0014662912292108263
-2.0492614553502266e-9	-0.0014528943356954802
-2.0500561547953656e-9	-0.0014397396448424626
-2.050931613839513e-9	-0.0014268208467546316
-2.051912538636458e-9	-0.0014141318694058764
-2.0530373535943005e-9	-0.0014016669182098115
-2.054418037383821e-9	-0.001389420548129083
-2.056299513103488e-9	-0.001377387829787901
-2.05931518792446e-9	-0.0013655648026075545
-2.0655933789526238e-9	-0.0013539500078525236
-2.0859675803841517e-9	-0.0013425519330502245
-2.2809500457077194e-9	-0.0013314683901895963
-2.2778512084986603e-9	-0.00131990748115472
-2.086329161554712e-9	-0.0013091927487951585
-2.06781477852247e-9	-0.0012985318222909908
-2.0630662804166368e-9	-0.0012880234678102583
-2.0614653559403174e-9	-0.0012776771126999545
-2.060946761556215e-9	-0.0012674925295247774
-2.060901024159012e-9	-0.0012574672966275018
-2.0610930236086844e-9	-0.001247598335488485
-2.061417282167577e-9	-0.0012378823666670121
-2.0618331784016954e-9	-0.0012283160781223562
-2.062314631740003e-9	-0.0012188961985090284
-2.062858450668781e-9	-0.001209619535650938
-2.0634829327459415e-9	-0.0012004830043085475
-2.0642163298389973e-9	-0.00119148365838877
-2.065140659185394e-9	-0.001182618747089109
-2.0664350818100364e-9	-0.001173885840046973
-2.068563589119332e-9	-0.0011652831632996132
-2.073086976106531e-9	-0.0011568107287340146
-2.0879543073448747e-9	-0.0011484758078326948
-2.2310469197872607e-9	-0.0011403512789443194
-2.2290955844050944e-9	-0.0011318561390562122
-2.0881820022189413e-9	-0.0011239638530835421
-2.074485551178951e-9	-0.0011160930690070525
-2.0709247816108614e-9	-0.0011083171632209608
-2.069685524985765e-9	-0.0011006438443298167
-2.0692474811678798e-9	-0.00109307369246221
-2.0691605956524306e-9	-0.0010856056424336472
-2.0692522448462205e-9	-0.001078238114978301
-2.069444109192853e-9	-0.0010709693533408411
-2.069706246465852e-9	-0.0010637975484899334
-2.0700195012879344e-9	-0.001056720894481647
-2.0703824116730107e-9	-0.001049737618261144
-2.0708076895026296e-9	-0.0010428460017113455
-2.071318198160199e-9	-0.0010360444072875757
-2.071975942774529e-9	-0.0010293313220416155
-2.072917957202103e-9	-0.0010227054545038907
-2.074498888748888e-9	-0.0010161659929913247
-2.0779118468094995e-9	-0.0010097134715691925
-2.089237724234305e-9	-0.0010033539631040215
-2.1987089127151195e-9	-0.0009971437703541924
-2.1974016028880606e-9	-0.0009906384158437415
-2.089390300863414e-9	-0.000984583802936564
-2.0788487226530708e-9	-0.000978535198038355
-2.07608016356553e-9	-0.0009725491928775414
-2.0750945468162032e-9	-0.0009666320859859429
-2.0747252018948893e-9	-0.0009607847022625965
-2.074627001885654e-9	-0.0009550065920963295
-2.0746675074123645e-9	-0.0009492968982174126
-2.074786413319707e-9	-0.000943654614066473
-2.0749608437675703e-9	-0.0009380786802933637
-2.075176117299904e-9	-0.0009325680277753061
-2.0754307091197522e-9	-0.0009271216010944294
-2.0757358166367813e-9	-0.0009217383761667277
-2.076108754400785e-9	-0.0009164173808259034
-2.076598662775764e-9	-0.0009111577299962546
-2.0773136523155603e-9	-0.0009059587026586694
-2.0785333996575784e-9	-0.000900819946402547
-2.0811998316550007e-9	-0.0008957421622306471
-2.090114446928748e-9	-0.0008907304189837595
-2.1765645925819754e-9	-0.0008858294787644331
-2.1756465135469583e-9	-0.000880688306795047
-2.0902215335572015e-9	-0.0008758966329617679
-2.0818576172865203e-9	-0.0008711032318655149
-2.0796437347536667e-9	-0.000866353047057253
-2.0788418494177563e-9	-0.0008616512735566937
-2.0785286106550506e-9	-0.0008569987734409515
-2.078431135738024e-9	-0.0008523953944409296
-2.0784442801624613e-9	-0.0008478406552606302
-2.0785201852613343e-9	-0.0008433339500368762
-2.0786412185225258e-9	-0.0008388746248799818
-2.0787954061851633e-9	-0.0008344620121615553
-2.0789818308053487e-9	-0.0008300954493866751
-2.079209365574153e-9	-0.0008257742935075839
-2.0794922483857725e-9	-0.0008214979377108892
-2.079870204757528e-9	-0.0008172658400655641
-2.0804306341493106e-9	-0.0008130775860494158
-2.081399950193408e-9	-0.0008089330544557193
-2.0835404411001514e-9	-0.0008048329724259274
-2.090739677373943e-9	-0.0008007816011478719
-2.160739904399911e-9	-0.0007968153604498464
-2.1600705966462464e-9	-0.0007926499762022391
-2.0908178914591515e-9	-0.0007887633894815565
-2.0840200034899503e-9	-0.0007848711815940651
-2.0822092803018945e-9	-0.0007810098934345353
-2.0815443602661965e-9	-0.0007771838613375695
-2.0812766417133144e-9	-0.0007733939073734145
-2.0811844282597747e-9	-0.0007696400280520907
-2.0811825928834794e-9	-0.0007659219496833981
-2.0812321278596003e-9	-0.0007622392941610502
-2.0813188425561347e-9	-0.0007585916411155164
-2.081432931283489e-9	-0.0007549785558429849
-2.081574040246892e-9	-0.0007513996047653393
-2.0817491846292227e-9	-0.0007478543672423512
-2.081970259043553e-9	-0.0007443424494833734
-2.0822700767253454e-9	-0.0007408635082901746
-2.082720775042901e-9	-0.0007374173028229431
-2.083509193151478e-9	-0.0007340038318340475
-2.0852656007819272e-9	-0.0007306237926008077
-2.0912012335339016e-9	-0.0007272808013225757
-2.1490405232693632e-9	-0.0007240050589189061
-2.1485373700169677e-9	-0.0007205616449286415
-2.0912600545930362e-9	-0.000717345747046529
-2.0856258668822127e-9	-0.0007141223330857973
-2.084117443640343e-9	-0.0007109216886948041
-2.083557340043507e-9	-0.0007077474771769861
-2.083326528895535e-9	-0.0007046004546369923
-2.083240896694205e-9	-0.0007014806926219927
-2.083230674593262e-9	-0.0006983880372768602
-2.0832637058931792e-9	-0.000695322246463307
-2.083327326007911e-9	-0.0006922830412142945
-2.0834143813208697e-9	-0.0006892701289053632
-2.0835238083605215e-9	-0.0006862832161340719
-2.083662348395521e-9	-0.0006833220186142028
-2.0838394026667653e-9	-0.0006803862728750551
-2.0840826327139796e-9	-0.0006774757562429966
-2.0844527130858825e-9	-0.0006745903303869992
-2.085106766575029e-9	-0.0006717300567109426
-2.0865734682129488e-9	-0.0006688955821531781
-2.091551737043451e-9	-0.0006660900056284412
-2.1401469975756984e-9	-0.0006633387716759454
-2.1397601266626154e-9	-0.0006604444738311781
-2.0915969393908718e-9	-0.0006577393349817167
-2.0868510568150534e-9	-0.0006550258607825038
-2.085574975613236e-9	-0.0006523295573863027
-2.0850970828378834e-9	-0.0006496535545108632
-2.0848959610075824e-9	-0.0006469985370929276
-2.0848177942067727e-9	-0.0006443646134480384
-2.0848030311493295e-9	-0.0006417517012333347
-2.0848246899018987e-9	-0.0006391596427384326
-2.084872652724501e-9	-0.0006365882481779816
-2.084940289587278e-9	-0.0006340373152166517
-2.0850273111827632e-9	-0.0006315066398561988
-2.0851389528231403e-9	-0.0006289960248362363
-2.085283619457368e-9	-0.00062650528960096
-2.08548473875636e-9	-0.0006240342873390197
-2.085793970607597e-9	-0.0006215829421164328
-2.086345141644186e-9	-0.0006191513472537611
-2.0875886581506186e-9	-0.00061674009419304
-2.091824017819155e-9	-0.0006143518634441331
-2.1332302412524486e-9	-0.0006120083822440163
-2.1329257014257586e-9	-0.0006095414248917891
-2.0918595567853693e-9	-0.0006072341984718267
-2.0878068727581134e-9	-0.0006049184070466775
-2.0867134786883847e-9	-0.0006026158240808336
-2.086300755094195e-9	-0.0006003291509589716
-2.086124445938031e-9	-0.000598059004534827
-2.086053140382127e-9	-0.0005958055094245239
-2.0860359127738982e-9	-0.0005935686269970967
-2.0860498347485822e-9	-0.000591348253665003
-2.0860869249905714e-9	-0.0005891442578117729
-2.086140575385809e-9	-0.0005869564964632169
-2.0862113450648146e-9	-0.0005847848246093273
-2.0863026132245113e-9	-0.0005826291024208184
-2.086422887653816e-9	-0.0005804892038364423
-2.0865917326140516e-9	-0.0005783650312646899
-2.0868538047114082e-9	-0.0005762565476194622
-2.0873247352948265e-9	-0.0005741638611875155
-2.0883923988634923e-9	-0.0005720875093115699
-2.092039752976671e-9	-0.0005700298307198301
-2.127744211244398e-9	-0.0005680095933208719
-2.1275002920040367e-9	-0.0005658817168326817
-2.092068259523794e-9	-0.0005638905068595902
-2.0885672160742e-9	-0.0005618908261754244
-2.087619583379663e-9	-0.0005599014782822967
-2.087259646976758e-9	-0.0005579248164925169
-2.0871039733638686e-9	-0.0005559613956530251
-2.0870388121652095e-9	-0.0005540113455510292
-2.0870206109468994e-9	-0.0005520746546932145
-2.087029526531836e-9	-0.0005501512551004984
-2.087058011757126e-9	-0.0005482410541755101
-2.0871014450141168e-9	-0.0005463439491053242
-2.0871592863624943e-9	-0.0005444598349266789
-2.087235781789154e-9	-0.0005425886107919948
-2.0873371290308642e-9	-0.0005407301874448564
-2.0874809468107714e-9	-0.0005388845000293569
-2.087706027109615e-9	-0.0005370515360120029
-2.0881128389660387e-9	-0.0005352314091439422
-2.0890396799033707e-9	-0.0005334246066880368
-2.0922137322632042e-9	-0.0005316331853660435
-2.1233199877679357e-9	-0.0005298735193689581
-2.123120825348046e-9	-0.0005280191954299805
-2.0922367052422786e-9	-0.00052628312967841
-2.089181798448081e-9	-0.0005245388620802675
-2.0883523283776742e-9	-0.0005228027948379083
-2.0880357153307827e-9	-0.0005210769951331895
-2.0878972163462794e-9	-0.0005193619625973192
-2.087838049380508e-9	-0.0005176578261308282
-2.0878195204576677e-9	-0.0005159645912059125
-2.087824835195207e-9	-0.0005142822137697854
-2.08784721319466e-9	-0.0005126106280259035
-2.087882707774158e-9	-0.0005109497589992192
-2.0879310752397465e-9	-0.0005092995295844051
-2.087995654420638e-9	-0.0005076598660349354
-2.0880821200996993e-9	-0.0005060307045290531
-2.0882059337812287e-9	-0.0005044120024291412
-2.088399754701653e-9	-0.0005028037628366851
-2.0887562766414016e-9	-0.0005012060996171756
-2.0895683214616768e-9	-0.0004996194548077449
-2.0923557723928623e-9	-0.0004980456501793584
-2.1197003357009694e-9	-0.0004964990966727539
-2.119536962008617e-9	-0.0004948686549569649
-2.0923748422108093e-9	-0.0004933415473547462
-2.089685337841596e-9	-0.0004918065956903216
-2.0889537259316525e-9	-0.000490278233355377
-2.088673059064128e-9	-0.0004887582898010096
-2.088549027173814e-9	-0.00048724721599224146
-2.0884946693611184e-9	-0.0004857451367119287
-2.0884765086714997e-9	-0.000484252068007798
-2.0884792360342796e-9	-0.0004827679821775914
-2.0884970233780997e-9	-0.00048129283220503364
-2.0885265886727568e-9	-0.0004798265628176504
-2.088567481384196e-9	-0.00047836911669805744
-2.08862279656441e-9	-0.00047692043933262706
-2.088697199786882e-9	-0.0004754804848227351
-2.0888048880396416e-9	-0.0004740492258598445
-2.0889759523856632e-9	-0.0004726266754857978
-2.089288411966095e-9	-0.0004712129447280109
-2.0900056800665646e-9	-0.00046980843525209456
-2.092473547143925e-9	-0.000468414771295879
-2.116701294918588e-9	-0.00046704473386653114
-2.1165651443277868e-9	-0.0004655998398167255
-2.0924894521545668e-9	-0.00046424601448774756
-2.0901035177434137e-9	-0.00046288474213025666
-2.0894529905668424e-9	-0.00046152882203540345
-2.0892025241137092e-9	-0.00046017988419193875
-2.089091041229674e-9	-0.00045883833684594565
-2.0890411079332874e-9	-0.00045750429903574583
-2.0890231205494826e-9	-0.0004561777932943752
-2.08902420226198e-9	-0.00045485880324144665
-2.0890386866312393e-9	-0.0004535472952468423
-2.0890636648229766e-9	-0.0004522432282350556
-2.0890981611398907e-9	-0.00045094655920106217
-2.089145021039185e-9	-0.00044965724752361793
-2.0892107950643005e-9	-0.0004483752601472981
-2.0893053656600993e-9	-0.00044710058047721103
-2.0894562518192216e-9	-0.00044583322780067353
-2.089733603877209e-9	-0.0004445733087209665
-2.0903720510945245e-9	-0.00044332118907967894
-2.0925719272479884e-9	-0.00044207832562142706
-2.1141889643194747e-9	-0.0004408561314727887
-2.1140740479541623e-9	-0.00043956672776574194
-2.092585438090433e-9	-0.0004383581909699131
-2.0904543405253497e-9	-0.00043714261459953425
-2.0898721891537963e-9	-0.0004359314268780966
-2.0896472678055835e-9	-0.0004347260889354841
-2.0895461744496748e-9	-0.0004335269715448746
-2.0895005259036204e-9	-0.00043233418729094543
-2.08948336319903e-9	-0.0004311477625365342
-2.0894829442119623e-9	-0.000429967688819438
-2.089494554885496e-9	-0.0004287939421882458
-2.089515593522995e-9	-0.00042762649195762716
-2.0895454934444223e-9	-0.0004264653056390773
-2.0895870963100196e-9	-0.00042531035280285776
-2.089644097291732e-9	-0.0004241616097243343
-2.0897275528841687e-9	-0.0004230190673724131
-2.08986215650131e-9	-0.000421882748845209
-2.0901096524361675e-9	-0.0004207527555564248
-2.0906817095600607e-9	-0.00041962942161486013
-2.0926556159983624e-9	-0.0004185140606247654
-2.1120635012139567e-9	-0.00041741692666722916
-2.1119654145751456e-9	-0.00041625911404897685
-2.0926668152121408e-9	-0.0004151735924709021
-2.090751628297527e-9	-0.0004140814326472968
-2.090227650475285e-9	-0.00041299290127461987
-2.0900242476695753e-9	-0.0004119093153562889
-2.0899324403633736e-9	-0.00041083101275329534
-2.0898904905641835e-9	-0.0004097580994142477
-2.0898739423902415e-9	-0.00040869060379086135
-2.0898728088525332e-9	-0.000407628522993466
-2.0898822113146753e-9	-0.00040657184015524897
-2.08989999579412e-9	-0.0004055205322981329
-2.08992607678149e-9	-0.000404474574767423
-2.0899625472081687e-9	-0.00040343394471011664
-2.09001306186174e-9	-0.000402398625264196
-2.0900876601559484e-9	-0.00040136861277342704
-2.0902077929763065e-9	-0.00040034393252609004
-2.090430397233556e-9	-0.00039932468046307776
-2.0909456177997666e-9	-0.0003983111625769824
-2.0927264621106725e-9	-0.0003973045692586353
-2.1102484221935393e-9	-0.000396314163991635
-2.110164785462665e-9	-0.00039526870134360174
-2.092736400921558e-9	-0.000394288252192679
-2.091006229654191e-9	-0.0003933015507975804
-2.0905314527308593e-9	-0.00039231787129781514
-2.0903469193755964e-9	-0.0003913384067562594
-2.0902630355479345e-9	-0.00039036346605974474
-2.090224214157388e-9	-0.00038939314863395435
-2.09020874937238e-9	-0.00038842748387350875
-2.090206694049801e-9	-0.0003874664728206052
-2.0902144270362744e-9	-0.0003865101038466406
-2.0902298197844617e-9	-0.00038555835975919177
-2.090252405834159e-9	-0.00038461122180919957
-2.0902846157799804e-9	-0.00038366867284210526
-2.090329693044124e-9	-0.0003827307010954932
-2.0903966668983643e-9	-0.00038179730674316095
-2.090504960688966e-9	-0.00038086851618117563
-2.090705851176544e-9	-0.00037994441987474327
-2.09117259497571e-9	-0.0003790252988704782
-2.092787653357187e-9	-0.000378112236785396
-2.10868719998647e-9	-0.00037721364387009943
-2.1086148596305422e-9	-0.0003762648662481306
-2.0927961125460916e-9	-0.00037537487375578245
-2.0912243009985065e-9	-0.00037447899491461323
-2.09079314910654e-9	-0.0003735856490596499
-2.0906250730867717e-9	-0.0003726959219360469
-2.090548309224838e-9	-0.0003718100968509323
-2.0905122262937505e-9	-0.0003709282669804165
-2.0904969571799993e-9	-0.00037005046190541715
-2.0904948319966367e-9	-0.00036917668544281604
-2.09050170233982e-9	-0.00036830692986652725
-2.090514542857358e-9	-0.00036744118237060124
-2.090534549620271e-9	-0.0003665794287065518
-2.0905633223267108e-9	-0.00036572165604915354
-2.0906038606993692e-9	-0.00036486785645564555
-2.0906637657580606e-9	-0.00036401803283110895
-2.090761968254196e-9	-0.0003631722119507031
-2.090944658256211e-9	-0.00036233047896484506
-2.091369302786861e-9	-0.0003614930927373006
-2.0928405079667644e-9	-0.0003606610437873958
-2.1073340619404134e-9	-0.00035984200225210386
-2.1072711401282085e-9	-0.000358977027064447
-2.092848032403394e-9	-0.00035816546562767853
-2.0914142125960657e-9	-0.0003573483615190971
-2.091020368177876e-9	-0.00035653339268759037
-2.0908665202268308e-9	-0.0003557215513676001
-2.090795557785352e-9	-0.0003549130982082931
-2.0907630542965627e-9	-0.00035410812049204923
-2.0907483348597823e-9	-0.00035330664749236
-2.090744700211644e-9	-0.0003525086849654172
-2.090750542549369e-9	-0.00035171422811638265
-2.090762391776524e-9	-0.00035092326749677544
-2.0907802515679475e-9	-0.0003501357923165304
-2.0908058300073143e-9	-0.00034935179306854684
-2.0908418629284053e-9	-0.00034857126469062114
-2.090896537931819e-9	-0.00034779421202624065
-2.090985681635349e-9	-0.00034702066174331647
-2.0911524789779535e-9	-0.0003462506939258918
-2.0915404753407696e-9	-0.0003454845476615819
-2.092886774207603e-9	-0.0003447231318313733
-2.1061537999855775e-9	-0.00034397347045484074
-2.1060988142362904e-9	-0.00034318160607150404
-2.0928934183150895e-9	-0.0003424384908950738
-2.091580122459691e-9	-0.00034169015399240283
-2.0912188863631e-9	-0.0003409436261504141
-2.0910772812965383e-9	-0.0003401998176482538
-2.0910121571737773e-9	-0.00033945896899713075
-2.0909811102198807e-9	-0.0003387211619740576
-2.090967619505779e-9	-0.00033798642522847605
-2.0909648885791833e-9	-0.00033725476585396975
-2.090968901397039e-9	-0.00033652618126992623
-2.0909793001677724e-9	-0.0003358006646100709
-2.0909949791425577e-9	-0.00033507820776771063
-2.091017945604623e-9	-0.0003343588037985887
-2.091051011116063e-9	-0.0003336424498228794
-2.0911007147850215e-9	-0.0003329291520453643
-2.0911821405456e-9	-0.0003322189367065312
-2.09133464041944e-9	-0.0003315118791139468
-2.091690803879276e-9	-0.00033080820067530237
-2.0929274070713434e-9	-0.00033010873830505513
-2.105118334772005e-9	-0.0003294199486483112
-2.105069639246615e-9	-0.0003286922476793185
-2.0929331045971277e-9	-0.000328009219531966
-2.091725154762525e-9	-0.000327321268295192
-2.0913933090005444e-9	-0.00032663485651916865
-2.0912627026858924e-9	-0.0003259508222668383
-2.0912018720564697e-9	-0.0003252693880934687
-2.0911733446093985e-9	-0.0003245906306630768
-2.0911605562778937e-9	-0.0003239145777998099
-2.0911572531867596e-9	-0.0003232412375024134
-2.091160882250476e-9	-0.0003225706088619676
-2.0911702722559156e-9	-0.0003219026870180909
-2.0911841780490993e-9	-0.000321237465957172
-2.0912053387944775e-9	-0.0003205749407250391
-2.0912350873369956e-9	-0.00031991511010291825
-2.0912804580275335e-9	-0.00031925798123447766
-2.091355020689134e-9	-0.0003186035797242898
-2.0914953716810737e-9	-0.00031795197641030457
-2.0918233487765558e-9	-0.0003173033768484763
-2.0929631333210796e-9	-0.00031665855420207257
-2.1042044078600774e-9	-0.0003160234642005952
-2.104161627802803e-9	-0.00031535238178052145
-2.092968189676414e-9	-0.00031472238915737795
-2.0918539743397527e-9	-0.000314087750733084
-2.0915471866778114e-9	-0.00031345442741832205
-2.0914262083004953e-9	-0.0003128231933303224
-2.091370297035988e-9	-0.00031219425495820517
-2.091343085336428e-9	-0.0003115676842349423
-2.0913310794234976e-9	-0.00031094350804202175
-2.0913279296985722e-9	-0.0003103217349640519
-2.0913308258985186e-9	-0.00030970236535881603
-2.0913388108834142e-9	-0.00030908539592890285
-2.091351583971557e-9	-0.0003084708223043583
-2.091370566820183e-9	-0.0003078586410857463
-2.0913981138237504e-9	-0.0003072488523204179
-2.0914395833737667e-9	-0.00030664146377799384
-2.0915082443340173e-9	-0.0003060365002982273
-2.091637809126246e-9	-0.0003054340285561649
-2.0919407650921154e-9	-0.0003048342398535281
-2.092994193864106e-9	-0.0003042378506212753
-2.103394183883278e-9	-0.00030365037215397114
-2.103356182148186e-9	-0.00030302950152223554
-2.0929993741480858e-9	-0.0003024465545712958
-2.091968059558802e-9	-0.00030185921898873835
-2.0916836802165052e-9	-0.0003012730106427903
-2.091571731982489e-9	-0.000300688646764776
-2.091519740649028e-9	-0.00030010631941822854
-2.0914941493255234e-9	-0.0002995260961717001
-2.091482697830216e-9	-0.0002989480028996429
-2.091479332300139e-9	-0.0002983720485400964
-2.0914818043726856e-9	-0.000297798234408539
-2.0914887502387903e-9	-0.00029722655843130244
-2.091500578288441e-9	-0.0002966570175357464
-2.0915178423341897e-9	-0.0002960896095412105
-2.0915429652434983e-9	-0.000295524335458919
-2.091581181651314e-9	-0.0002949612034560295
-2.091644673818394e-9	-0.00029440023753070854
-2.0917645690843314e-9	-0.0002938415004918106
-2.092045274559862e-9	-0.00029328517078639263
-2.0930232859650567e-9	-0.00029273191414569324
-2.1026725381401157e-9	-0.00029218684573572125
-2.1026380312427762e-9	-0.00029161071145885996
-2.09302697375402e-9	-0.0002910696894463624
-2.0920696532811257e-9	-0.00029052451721032916
-2.091805799364632e-9	-0.0002899803139740239
-2.0917012231891355e-9	-0.00028943774614369216
-2.0916527263659113e-9	-0.00028889699279532703
-2.091628718237093e-9	-0.00028835811747018224
-2.0916178990859625e-9	-0.00028782114501180455
-2.091614502225392e-9	-0.0002872860845389087
-2.091616628596693e-9	-0.0002867529380912751
-2.091623102712381e-9	-0.00028622170455523953
-2.0916335548015755e-9	-0.0002856923818838398
-2.0916493142508766e-9	-0.00028516496885792734
-2.0916725621544787e-9	-0.00028463946721964285
-2.091707789192432e-9	-0.0002841158853639465
-2.0917666602671137e-9	-0.0002835942464081674
-2.091877948007248e-9	-0.00028307460957758884
-2.0921390091299674e-9	-0.00028255714169302587
-2.0930483525194443e-9	-0.0002820424629991324
-2.1020266044446956e-9	-0.0002815353340878335
-2.1019959979273753e-9	-0.00028099922877726117
-2.093051893947706e-9	-0.0002804957279861269
-2.0921608412993733e-9	-0.0002799882979994227
-2.091915127455657e-9	-0.00027948170302362905
-2.0918172395634207e-9	-0.00027897656388271424
-2.091771810236454e-9	-0.00027847304791488804
-2.0917494928218708e-9	-0.0002779712149506167
-2.0917390156027784e-9	-0.0002774710888030021
-2.091735737091982e-9	-0.00027697267864681827
-2.091737507248226e-9	-0.00027647598706274603
-2.0917432350386902e-9	-0.000275981013692921
-2.091752741922859e-9	-0.00027548775730661053
-2.091767492012897e-9	-0.0002749962174410556
-2.091788569330566e-9	-0.0002745063963911954
-2.0918211231679698e-9	-0.00027401830265389116
-2.0918759483401496e-9	-0.0002735319584522759
-2.0919797749374693e-9	-0.00027304741969348266
-2.0922229672148964e-9	-0.0002725648426530871
-2.093071122438728e-9	-0.00027208480661566344
-2.1014461998425384e-9	-0.0002716117535423801
-2.101419050748454e-9	-0.0002711116077621976
-2.0930742790303827e-9	-0.0002706418202460089
-2.0922426063163526e-9	-0.0002701683085340319
-2.0920127884516138e-9	-0.0002696955178254889
-2.0919217578518892e-9	-0.00026922402789566487
-2.091878714727269e-9	-0.0002687539954569805
-2.0918579271334006e-9	-0.00026828547691859706
-2.0918480741649593e-9	-0.0002678184950776599
-2.0918448591644713e-9	-0.0002673530590739086
-2.091846286877974e-9	-0.00026688917188984673
-2.091851393287714e-9	-0.00026642683376063307
-2.091860382630317e-9	-0.00026596604410644166
-2.0918736629071956e-9	-0.0002655068030612811
-2.0918933941349583e-9	-0.00026504911333445787
-2.0919239911876276e-9	-0.00026459298342978684
-2.0919744689817945e-9	-0.00026413843468534666
-2.092071312703725e-9	-0.0002636855199299985
-2.0922985596860677e-9	-0.0002632343858540243
-2.0930913284755717e-9	-0.0002627855747291864
-2.1009234554725253e-9	-0.0002623432411343582
-2.100898669510354e-9	-0.0002618755188764563
-2.093094275623653e-9	-0.00026143613501377754
-2.092316346807843e-9	-0.000260993217214158
-2.092101204925756e-9	-0.0002605509229675577
-2.092015908172762e-9	-0.0002601097949689995
-2.0919760176707492e-9	-0.00025966998027483496
-2.091955892236097e-9	-0.00025923153213250664
-2.09194656616285e-9	-0.0002587944723587378
-2.091943224724613e-9	-0.0002583588099886745
-2.0919445498424063e-9	-0.0002579245482978242
-2.091949192450926e-9	-0.00025749168798917213
-2.0919572656430407e-9	-0.00025706022900014305
-2.0919697356236445e-9	-0.00025663017193582386
-2.0919877308844814e-9	-0.00025620151981130154
-2.092016235777372e-9	-0.000255774281070634
-2.0920639021537735e-9	-0.0002553484761804178
-2.0921544510998924e-9	-0.00025492415512152523
-2.092367188366584e-9	-0.00025450145584433317
-2.0931099091070493e-9	-0.0002540808870669617
-2.1004503414023826e-9	-0.0002536663432801714
-2.1004279429526207e-9	-0.00025322795734137937
-2.0931126180123715e-9	-0.00025281608690551886
-2.092383060880998e-9	-0.00025240085925850594
-2.0921813443486315e-9	-0.00025198617151990185
-2.09210169627716e-9	-0.00025157253277376676
-2.092063516839771e-9	-0.0002511600812804747
-2.0920446774042033e-9	-0.00025074886737041434
-2.0920356958109564e-9	-0.0002503389119119449
-2.092032486367135e-9	-0.00024993022378997124
-2.092033529155213e-9	-0.00024952280648763456
-2.092037738049557e-9	-0.00024911666107452625
-2.0920453400297135e-9	-0.0002487117879011071
-2.0920580527938882e-9	-0.00024830818794084863
-2.0920738335261648e-9	-0.0002479058644362205
-2.092100087169868e-9	-0.0002475048257137325
-2.0921447469957057e-9	-0.00024710509139863016
-2.0922293726854946e-9	-0.00024670670883044087
-2.092429076855362e-9	-0.0002463098079724176
-2.0931267352031215e-9	-0.00024591486703235695
-2.1000208471622095e-9	-0.0002455255443610595
-2.1000001147464253e-9	-0.0002451137873309166
-2.0931290804271364e-9	-0.00024472689510021505
-2.092443869894378e-9	-0.0002443368099736722
-2.092253957847179e-9	-0.0002439471926814088
-2.0921786957117664e-9	-0.00024355852174997753
-2.0921430774090146e-9	-0.0002431709274054698
-2.092125313762905e-9	-0.00024278445728293107
-2.092116751972739e-9	-0.00024239913134131304
-2.092113701679388e-9	-0.00024201495828239992
-2.0921143976948555e-9	-0.000241631941730379
-2.092118200014426e-9	-0.00024125008304139018
-2.0921250675653982e-9	-0.0002408693828943987
-2.092135804421247e-9	-0.00024048984255516863
-2.092151459176517e-9	-0.00024011146541567694
-2.0921766803849717e-9	-0.00023973425966189216
-2.0922181108939954e-9	-0.00023935824410182307
-2.0922980563553574e-9	-0.00023898346362540528
-2.092485949251044e-9	-0.00023861004088067197
-2.093141965470169e-9	-0.00023823842625151351
-2.0996295501340967e-9	-0.0002378720630445471
-2.0996112197968486e-9	-0.0002374845506486913
-2.0931441325200418e-9	-0.00023712040352811222
-2.0924991050941257e-9	-0.0002367532164471796
-2.0923204583189747e-9	-0.00023638643487292846
-2.0922494299358e-9	-0.0002360205094705875
-2.0922156298508467e-9	-0.0002356555631100069
-2.092198855235816e-9	-0.0002352916409320777
-2.092190708541386e-9	-0.00023492876202899172
-2.0921876067281354e-9	-0.0002345669348949318
-2.092188116231686e-9	-0.0002342061632443851
-2.0921916923155592e-9	-0.00023384644865576647
-2.0921979510868384e-9	-0.00023348779206870223
-2.0922079119300996e-9	-0.00023313019497536933
-2.0922229834352547e-9	-0.00023277366087142928
-2.0922462295347445e-9	-0.00023241819776886237
-2.092285386751103e-9	-0.00023206382369625318
-2.092360456901199e-9	-0.00023171058126852449
-2.092537261622063e-9	-0.0002313585864160496
-2.0931551308112084e-9	-0.00023100826408387683
-2.099272864897195e-9	-0.0002306628611907272
-2.0992556926557883e-9	-0.00023029748547738553
-2.093157912635979e-9	-0.00022995410879587076
-2.0925500682722475e-9	-0.00022960783465365156
-2.0923809095796387e-9	-0.0002292619119404857
-2.0923139799011727e-9	-0.00022891676584719904
-2.092281861093559e-9	-0.00022857251249447496
-2.0922661374100926e-9	-0.00022822919471231887
-2.0922583270965855e-9	-0.0002278868307666338
-2.092255572361257e-9	-0.00022754542893099294
-2.092256009095239e-9	-0.00022720499296880356
-2.0922586903171503e-9	-0.00022686552463022945
-2.0922654450528102e-9	-0.0002265270250602632
-2.0922745204876583e-9	-0.00022618949592552104
-2.092288230809425e-9	-0.00022585294078414182
-2.0923097719893758e-9	-0.00022551736745847034
-2.092346943305401e-9	-0.00022518279322990804
-2.0924169486569167e-9	-0.00022484925860105938
-2.0925847818098476e-9	-0.00022451687332299684
-2.093168895556108e-9	-0.00022418603901563545
-2.098946209516672e-9	-0.00022385982277684522
-2.098930415139755e-9	-0.00022351471321724065
-2.093170700639968e-9	-0.0002231903543957965
-2.0925957539497108e-9	-0.00022286323104220372
-2.0924363408558744e-9	-0.00022253641205254149
-2.0923729173172312e-9	-0.0002222102992669083
-2.0923426695407257e-9	-0.00022188500259895505
-2.0923273947537347e-9	-0.0002215605627343577
-2.092319913404861e-9	-0.00022123699715536144
-2.0923170089115484e-9	-0.0002209143139052246
-2.092317437696334e-9	-0.00022059251676748702
-2.092320608826359e-9	-0.00022027160761843272
-2.0923257924743144e-9	-0.00021995158776594377
-2.0923346676970935e-9	-0.00021963245901120054
-2.0923476307888045e-9	-0.0002193142249411023
-2.0923684475315787e-9	-0.00021899689317754186
-2.0924031086111405e-9	-0.0002186804802898705
-2.092469933084873e-9	-0.00021836502481564703
-2.092627754368692e-9	-0.00021805063080485146
-2.0931803678680973e-9	-0.00021773767845017301
-2.0986461003236203e-9	-0.0002174290697749362
-2.0986317708748817e-9	-0.00021710256075211542
-2.0931819686154096e-9	-0.00021679565893669654
-2.092638175676953e-9	-0.00021648611673161025
-2.092487148158684e-9	-0.00021617683781036796
-2.0924269331423774e-9	-0.00021586820255818932
-2.09239850054721e-9	-0.00021556031516724146
-2.0923840610087563e-9	-0.00021525321433145695
-2.0923760805480196e-9	-0.00021494691679201487
-2.092373640838474e-9	-0.00021464143035502612
-2.0923742359624245e-9	-0.00021433675880024166
-2.0923770604364125e-9	-0.00021403290409832614
-2.0923819350870953e-9	-0.00021372986768319806
-2.092390185948201e-9	-0.0002134276514549232
-2.0924026449375967e-9	-0.0002131262590062329
-2.0924220946683114e-9	-0.0002128256977515187
-2.0924551173473474e-9	-0.00021252598358208774
-2.092518431934254e-9	-0.00021222715320617642
-2.0926672284815597e-9	-0.0002119293054091086
-2.093191515789572e-9	-0.00021163280064397057
-2.098370155412255e-9	-0.00021134038904502885
-2.0983568689958434e-9	-0.0002110309925425783
-2.0931928626122254e-9	-0.00021074015308307105
-2.092677008735944e-9	-0.00021044678930675926
-2.092534104936039e-9	-0.00021015365286312357
-2.0924769991659266e-9	-0.00020986110437860704
-2.092449491680748e-9	-0.0002095692427597054
-2.092435902573131e-9	-0.0002092781048498894
-2.0924290844548387e-9	-0.0002089877066874726
-2.0924271333100375e-9	-0.0002086980558440282
-2.09242670635712e-9	-0.0002084091560706439
-2.0924290060508887e-9	-0.00020812100940906358
-2.0924339635075562e-9	-0.00020783361738922542
-2.092441197010242e-9	-0.00020754698198321693
-2.09245321162177e-9	-0.00020726110676954384
-2.0924715407377725e-9	-0.00020697599895219514
-2.0925025982054813e-9	-0.00020669167377901132
-2.0925625885515056e-9	-0.0002064081662511023
-2.092704110934207e-9	-0.00020612557028082496
-2.0932010840357675e-9	-0.00020584422810340618
-2.0981158027510994e-9	-0.00020556674977822653
-2.0981037081369004e-9	-0.00020527313232327914
-2.093202564196206e-9	-0.0002049971052251962
-2.0927130791992267e-9	-0.00020471866246526648
-2.092578372175913e-9	-0.0002044404154973266
-2.0925228075840962e-9	-0.00020416270670877573
-2.092497329314602e-9	-0.0002038856301219532
-2.0924843056768784e-9	-0.00020360922085052403
-2.0924775225306113e-9	-0.00020333349427096838
-2.0924746869710465e-9	-0.0002030584577194704
-2.0924751911954866e-9	-0.00020278411490800993
-2.0924773458774747e-9	-0.00020251046792447817
-2.09248187535982e-9	-0.00020223751837109358
-2.092488852989405e-9	-0.00020196526827079593
-2.092499930378411e-9	-0.00020169372117228863
-2.09251754094697e-9	-0.00020142288406865784
-2.092546875132051e-9	-0.0002011527715966374
-2.092603646136615e-9	-0.0002008834171650587
-2.0927384589086718e-9	-0.00020061491016718676
-2.0932100320225633e-9	-0.0002003475759872836
-2.097880838924926e-9	-0.00020008389523348724
-2.0978695119411307e-9	-0.00019980485834055476
-2.0932117042182784e-9	-0.0001995425199865022
-2.092746778242782e-9	-0.0001992778677939757
-2.092617251209239e-9	-0.00019901338365862275
-2.0925657506665196e-9	-0.000198749393104322
-2.092541197995512e-9	-0.0001984859856159074
-2.092528393682347e-9	-0.0001982231947027044
-2.092521789653912e-9	-0.00019796103510983547
-2.0925194160803518e-9	-0.00019769951394377585
-2.092519654151026e-9	-0.00019743863486555114
-2.092521700847172e-9	-0.00019717839999145394
-2.092525833974346e-9	-0.00019691881097722846
-2.0925327709309105e-9	-0.00019665986987837673
-2.0925431396257022e-9	-0.00019640158020197673
-2.092559537197891e-9	-0.0001961439487317826
-2.0925878576105727e-9	-0.00019588698952525298
-2.092641914852589e-9	-0.00019563073450285935
-2.0927699252826228e-9	-0.00019537526885949382
-2.093218800874874e-9	-0.00019512090236497695
-2.097663190625543e-9	-0.00019486999575027859
-2.0976527139282555e-9	-0.00019460445926233587
-2.0932202105639066e-9	-0.00019435479683042731
-2.0927772519496736e-9	-0.00019410291609327498
-2.0926543109200947e-9	-0.00019385117897427194
-2.092605041609241e-9	-0.0001935998953670523
-2.092581233315016e-9	-0.00019334915054814697
-2.0925698032248086e-9	-0.00019309897652410602
-2.0925635472957004e-9	-0.00019284938744617381
-2.092561150934813e-9	-0.0001926003901942422
-2.0925609193978014e-9	-0.00019235198837073427
-2.092563211086862e-9	-0.00019210418410617054
-2.0925667172710937e-9	-0.00019185697909293204
-2.092573564221878e-9	-0.00019161037540529682
-2.0925834481544394e-9	-0.00019136437649905117
-2.092599017461394e-9	-0.00019111898895264522
-2.0926256173559035e-9	-0.0001908742262739359
-2.0926766739481907e-9	-0.0001906301189909792
-2.0928002949616166e-9	-0.0001903867483926941
-2.0932267961237816e-9	-0.00019014440975019054
-2.097461174299653e-9	-0.00018990535257325497
-2.0974513358695826e-9	-0.00018965234040987252
-2.0932267199735845e-9	-0.00018941443854772643
-2.0928058323543833e-9	-0.00018917440811009884
-2.0926886299232894e-9	-0.0001889344997139296
-2.092641772233339e-9	-0.00018869500874127052
-2.0926199622794963e-9	-0.00018845601655308124
-2.0926077270555512e-9	-0.00018821755375232147
-2.0926020258604794e-9	-0.00018797963392610186
-2.0925994543619097e-9	-0.0001877422637370491
-2.092599180497645e-9	-0.00018750544671910585
-2.092601307612796e-9	-0.00018726918500753831
-2.0926052802849872e-9	-0.00018703348031951322
-2.0926109303043285e-9	-0.00018679833473398628
-2.092619896348902e-9	-0.00018656375164946866
-2.0926353821282274e-9	-0.0001863297374443371
-2.092661007774277e-9	-0.00018609630510551192
-2.092709582318664e-9	-0.0001858634838531197
-2.092826006477866e-9	-0.00018563135133990724
-2.0932339282353497e-9	-0.0001854001893509907
-2.097274093770807e-9	-0.00018517214401588095
-2.0972633804738905e-9	-0.00018493077193167215
-2.093234315397874e-9	-0.00018470380130524013
-2.092832755834495e-9	-0.0001844747864759295
-2.0927202874332363e-9	-0.00018424587460353636
-2.092675907472419e-9	-0.00018401734757293164
-2.092654047947118e-9	-0.00018378928309931725
-2.0926433289325533e-9	-0.0001835617104656141
-2.092637823097876e-9	-0.00018333464273325928
-2.0926345162930462e-9	-0.00018310808634816562
-2.092634876438293e-9	-0.00018288204477505954
-2.092636920963953e-9	-0.00018265652014308454
-2.092640458029038e-9	-0.00018243151418193655
-2.092646340534632e-9	-0.00018220702896849138
-2.0926550409805514e-9	-0.0001819830678392347
-2.092669326753116e-9	-0.0001817596369734587
-2.092693391575473e-9	-0.00018153674886621737
-2.0927397972547723e-9	-0.00018131443151610707
-2.0928511301754327e-9	-0.00018109275917568184
-2.0932408327789533e-9	-0.0001808720010667447
-2.097099423470361e-9	-0.00018065420706284127
-2.0970905974859736e-9	-0.00018042367209331563
-2.0932417977959085e-9	-0.00018020687951380302
-2.0928571979883514e-9	-0.00017998812215380366
-2.092750225507478e-9	-0.00017976945083915665
-2.0927074974530504e-9	-0.00017955113488643318
-2.092686813010003e-9	-0.00017933324860179388
-2.0926765927464784e-9	-0.00017911582004189404
-2.092670815162512e-9	-0.00017889886175968283
-2.0926684523248084e-9	-0.00017868237999647948
-2.092668412817522e-9	-0.00017846637814436
-2.0926701147283565e-9	-0.00017825085831775487
-2.0926735831039433e-9	-0.00017803582225188602
-2.0926787577257857e-9	-0.00017782127201255846
-2.092687479426925e-9	-0.0001776072108697863
-2.0927007501503337e-9	-0.00017739364481410058
-2.0927237650902875e-9	-0.00017718058586840518
-2.0927687563954135e-9	-0.00017696806088648032
-2.092874753367724e-9	-0.00017675614094373037
-2.0932472027612727e-9	-0.00017654508353859825
-2.0969360969180785e-9	-0.00017633684876828507
-2.0969282305660644e-9	-0.00017611642010445915
-2.0932480011004453e-9	-0.000175909119986908
-2.0928803454889346e-9	-0.00017569992992503444
-2.092778606149759e-9	-0.00017549081090536224
-2.0927371905343773e-9	-0.0001752820205114848
-2.092717263452171e-9	-0.00017507362986814948
-2.092708002859878e-9	-0.00017486566587608196
-2.0927017885197242e-9	-0.0001746581406122293
-2.092699609834714e-9	-0.00017445106011860045
-2.0926995251913106e-9	-0.0001742444277108102
-2.092700774669609e-9	-0.00017403824548496545
-2.092704016304348e-9	-0.00017383251517378393
-2.0927094118550207e-9	-0.00017362723882491146
-2.0927176181684273e-9	-0.0001734224196420349
-2.0927306307039206e-9	-0.00017321806342854366
-2.092752330018488e-9	-0.00017301418176580147
-2.0927950281912633e-9	-0.00017281080042677398
-2.0928968287203808e-9	-0.0001726079875128628
-2.093253269480622e-9	-0.00017240598956698178
-2.096783101235289e-9	-0.00017220668282639216
-2.0967764367663125e-9	-0.00017199569387992456
-2.093254143226142e-9	-0.00017179726082312914
-2.092901765232691e-9	-0.00017159700841010776
-2.0928040081469313e-9	-0.00017139681370832979
-2.0927646039614614e-9	-0.00017119692333671674
-2.0927456052310944e-9	-0.00017099740544179333
-2.092735922309963e-9	-0.0001707982858386423
-2.0927310488416675e-9	-0.00017059957615402145
-2.0927286332628193e-9	-0.0001704012822361749
-2.0927286192851114e-9	-0.00017020340732486932
-2.092730096997508e-9	-0.00017000595349260143
-2.092733241770839e-9	-0.0001698089224636368
-2.0927377934687466e-9	-0.0001696123162638711
-2.0927461383712934e-9	-0.0001694161380274272
-2.0927583443741685e-9	-0.00016922039337783167
-2.09278018822312e-9	-0.00016902509347724906
-2.092820462512579e-9	-0.00016883026307826796
-2.0929153223936403e-9	-0.00016863596750370195
-2.0932587103006385e-9	-0.00016844244303523335
-2.096641107152131e-9	-0.000168251487455648
-2.0966348687645466e-9	-0.00016804932896421546
-2.093259633861866e-9	-0.00016785919128561912
-2.0929223211285654e-9	-0.000167667300899712
-2.092827856625679e-9	-0.00016747545636514591
-2.0927906696832643e-9	-0.00016728389403962272
-2.0927719101060396e-9	-0.00016709267927696297
-2.092762018307548e-9	-0.0001669018368719402
-2.0927583994356792e-9	-0.00016671137802443017
-2.0927558288419413e-9	-0.0001665213083964898
-2.0927554210070643e-9	-0.0001663316311523246
-2.0927572183249143e-9	-0.00016614234833604857
-2.0927602051246107e-9	-0.0001659534616581053
-2.0927644858836913e-9	-0.00016576497312264027
-2.0927718055563374e-9	-0.00016557688578798554
-2.092783700191614e-9	-0.00016538920510876802
-2.0928038318601683e-9	-0.00016520194184455354
-2.092843290019131e-9	-0.0001650151197968433
-2.092936504521914e-9	-0.0001648288016644699
-2.0932641506987703e-9	-0.00016464321412241063
-2.09650869481548e-9	-0.00016446008145114767
-2.096502098858366e-9	-0.0001642661954362601
-2.0932646388582834e-9	-0.00016408382952829854
-2.0929408493464143e-9	-0.00016389977390192644
-2.0928508661588464e-9	-0.00016371575356517092
-2.0928147281829014e-9	-0.00016353199525672297
-2.092797215191844e-9	-0.0001633485617100419
-2.0927882027621525e-9	-0.00016316547675822765
-2.0927835349848767e-9	-0.00016298275119908231
-2.0927821262062276e-9	-0.00016280039051402598
-2.092781239354524e-9	-0.00016261839779160516
-2.0927831813233322e-9	-0.000162436775045291
-2.0927848896346024e-9	-0.00016225552397004247
-2.0927896800582157e-9	-0.00016207464653747935
-2.0927967418926666e-9	-0.00016189414573975833
-2.09280772498488e-9	-0.00016171402686302776
-2.0928273180620405e-9	-0.00016153430028842972
-2.0928651661478172e-9	-0.00016135498891507998
-2.092954423632554e-9	-0.00016117615298247718
-2.0932687074426417e-9	-0.00016099801014458215
-2.0963832757514567e-9	-0.0001608222157240584
-2.096376979432435e-9	-0.00016063609021270194
-2.0932695948938654e-9	-0.0001604610155898336
-2.0929590106466556e-9	-0.00016028431083773924
-2.0928718592438945e-9	-0.00016010763195742136
-2.0928374822482e-9	-0.00015993119666205162
-2.0928208743775657e-9	-0.00015975506522398588
-2.092812066234462e-9	-0.0001595792605692064
-2.092807040032785e-9	-0.0001594037931114241
-2.0928052916646677e-9	-0.00015922866816139787
-2.0928053862501184e-9	-0.00015905388873293884
-2.0928062884839617e-9	-0.00015887945680477216
-2.0928087158367247e-9	-0.0001587053740535375
-2.0928132662967337e-9	-0.00015853164242034606
-2.092819292315307e-9	-0.0001583582648269311
-2.092830878946961e-9	-0.0001581852463967476
-2.092849073453973e-9	-0.00015801259715299675
-2.0928851937496164e-9	-0.0001578403391422399
-2.0929709946826415e-9	-0.0001576685302936056
-2.0932732416045762e-9	-0.00015749737977911317
-2.0962653885847616e-9	-0.00015732847814307278
-2.0962597148788123e-9	-0.00015714964251626446
-2.0932736425560706e-9	-0.00015698141746915765
-2.0929754019405336e-9	-0.00015681161870994745
-2.092891350419235e-9	-0.00015664183742443192
-2.092858300489775e-9	-0.0001564722828361736
-2.092841975775972e-9	-0.0001563030129065102
-2.0928338846759598e-9	-0.000156134049701125
-2.092828895483567e-9	-0.00015596540327700444
-2.0928274705289686e-9	-0.000155797078770225
-2.0928258851415917e-9	-0.00015562907913322274
-2.0928280032472822e-9	-0.00015546140629411383
-2.0928256033447833e-9	-0.00015529406193734303
-2.0928604673620122e-9	-0.00015512704792562936
-2.092846983442476e-9	-0.0001549603671201117
-2.0928532745656537e-9	-0.00015479402454415226
-2.09287193180252e-9	-0.00015462802981945037
-2.0929051365692343e-9	-0.00015446240422122218
-2.0929882500797527e-9	-0.0001542972034774097
-2.093277894227308e-9	-0.00015413262880005775
-2.096156094499868e-9	-0.00015397020978438368
-2.096150352903781e-9	-0.00015379823069056148
-2.0932790545657997e-9	-0.0001536364484415308
-2.0929912743938853e-9	-0.0001534731459570851
-2.092911398465791e-9	-0.00015330985343784155
-2.0928806658937483e-9	-0.0001531467721356297
-2.092863859987082e-9	-0.0001529839578245101
-2.0928554872401418e-9	-0.0001528214317691218
-2.0928514790297116e-9	-0.0001526592036688139
-2.0928491564542463e-9	-0.00015249727851783767
-2.0928491072325087e-9	-0.00015233565917612937
-2.0928500837236187e-9	-0.0001521743475594945
-2.0928525786556576e-9	-0.0001520133452917581
-2.0928560938215934e-9	-0.00015185265425241785
-2.092862582525612e-9	-0.00015169227722139177
-2.092872373476995e-9	-0.00015153221902334136
-2.0928892664251463e-9	-0.00015137248900773766
-2.0929226709154316e-9	-0.0001512131076650756
-2.0930022229415093e-9	-0.00015105412868215187
-2.093281961212945e-9	-0.00015089574574431134
-2.096051601641058e-9	-0.00015073943106947232
-2.0960465637043236e-9	-0.0001505739087936154
-2.0932824129960004e-9	-0.00015041819412496888
-2.093005980541296e-9	-0.00015026100993541718
-2.0929289589632917e-9	-0.0001501038290117983
-2.0928979953205308e-9	-0.00014994684508360802
