-2049 0.0 0.0015534889516046397
-2047 0.0 0.0015550067717820747
-2045 0.0 0.0015565275608009324
-2043 0.0 0.0015580513273802774
-2041 0.0 0.0015595780802733494
-2039 0.0 0.0015611078282677326
-2037 0.0 0.0015626405801855213
-2035 0.0 0.0015641763448834922
-2033 0.0 0.0015657151312532746
-2031 0.0 0.00156725694822152
-2029 0.0 0.0015688018047500772
-2027 0.0 0.001570349709836165
-2025 0.0 0.0015719006725125467
-2023 0.0 0.001573454701847705
-2021 0.0 0.0015750118069460203
-2019 0.0 0.001576571996947948
-2017 0.0 0.001578135281030197
-2015 0.0 0.0015797016684059092
-2013 0.0 0.0015812711683248419
-2011 0.0 0.001582843790073549
-2009 0.0 0.0015844195429755633
-2007 0.0 0.0015859984363915827
-2005 0.0 0.001587580479719654
-2003 0.0 0.0015891656823953605
-2001 0.0 0.0015907540538920074
-1999 0.0 0.0015923456037208138
-1997 0.0 0.0015939403414310998
-1995 0.0 0.0015955382766104796
-1993 0.0 0.001597139418885051
-1991 0.0 0.0015987437779195915
-1989 0.0 0.0016003513634177513
-1987 0.0 0.0016019621851222482
-1985 0.0 0.0016035762528150664
-1983 0.0 0.0016051935763176535
-1981 0.0 0.0016068141654911193
-1979 0.0 0.0016084380302364362
-1977 0.0 0.001610065180494642
-1975 0.0 0.0016116956262470414
-1973 0.0 0.0016133293775154114
-1971 0.0 0.0016149664443622052
-1969 0.0 0.00161660683689076
-1967 0.0 0.0016182505652455044
-1965 0.0 0.0016198976396121663
-1963 0.0 0.0016215480702179862
-1961 0.0 0.0016232018673319258
-1959 0.0 0.0016248590412648836
-1957 0.0 0.0016265196023699064
-1955 0.0 0.0016281835610424075
-1953 0.0 0.0016298509277203822
-1951 0.0 0.001631521712884627
-1949 0.0 0.0016331959270589568
-1947 0.0 0.0016348735808104297
-1945 0.0 0.0016365546847495666
-1943 0.0 0.001638239249530575
-1941 0.0 0.001639927285851575
-1939 0.0 0.0016416188044548255
-1937 0.0 0.0016433138161269525
-1935 0.0 0.0016450123316991765
-1933 0.0 0.001646714362047546
-1931 0.0 0.0016484199180931674
-1929 0.0 0.00165012901080244
-1927 0.0 0.0016518416511872895
-1925 0.0 0.001653557850305406
-1923 0.0 0.001655277619260482
-1921 0.0 0.0016570009692024503
-1919 0.0 0.0016587279113277262
-1917 0.0 0.0016604584568794506
-1915 0.0 0.0016621926171477323
-1913 0.0 0.0016639304034698939
-1911 0.0 0.0016656718272307204
-1909 0.0 0.0016674168998627068
-1907 0.0 0.0016691656328463068
-1905 0.0 0.0016709180377101874
-1903 0.0 0.0016726741260314803
-1901 0.0 0.0016744339094360372
-1899 0.0 0.001676197399598687
-1897 0.0 0.0016779646082434932
-1895 0.0 0.001679735547144014
-1893 0.0 0.001681510228123564
-1891 0.0 0.0016832886630554769
-1889 0.0 0.0016850708638633703
-1887 0.0 0.0016868568425214133
-1885 0.0 0.0016886466110545926
-1883 0.0 0.001690440181538984
-1881 0.0 0.0016922375661020238
-1879 0.0 0.001694038776922782
-1877 0.0 0.001695843826232236
-1875 0.0 0.0016976527263135503
-1873 0.0 0.0016994654895023528
-1871 0.0 0.0017012821281870163
-1869 0.0 0.001703102654808939
-1867 0.0 0.0017049270818628318
-1865 0.0 0.001706755421897001
-1863 0.0 0.0017085876875136375
-1861 0.0 0.0017104238913691061
-1859 0.0 0.001712264046174237
-1857 0.0 0.0017141081646946186
-1855 0.0 0.0017159562597508931
-1853 0.0 0.0017178083442190538
-1851 0.0 0.0017196644310307437
-1849 0.0 0.001721524533173557
-1847 0.0 0.001723388663691341
-1845 0.0 0.0017252568356845024
-1843 0.0 0.0017271290623103131
-1841 0.0 0.0017290053567832195
-1839 0.0 0.0017308857323751533
-1837 0.0 0.0017327702024158447
-1835 0.0 0.0017346587802931374
-1833 0.0 0.0017365514794533046
-1831 0.0 0.0017384483134013692
-1829 0.0 0.0017403492957014253
-1827 0.0 0.0017422544399769604
-1825 0.0 0.0017441637599111817
-1823 0.0 0.0017460772692473431
-1821 0.0 0.0017479949817890757
-1819 0.0 0.0017499169114007184
-1817 0.0 0.0017518430720076536
-1815 0.0 0.0017537734775966427
-1813 0.0 0.001755708142216165
-1811 0.0 0.001757647079976757
-1809 0.0 0.001759590305051358
-1807 0.0 0.001761537831675654
-1805 0.0 0.001763489674148425
-1803 0.0 0.0017654458468318952
-1801 0.0 0.0017674063641520859
-1799 0.0 0.0017693712405991702
-1797 0.0 0.001771340490727828
-1795 0.0 0.0017733141291576084
-1793 0.0 0.001775292170573289
-1791 0.0 0.001777274629725241
-1789 0.0 0.001779261521429797
-1787 0.0 0.0017812528605696176
-1785 0.0 0.0017832486620940652
-1783 0.0 0.0017852489410195775
-1781 0.0 0.001787253712430043
-1779 0.0 0.0017892629914771818
-1777 0.0 0.0017912767933809268
-1775 0.0 0.0017932951334298068
-1773 0.0 0.0017953180269813349
-1771 0.0 0.0017973454894623978
-1769 0.0 0.001799377536369648
-1767 0.0 0.0018014141832698965
-1765 0.0 0.0018034554458005137
-1763 0.0 0.001805501339669828
-1761 0.0 0.0018075518806575281
-1759 0.0 0.0018096070846150695
-1757 0.0 0.0018116669674660825
-1755 0.0 0.0018137315452067845
-1753 0.0 0.001815800833906393
-1751 0.0 0.0018178748497075423
-1749 0.0 0.0018199536088267046
-1747 0.0 0.001822037127554612
-1745 0.0 0.0018241254222566802
-1743 0.0 0.0018262185093734405
-1741 0.0 0.0018283164054209687
-1739 0.0 0.001830419126991321
-1737 0.0 0.0018325266907529688
-1735 0.0 0.001834639113451243
-1733 0.0 0.001836756411908775
-1731 0.0 0.001838878603025943
-1729 0.0 0.0018410057037813227
-1727 0.0 0.0018431377312321405
-1725 0.0 0.001845274702514729
-1723 0.0 0.0018474166348449838
-1721 0.0 0.0018495635455188302
-1719 0.0 0.0018517154519126857
-1717 0.0 0.0018538723714839295
-1715 0.0 0.001856034321771374
-1713 0.0 0.0018582013203957421
-1711 0.0 0.0018603733850601444
-1709 0.0 0.0018625505335505598
-1707 0.0 0.001864732783736325
-1705 0.0 0.0018669201535706195
-1703 0.0 0.0018691126610909613
-1701 0.0 0.0018713103244196983
-1699 0.0 0.0018735131617645124
-1697 0.0 0.0018757211914189197
-1695 0.0 0.001877934431762777
-1693 0.0 0.001880152901262792
-1691 0.0 0.0018823766184730378
-1689 0.0 0.0018846056020354691
-1687 0.0 0.0018868398706804429
-1685 0.0 0.0018890794432272445
-1683 0.0 0.001891324338584615
-1681 0.0 0.001893574575751283
-1679 0.0 0.0018958301738165018
-1677 0.0 0.0018980911519605882
-1675 0.0 0.0019003575294554665
-1673 0.0 0.0019026293256652162
-1671 0.0 0.0019049065600466228
-1669 0.0 0.0019071892521497344
-1667 0.0 0.0019094774216184207
-1665 0.0 0.001911771088190935
-1663 0.0 0.0019140702717004852
-1661 0.0 0.0019163749920758017
-1659 0.0 0.001918685269341716
-1657 0.0 0.0019210011236197387
-1655 0.0 0.0019233225751286447
-1653 0.0 0.001925649644185062
-1651 0.0 0.0019279823512040625
-1649 0.0 0.0019303207166997617
-1647 0.0 0.001932664761285918
-1645 0.0 0.0019350145056765391
-1643 0.0 0.001937369970686492
-1641 0.0 0.0019397311772321186
-1639 0.0 0.0019420981463318526
-1637 -2.5325452907047304e-05 0.0019687740222988203
-1635 -1.221771630307092e-05 0.0019622907987485397
-1633 -3.4461507562935686e-05 0.0019419847531202017
-1631 8.3002164172029e-06 0.0019545562353871374
-1629 -1.4928871153123308e-06 0.001942549228448658
-1627 2.0126011652099218e-06 0.00198509936382479
-1625 -2.520766760839142e-05 0.0020083181249483588
-1623 -1.079919413737739e-05 0.0019790864786227904
-1621 1.7340972172547908e-05 0.0019831611818220667
-1619 1.579486613650629e-05 0.0020088156186578478
-1617 -3.008500989616363e-05 0.001942268117932973
-1615 2.5616085181505814e-05 0.001932197544017746
-1613 -5.630330434418364e-06 0.0019649761807132202
-1611 2.7498166968823292e-05 0.002003559256545281
-1609 1.6183384123385403e-05 0.00196483940833156
-1607 -1.1709818856674444e-05 0.0019381885725445742
-1605 6.375896404349566e-05 0.001990340794847529
-1603 4.563999694041399e-06 0.0020013162202329494
-1601 6.005514274686283e-05 0.0019546786872741357
-1599 -1.7855130378570784e-05 0.0020164588550973116
-1597 -7.835119893794591e-06 0.002049039003414298
-1595 4.315273967407292e-05 0.0019707604500818006
-1593 1.3466382240510289e-05 0.001955114411889369
-1591 2.055712987254478e-05 0.001979876473160481
-1589 1.7799226923342225e-05 0.0020039324426943416
-1587 -2.5161828508586002e-05 0.002006347904702525
-1585 -1.177547837993037e-05 0.002030587190780582
-1583 -4.206808091867017e-05 0.0019818561314675566
-1581 -2.9063009601725376e-05 0.0020311856275333673
-1579 7.64335750892907e-05 0.001982494745257636
-1577 -4.267677173871815e-05 0.002070338887659175
-1575 3.5090158495558933e-06 0.0020260837433997442
-1573 2.755775847476457e-05 0.0020291219489011443
-1571 -6.198142734913948e-06 0.0019893955177754485
-1569 -3.2324305951746987e-06 0.0020358417406322665
-1567 -1.191174270018672e-05 0.0020462174645689045
-1565 2.0709742136886004e-05 0.002037559365169475
-1563 2.626718605016092e-05 0.0020326145697115564
-1561 2.1276155878566474e-05 0.002101804158235403
-1559 5.4306201032791574e-05 0.002067648457309584
-1557 -1.1570752592420952e-05 0.002042541616105366
-1555 2.7540123045346356e-05 0.0020628681242655772
-1553 -7.96402595309362e-06 0.0020794128886894494
-1551 -9.9362292536345e-06 0.0020574199844726228
-1549 5.234562001689585e-06 0.002069163967488013
-1547 -4.3328110357885213e-05 0.002099840447182688
-1545 -4.8234750348986855e-05 0.002057822164327364
-1543 9.9705704312341e-06 0.002070679092757728
-1541 -1.4936187945594652e-05 0.002050773868087026
-1539 4.000259924236283e-05 0.002086105381602215
-1537 2.8893351678542017e-05 0.002062042669013611
-1535 2.2227279734520272e-05 0.002043257990899548
-1533 -2.371505620285015e-05 0.0020928258282763893
-1531 -6.419644707296327e-06 0.0020998172292664673
-1529 -3.919189023030481e-05 0.0021046157177874196
-1527 7.329873520862807e-05 0.0020731628587113693
-1525 -5.591250618342733e-07 0.0021072069952095037
-1523 1.0387240535830576e-05 0.0020889328041890664
-1521 -5.350859162199062e-06 0.0021336426522487804
-1519 -5.354452455552385e-06 0.0020939682767397725
-1517 5.0912156171554235e-05 0.0020493278794374405
-1515 4.827099135637482e-05 0.002064510640965541
-1513 2.0225794249217766e-05 0.0020961053905644423
-1511 -1.2124862731065679e-05 0.0021265934198604476
-1509 -1.8052644396214655e-05 0.00210783446357436
-1507 -1.734962329465476e-05 0.0021205562898248776
-1505 6.170393538670389e-06 0.00215714140077698
-1503 -1.5541425302985788e-05 0.0021649256495128496
-1501 2.4694082230269148e-05 0.002089357917267406
-1499 -1.1832531942098332e-05 0.002144085067689841
-1497 4.29462788468561e-05 0.0020639454333184425
-1495 -4.0685617129042e-05 0.0021287880639038075
-1493 2.076610204566042e-05 0.002133979952197739
-1491 -9.471525588631534e-06 0.002166520530532436
-1489 5.174329009552219e-06 0.0021136758891329576
-1487 5.260860595255088e-05 0.0021866649728683758
-1485 4.5364005895568994e-07 0.002214172191732229
-1483 -2.057654115936096e-05 0.0021573339523927827
-1481 2.967738011158572e-05 0.002104337244747084
-1479 3.186634058899094e-06 0.0021910896558677514
-1477 3.9384143333444534e-05 0.002185285736973659
-1475 5.2866509913555836e-05 0.0021345222370769256
-1473 8.511839550591869e-06 0.0021171778625054052
-1471 5.408353833412637e-05 0.0021905223120540344
-1469 3.402325242986005e-06 0.002161814066561774
-1467 -3.54616741432913e-05 0.0021339008534658234
-1465 2.7224106753935128e-05 0.002170810385223542
-1463 1.2370295968320278e-05 0.002250494940473841
-1461 1.3191445464688458e-05 0.0022460160602804135
-1459 3.0370532374368875e-05 0.002256512897886328
-1457 6.456488768387346e-05 0.002232157446739131
-1455 4.1239015654107225e-05 0.0021971577882558204
-1453 1.3927490520057909e-05 0.0022096968242492705
-1451 -4.8322803741370594e-05 0.0022384028634409594
-1449 -5.017404706527924e-05 0.0022247447220394906
-1447 -1.864574278319367e-05 0.0022130742411651124
-1445 9.295002048235986e-07 0.002231122104548427
-1443 2.614606429022765e-05 0.002214126255431802
-1441 5.1723261785233376e-05 0.002246517132044853
-1439 -1.4689815818857921e-05 0.002199325974457901
-1437 -1.0119844557366837e-05 0.002193488944359919
-1435 2.694261428263151e-05 0.0021968901877452594
-1433 4.9980939644794346e-05 0.002230004309827378
-1431 -1.2565900136394864e-05 0.0022329644355903633
-1429 2.272246975474587e-05 0.002248207956631574
-1427 2.8232694459132856e-05 0.002239887402408785
-1425 6.968679377346805e-05 0.002241633832197671
-1423 3.852481563665695e-06 0.002230763080470671
-1421 1.791499064099324e-05 0.0022287173729301237
-1419 2.535654424901553e-05 0.0022458754213114905
-1417 2.135856575397852e-05 0.0022376394433273926
-1415 -1.03493679938419e-05 0.0022075980278948126
-1413 3.0636730646410774e-06 0.002266591957367507
-1411 5.823719277468076e-05 0.0022518158393233308
-1409 -5.187604064834442e-06 0.002280553039329898
-1407 1.8559480053811406e-05 0.002257542750107339
-1405 3.975756185773251e-06 0.002251061352674472
-1403 3.641282120169386e-05 0.0022605056885700936
-1401 -1.3189360640468822e-05 0.0022420269231804594
-1399 -5.30574123025611e-06 0.0022875928485725765
-1397 -2.392088876686168e-05 0.0022772957122452133
-1395 -7.014621917795628e-06 0.002326655806788042
-1393 4.194573883554669e-05 0.0022815532684644477
-1391 2.5859622649476443e-05 0.0022971915145655383
-1389 1.7860172585742892e-05 0.0022543436405466867
-1387 1.9154459939555016e-05 0.002227509517787106
-1385 -2.742534270973066e-05 0.0022579943786191718
-1383 -4.230099947285814e-05 0.002357174921036878
-1381 1.1707867073954094e-05 0.0023461593329027527
-1379 2.311594603203938e-05 0.0022983325697255625
-1377 5.4042207253863465e-06 0.00230773030106161
-1375 2.9977274578882266e-05 0.002309059887110597
-1373 -2.278463648673209e-06 0.0023476380570652895
-1371 -1.3775971697583219e-05 0.0023174968404538936
-1369 -3.142212044455465e-05 0.0023528381607660267
-1367 1.4369386369166801e-05 0.002349436715227538
-1365 1.6809661259516722e-05 0.0023268021178037067
-1363 -1.1928593012302138e-05 0.002322504280403623
-1361 4.7774211944408476e-05 0.0023750588755305415
-1359 4.357232193399402e-05 0.002297457075295366
-1357 4.0557999381043915e-07 0.0023049143440736428
-1355 -6.367235597674052e-06 0.0023873113682856546
-1353 6.637767152809579e-06 0.0023479222346435118
-1351 -7.661343454770212e-06 0.0023558080707146464
-1349 1.032176676338987e-05 0.002375622486756092
-1347 3.7745712276230786e-05 0.002377081019261883
-1345 1.8862910014771996e-05 0.0023760758532548913
-1343 -4.494171945968751e-06 0.002374792671491096
-1341 1.5466257492473369e-06 0.0024164764295940733
-1339 -2.1958082139073265e-05 0.0023754957431085405
-1337 -4.376873865393333e-05 0.0023848945437763445
-1335 1.727608828428558e-05 0.002373478710230794
-1333 2.452616225987998e-05 0.002409417161545589
-1331 -2.346521256904692e-05 0.0024420904664534987
-1329 1.268253865212526e-05 0.0023877066674965804
-1327 3.9336814722374245e-05 0.0023810889704334237
-1325 -1.0853087837350592e-06 0.0023839318892081587
-1323 1.9123617028527603e-05 0.002386467474487346
-1321 2.3634989842563124e-05 0.002354053311572497
-1319 -1.6087441366225425e-05 0.002388312998831173
-1317 -1.858040686594765e-05 0.0024349600032823097
-1315 2.4819078688561933e-05 0.002479322139294403
-1313 -2.1261312906312994e-05 0.002429774658735352
-1311 -1.543791101784426e-05 0.002442412823295019
-1309 2.5161188012493874e-05 0.0024692558753176535
-1307 1.826523181795183e-05 0.0024834346158793355
-1305 3.79052036253078e-05 0.0024787627108272792
-1303 -2.324154699265039e-05 0.002480538134228277
-1301 -1.841081108488834e-05 0.0024723512069571097
-1299 -1.970524551989467e-05 0.002451470629302572
-1297 1.6933554685799674e-05 0.002411925703997568
-1295 -6.796506955191143e-06 0.0024562585880273506
-1293 -1.3251724659204224e-06 0.0024951102061430775
-1291 -3.092199914007658e-05 0.002489917635381907
-1289 -7.4510173201343534e-06 0.0024738588447012653
-1287 -6.996553851349171e-06 0.00246767134213659
-1285 -4.264028059856673e-06 0.0024245761485934486
-1283 4.220179459895959e-05 0.0024821756583108885
-1281 5.00752383817263e-05 0.0024794843982343905
-1279 2.46183874364884e-05 0.002500901490141658
-1277 1.1307186217173587e-05 0.002492037472631343
-1275 6.683619881929387e-05 0.002450461649599089
-1273 1.3696687764943838e-05 0.002551843113528366
-1271 -3.7345503492561893e-06 0.0024787534619603456
-1269 3.9232846266946535e-06 0.002457120564546947
-1267 -2.682484493090306e-06 0.0024711987910553935
-1265 -2.1996241483832453e-05 0.0024538762269190654
-1263 -3.4885430745690787e-05 0.00248439896813184
-1261 2.0702938322253033e-05 0.002498380278682581
-1259 -7.00086621822037e-05 0.0025079413021237137
-1257 -9.469385672177815e-06 0.002515140565604513
-1255 1.650204797105492e-05 0.002538749138988279
-1253 1.4560362691483503e-05 0.002570147745512966
-1251 2.098019820336069e-05 0.0025911576149748525
-1249 2.0497493647201763e-05 0.00260854056067516
-1247 4.341369274570325e-06 0.0025738647208375
-1245 3.863154889514779e-05 0.002515614359570068
-1243 -1.0632990855614994e-06 0.0025767500566222855
-1241 -8.236350373809255e-05 0.0026031795280457627
-1239 -1.7455342718568234e-05 0.002560535086626329
-1237 -3.050141605805273e-05 0.002619788237453564
-1235 -3.761447080896467e-05 0.002600601351381485
-1233 1.467627812437615e-05 0.0026251379026082035
-1231 5.438071161013355e-05 0.00258418785243433
-1229 -2.4522063377588988e-05 0.0025532224342455605
-1227 2.1394756318370964e-05 0.002637887594410551
-1225 3.285527529169352e-05 0.0026413161407869844
-1223 -5.073838227807034e-06 0.0026308849185651445
-1221 -7.855713906283866e-06 0.002675217090882878
-1219 5.079915402080404e-06 0.002630075479303346
-1217 7.102198176937948e-06 0.002599135880623413
-1215 1.033081049626727e-05 0.0026048902330245397
-1213 -2.7312149047745512e-05 0.0026018315168534834
-1211 5.8403641778397756e-06 0.002650459829283841
-1209 4.729000301374278e-05 0.002651105239226815
-1207 -1.566108702327751e-05 0.0026997487077935374
-1205 2.005007194768371e-05 0.002607644946173594
-1203 -2.015010659163098e-05 0.0027101284386678503
-1201 -2.5760678755684556e-05 0.0026468344648381873
-1199 2.7346994793454696e-05 0.0026368279759865615
-1197 -3.7579506846013965e-05 0.002721538598835342
-1195 -4.347857679853907e-06 0.002668993756256948
-1193 2.3221568827786184e-05 0.002657140726426103
-1191 -5.903367014737687e-06 0.002649079527242649
-1189 4.9610442457694805e-05 0.0027133228186281178
-1187 4.936751576452998e-05 0.002711680656063945
-1185 2.7324116319954975e-05 0.0026487981825173254
-1183 -2.5144465474684068e-05 0.002689431928652806
-1181 -4.4593712897018305e-05 0.002693714930581342
-1179 9.433005180396793e-05 0.0027143684796874044
-1177 5.7968635304880695e-05 0.0027241396584537832
-1175 -5.219736988315719e-06 0.0026618622123213377
-1173 1.988793619753287e-05 0.0027076402008541353
-1171 -1.7829919995358203e-06 0.0027436164712345535
-1169 3.133677876291587e-05 0.0027400566916152393
-1167 5.0054635839718285e-05 0.002646802411030928
-1165 -8.614848092578172e-06 0.0027208282173017424
-1163 -5.772610401616054e-06 0.0027202590848304947
-1161 -3.2294651955034175e-05 0.002725982976603605
-1159 6.236418174161668e-05 0.0027351579611188635
-1157 4.4601521621203305e-05 0.00276095468331179
-1155 3.704936521747955e-05 0.0027695642096111947
-1153 1.7090983491497054e-05 0.0027571162515097774
-1151 3.7342430927436715e-05 0.002807132891891795
-1149 -3.386490008133e-05 0.0027893207026317636
-1147 2.0862073511027938e-05 0.0027498071837565915
-1145 -3.557103446143841e-05 0.0027960708886895762
-1143 2.762398169957477e-05 0.002831844543756732
-1141 6.188769945845807e-05 0.002782844604118626
-1139 2.2956280436598692e-05 0.0028255452383180155
-1137 1.9868251841393497e-05 0.002795278533680281
-1135 -1.101343648277581e-06 0.0028000580575456777
-1133 -4.489501382508487e-05 0.002824656519724742
-1131 3.504328267125322e-05 0.002824016768199179
-1129 1.7216511777739334e-05 0.0028503118970723625
-1127 -1.1427846583576609e-06 0.002816588879198564
-1125 3.094732192932381e-05 0.0027852565817551743
-1123 -1.2212110703653194e-05 0.00282187083639882
-1121 2.060457104948799e-05 0.0028716331336639915
-1119 4.8804653330532045e-05 0.0028261469805144664
-1117 -1.174790344732103e-05 0.0027999262701024186
-1115 6.0747382301853335e-05 0.002818647592023322
-1113 -2.5928557575386882e-05 0.002879513182989973
-1111 4.8976203561876265e-05 0.0028625882504001786
-1109 1.8054780563835668e-05 0.0028725744501548797
-1107 -2.3702261294992338e-05 0.0028543236878755163
-1105 8.86550478942915e-06 0.002914369848347611
-1103 -1.5519378316978674e-05 0.002921973458448135
-1101 1.7928991576423464e-05 0.002933578319811519
-1099 3.182992734699463e-06 0.002962055307992809
-1097 1.5381657302402568e-05 0.0029006997151695135
-1095 -2.3458900314133058e-05 0.002928557766765493
-1093 2.6927563083584925e-06 0.002903878380221974
-1091 -8.583614333670798e-06 0.0029078547603205466
-1089 -3.17979393266111e-05 0.0029344905472572696
-1087 -2.2834665840068027e-05 0.0029646928464403593
-1085 -4.8681167011527346e-05 0.002965318549286088
-1083 1.4516489715299895e-05 0.0029360274101270507
-1081 -1.692423236691342e-05 0.0029578286633259914
-1079 -1.3928592442277497e-05 0.0029609270882450674
-1077 1.0953770370126867e-05 0.0029469352788722685
-1075 2.6077767582286287e-05 0.0029141398986116222
-1073 -2.6541027046320874e-05 0.00290506838693412
-1071 4.781954750068844e-06 0.002970359358292682
-1069 5.070553530421274e-06 0.0029909446701045757
-1067 1.946910881658118e-05 0.0029844078948275746
-1065 6.440229172215092e-06 0.002977181684858318
-1063 -2.0813301912723058e-05 0.002993105128254663
-1061 1.3528440481384049e-06 0.0030161590687956524
-1059 2.4024538320899385e-05 0.0030322211872191255
-1057 3.8574897084955786e-05 0.003042556981321964
-1055 1.875700503167585e-06 0.003033655779854688
-1053 -2.5912419071323032e-05 0.003061498098226068
-1051 -3.743992171770786e-05 0.003044649672679486
-1049 1.3524458763453014e-06 0.0029950765945508974
-1047 2.8633005666870207e-05 0.0030814597038319735
-1045 -4.93252752341891e-05 0.0031456850316189935
-1043 -3.495984174306635e-05 0.003085386865490798
-1041 -4.68574682548991e-05 0.0030529290905226734
-1039 -3.242768152129138e-05 0.0030705686413252903
-1037 3.657425037235228e-05 0.0030649066323617494
-1035 1.6708939826505346e-05 0.003054590379028024
-1033 -5.564648858696822e-05 0.003066814881248101
-1031 1.8982611166853565e-06 0.003040238152622356
-1029 -5.68200011627385e-06 0.0030890623675583866
-1027 5.57856033161419e-05 0.003130318362440355
-1025 -3.51287411544192e-05 0.0031626181675353912
-1023 1.4953997189606776e-05 0.0030941613124485204
-1021 1.7161068502825124e-05 0.0031225688651550345
-1019 -1.3141059575843497e-05 0.003129794348997189
-1017 7.84971627302389e-06 0.003102890212762199
-1015 -5.0840112948531354e-06 0.0031905055365395
-1013 4.314003960182625e-05 0.003114189117043402
-1011 -7.715952735125252e-06 0.0031045046620331936
-1009 -3.3429784474055885e-06 0.0031895215728751725
-1007 2.0515454786372877e-05 0.0031670118355276323
-1005 -1.365062659776445e-05 0.0031947815425491274
-1003 -2.4580753382960717e-05 0.003185060195690619
-1001 2.2081854369247788e-05 0.0031517556408268373
-999 -1.499183859891184e-05 0.0032004244097668007
-997 4.807595571985746e-05 0.0031711498427108666
-995 1.4589845515806151e-05 0.0032290209285120186
-993 -5.7277605179751304e-05 0.0032218669372841824
-991 -4.704632311321812e-05 0.0032168649267482635
-989 3.121433699346792e-05 0.003197405721538035
-987 -1.6192512586355567e-05 0.003193400785030518
-985 -1.9944063369205758e-05 0.0032114213889302586
-983 -6.947739356348107e-06 0.003205951327524456
-981 -1.1258849204486781e-05 0.0032370713136738393
-979 2.0617863149701096e-05 0.0032363005850348076
-977 1.180926746941662e-05 0.003236335159822018
-975 -4.1356856719469186e-05 0.003300191677152635
-973 1.755073892879347e-05 0.003302201600222404
-971 9.528648862807601e-06 0.0032903821182799485
-969 9.86675841069048e-05 0.003275272035900524
-967 7.479264775632937e-05 0.0033023604385773535
-965 -1.7554621749629885e-05 0.0032299070577716435
-963 1.1297820215018142e-06 0.0032956668384002646
-961 -2.403108812448758e-05 0.0033213654705262015
-959 -6.77042980183934e-06 0.003327539138206319
-957 1.2570165129661806e-06 0.0033044723196822357
-955 4.408347988861102e-05 0.003323206522727525
-953 -3.772050106650976e-05 0.0033436538439294374
-951 6.496347012120009e-05 0.0033618122419569003
-949 3.606226030918154e-05 0.003370289964958441
-947 1.6219941728659377e-05 0.0033728327978944143
-945 2.2010473345902155e-05 0.0033552924219003746
-943 -3.0282789403772414e-05 0.0034046302849748545
-941 -4.7959910660444446e-05 0.0033636221162104277
-939 -2.085286077653334e-05 0.003433221778322026
-937 4.2009466400127785e-05 0.0034417405842971493
-935 2.669399852416184e-05 0.0034438516350075825
-933 -6.368200002535445e-06 0.00339155859968107
-931 -1.066236758110235e-05 0.0034153841020713
-929 1.2132235825700112e-05 0.003446228629493571
-927 -1.775929741071567e-06 0.0034442582584846473
-925 6.819750794910189e-06 0.0034491903318691706
-923 1.638170659730706e-05 0.0034521369482856286
-921 3.488323470031375e-05 0.0034537091163813413
-919 -4.695183734984233e-05 0.003490553383664877
-917 3.1402275123831176e-05 0.003453518995336714
-915 4.9986866518909684e-05 0.0035020225646852756
-913 6.513439533393863e-06 0.0034705747250650862
-911 9.37452528407742e-06 0.003515147156065546
-909 3.061541626176314e-05 0.0035162535084756657
-907 -3.353143872747454e-06 0.0035140787926749065
-905 -3.167482449040848e-05 0.0035312479552584214
-903 -4.9582723444737805e-05 0.003508855619357777
-901 -2.1105676093082424e-06 0.0035347390604438906
-899 2.2614508116402114e-05 0.003554751728469614
-897 -4.9002685911322514e-05 0.003562947292673782
-895 2.4684102339050364e-05 0.003569941260227747
-893 3.024453997453937e-05 0.0035716457336333377
-891 -5.955065663627577e-06 0.0035831505679619667
-889 4.159269685683102e-06 0.003586899391937888
-887 -7.593968325756709e-07 0.0036226876910381693
-885 1.8400100406128378e-05 0.003590311350534905
-883 1.3107569430450189e-05 0.0036265975711879898
-881 6.124743684554334e-07 0.003621489215861159
-879 -3.26314585297079e-05 0.003649878616522734
-877 -1.7560226731618108e-05 0.0036549531380711815
-875 -2.9938879772082446e-05 0.003727353045951526
-873 -3.270674224992698e-05 0.0036865433319254078
-871 -7.254806439409151e-05 0.0036687078219519117
-869 2.8292765711662675e-05 0.0037205925800114026
-867 -1.40011258305893e-05 0.0037147330739197163
-865 3.8460963480911354e-05 0.003717884135889179
-863 2.7890591326434262e-06 0.0036753942859990736
-861 2.2088897165751737e-05 0.003662894019221258
-859 4.076958929767038e-05 0.003756893848879624
-857 4.2649933809665747e-05 0.0037480300811902757
-855 -3.156250095910595e-05 0.0036797703813986117
-853 -4.039624850311104e-06 0.00371107788824931
-851 4.877942088541624e-07 0.003728965621807867
-849 2.3855684477632574e-05 0.0037792755164176
-847 -1.8045445213759994e-05 0.003757063762820413
-845 -4.0815531840667367e-05 0.003747169551186684
-843 -2.9338423898781137e-05 0.003779607546784077
-841 -1.9478487057520975e-05 0.00377455357924453
-839 -5.0220131409257415e-05 0.0037872908499620417
-837 -3.1673108879045665e-05 0.003847030997177812
-835 -2.4959366927152273e-05 0.0038739842484578203
-833 8.049534772371336e-06 0.003847599818473855
-831 1.836145236392682e-05 0.0038085638087570705
-829 2.5734414908062986e-05 0.0038383941051584034
-827 2.688504838394105e-05 0.0038733142568464704
-825 -1.6952026858352446e-05 0.003806982728382614
-823 1.871735168769388e-05 0.0038971341608421708
-821 -1.3140591126835624e-05 0.003844814997887838
-819 -9.07558858127193e-06 0.0038624738461358553
-817 1.219326089639992e-05 0.003868510313398826
-815 -1.8898170420124015e-05 0.003912048275312577
-813 -3.440107769171398e-06 0.00391742378450689
-811 2.4055070754461544e-05 0.003961005335634309
-809 8.901743955983415e-06 0.003954171655748434
-807 4.088518702658322e-05 0.003914265351042279
-805 -9.081907520941677e-06 0.003899860835599813
-803 -7.948297432331735e-06 0.003969683751294627
-801 -1.0454937599894002e-05 0.004017858698914787
-799 3.4265081011712764e-05 0.003978018614570405
-797 3.1084323803917994e-05 0.004040617308261024
-795 -3.5332383442669116e-05 0.004081076970454223
-793 -8.535186539069756e-06 0.004034863766011564
-791 1.0299452043662987e-06 0.004018034229939214
-789 -2.570710181502328e-06 0.004012449432518395
-787 -2.0677081287904903e-05 0.00400248909636352
-785 -1.8915956718547352e-05 0.0040450645159749365
-783 -5.9727728428078346e-05 0.004052265011801908
-781 8.049928251349945e-06 0.0040983323801095
-779 5.400286961798271e-06 0.004066336210777997
-777 -3.731958480252166e-05 0.0040748122024299605
-775 2.7848222607063965e-06 0.004128447214311932
-773 -8.144286314700427e-06 0.004171853725360458
-771 -3.514600584218086e-05 0.004119977301551175
-769 -1.2186830033447436e-05 0.004171941368635336
-767 -3.671734197673809e-05 0.004126524562689686
-765 1.1801122296118874e-06 0.004191815470159165
-763 -2.6450780170397184e-05 0.004178347859195862
-761 3.9002482303279315e-06 0.00416875100733705
-759 -1.9803881323256785e-07 0.004181304460735349
-757 2.9692819992996894e-05 0.00423763022398096
-755 2.2678411289196055e-05 0.00425514204247156
-753 -7.13297111592089e-06 0.004199840449543701
-751 4.339633641527039e-05 0.004237740530973685
-749 9.586361789083634e-07 0.004233075532271868
-747 -1.5307228528287632e-06 0.004233119070273797
-745 -7.877570081409338e-07 0.004320784257274597
-743 2.1006876240860007e-05 0.0043427702548486284
-741 -3.296400561477444e-06 0.004294732132210555
-739 -1.1249856565523928e-05 0.0043227462885895235
-737 6.891040394525693e-06 0.00432466129346638
-735 -3.8780078567946424e-05 0.004344405284164913
-733 5.225723615984523e-06 0.004361635921225936
-731 -4.9568217662639916e-05 0.0043463860560363846
-729 -5.191930378990797e-05 0.004369634011025098
-727 2.3038428023356625e-05 0.0043812423823194465
-725 -1.4981796791809898e-05 0.00436816400394299
-723 -1.857791084121569e-05 0.004377860261474252
-721 1.6860315656412393e-05 0.0044328004419294485
-719 -1.9622342528034083e-05 0.004464847886600938
-717 3.224193626668846e-05 0.004469574085594124
-715 1.936212480154451e-05 0.0044470062946111175
-713 -3.291729175652572e-05 0.004442995914113842
-711 1.2899610846799203e-05 0.0044441427114388825
-709 -3.5802290109410094e-05 0.004501774784921073
-707 -4.4629759520986885e-05 0.004526163818003355
-705 -1.579589068423289e-05 0.004534546808905345
-703 4.4752693692892694e-05 0.004493850801238576
-701 4.008010726140371e-05 0.004523476149415926
-699 -4.8112191606566635e-05 0.0045148914228251595
-697 -8.747497142596149e-06 0.004552461068215596
-695 1.7553778055750002e-05 0.004603975800875094
-693 -3.395483589172984e-05 0.0045701855462526066
-691 1.211949324891959e-05 0.004645975556153612
-689 -5.804588042255112e-06 0.004619568061591434
-687 -6.4699976886308676e-06 0.0046496609004390834
-685 -2.7452318607728586e-05 0.0046516867492020185
-683 -3.1657378225738305e-05 0.0046728084922761474
-681 -1.2660611224383089e-05 0.004719615995138773
-679 -1.334601665963261e-05 0.004750772794023615
-677 -1.1171429805952676e-05 0.0047153025457496315
-675 -2.497440119091106e-05 0.004683257626474866
-673 -9.748088634997356e-06 0.004715012939661273
-671 -2.101376433532463e-05 0.004782532266054318
-669 7.963344353064828e-07 0.004753717224887185
-667 -5.14550152937998e-05 0.004763385244307094
-665 -3.823396704687492e-05 0.004824771357406046
-663 -4.550606138442175e-06 0.004811036570184414
-661 -9.266284240655233e-06 0.0047766514195597114
-659 2.5220579994734625e-05 0.00485291258919071
-657 6.151736604909444e-05 0.004887999377392112
-655 4.591997971341159e-05 0.00487586677357446
-653 2.2423707942742496e-05 0.004901771518381363
-651 3.8590698243519395e-05 0.00492390302758119
-649 1.525557885637798e-05 0.004941307287026559
-647 -9.625085181810068e-06 0.004892508643454002
-645 4.3082577132323924e-05 0.004957251454168132
-643 -1.8310521399020675e-06 0.004954981527179063
-641 -1.053825685945678e-05 0.004957557887243062
-639 -5.899509412753773e-05 0.004937675593896586
-637 4.141072876257056e-05 0.004971373177448507
-635 3.2070555180540263e-07 0.005041543809637415
-633 -1.3463340687829886e-05 0.005050552247401574
-631 2.0126755634800442e-05 0.00504735678583313
-629 -4.3211865662943905e-07 0.005060725597219051
-627 -2.896722091673465e-05 0.005080040166641689
-625 -6.180817236264052e-06 0.0051019199010218265
-623 -1.13596117880611e-05 0.0051477194247025685
-621 1.4337166873332428e-05 0.005136804941877104
-619 -8.485851889595064e-06 0.0051635264257539545
-617 1.1309259949818798e-05 0.005169710403941253
-615 -8.986627396395108e-05 0.005133692358163844
-613 1.6574842227289535e-06 0.005196696249694186
-611 -5.464135235269693e-05 0.00521364202948987
-609 -3.116113809344533e-05 0.005178449963579573
-607 -4.4111926036275316e-05 0.005231294482716185
-605 -5.63784508584495e-05 0.00528449446560499
-603 -7.809670232943668e-06 0.005278959658631306
-601 2.409799704483802e-05 0.005347611059620007
-599 -5.95005103868605e-06 0.005303705779988232
-597 -9.232063413198279e-06 0.005279189650992296
-595 -3.395817116027667e-06 0.005420946923838702
-593 2.8172306981424893e-05 0.00532435197489351
-591 -1.5395733274144435e-05 0.005359205184436869
-589 6.627855510896259e-07 0.005412583573721303
-587 -1.5686033204256976e-05 0.005406656404826912
-585 9.591929088497631e-06 0.005458399072402231
-583 5.064991033216842e-05 0.00541832897835923
-581 -5.6116953464364566e-05 0.005470924649386999
-579 -6.113628050754023e-06 0.005501830593647368
-577 -4.843430154259449e-05 0.0055123957369178755
-575 -3.176293581111034e-05 0.005525205217526092
-573 -9.872143397030913e-06 0.00552970466006769
-571 2.242640410119168e-05 0.005551843548079984
-569 7.912192183434966e-06 0.0055487884784306595
-567 2.3818287374774918e-05 0.005575143338224946
-565 1.5777029194221373e-05 0.005595702506500498
-563 4.3580079190588995e-05 0.0056549275170692855
-561 9.742914385399726e-06 0.005695574935372346
-559 1.847631756903203e-05 0.00572305142525555
-557 3.46233263720395e-06 0.005733513862461917
-555 9.270711140877394e-06 0.0057093145746422045
-553 -1.2726431557644485e-05 0.00576433164730507
-551 -1.8068194943749068e-05 0.005757417152613637
-549 -2.1712662802240865e-05 0.005834444069750542
-547 1.4114064403263627e-05 0.005831964567501962
-545 -8.064806156143554e-07 0.005844830490402878
-543 -1.7210654968297184e-05 0.0058208828727845
-541 -3.5185908270737846e-05 0.0058723258303133305
-539 3.074390329441707e-05 0.0059287796349079755
-537 1.848463283957137e-05 0.0059150853626956535
-535 3.795975304562722e-05 0.00599747348150098
-533 -6.289149729999592e-06 0.005987377015222589
-531 1.583129855428878e-05 0.005965753302833557
-529 1.706963483978938e-05 0.00603643325339091
-527 1.1117923714477499e-05 0.0060534519120890974
-525 -7.9426754530661e-06 0.006023283996341498
-523 1.2737188803269356e-05 0.006078700237588709
-521 3.4728624713640475e-05 0.0060726531553338325
-519 3.0142043308746696e-05 0.006106955533801632
-517 -5.717576349369828e-05 0.006209724468082345
-515 -4.488302702002327e-06 0.006194588003613749
-513 -5.589713394608759e-05 0.00622814481067073
-511 -1.8833011870970638e-05 0.006193202604164958
-509 -1.1349868236154672e-05 0.006254561566655838
-507 2.1081145938880494e-05 0.006265901398587113
-505 2.6568184895595335e-05 0.006311708485444175
-503 3.264911458954679e-05 0.006315302910852793
-501 5.3219317890328046e-06 0.006428615077114612
-499 -1.663678482244121e-05 0.006422040852979538
-497 -2.0411571191740233e-05 0.006421381557232203
-495 6.130970403200932e-06 0.0063674473797450965
-493 -1.3235519429072967e-06 0.006459996639107529
-491 1.5553066398195724e-05 0.006487259519777483
-489 -4.437905781592101e-06 0.006479737000564354
-487 3.465194005608328e-05 0.006539384281501321
-485 -3.1902006054189214e-05 0.006583926312227235
-483 1.2943464113273132e-05 0.006516970327392455
-481 -5.285207961945937e-06 0.006589452375503938
-479 9.886391623473994e-06 0.006685265850178384
-477 1.988058163609445e-05 0.006679769091891023
-475 1.4834949715101187e-05 0.0067337909221224556
-473 -5.519573493548324e-05 0.0067214048283507615
-471 2.3416976511355495e-05 0.006777416567596601
-469 -1.5227129666534447e-05 0.006773023079432351
-467 3.469660836798359e-05 0.006867943167280413
-465 3.8524210861740096e-05 0.006839408010715132
-463 -1.0627707039082502e-05 0.0068568610960631745
-461 1.5819120898877503e-05 0.0068751033944228195
-459 3.351441790774499e-05 0.006947721222403687
-457 4.482469522889663e-05 0.006980423895472822
-455 3.5149867734452907e-06 0.006968540494626179
-453 -2.0158801332053467e-05 0.007032113951981116
-451 6.144298288864465e-05 0.0070670387457697405
-449 -1.298694921614354e-05 0.0071404549884532004
-447 1.4945662483819415e-05 0.007145040396307571
-445 -1.6838360639485672e-05 0.007146772161134181
-443 -8.154143939700843e-05 0.00718694662663492
-441 -3.947638558734275e-05 0.007232352883930325
-439 -4.6945692245808424e-05 0.007233401432691201
-437 3.519180380273983e-05 0.007291594530872856
-435 -2.2961036153218303e-05 0.0073572447655615965
-433 -3.537751146982448e-05 0.007368646248862586
-431 7.155528327863892e-06 0.007379468475967524
-429 2.7447559066321967e-05 0.007420770263153161
-427 2.1692768835055504e-05 0.0074603842601787635
-425 -1.2800495088242102e-05 0.007462764984145656
-423 -4.559208983772814e-06 0.007576425273598275
-421 -4.4963105504721146e-05 0.0075966551006302905
-419 -6.828510620348477e-05 0.007633671548844328
-417 -6.151284667468054e-05 0.007678361112566344
-415 -8.038189658579725e-06 0.007665269453367577
-413 -1.5075431741618307e-05 0.007729310127799607
-411 -2.181601895563753e-05 0.007770966393616191
-409 -4.6151296147453226e-05 0.0077887051623680365
-407 -5.8672854299042664e-05 0.00783901509453951
-405 -5.517284231756589e-05 0.007876824321334925
-403 6.1053024542888616e-06 0.007868858235409592
-401 2.2993660183127365e-05 0.007918348953569026
-399 -2.798856625862044e-05 0.007979041676926452
-397 3.501331477779066e-05 0.007974009034265478
-395 4.459260138276738e-05 0.008045627785149695
-393 -1.1540376729365436e-05 0.008050452001254444
-391 -3.053609805396151e-05 0.008123142574028687
-389 -1.0386030681159599e-05 0.008174662329658702
-387 3.8006219815206607e-05 0.008140179918223949
-385 3.502794713676622e-05 0.008269056061489267
-383 1.347668883579906e-05 0.008352030235090992
-381 -4.1777118337028724e-05 0.008385112047087336
-379 6.670630960749959e-06 0.008430604777788361
-377 6.511322445195206e-05 0.008472748749297003
-375 -2.256831577719168e-05 0.008458611401045847
-373 -9.235461970803588e-06 0.008563877090003254
-371 3.6719723668877615e-05 0.008605017380602936
-369 1.3268627929730052e-05 0.008616315407560055
-367 2.1805079393175697e-05 0.008679031367049811
-365 1.212623565050831e-05 0.008770820074891062
-363 1.6608446806845843e-05 0.00871552836674531
-361 3.0055619028256588e-05 0.008758099044063813
-359 -1.9486098334933908e-05 0.008843097485774864
-357 -3.0179339441323685e-05 0.008932402302340612
-355 -3.534516728676421e-05 0.009016279488396855
-353 1.0512858522965464e-05 0.009001308710536712
-351 -2.2120854581749378e-05 0.009104444423094557
-349 2.7211239711725395e-05 0.009162778418101593
-347 -1.2933948663506198e-05 0.009197360565275673
-345 -3.7127626694651054e-05 0.009214316543683345
-343 6.765300175788582e-07 0.009273499080646622
-341 4.28608112598922e-05 0.00931562497859577
-339 3.0567322291237244e-05 0.009310298550027666
-337 -3.502182931231483e-05 0.009457211688597691
-335 -2.0024536349179994e-05 0.009492785322678408
-333 -3.650228702499897e-05 0.0095338336820767
-331 -5.088722914087296e-05 0.009582326019175707
-329 -4.475938088224548e-05 0.009714187931810454
-327 -1.1510493463847553e-05 0.00977463159411056
-325 -7.666737451397563e-05 0.009809116584136418
-323 -3.3364095630702394e-06 0.009901102486188737
-321 2.478694030314532e-05 0.009941662576701985
-319 5.7588539696205076e-05 0.009926088440613432
-317 3.877727516705721e-05 0.010086050127547942
-315 -2.1893434214924747e-05 0.01014960435912106
-313 2.24355483170114e-05 0.010220679398213837
-311 -1.2577988321981878e-05 0.01021295038278074
-309 -1.405080852291365e-05 0.010255056214365326
-307 -5.572156181150569e-05 0.01041583740198253
-305 -3.457500518898424e-05 0.010440353877416061
-303 -4.082558443546387e-05 0.010516053451869364
-301 -1.0366261695323879e-05 0.010569961434381691
-299 1.9637303471611185e-05 0.010626067553715318
-297 6.5260578104305775e-06 0.010681377119395194
-295 -7.070674680638612e-06 0.010851134770457597
-293 -4.5833734694229035e-06 0.010848740832601988
-291 1.8818962013316415e-05 0.01095075349083472
-289 2.6576543964639277e-05 0.01104795422207653
-287 3.319812432371075e-05 0.011138890298757706
-285 3.1607594359604384e-05 0.0111892491751164
-283 -9.658080366520806e-06 0.01125537145586336
-281 -2.3745337889484537e-05 0.01131863957147698
-279 -2.908593021359562e-05 0.011432637386138908
-277 2.1011378233837052e-05 0.011505221786701573
-275 -1.2308651731866235e-06 0.011593367364988718
-273 -1.3742647831143837e-06 0.011664905115350167
-271 -1.0327865430886406e-05 0.01174073795648365
-269 1.5970077001080345e-06 0.011814491873614963
-267 -2.532757269414911e-05 0.011924978997958012
-265 -1.0755775209765745e-05 0.012023633851144364
-263 2.1790460496447536e-05 0.012082287914717663
-261 5.046778014302328e-06 0.012150853319770047
-259 3.625547878151221e-05 0.012256274153924338
-257 -1.7266529287280305e-05 0.012349893273869948
-255 2.8116218187061178e-05 0.012473390720689308
-253 4.866321244017408e-05 0.012541635234014054
-251 2.1530462744686315e-05 0.012674603113891361
-249 -3.678507872761736e-05 0.012789251407486636
-247 -2.3799733354311097e-06 0.012852171118547608
-245 -6.347404203659592e-05 0.012955910409734187
-243 -4.7513357765076364e-05 0.013118425290380547
-241 -1.3459321984084089e-05 0.013229698004339251
-239 -4.347184431739733e-05 0.013292703901526148
-237 2.3599953554412435e-05 0.013395823368684986
-235 -4.626919087762297e-05 0.013503847436528504
-233 -4.4338145090062836e-05 0.013605490625397093
-231 2.224553450080588e-05 0.013822622236791189
-229 -4.968054717199839e-05 0.013942039232235921
-227 -5.600162929673882e-05 0.014012952539748927
-225 1.0443567117747601e-05 0.014152213418600429
-223 -3.438602540749553e-06 0.014254767075405104
-221 3.578187172563341e-05 0.014408460784582206
-219 -3.879144388089504e-05 0.014507197789853273
-217 -3.0191419512928508e-05 0.014674237554356982
-215 -4.982364297877971e-05 0.014771297165143346
-213 -1.2795000001579347e-05 0.014947936521572785
-211 -1.6791365330989865e-05 0.015105644801749855
-209 -4.178121312926533e-05 0.0152246598864704
-207 2.7696056055653182e-05 0.015399704054889784
-205 1.7870014217165615e-05 0.015561438818708705
-203 3.929422143469572e-05 0.015633630965986953
-201 -9.301735525158738e-06 0.015803618811356012
-199 2.0240943140484706e-05 0.015983077927755104
-197 -2.022585359124443e-05 0.01616858146214011
-195 3.5556179320116146e-05 0.01628673179863491
-193 2.686511706507284e-05 0.016542342669002848
-191 -3.4023214472660534e-05 0.01663630570029427
-189 8.933874963194973e-06 0.01679590538378939
-187 1.3275618093946486e-05 0.017048706541512942
-185 1.1203260446158478e-05 0.017202052346435556
-183 -3.075395807715379e-05 0.0173899389807217
-181 5.581148587266019e-05 0.017578836297036004
-179 -1.2265066981574938e-05 0.01771629404591627
-177 3.0123908255898154e-05 0.01799022770925773
-175 -1.804795976506114e-06 0.01817177288421117
-173 4.9237912530229226e-05 0.018401215912127872
-171 3.6313190909790976e-05 0.018624898460266586
-169 -1.965643324309696e-05 0.01875200902228666
-167 9.188498981797319e-06 0.01903290514669392
-165 5.237097615437233e-05 0.019276357799051742
-163 -2.286800118072159e-05 0.019541985562731855
-161 1.619877972887417e-05 0.01973056179548671
-159 -4.140090809777493e-05 0.02002403856290378
-157 -3.042393691373e-05 0.020243752280398087
-155 1.7182600249368763e-05 0.020540566625560783
-153 -4.544771759198531e-05 0.02076876968418849
-151 -4.257837855698665e-05 0.021035953279531665
-149 6.620439939294031e-06 0.021332956934613664
-147 4.203349518328012e-05 0.02163900385403881
-145 1.5626968481788272e-06 0.021948338359104445
-143 3.6038689818090286e-05 0.022234083837162764
-141 -6.873009665369655e-06 0.02255763867479258
-139 1.8753280211394105e-05 0.022880531719438938
-137 -1.1752269844379823e-05 0.023226079466062827
-135 -7.5030347232318065e-06 0.02359151792305104
-133 1.5874045644951998e-05 0.023891691099645913
-131 -1.022774048941186e-05 0.024290044769263216
-129 -1.1266277546551195e-05 0.024718084436312612
-127 1.5867453387139263e-06 0.025052691743399254
-125 -2.2414593403790748e-05 0.025445415850234934
-123 8.063093674804588e-06 0.025887175089086018
-121 -1.3279502523802807e-05 0.02627062119430727
-119 2.704473740944829e-05 0.026674931417518786
-117 -1.0608749637801482e-05 0.027232103219219785
-115 -2.401164657620463e-05 0.027669557303624605
-113 -2.073889890370589e-06 0.028214723066037454
-111 4.847968081591234e-06 0.028664135514863257
-109 -2.42524919241666e-05 0.029144722829516204
-107 -5.0384116032781755e-05 0.029757714015002688
-105 -3.639050817674448e-05 0.030312821899071155
-103 1.7784592294895616e-05 0.03088077888521876
-101 3.97277320615992e-05 0.031535721880644046
-99 1.9320047472268085e-05 0.032127126185257746
-97 1.7755106523255313e-05 0.032753554447390684
-95 -2.022552280112264e-05 0.03347986806323051
-93 5.308206663371422e-05 0.03422339766052662
-91 5.245689018490287e-06 0.03496803046930515
-89 -1.372309472539114e-05 0.03577417441876265
-87 3.158409768060372e-05 0.03657145562238708
-85 2.325997265527755e-05 0.03741909678139971
-83 -3.3310508970875264e-05 0.03833076633469403
-81 5.164727961239137e-06 0.039278311564127345
-79 2.923770331021872e-06 0.04021386118016716
-77 9.558871502710122e-07 0.041296026496614985
-75 -3.99515682352863e-05 0.04235124693045104
-73 -1.3514154933290813e-08 0.043561475235581106
-71 -1.4911644295232975e-05 0.04479399467171688
-69 -3.647561650127235e-05 0.04606525680649249
-67 -4.744135949004399e-05 0.04743113921807638
-65 -3.2437349920297105e-05 0.04890209474607042
-63 9.515972812136889e-06 0.050491283919814924
-61 2.697519299838159e-05 0.05208828834980714
-59 2.9869091254507004e-06 0.05381750989526625
-57 1.6244219152285785e-05 0.05569411288342455
-55 1.1761856358925413e-05 0.05773634408902002
-53 -1.2614511441577479e-05 0.059939458642227515
-51 8.216643460943356e-06 0.062314031131362684
-49 1.0051691378217193e-05 0.06482923647236935
-47 2.947236137560539e-06 0.0675502383817425
-45 5.276009664589846e-05 0.07055287168524896
-43 -4.986100425376639e-06 0.07381187092271428
-41 9.920580981311793e-06 0.07742117044952915
-39 1.1535828652828728e-06 0.08133346580876485
-37 -6.244189766667595e-06 0.08570652740956657
-35 -1.0096634320536492e-05 0.09054419100423293
-33 -1.5662203220222897e-05 0.0959827717139103
-31 1.9661456825368935e-06 0.10215049156089652
-29 3.0436048730551886e-05 0.10909613782227609
-27 2.7095959977969856e-05 0.11709240082137547
-25 4.585801805461736e-06 0.126315562535221
-23 4.0665879728075344e-05 0.1370869443564989
-21 5.9757882935544885e-05 0.1498660393377917
-19 2.945998210018529e-06 0.1652696831155097
-17 2.1070195417864602e-05 0.18409930648004394
-15 -4.6377487171807364e-05 0.20766502467963427
-13 1.1751072205419795e-05 0.23807891121834696
-11 2.2907802392655008e-05 0.2785345497517629
-9 6.537600835944677e-05 0.33481796480336945
-7 -1.4051135486192479e-05 0.41789288744122344
-5 -2.93104684698805e-06 0.5508225422962296
-3 1.2091957805725198e-05 0.7909336578590582
-1 3.352354448696849e-05 1.326527099781797
1 3.352354448724236e-05 -1.3265270997817973
3 1.209195780576068e-05 -0.7909336578590582
5 -2.931046846966813e-06 -0.5508225422962297
7 -1.4051135486189547e-05 -0.41789288744122344
9 6.537600835944646e-05 -0.33481796480336945
11 2.290780239265449e-05 -0.2785345497517629
13 1.1751072205432654e-05 -0.23807891121834696
15 -4.637748717183864e-05 -0.20766502467963424
17 2.1070195417906354e-05 -0.18409930648004394
19 2.945998210014931e-06 -0.1652696831155097
21 5.975788293554346e-05 -0.14986603933779172
23 4.066587972809222e-05 -0.1370869443564989
25 4.585801805443929e-06 -0.12631556253522103
27 2.7095959977971516e-05 -0.11709240082137547
29 3.0436048730550402e-05 -0.10909613782227609
31 1.966145682540274e-06 -0.10215049156089652
33 -1.5662203220220566e-05 -0.0959827717139103
35 -1.0096634320542594e-05 -0.09054419100423293
37 -6.244189766668938e-06 -0.08570652740956657
39 1.1535828652818615e-06 -0.08133346580876483
41 9.92058098132634e-06 -0.07742117044952912
43 -4.986100425377194e-06 -0.07381187092271427
45 5.276009664590072e-05 -0.07055287168524897
47 2.947236137561945e-06 -0.0675502383817425
49 1.005169137822189e-05 -0.06482923647236935
51 8.216643460943688e-06 -0.062314031131362684
53 -1.2614511441579567e-05 -0.059939458642227515
55 1.1761856358911104e-05 -0.05773634408902003
57 1.6244219152296613e-05 -0.05569411288342456
59 2.9869091254498695e-06 -0.05381750989526625
61 2.6975192998383878e-05 -0.05208828834980714
63 9.515972812146068e-06 -0.05049128391981492
65 -3.243734992030565e-05 -0.04890209474607042
67 -4.7441359490046186e-05 -0.04743113921807638
69 -3.6475616501272185e-05 -0.04606525680649249
71 -1.4911644295234801e-05 -0.04479399467171688
73 -1.3514154940744703e-08 -0.043561475235581106
75 -3.9951568235291e-05 -0.04235124693045104
77 9.558871502714645e-07 -0.04129602649661496
79 2.92377033104019e-06 -0.040213861180167045
81 5.164727961234995e-06 -0.039278311564127456
83 -3.3310508970882236e-05 -0.03833076633469404
85 2.3259972655281535e-05 -0.03741909678139971
87 3.158409768060474e-05 -0.036571455622387075
89 -1.3723094725390689e-05 -0.035774174418762655
91 5.245689018490468e-06 -0.034968030469305154
93 5.308206663371207e-05 -0.03422339766052662
95 -2.02255228011278e-05 -0.0334798680632305
97 1.7755106523269055e-05 -0.032753554447390684
99 1.932004747226487e-05 -0.032127126185257746
101 3.972773206159301e-05 -0.03153572188064404
103 1.778459229490429e-05 -0.03088077888521875
105 -3.639050817674985e-05 -0.030312821899071158
107 -5.0384116032781396e-05 -0.029757714015002695
109 -2.4252491924162538e-05 -0.0291447228295162
111 4.847968081588288e-06 -0.028664135514863253
113 -2.073889890372758e-06 -0.028214723066037454
115 -2.4011646576205074e-05 -0.027669557303624605
117 -1.0608749637803025e-05 -0.02723210321921979
119 2.704473740945424e-05 -0.026674931417518817
121 -1.3279502523763671e-05 -0.026270621194307273
123 8.06309367479826e-06 -0.025887175089086015
125 -2.241459340379336e-05 -0.025445415850234927
127 1.586745338717843e-06 -0.025052691743399247
129 -1.1266277546545032e-05 -0.02471808443631262
131 -1.0227740489416299e-05 -0.024290044769263216
133 1.5874045644955044e-05 -0.023891691099645913
135 -7.503034723239959e-06 -0.02359151792305104
137 -1.175226984437198e-05 -0.023226079466062827
139 1.875328021139416e-05 -0.02288053171943895
141 -6.8730096653754845e-06 -0.022557638674792577
143 3.6038689818105926e-05 -0.02223408383716275
145 1.5626968481901774e-06 -0.02194833835910446
147 4.2033495183269154e-05 -0.02163900385403882
149 6.620439939294431e-06 -0.021332956934613657
151 -4.257837855698306e-05 -0.021035953279531665
153 -4.544771759199072e-05 -0.020768769684188497
155 1.718260024935805e-05 -0.02054056662556078
157 -3.0423936913714603e-05 -0.0202437522803981
159 -4.140090809781705e-05 -0.02002403856290384
161 1.619877972884704e-05 -0.019730561795486688
163 -2.2868001180712292e-05 -0.019541985562731852
165 5.237097615436256e-05 -0.01927635779905174
167 9.18849898180218e-06 -0.019032905146693924
169 -1.9656433243098714e-05 -0.01875200902228666
171 3.6313190909792386e-05 -0.018624898460266586
173 4.923791253022704e-05 -0.018401215912127872
175 -1.8047959765099764e-06 -0.01817177288421117
177 3.0123908255902003e-05 -0.017990227709257726
179 -1.2265066981570852e-05 -0.01771629404591627
181 5.581148587265787e-05 -0.01757883629703601
183 -3.075395807714767e-05 -0.0173899389807217
185 1.1203260446152201e-05 -0.017202052346435556
187 1.3275618093946775e-05 -0.017048706541512946
189 8.933874963198737e-06 -0.016795905383789386
191 -3.402321447266363e-05 -0.016636305700294274
193 2.6865117065064613e-05 -0.016542342669002848
195 3.555617932011888e-05 -0.01628673179863491
197 -2.0225853591241876e-05 -0.0161685814621401
199 2.0240943140484984e-05 -0.015983077927755107
201 -9.301735525164278e-06 -0.015803618811356
203 3.929422143469499e-05 -0.015633630965986946
205 1.7870014217167296e-05 -0.015561438818708704
207 2.7696056055648896e-05 -0.015399704054889784
209 -4.178121312926773e-05 -0.015224659886470406
211 -1.679136533098711e-05 -0.015105644801749859
213 -1.279500000158224e-05 -0.014947936521572785
215 -4.982364297878359e-05 -0.01477129716514335
217 -3.0191419512920058e-05 -0.014674237554356982
219 -3.879144388089509e-05 -0.014507197789853264
221 3.57818717256305e-05 -0.014408460784582208
223 -3.438602540745754e-06 -0.014254767075405107
225 1.0443567117742588e-05 -0.014152213418600432
227 -5.6001629296741746e-05 -0.014012952539748921
229 -4.9680547171995686e-05 -0.01394203923223592
231 2.2245534500804383e-05 -0.013822622236791182
233 -4.433814509005998e-05 -0.013605490625397095
235 -4.626919087762075e-05 -0.013503847436528504
237 2.3599953554408413e-05 -0.013395823368684983
239 -4.347184431741841e-05 -0.013292703901526143
241 -1.3459321984061385e-05 -0.013229698004339253
243 -4.751335776507907e-05 -0.013118425290380532
245 -6.347404203660295e-05 -0.012955910409734187
247 -2.379973335430753e-06 -0.012852171118547612
249 -3.678507872761293e-05 -0.012789251407486634
251 2.1530462744685532e-05 -0.012674603113891363
253 4.866321244017407e-05 -0.012541635234014054
255 2.8116218187061276e-05 -0.012473390720689303
257 -1.726652928727629e-05 -0.012349893273869953
259 3.62554787815098e-05 -0.012256274153924336
261 5.046778014300288e-06 -0.01215085331977004
263 2.1790460496454038e-05 -0.012082287914717663
265 -1.0755775209767072e-05 -0.012023633851144366
267 -2.5327572694149075e-05 -0.011924978997958009
269 1.5970077001108348e-06 -0.011814491873614967
271 -1.032786543088926e-05 -0.011740737956483656
273 -1.3742647831117952e-06 -0.011664905115350165
275 -1.2308651731847389e-06 -0.011593367364988715
277 2.1011378233846024e-05 -0.01150522178670157
279 -2.9085930213579345e-05 -0.0114326373861389
281 -2.3745337889517974e-05 -0.011318639571476979
283 -9.658080366524413e-06 -0.011255371455863356
285 3.1607594359617564e-05 -0.011189249175116413
287 3.3198124323702594e-05 -0.011138890298757706
289 2.6576543964632735e-05 -0.011047954222076528
291 1.8818962013326806e-05 -0.010950753490834709
293 -4.583373469428141e-06 -0.010848740832601988
295 -7.070674680631467e-06 -0.010851134770457597
297 6.5260578104328645e-06 -0.010681377119395201
299 1.9637303471612608e-05 -0.010626067553715316
301 -1.03662616953288e-05 -0.010569961434381691
303 -4.082558443546391e-05 -0.010516053451869371
305 -3.457500518898632e-05 -0.010440353877416056
307 -5.572156181150241e-05 -0.01041583740198253
309 -1.4050808522918138e-05 -0.010255056214365324
311 -1.2577988321981107e-05 -0.010212950382780738
313 2.2435548317011642e-05 -0.010220679398213835
315 -2.1893434214923673e-05 -0.010149604359121055
317 3.877727516704669e-05 -0.010086050127547935
319 5.758853969616999e-05 -0.00992608844061344
321 2.4786940303201435e-05 -0.009941662576701938
323 -3.3364095630619537e-06 -0.009901102486188739
325 -7.666737451397296e-05 -0.009809116584136423
327 -1.151049346384388e-05 -0.009774631594110558
329 -4.4759380882254226e-05 -0.009714187931810454
331 -5.088722914087203e-05 -0.009582326019175703
333 -3.650228702499493e-05 -0.009533833682076703
335 -2.0024536349180157e-05 -0.009492785322678407
337 -3.5021829312311534e-05 -0.009457211688597695
339 3.056732229123744e-05 -0.009310298550027669
341 4.28608112598928e-05 -0.009315624978595767
343 6.765300175833589e-07 -0.009273499080646624
345 -3.7127626694651874e-05 -0.009214316543683349
347 -1.2933948663503836e-05 -0.009197360565275677
349 2.7211239711722695e-05 -0.009162778418101597
351 -2.2120854581752983e-05 -0.009104444423094556
353 1.0512858522954417e-05 -0.009001308710536704
355 -3.5345167286763145e-05 -0.009016279488396851
357 -3.0179339441318332e-05 -0.008932402302340598
359 -1.9486098334910093e-05 -0.008843097485774864
361 3.0055619028271733e-05 -0.008758099044063859
363 1.6608446806838897e-05 -0.008715528366745304
365 1.2126235650510224e-05 -0.008770820074891056
367 2.180507939317274e-05 -0.00867903136704981
369 1.326862792972353e-05 -0.008616315407560056
371 3.6719723668882074e-05 -0.008605017380602938
373 -9.235461970803655e-06 -0.008563877090003254
375 -2.256831577719341e-05 -0.008458611401045847
377 6.511322445195705e-05 -0.008472748749297002
379 6.670630960752178e-06 -0.008430604777788364
381 -4.177711833702515e-05 -0.008385112047087338
383 1.3476688835799532e-05 -0.008352030235090995
385 3.502794713675918e-05 -0.008269056061489265
387 3.8006219815212305e-05 -0.008140179918223947
389 -1.038603068115726e-05 -0.008174662329658706
391 -3.053609805396003e-05 -0.008123142574028689
393 -1.154037672936108e-05 -0.008050452001254448
395 4.459260138276107e-05 -0.008045627785149697
397 3.501331477779135e-05 -0.007974009034265464
399 -2.7988566258591402e-05 -0.007979041676926436
401 2.299366018315272e-05 -0.007918348953569054
403 6.105302454284867e-06 -0.00786885823540959
405 -5.517284231757463e-05 -0.007876824321334923
407 -5.867285429903452e-05 -0.007839015094539513
409 -4.615129614745051e-05 -0.00778870516236804
411 -2.181601895563396e-05 -0.007770966393616187
413 -1.5075431741625714e-05 -0.0077293101277996065
415 -8.038189658577292e-06 -0.0076652694533675785
417 -6.151284667467131e-05 -0.007678361112566336
419 -6.828510620348848e-05 -0.0076336715488443336
421 -4.4963105504713896e-05 -0.007596655100630287
423 -4.559208983770418e-06 -0.007576425273598273
425 -1.2800495088244198e-05 -0.007462764984145663
427 2.1692768835059397e-05 -0.007460384260178763
429 2.7447559066328025e-05 -0.007420770263153162
431 7.15552832785665e-06 -0.007379468475967529
433 -3.53775114698287e-05 -0.007368646248862583
435 -2.2961036153211656e-05 -0.007357244765561592
437 3.5191803802736674e-05 -0.007291594530872859
439 -4.694569224580467e-05 -0.007233401432691201
441 -3.9476385587330795e-05 -0.00723235288393034
443 -8.154143939700799e-05 -0.007186946626634919
445 -1.6838360639485052e-05 -0.007146772161134176
447 1.4945662483813345e-05 -0.007145040396307565
449 -1.2986949216149195e-05 -0.007140454988453199
451 6.144298288864147e-05 -0.007067038745769742
453 -2.01588013320535e-05 -0.0070321139519811116
455 3.5149867734403568e-06 -0.006968540494626177
457 4.482469522889388e-05 -0.006980423895472824
459 3.351441790774429e-05 -0.006947721222403686
461 1.581912089888152e-05 -0.006875103394422821
463 -1.0627707039076961e-05 -0.006856861096063184
465 3.8524210861739045e-05 -0.006839408010715136
467 3.469660836798523e-05 -0.0068679431672804105
469 -1.5227129666533389e-05 -0.006773023079432355
471 2.3416976511358555e-05 -0.006777416567596608
473 -5.519573493547925e-05 -0.006721404828350767
475 1.4834949715100215e-05 -0.006733790922122456
477 1.9880581636112764e-05 -0.006679769091891029
479 9.886391623501887e-06 -0.006685265850178403
481 -5.2852079619685595e-06 -0.006589452375503962
483 1.2943464113283319e-05 -0.0065169703273924495
485 -3.190200605419009e-05 -0.006583926312227234
487 3.4651940056087054e-05 -0.006539384281501322
489 -4.437905781595513e-06 -0.006479737000564356
491 1.5553066398199125e-05 -0.006487259519777482
493 -1.3235519429094803e-06 -0.006459996639107531
495 6.130970403200237e-06 -0.006367447379745094
497 -2.0411571191737926e-05 -0.006421381557232204
499 -1.663678482244414e-05 -0.006422040852979535
501 5.321931789028672e-06 -0.006428615077114606
503 3.264911458954836e-05 -0.006315302910852796
505 2.6568184895596176e-05 -0.006311708485444179
507 2.1081145938887924e-05 -0.006265901398587115
509 -1.1349868236152832e-05 -0.006254561566655838
511 -1.8833011870969865e-05 -0.006193202604164956
513 -5.5897133946088166e-05 -0.00622814481067073
515 -4.488302701996197e-06 -0.006194588003613751
517 -5.7175763493697295e-05 -0.006209724468082346
519 3.0142043308724147e-05 -0.006106955533801631
521 3.472862471364355e-05 -0.006072653155333833
523 1.273718880327463e-05 -0.006078700237588709
525 -7.942675453065385e-06 -0.006023283996341497
527 1.1117923714476842e-05 -0.006053451912089098
529 1.7069634839790222e-05 -0.006036433253390914
531 1.5831298554292353e-05 -0.005965753302833557
533 -6.289149730000232e-06 -0.005987377015222586
535 3.7959753045625504e-05 -0.005997473481500986
537 1.8484632839570143e-05 -0.0059150853626956535
539 3.0743903294418065e-05 -0.005928779634907976
541 -3.5185908270740116e-05 -0.005872325830313337
543 -1.7210654968294037e-05 -0.005820882872784492
545 -8.064806156130726e-07 -0.005844830490402883
547 1.4114064403263109e-05 -0.005831964567501954
549 -2.1712662802243338e-05 -0.005834444069750538
551 -1.8068194943746083e-05 -0.005757417152613633
553 -1.2726431557643067e-05 -0.005764331647305069
555 9.27071114087491e-06 -0.005709314574642202
557 3.4623326371980918e-06 -0.005733513862461918
559 1.8476317569039222e-05 -0.005723051425255552
561 9.742914385383785e-06 -0.005695574935372359
563 4.3580079190585946e-05 -0.005654927517069283
565 1.5777029194216734e-05 -0.005595702506500502
567 2.3818287374776232e-05 -0.005575143338224944
569 7.912192183428239e-06 -0.0055487884784306525
571 2.242640410120485e-05 -0.005551843548079987
573 -9.872143397038469e-06 -0.005529704660067684
575 -3.176293581111146e-05 -0.005525205217526079
577 -4.8434301542579396e-05 -0.005512395736917881
579 -6.113628050768355e-06 -0.005501830593647371
581 -5.6116953464366416e-05 -0.0054709246493869984
583 5.064991033216896e-05 -0.005418328978359226
585 9.59192908849829e-06 -0.005458399072402229
587 -1.5686033204261977e-05 -0.005406656404826907
589 6.627855510921805e-07 -0.005412583573721303
591 -1.539573327414246e-05 -0.005359205184436879
593 2.8172306981426506e-05 -0.005324351974893517
595 -3.3958171160260602e-06 -0.005420946923838695
597 -9.232063413193493e-06 -0.005279189650992301
599 -5.950051038697256e-06 -0.0053037057799882395
601 2.409799704483909e-05 -0.005347611059620002
603 -7.80967023294447e-06 -0.00527895965863131
605 -5.6378450858452495e-05 -0.005284494465604992
607 -4.411192603627233e-05 -0.005231294482716178
609 -3.1161138093443495e-05 -0.005178449963579569
611 -5.464135235269593e-05 -0.005213642029489871
613 1.657484222728464e-06 -0.005196696249694184
615 -8.986627396394946e-05 -0.005133692358163842
617 1.1309259949819048e-05 -0.005169710403941254
619 -8.485851889595838e-06 -0.005163526425753954
621 1.4337166873333933e-05 -0.005136804941877098
623 -1.1359611788063581e-05 -0.005147719424702571
625 -6.180817236263874e-06 -0.005101919901021835
627 -2.896722091673801e-05 -0.005080040166641686
629 -4.3211865663079515e-07 -0.005060725597219053
631 2.012675563480206e-05 -0.00504735678583313
633 -1.3463340687825346e-05 -0.0050505522474015695
635 3.207055518060396e-07 -0.005041543809637416
637 4.141072876257276e-05 -0.004971373177448502
639 -5.899509412753093e-05 -0.004937675593896604
641 -1.0538256859446171e-05 -0.004957557887243048
643 -1.8310521399001888e-06 -0.004954981527179048
645 4.308257713232237e-05 -0.004957251454168134
647 -9.625085181808191e-06 -0.004892508643453998
649 1.5255578856377503e-05 -0.004941307287026553
651 3.8590698243521245e-05 -0.004923903027581191
653 2.242370794273922e-05 -0.004901771518381366
655 4.5919979713411484e-05 -0.004875866773574458
657 6.151736604909848e-05 -0.0048879993773921155
659 2.5220579994733074e-05 -0.004852912589190709
661 -9.266284240655805e-06 -0.004776651419559706
663 -4.550606138438355e-06 -0.004811036570184415
665 -3.823396704687625e-05 -0.0048247713574060425
667 -5.145501529379245e-05 -0.004763385244307093
669 7.963344353061905e-07 -0.004753717224887187
671 -2.1013764335324155e-05 -0.004782532266054316
673 -9.748088635000427e-06 -0.004715012939661277
675 -2.4974401190909045e-05 -0.004683257626474865
677 -1.1171429805955677e-05 -0.004715302545749629
679 -1.33460166596329e-05 -0.004750772794023621
681 -1.2660611224391661e-05 -0.00471961599513877
683 -3.1657378225734564e-05 -0.004672808492276148
685 -2.7452318607728417e-05 -0.004651686749202018
687 -6.469997688632635e-06 -0.0046496609004390834
689 -5.804588042256103e-06 -0.004619568061591438
691 1.2119493248923661e-05 -0.00464597555615361
693 -3.395483589173505e-05 -0.004570185546252604
695 1.7553778055767678e-05 -0.0046039758008751
697 -8.747497142605704e-06 -0.004552461068215596
699 -4.811219160655136e-05 -0.004514891422825161
701 4.008010726140483e-05 -0.004523476149415943
703 4.475269369287997e-05 -0.004493850801238581
705 -1.57958906842426e-05 -0.004534546808905346
707 -4.462975952098865e-05 -0.00452616381800334
709 -3.5802290109401346e-05 -0.004501774784921077
711 1.2899610846785468e-05 -0.004444142711438889
713 -3.2917291756514174e-05 -0.004442995914113842
715 1.936212480153588e-05 -0.004447006294611119
717 3.2241936266680835e-05 -0.004469574085594129
719 -1.9622342528027314e-05 -0.004464847886600914
721 1.686031565639507e-05 -0.004432800441929436
723 -1.857791084122032e-05 -0.004377860261474259
725 -1.4981796791805149e-05 -0.004368164003942987
727 2.303842802335606e-05 -0.0043812423823194465
729 -5.191930378989954e-05 -0.004369634011025098
731 -4.956821766263718e-05 -0.004346386056036387
733 5.2257236159835395e-06 -0.004361635921225931
735 -3.878007856795217e-05 -0.004344405284164909
737 6.891040394528174e-06 -0.0043246612934663845
739 -1.1249856565518354e-05 -0.00432274628858952
741 -3.2964005614736152e-06 -0.004294732132210554
743 2.1006876240850415e-05 -0.004342770254848629
745 -7.877570081432242e-07 -0.004320784257274598
747 -1.5307228528295704e-06 -0.004233119070273801
749 9.5863617890687e-07 -0.004233075532271862
751 4.339633641527232e-05 -0.004237740530973681
753 -7.132971115914074e-06 -0.004199840449543699
755 2.2678411289194063e-05 -0.004255142042471562
757 2.9692819992994922e-05 -0.00423763022398096
759 -1.9803881322762965e-07 -0.004181304460735335
761 3.900248230337383e-06 -0.004168751007337032
763 -2.6450780170401243e-05 -0.0041783478591958636
765 1.1801122296099054e-06 -0.0041918154701591675
767 -3.671734197672948e-05 -0.00412652456268968
769 -1.2186830033443528e-05 -0.004171941368635335
771 -3.5146005842186054e-05 -0.004119977301551178
773 -8.144286314696963e-06 -0.0041718537253604545
775 2.784822260705263e-06 -0.004128447214311931
777 -3.73195848025184e-05 -0.004074812202429963
779 5.400286961794898e-06 -0.0040663362107779995
781 8.04992825134851e-06 -0.004098332380109504
783 -5.972772842807294e-05 -0.004052265011801914
785 -1.8915956718539733e-05 -0.004045064515974934
787 -2.067708128790973e-05 -0.004002489096363519
789 -2.5707101815053807e-06 -0.0040124494325183965
791 1.029945204365765e-06 -0.00401803422993922
793 -8.535186539071813e-06 -0.004034863766011565
795 -3.533238344267012e-05 -0.004081076970454218
797 3.1084323803930754e-05 -0.004040617308261032
799 3.4265081011705656e-05 -0.003978018614570483
801 -1.0454937599995356e-05 -0.004017858698914663
803 -7.948297432337734e-06 -0.003969683751294643
805 -9.081907520943607e-06 -0.00389986083559981
807 4.0885187026584716e-05 -0.00391426535104228
809 8.901743955984521e-06 -0.00395417165574843
811 2.4055070754460822e-05 -0.0039610053356343095
813 -3.4401077691688543e-06 -0.003917423784506892
815 -1.8898170420127887e-05 -0.003912048275312577
817 1.2193260896406241e-05 -0.003868510313398825
819 -9.075588581271327e-06 -0.003862473846135852
821 -1.3140591126835589e-05 -0.003844814997887834
823 1.8717351687701544e-05 -0.0038971341608421708
825 -1.695202685835206e-05 -0.003806982728382612
827 2.6885048383937852e-05 -0.0038733142568464674
829 2.5734414908063772e-05 -0.0038383941051584095
831 1.8361452363920322e-05 -0.0038085638087570718
833 8.0495347723717e-06 -0.0038475998184738544
835 -2.495936692715307e-05 -0.003873984248457817
837 -3.167310887903892e-05 -0.0038470309971778065
839 -5.022013140926302e-05 -0.0037872908499620435
841 -1.9478487057536052e-05 -0.0037745535792445273
843 -2.9338423898774534e-05 -0.0037796075467840706
845 -4.0815531840660936e-05 -0.003747169551186686
847 -1.804544521376333e-05 -0.0037570637628204155
849 2.3855684477632195e-05 -0.0037792755164175983
851 4.877942088607591e-07 -0.003728965621807867
853 -4.039624850312758e-06 -0.0037110778882493206
855 -3.156250095911499e-05 -0.0036797703813986125
857 4.264993380966404e-05 -0.0037480300811902705
859 4.076958929767216e-05 -0.0037568938488796244
861 2.2088897165755664e-05 -0.0036628940192212586
863 2.7890591326414467e-06 -0.0036753942859990823
865 3.8460963480904184e-05 -0.0037178841358891748
867 -1.4001125830586626e-05 -0.003714733073919714
869 2.829276571166633e-05 -0.0037205925800114052
871 -7.254806439409426e-05 -0.0036687078219519147
873 -3.270674224992415e-05 -0.003686543331925406
875 -2.99388797720858e-05 -0.003727353045951524
877 -1.7560226731621167e-05 -0.0036549531380711798
879 -3.263145852971472e-05 -0.00364987861652272
881 6.124743684691256e-07 -0.003621489215861156
883 1.3107569430441773e-05 -0.003626597571187991
885 1.8400100406126356e-05 -0.0035903113505349063
887 -7.593968325769144e-07 -0.0036226876910381654
889 4.159269685684978e-06 -0.003586899391937886
891 -5.95506566362897e-06 -0.0035831505679619667
893 3.0244539974538736e-05 -0.003571645733633336
895 2.4684102339049977e-05 -0.0035699412602277518
897 -4.900268591131854e-05 -0.0035629472926737853
899 2.2614508116396236e-05 -0.0035547517284696146
901 -2.1105676093092063e-06 -0.0035347390604438885
903 -4.958272344473637e-05 -0.0035088556193577825
905 -3.167482449040829e-05 -0.0035312479552584244
907 -3.3531438727420145e-06 -0.003514078792674904
909 3.0615416261763507e-05 -0.003516253508475668
911 9.374525284078589e-06 -0.0035151471560655482
913 6.513439533391311e-06 -0.0034705747250650845
915 4.998686651891003e-05 -0.0035020225646852743
917 3.140227512383455e-05 -0.00345351899533672
919 -4.695183734985025e-05 -0.003490553383664874
921 3.48832347003167e-05 -0.003453709116381336
923 1.638170659730712e-05 -0.0034521369482856295
925 6.819750794909152e-06 -0.0034491903318691767
927 -1.775929741081701e-06 -0.0034442582584846477
929 1.2132235825696412e-05 -0.003446228629493573
931 -1.0662367581101344e-05 -0.0034153841020713
933 -6.368200002537136e-06 -0.0033915585996810624
935 2.6693998524167173e-05 -0.0034438516350075864
937 4.200946640013866e-05 -0.0034417405842971484
939 -2.085286077653431e-05 -0.0034332217783220277
941 -4.795991066044088e-05 -0.0033636221162104247
943 -3.0282789403770385e-05 -0.0034046302849748524
945 2.201047334590408e-05 -0.003355292421900377
947 1.6219941728656433e-05 -0.003372832797894409
949 3.606226030917777e-05 -0.003370289964958444
951 6.496347012120475e-05 -0.0033618122419569003
953 -3.772050106650578e-05 -0.0033436538439294396
955 4.4083479888614975e-05 -0.003323206522727532
957 1.2570165129673224e-06 -0.003304472319682235
959 -6.770429801855288e-06 -0.0033275391382063635
961 -2.4031088124482782e-05 -0.0033213654705262154
963 1.1297820215006995e-06 -0.003295666838400268
965 -1.7554621749623146e-05 -0.0032299070577716396
967 7.479264775632176e-05 -0.003302360438577353
969 9.866758410690717e-05 -0.003275272035900527
971 9.528648862810503e-06 -0.0032903821182799467
973 1.7550738928788783e-05 -0.0033022016002224003
975 -4.135685671946714e-05 -0.003300191677152634
977 1.1809267469427366e-05 -0.0032363351598220184
979 2.0617863149693744e-05 -0.003236300585034817
981 -1.1258849204477428e-05 -0.0032370713136738337
983 -6.947739356365834e-06 -0.003205951327524449
985 -1.9944063369202264e-05 -0.0032114213889302694
987 -1.619251258635999e-05 -0.0031934007850305006
989 3.121433699346158e-05 -0.0031974057215380432
991 -4.704632311320666e-05 -0.003216864926748267
993 -5.727760517973482e-05 -0.0032218669372841816
995 1.4589845515796824e-05 -0.0032290209285120147
997 4.807595571985895e-05 -0.003171149842710889
999 -1.4991838598900407e-05 -0.0032004244097668054
1001 2.20818543692328e-05 -0.003151755640826847
1003 -2.4580753382946135e-05 -0.0031850601956906277
1005 -1.3650626597766718e-05 -0.0031947815425491257
1007 2.0515454786380053e-05 -0.0031670118355276336
1009 -3.3429784474082736e-06 -0.0031895215728751634
1011 -7.715952735132516e-06 -0.0031045046620331975
1013 4.314003960182575e-05 -0.0031141891170434087
1015 -5.084011294852861e-06 -0.0031905055365394975
1017 7.849716273027719e-06 -0.0031028902127622055
1019 -1.314105957584158e-05 -0.0031297943489971922
1021 1.7161068502825598e-05 -0.003122568865155037
1023 1.495399718961039e-05 -0.003094161312448522
1025 -3.512874115442805e-05 -0.003162618167535389
1027 5.578560331614798e-05 -0.003130318362440359
1029 -5.682000116274375e-06 -0.0030890623675583835
1031 1.8982611166843612e-06 -0.003040238152622355
1033 -5.564648858696077e-05 -0.0030668148812481003
1035 1.6708939826500945e-05 -0.0030545903790280163
1037 3.657425037235564e-05 -0.003064906632361756
1039 -3.242768152129783e-05 -0.0030705686413252864
1041 -4.6857468254917414e-05 -0.0030529290905226855
1043 -3.4959841743060835e-05 -0.0030853868654907956
1045 -4.932527523419529e-05 -0.0031456850316189952
1047 2.8633005666876543e-05 -0.0030814597038319705
1049 1.3524458763446805e-06 -0.0029950765945508935
1051 -3.7439921717709364e-05 -0.0030446496726794876
1053 -2.591241907132295e-05 -0.0030614980982260668
1055 1.875700503161939e-06 -0.0030336557798546844
1057 3.857489708494795e-05 -0.003042556981321968
1059 2.4024538320908845e-05 -0.003032221187219122
1061 1.3528440481411416e-06 -0.0030161590687956506
1063 -2.0813301912724807e-05 -0.002993105128254672
1065 6.4402291722121616e-06 -0.0029771816848583174
1067 1.9469108816578706e-05 -0.0029844078948275776
1069 5.070553530421847e-06 -0.002990944670104577
1071 4.781954750067177e-06 -0.0029703593582926847
1073 -2.65410270463252e-05 -0.0029050683869341182
1075 2.6077767582289377e-05 -0.002914139898611622
1077 1.0953770370132296e-05 -0.00294693527887227
1079 -1.3928592442271439e-05 -0.002960927088245073
1081 -1.692423236691766e-05 -0.002957828663326
1083 1.4516489715304944e-05 -0.0029360274101270538
1085 -4.8681167011522115e-05 -0.002965318549286089
1087 -2.2834665840069297e-05 -0.0029646928464403615
1089 -3.1797939326609734e-05 -0.002934490547257268
1091 -8.58361433366993e-06 -0.0029078547603205497
1093 2.6927563083573625e-06 -0.002903878380221975
1095 -2.34589003141349e-05 -0.002928557766765486
1097 1.5381657302407714e-05 -0.002900699715169512
1099 3.182992734692923e-06 -0.0029620553079928134
1101 1.7928991576419472e-05 -0.0029335783198115206
1103 -1.551937831697219e-05 -0.0029219734584481354
1105 8.865504789428276e-06 -0.002914369848347615
1107 -2.3702261294997386e-05 -0.002854323687875517
1109 1.805478056383533e-05 -0.0028725744501548805
1111 4.897620356187135e-05 -0.0028625882504001803
1113 -2.5928557575393442e-05 -0.0028795131829899723
1115 6.07473823018485e-05 -0.0028186475920233176
1117 -1.174790344731256e-05 -0.002799926270102424
1119 4.880465333052586e-05 -0.0028261469805144564
1121 2.0604571049496387e-05 -0.0028716331336639863
1123 -1.2212110703632341e-05 -0.0028218708363988267
1125 3.094732192932684e-05 -0.002785256581755174
1127 -1.1427846583569053e-06 -0.0028165888791985604
1129 1.7216511777745893e-05 -0.002850311897072362
1131 3.5043282671250756e-05 -0.002824016768199184
1133 -4.489501382509123e-05 -0.0028246565197247407
1135 -1.1013436482730613e-06 -0.0028000580575456686
1137 1.9868251841396356e-05 -0.002795278533680282
1139 2.29562804365908e-05 -0.00282554523831802
1141 6.188769945845676e-05 -0.002782844604118621
1143 2.7623981699580828e-05 -0.0028318445437567306
1145 -3.5571034461441996e-05 -0.0027960708886895806
1147 2.0862073511022693e-05 -0.002749807183756596
1149 -3.386490008133003e-05 -0.002789320702631767
1151 3.734243092742829e-05 -0.0028071328918917947
1153 1.7090983491493175e-05 -0.0027571162515097813
1155 3.7049365217479764e-05 -0.002769564209611193
1157 4.460152162119725e-05 -0.002760954683311781
1159 6.236418174161823e-05 -0.002735157961118867
1161 -3.229465195502717e-05 -0.0027259829766036205
1163 -5.772610401615656e-06 -0.0027202590848304895
1165 -8.614848092577959e-06 -0.0027208282173017437
1167 5.005463583971272e-05 -0.0026468024110309256
1169 3.133677876291089e-05 -0.002740056691615239
1171 -1.7829919995368046e-06 -0.002743616471234553
1173 1.988793619753112e-05 -0.002707640200854132
1175 -5.21973698831539e-06 -0.0026618622123213355
1177 5.7968635304880004e-05 -0.0027241396584537845
1179 9.43300518039665e-05 -0.002714368479687399
1181 -4.459371289701842e-05 -0.0026937149305813392
1183 -2.5144465474684996e-05 -0.0026894319286528082
1185 2.7324116319950906e-05 -0.0026487981825173202
1187 4.9367515764527966e-05 -0.0027116806560639477
1189 4.9610442457689927e-05 -0.002713322818628116
1191 -5.903367014736511e-06 -0.0026490795272426475
1193 2.322156882777832e-05 -0.0026571407264261073
1195 -4.347857679854165e-06 -0.0026689937562569483
1197 -3.75795068460156e-05 -0.0027215385988353345
1199 2.734699479345732e-05 -0.0026368279759865485
1201 -2.576067875568139e-05 -0.002646834464838191
1203 -2.015010659163267e-05 -0.0027101284386678447
1205 2.0050071947684545e-05 -0.0026076449461735936
1207 -1.5661087023277966e-05 -0.002699748707793543
1209 4.729000301374171e-05 -0.0026511052392268197
1211 5.840364177840658e-06 -0.0026504598292838373
1213 -2.731214904774348e-05 -0.002601831516853483
1215 1.0330810496266246e-05 -0.0026048902330245397
1217 7.1021981769402935e-06 -0.002599135880623408
1219 5.079915402077107e-06 -0.002630075479303356
1221 -7.855713906287803e-06 -0.002675217090882882
1223 -5.073838227805153e-06 -0.0026308849185651406
1225 3.2855275291691315e-05 -0.0026413161407869896
1227 2.1394756318369104e-05 -0.0026378875944105444
1229 -2.4522063377589018e-05 -0.0025532224342455605
1231 5.438071161013624e-05 -0.0025841878524343314
1233 1.4676278124375557e-05 -0.0026251379026081974
1235 -3.7614470808962525e-05 -0.0026006013513814818
1237 -3.0501416058059944e-05 -0.0026197882374535634
1239 -1.745534271856486e-05 -0.0025605350866263225
1241 -8.236350373809143e-05 -0.002603179528045768
1243 -1.0632990855645843e-06 -0.002576750056622285
1245 3.863154889514705e-05 -0.002515614359570069
1247 4.341369274570058e-06 -0.0025738647208374964
1249 2.0497493647197647e-05 -0.0026085405606751594
1251 2.0980198203365493e-05 -0.0025911576149748525
1253 1.4560362691471031e-05 -0.0025701477455129652
1255 1.6502047971058595e-05 -0.0025387491389882795
1257 -9.46938567217294e-06 -0.002515140565604509
1259 -7.000866218220837e-05 -0.002507941302123715
1261 2.070293832225603e-05 -0.0024983802786825806
1263 -3.4885430745689e-05 -0.0024843989681318404
1265 -2.199624148384168e-05 -0.002453876226919065
1267 -2.6824844930852883e-06 -0.0024711987910553917
1269 3.92328462668954e-06 -0.0024571205645469575
1271 -3.7345503492577115e-06 -0.002478753461960334
1273 1.3696687764951753e-05 -0.0025518431135283593
1275 6.683619881929039e-05 -0.002450461649599124
1277 1.1307186217157066e-05 -0.0024920374726312847
1279 2.4618387436509477e-05 -0.0025009014901417005
1281 5.0075238381726574e-05 -0.0024794843982343774
1283 4.220179459893802e-05 -0.002482175658310944
1285 -4.264028059863994e-06 -0.0024245761485934135
1287 -6.996553851340445e-06 -0.0024676713421365984
1289 -7.451017320132059e-06 -0.0024738588447012744
1291 -3.0921999140079073e-05 -0.002489917635381898
1293 -1.3251724659140934e-06 -0.002495110206143089
1295 -6.796506955198128e-06 -0.002456258588027346
1297 1.693355468580821e-05 -0.0024119257039975613
1299 -1.970524551989523e-05 -0.002451470629302578
1301 -1.8410811084902666e-05 -0.0024723512069571123
1303 -2.3241546992640588e-05 -0.002480538134228276
1305 3.790520362530967e-05 -0.0024787627108272814
1307 1.8265231817948567e-05 -0.002483434615879338
1309 2.5161188012500498e-05 -0.002469255875317651
1311 -1.5437911017852395e-05 -0.00244241282329502
1313 -2.1261312906314898e-05 -0.002429774658735346
1315 2.481907868856226e-05 -0.0024793221392943993
1317 -1.858040686595942e-05 -0.0024349600032823105
1319 -1.608744136622499e-05 -0.002388312998831173
1321 2.3634989842578303e-05 -0.0023540533115725044
1323 1.912361702852231e-05 -0.002386467474487348
1325 -1.0853087837306386e-06 -0.002383931889208155
1327 3.933681472237709e-05 -0.0023810889704334276
1329 1.2682538652126929e-05 -0.002387706667496578
1331 -2.346521256905072e-05 -0.0024420904664535026
1333 2.4526162259877923e-05 -0.0024094171615455955
1335 1.7276088284283206e-05 -0.0023734787102307857
1337 -4.3768738653930425e-05 -0.0023848945437763428
1339 -2.1958082139070904e-05 -0.002375495743108546
1341 1.5466257492519024e-06 -0.002416476429594076
1343 -4.494171945974311e-06 -0.0023747926714911016
1345 1.886291001476276e-05 -0.0023760758532548874
1347 3.774571227623748e-05 -0.0023770810192618825
1349 1.0321766763386936e-05 -0.002375622486756089
1351 -7.661343454771352e-06 -0.002355808070714645
1353 6.637767152811308e-06 -0.002347922234643513
1355 -6.36723559767928e-06 -0.0023873113682856524
1357 4.0557999381286505e-07 -0.0023049143440736423
1359 4.357232193399658e-05 -0.002297457075295385
1361 4.777421194440721e-05 -0.0023750588755305515
1363 -1.192859301229894e-05 -0.0023225042804036235
1365 1.680966125951122e-05 -0.0023268021178037145
1367 1.4369386369168475e-05 -0.0023494367152275355
1369 -3.142212044455122e-05 -0.0023528381607660223
1371 -1.3775971697581301e-05 -0.002317496840453899
1373 -2.2784636486742134e-06 -0.002347638057065289
1375 2.997727457887945e-05 -0.0023090598871105964
1377 5.404220725379321e-06 -0.0023077303010616123
1379 2.3115946032038736e-05 -0.0022983325697255525
1381 1.1707867073954836e-05 -0.0023461593329027514
1383 -4.230099947286529e-05 -0.0023571749210368805
1385 -2.7425342709735288e-05 -0.0022579943786191705
1387 1.9154459939550814e-05 -0.002227509517787108
1389 1.7860172585741507e-05 -0.0022543436405466875
1391 2.585962264948028e-05 -0.0022971915145655374
1393 4.194573883554458e-05 -0.002281553268464449
1395 -7.014621917796307e-06 -0.002326655806788042
1397 -2.392088876685175e-05 -0.002277295712245218
1399 -5.305741230256404e-06 -0.0022875928485725874
1401 -1.3189360640469826e-05 -0.002242026923180472
1403 3.641282120170884e-05 -0.002260505688570095
1405 3.975756185767176e-06 -0.002251061352674468
1407 1.8559480053814384e-05 -0.002257542750107338
1409 -5.187604064829549e-06 -0.0022805530393298933
1411 5.823719277467901e-05 -0.002251815839323328
1413 3.063673064645509e-06 -0.002266591957367509
1415 -1.0349367993851236e-05 -0.002207598027894817
1417 2.1358565753981303e-05 -0.002237639443327396
1419 2.5356544249021873e-05 -0.002245875421311486
1421 1.7914990640994144e-05 -0.0022287173729301124
1423 3.85248156367103e-06 -0.0022307630804706724
1425 6.968679377347746e-05 -0.00224163383219768
1427 2.823269445913753e-05 -0.002239887402408785
1429 2.2722469754744808e-05 -0.0022482079566315725
1431 -1.2565900136397227e-05 -0.002232964435590358
1433 4.998093964478869e-05 -0.0022300043098273754
1435 2.69426142826379e-05 -0.002196890187745261
1437 -1.0119844557366629e-05 -0.0021934889443599196
1439 -1.4689815818849902e-05 -0.002199325974457913
1441 5.172326178524891e-05 -0.0022465171320448533
1443 2.614606429022764e-05 -0.0022141262554317993
1445 9.295002048314455e-07 -0.002231122104548429
1447 -1.8645742783203382e-05 -0.0022130742411651185
1449 -5.017404706528261e-05 -0.0022247447220394923
1451 -4.8322803741368846e-05 -0.002238402863440963
1453 1.3927490520059233e-05 -0.0022096968242492697
1455 4.123901565410663e-05 -0.0021971577882558225
1457 6.456488768387333e-05 -0.0022321574467391333
1459 3.037053237436815e-05 -0.002256512897886326
1461 1.3191445464687469e-05 -0.002246016060280409
1463 1.2370295968317603e-05 -0.00225049494047384
1465 2.7224106753938513e-05 -0.0021708103852235427
1467 -3.546167414329394e-05 -0.0021339008534658273
1469 3.4023252429904215e-06 -0.002161814066561773
1471 5.4083538334125125e-05 -0.0021905223120540322
1473 8.511839550595982e-06 -0.0021171778625054026
1475 5.286650991355762e-05 -0.0021345222370769226
1477 3.938414333344623e-05 -0.0021852857369736643
1479 3.186634058898391e-06 -0.002191089655867755
1481 2.9677380111580335e-05 -0.0021043372447470832
1483 -2.0576541159359526e-05 -0.0021573339523927823
1485 4.536400589549581e-07 -0.0022141721917322216
1487 5.260860595255493e-05 -0.0021866649728683766
1489 5.174329009555973e-06 -0.002113675889132958
1491 -9.471525588631161e-06 -0.0021665205305324373
1493 2.076610204566723e-05 -0.002133979952197743
1495 -4.068561712904262e-05 -0.0021287880639038045
1497 4.294627884686445e-05 -0.002063945433318439
1499 -1.183253194209843e-05 -0.0021440850676898372
1501 2.469408223027167e-05 -0.002089357917267407
1503 -1.5541425302984202e-05 -0.0021649256495128565
1505 6.1703935386657555e-06 -0.002157141400776975
1507 -1.7349623294647916e-05 -0.0021205562898248802
1509 -1.805264439621197e-05 -0.0021078344635743636
1511 -1.212486273106693e-05 -0.0021265934198604467
1513 2.022579424921982e-05 -0.0020961053905644406
1515 4.8270991356378583e-05 -0.002064510640965538
1517 5.0912156171555244e-05 -0.0020493278794374336
1519 -5.3544524555398515e-06 -0.0020939682767397573
1521 -5.350859162178579e-06 -0.0021336426522487596
1523 1.0387240535834915e-05 -0.002088932804189061
1525 -5.591250618381497e-07 -0.002107206995209504
1527 7.32987352086262e-05 -0.002073162858711371
1529 -3.9191890230301014e-05 -0.002104615717787417
1531 -6.419644707297243e-06 -0.0020998172292664634
1533 -2.3715056202852084e-05 -0.0020928258282763863
1535 2.22272797345233e-05 -0.002043257990899547
1537 2.8893351678545554e-05 -0.0020620426690136193
1539 4.000259924236352e-05 -0.0020861053816022142
1541 -1.4936187945599172e-05 -0.0020507738680870225
1543 9.970570431236475e-06 -0.0020706790927577314
1545 -4.8234750348983054e-05 -0.002057822164327367
1547 -4.332811035788581e-05 -0.0020998404471826845
1549 5.2345620016916e-06 -0.0020691639674880148
1551 -9.936229253642856e-06 -0.0020574199844726323
1553 -7.964025953100898e-06 -0.002079412888689451
1555 2.7540123045354983e-05 -0.0020628681242655725
1557 -1.157075259243181e-05 -0.002042541616105368
1559 5.4306201032797456e-05 -0.002067648457309584
1561 2.1276155878562063e-05 -0.002101804158235396
1563 2.6267186050155518e-05 -0.0020326145697115525
1565 2.070974213689143e-05 -0.002037559365169474
1567 -1.1911742700191903e-05 -0.0020462174645689037
1569 -3.232430595178202e-06 -0.0020358417406322665
1571 -6.1981427349152795e-06 -0.001989395517775451
1573 2.7557758474765837e-05 -0.0020291219489011365
1575 3.509015849559832e-06 -0.002026083743399752
1577 -4.2676771738708606e-05 -0.0020703388876591768
1579 7.643357508927921e-05 -0.0019824947452576356
1581 -2.9063009601732464e-05 -0.0020311856275333716
1583 -4.2068080918663986e-05 -0.0019818561314675527
1585 -1.1775478379924881e-05 -0.002030587190780581
1587 -2.5161828508590833e-05 -0.0020063479047025268
1589 1.7799226923340114e-05 -0.0020039324426943403
1591 2.055712987254245e-05 -0.0019798764731604798
1593 1.3466382240509072e-05 -0.0019551144118893707
1595 4.315273967407697e-05 -0.0019707604500818006
1597 -7.835119893806063e-06 -0.002049039003414322
1599 -1.7855130378643954e-05 -0.0020164588550973615
1601 6.005514274685071e-05 -0.0019546786872740997
1603 4.563999694029591e-06 -0.002001316220232948
1605 6.375896404349352e-05 -0.0019903407948475248
1607 -1.1709818856673143e-05 -0.0019381885725445725
1609 1.6183384123381978e-05 -0.001964839408331556
1611 2.7498166968822025e-05 -0.0020035592565452744
1613 -5.630330434415602e-06 -0.0019649761807132146
1615 2.561608518151258e-05 -0.0019321975440177465
1617 -3.0085009896153396e-05 -0.001942268117932974
1619 1.5794866136502138e-05 -0.0020088156186578564
1621 1.73409721725468e-05 -0.0019831611818220667
1623 -1.0799194137375934e-05 -0.0019790864786227765
1625 -2.5207667608388237e-05 -0.002008318124948363
1627 2.0126011652146567e-06 -0.0019850993638248003
1629 -1.4928871153169628e-06 -0.00194254922844867
1631 8.3002164171794e-06 -0.001954556235387146
1633 -3.4461507562953656e-05 -0.0019419847531201935
1635 -1.2217716303078255e-05 -0.001962290798748526
1637 -2.532545290704789e-05 -0.001968774022298806
1639 0.0 -0.0019420981463318526
1641 0.0 -0.0019397311772321186
1643 0.0 -0.001937369970686492
1645 0.0 -0.0019350145056765391
1647 0.0 -0.001932664761285918
1649 0.0 -0.0019303207166997617
1651 0.0 -0.0019279823512040625
1653 0.0 -0.001925649644185062
1655 0.0 -0.0019233225751286447
1657 0.0 -0.0019210011236197387
1659 0.0 -0.001918685269341716
1661 0.0 -0.0019163749920758017
1663 0.0 -0.0019140702717004852
1665 0.0 -0.001911771088190935
1667 0.0 -0.0019094774216184207
1669 0.0 -0.0019071892521497344
1671 0.0 -0.0019049065600466228
1673 0.0 -0.0019026293256652162
1675 0.0 -0.0019003575294554665
1677 0.0 -0.0018980911519605882
1679 0.0 -0.0018958301738165018
1681 0.0 -0.001893574575751283
1683 0.0 -0.001891324338584615
1685 0.0 -0.0018890794432272445
1687 0.0 -0.0018868398706804429
1689 0.0 -0.0018846056020354691
1691 0.0 -0.0018823766184730378
1693 0.0 -0.001880152901262792
1695 0.0 -0.001877934431762777
1697 0.0 -0.0018757211914189197
1699 0.0 -0.0018735131617645124
1701 0.0 -0.0018713103244196983
1703 0.0 -0.0018691126610909613
1705 0.0 -0.0018669201535706195
1707 0.0 -0.001864732783736325
1709 0.0 -0.0018625505335505598
1711 0.0 -0.0018603733850601444
1713 0.0 -0.0018582013203957421
1715 0.0 -0.001856034321771374
1717 0.0 -0.0018538723714839295
1719 0.0 -0.0018517154519126857
1721 0.0 -0.0018495635455188302
1723 0.0 -0.0018474166348449838
1725 0.0 -0.001845274702514729
1727 0.0 -0.0018431377312321405
1729 0.0 -0.0018410057037813227
1731 0.0 -0.001838878603025943
1733 0.0 -0.001836756411908775
1735 0.0 -0.001834639113451243
1737 0.0 -0.0018325266907529688
1739 0.0 -0.001830419126991321
1741 0.0 -0.0018283164054209687
1743 0.0 -0.0018262185093734405
1745 0.0 -0.0018241254222566802
1747 0.0 -0.001822037127554612
1749 0.0 -0.0018199536088267046
1751 0.0 -0.0018178748497075423
1753 0.0 -0.001815800833906393
1755 0.0 -0.0018137315452067845
1757 0.0 -0.0018116669674660825
1759 0.0 -0.0018096070846150695
1761 0.0 -0.0018075518806575281
1763 0.0 -0.001805501339669828
1765 0.0 -0.0018034554458005137
1767 0.0 -0.0018014141832698965
1769 0.0 -0.001799377536369648
1771 0.0 -0.0017973454894623978
1773 0.0 -0.0017953180269813349
1775 0.0 -0.0017932951334298068
1777 0.0 -0.0017912767933809268
1779 0.0 -0.0017892629914771818
1781 0.0 -0.001787253712430043
1783 0.0 -0.0017852489410195775
1785 0.0 -0.0017832486620940652
1787 0.0 -0.0017812528605696176
1789 0.0 -0.001779261521429797
1791 0.0 -0.001777274629725241
1793 0.0 -0.001775292170573289
1795 0.0 -0.0017733141291576084
1797 0.0 -0.001771340490727828
1799 0.0 -0.0017693712405991702
1801 0.0 -0.0017674063641520859
1803 0.0 -0.0017654458468318952
1805 0.0 -0.001763489674148425
1807 0.0 -0.001761537831675654
1809 0.0 -0.001759590305051358
1811 0.0 -0.001757647079976757
1813 0.0 -0.001755708142216165
1815 0.0 -0.0017537734775966427
1817 0.0 -0.0017518430720076536
1819 0.0 -0.0017499169114007184
1821 0.0 -0.0017479949817890757
1823 0.0 -0.0017460772692473431
1825 0.0 -0.0017441637599111817
1827 0.0 -0.0017422544399769604
1829 0.0 -0.0017403492957014253
1831 0.0 -0.0017384483134013692
1833 0.0 -0.0017365514794533046
1835 0.0 -0.0017346587802931374
1837 0.0 -0.0017327702024158447
1839 0.0 -0.0017308857323751533
1841 0.0 -0.0017290053567832195
1843 0.0 -0.0017271290623103131
1845 0.0 -0.0017252568356845024
1847 0.0 -0.001723388663691341
1849 0.0 -0.001721524533173557
1851 0.0 -0.0017196644310307437
1853 0.0 -0.0017178083442190538
1855 0.0 -0.0017159562597508931
1857 0.0 -0.0017141081646946186
1859 0.0 -0.001712264046174237
1861 0.0 -0.0017104238913691061
1863 0.0 -0.0017085876875136375
1865 0.0 -0.001706755421897001
1867 0.0 -0.0017049270818628318
1869 0.0 -0.001703102654808939
1871 0.0 -0.0017012821281870163
1873 0.0 -0.0016994654895023528
1875 0.0 -0.0016976527263135503
1877 0.0 -0.001695843826232236
1879 0.0 -0.001694038776922782
1881 0.0 -0.0016922375661020238
1883 0.0 -0.001690440181538984
1885 0.0 -0.0016886466110545926
1887 0.0 -0.0016868568425214133
1889 0.0 -0.0016850708638633703
1891 0.0 -0.0016832886630554769
1893 0.0 -0.001681510228123564
1895 0.0 -0.001679735547144014
1897 0.0 -0.0016779646082434932
1899 0.0 -0.001676197399598687
1901 0.0 -0.0016744339094360372
1903 0.0 -0.0016726741260314803
1905 0.0 -0.0016709180377101874
1907 0.0 -0.0016691656328463068
1909 0.0 -0.0016674168998627068
1911 0.0 -0.0016656718272307204
1913 0.0 -0.0016639304034698939
1915 0.0 -0.0016621926171477323
1917 0.0 -0.0016604584568794506
1919 0.0 -0.0016587279113277262
1921 0.0 -0.0016570009692024503
1923 0.0 -0.001655277619260482
1925 0.0 -0.001653557850305406
1927 0.0 -0.0016518416511872895
1929 0.0 -0.00165012901080244
1931 0.0 -0.0016484199180931674
1933 0.0 -0.001646714362047546
1935 0.0 -0.0016450123316991765
1937 0.0 -0.0016433138161269525
1939 0.0 -0.0016416188044548255
1941 0.0 -0.001639927285851575
1943 0.0 -0.001638239249530575
1945 0.0 -0.0016365546847495666
1947 0.0 -0.0016348735808104297
1949 0.0 -0.0016331959270589568
1951 0.0 -0.001631521712884627
1953 0.0 -0.0016298509277203822
1955 0.0 -0.0016281835610424075
1957 0.0 -0.0016265196023699064
1959 0.0 -0.0016248590412648836
1961 0.0 -0.0016232018673319258
1963 0.0 -0.0016215480702179862
1965 0.0 -0.0016198976396121663
1967 0.0 -0.0016182505652455044
1969 0.0 -0.00161660683689076
1971 0.0 -0.0016149664443622052
1973 0.0 -0.0016133293775154114
1975 0.0 -0.0016116956262470414
1977 0.0 -0.001610065180494642
1979 0.0 -0.0016084380302364362
1981 0.0 -0.0016068141654911193
1983 0.0 -0.0016051935763176535
1985 0.0 -0.0016035762528150664
1987 0.0 -0.0016019621851222482
1989 0.0 -0.0016003513634177513
1991 0.0 -0.0015987437779195915
1993 0.0 -0.001597139418885051
1995 0.0 -0.0015955382766104796
1997 0.0 -0.0015939403414310998
1999 0.0 -0.0015923456037208138
2001 0.0 -0.0015907540538920074
2003 0.0 -0.0015891656823953605
2005 0.0 -0.001587580479719654
2007 0.0 -0.0015859984363915827
2009 0.0 -0.0015844195429755633
2011 0.0 -0.001582843790073549
2013 0.0 -0.0015812711683248419
2015 0.0 -0.0015797016684059092
2017 0.0 -0.001578135281030197
2019 0.0 -0.001576571996947948
2021 0.0 -0.0015750118069460203
2023 0.0 -0.001573454701847705
2025 0.0 -0.0015719006725125467
2027 0.0 -0.001570349709836165
2029 0.0 -0.0015688018047500772
2031 0.0 -0.00156725694822152
2033 0.0 -0.0015657151312532746
2035 0.0 -0.0015641763448834922
2037 0.0 -0.0015626405801855213
2039 0.0 -0.0015611078282677326
2041 0.0 -0.0015595780802733494
2043 0.0 -0.0015580513273802774
2045 0.0 -0.0015565275608009324
2047 0.0 -0.0015550067717820747
2049 0.0 -0.0015534889516046397
