-2049 0.0 0.0015534889516046397
-2047 0.0 0.0015550067717820747
-2045 0.0 0.0015565275608009324
-2043 0.0 0.0015580513273802774
-2041 0.0 0.0015595780802733494
-2039 0.0 0.0015611078282677326
-2037 0.0 0.0015626405801855213
-2035 0.0 0.0015641763448834922
-2033 0.0 0.0015657151312532746
-2031 0.0 0.00156725694822152
-2029 0.0 0.0015688018047500772
-2027 0.0 0.001570349709836165
-2025 0.0 0.0015719006725125467
-2023 0.0 0.001573454701847705
-2021 0.0 0.0015750118069460203
-2019 0.0 0.001576571996947948
-2017 0.0 0.001578135281030197
-2015 0.0 0.0015797016684059092
-2013 0.0 0.0015812711683248419
-2011 0.0 0.001582843790073549
-2009 0.0 0.0015844195429755633
-2007 0.0 0.0015859984363915827
-2005 0.0 0.001587580479719654
-2003 0.0 0.0015891656823953605
-2001 0.0 0.0015907540538920074
-1999 0.0 0.0015923456037208138
-1997 0.0 0.0015939403414310998
-1995 0.0 0.0015955382766104796
-1993 0.0 0.001597139418885051
-1991 0.0 0.0015987437779195915
-1989 0.0 0.0016003513634177513
-1987 0.0 0.0016019621851222482
-1985 0.0 0.0016035762528150664
-1983 0.0 0.0016051935763176535
-1981 0.0 0.0016068141654911193
-1979 0.0 0.0016084380302364362
-1977 0.0 0.001610065180494642
-1975 0.0 0.0016116956262470414
-1973 0.0 0.0016133293775154114
-1971 0.0 0.0016149664443622052
-1969 0.0 0.00161660683689076
-1967 0.0 0.0016182505652455044
-1965 0.0 0.0016198976396121663
-1963 0.0 0.0016215480702179862
-1961 0.0 0.0016232018673319258
-1959 0.0 0.0016248590412648836
-1957 0.0 0.0016265196023699064
-1955 0.0 0.0016281835610424075
-1953 0.0 0.0016298509277203822
-1951 0.0 0.001631521712884627
-1949 0.0 0.0016331959270589568
-1947 0.0 0.0016348735808104297
-1945 0.0 0.0016365546847495666
-1943 0.0 0.001638239249530575
-1941 0.0 0.001639927285851575
-1939 0.0 0.0016416188044548255
-1937 0.0 0.0016433138161269525
-1935 0.0 0.0016450123316991765
-1933 0.0 0.001646714362047546
-1931 0.0 0.0016484199180931674
-1929 0.0 0.00165012901080244
-1927 0.0 0.0016518416511872895
-1925 0.0 0.001653557850305406
-1923 0.0 0.001655277619260482
-1921 0.0 0.0016570009692024503
-1919 0.0 0.0016587279113277262
-1917 0.0 0.0016604584568794506
-1915 0.0 0.0016621926171477323
-1913 0.0 0.0016639304034698939
-1911 0.0 0.0016656718272307204
-1909 0.0 0.0016674168998627068
-1907 0.0 0.0016691656328463068
-1905 0.0 0.0016709180377101874
-1903 0.0 0.0016726741260314803
-1901 0.0 0.0016744339094360372
-1899 0.0 0.001676197399598687
-1897 0.0 0.0016779646082434932
-1895 0.0 0.001679735547144014
-1893 0.0 0.001681510228123564
-1891 0.0 0.0016832886630554769
-1889 0.0 0.0016850708638633703
-1887 0.0 0.0016868568425214133
-1885 0.0 0.0016886466110545926
-1883 0.0 0.001690440181538984
-1881 0.0 0.0016922375661020238
-1879 0.0 0.001694038776922782
-1877 0.0 0.001695843826232236
-1875 0.0 0.0016976527263135503
-1873 0.0 0.0016994654895023528
-1871 0.0 0.0017012821281870163
-1869 0.0 0.001703102654808939
-1867 0.0 0.0017049270818628318
-1865 0.0 0.001706755421897001
-1863 0.0 0.0017085876875136375
-1861 0.0 0.0017104238913691061
-1859 0.0 0.001712264046174237
-1857 0.0 0.0017141081646946186
-1855 0.0 0.0017159562597508931
-1853 0.0 0.0017178083442190538
-1851 0.0 0.0017196644310307437
-1849 0.0 0.001721524533173557
-1847 0.0 0.001723388663691341
-1845 0.0 0.0017252568356845024
-1843 0.0 0.0017271290623103131
-1841 0.0 0.0017290053567832195
-1839 0.0 0.0017308857323751533
-1837 0.0 0.0017327702024158447
-1835 0.0 0.0017346587802931374
-1833 0.0 0.0017365514794533046
-1831 0.0 0.0017384483134013692
-1829 0.0 0.0017403492957014253
-1827 0.0 0.0017422544399769604
-1825 0.0 0.0017441637599111817
-1823 0.0 0.0017460772692473431
-1821 0.0 0.0017479949817890757
-1819 0.0 0.0017499169114007184
-1817 0.0 0.0017518430720076536
-1815 0.0 0.0017537734775966427
-1813 0.0 0.001755708142216165
-1811 0.0 0.001757647079976757
-1809 0.0 0.001759590305051358
-1807 0.0 0.001761537831675654
-1805 0.0 0.001763489674148425
-1803 0.0 0.0017654458468318952
-1801 0.0 0.0017674063641520859
-1799 0.0 0.0017693712405991702
-1797 0.0 0.001771340490727828
-1795 0.0 0.0017733141291576084
-1793 0.0 0.001775292170573289
-1791 0.0 0.001777274629725241
-1789 0.0 0.001779261521429797
-1787 0.0 0.0017812528605696176
-1785 0.0 0.0017832486620940652
-1783 0.0 0.0017852489410195775
-1781 0.0 0.001787253712430043
-1779 0.0 0.0017892629914771818
-1777 0.0 0.0017912767933809268
-1775 0.0 0.0017932951334298068
-1773 0.0 0.0017953180269813349
-1771 0.0 0.0017973454894623978
-1769 0.0 0.001799377536369648
-1767 0.0 0.0018014141832698965
-1765 0.0 0.0018034554458005137
-1763 0.0 0.001805501339669828
-1761 0.0 0.0018075518806575281
-1759 0.0 0.0018096070846150695
-1757 0.0 0.0018116669674660825
-1755 0.0 0.0018137315452067845
-1753 0.0 0.001815800833906393
-1751 0.0 0.0018178748497075423
-1749 0.0 0.0018199536088267046
-1747 0.0 0.001822037127554612
-1745 0.0 0.0018241254222566802
-1743 0.0 0.0018262185093734405
-1741 0.0 0.0018283164054209687
-1739 0.0 0.001830419126991321
-1737 0.0 0.0018325266907529688
-1735 0.0 0.001834639113451243
-1733 0.0 0.001836756411908775
-1731 0.0 0.001838878603025943
-1729 0.0 0.0018410057037813227
-1727 0.0 0.0018431377312321405
-1725 0.0 0.001845274702514729
-1723 0.0 0.0018474166348449838
-1721 0.0 0.0018495635455188302
-1719 0.0 0.0018517154519126857
-1717 0.0 0.0018538723714839295
-1715 0.0 0.001856034321771374
-1713 0.0 0.0018582013203957421
-1711 0.0 0.0018603733850601444
-1709 0.0 0.0018625505335505598
-1707 0.0 0.001864732783736325
-1705 0.0 0.0018669201535706195
-1703 0.0 0.0018691126610909613
-1701 0.0 0.0018713103244196983
-1699 0.0 0.0018735131617645124
-1697 0.0 0.0018757211914189197
-1695 0.0 0.001877934431762777
-1693 0.0 0.001880152901262792
-1691 0.0 0.0018823766184730378
-1689 0.0 0.0018846056020354691
-1687 0.0 0.0018868398706804429
-1685 0.0 0.0018890794432272445
-1683 0.0 0.001891324338584615
-1681 0.0 0.001893574575751283
-1679 0.0 0.0018958301738165018
-1677 0.0 0.0018980911519605882
-1675 0.0 0.0019003575294554665
-1673 0.0 0.0019026293256652162
-1671 0.0 0.0019049065600466228
-1669 0.0 0.0019071892521497344
-1667 0.0 0.0019094774216184207
-1665 0.0 0.001911771088190935
-1663 0.0 0.0019140702717004852
-1661 0.0 0.0019163749920758017
-1659 0.0 0.001918685269341716
-1657 0.0 0.0019210011236197387
-1655 0.0 0.0019233225751286447
-1653 0.0 0.001925649644185062
-1651 0.0 0.0019279823512040625
-1649 0.0 0.0019303207166997617
-1647 0.0 0.001932664761285918
-1645 0.0 0.0019350145056765391
-1643 0.0 0.001937369970686492
-1641 0.0 0.0019397311772321186
-1639 0.0 0.0019420981463318526
-1637 1.437452636717502e-06 0.001968993596383063
-1635 -4.048158379646768e-06 0.00196914796692722
-1633 -2.144226444922889e-05 0.0019599987102856802
-1631 2.4052943244016086e-06 0.0019617080019319715
-1629 2.0342861652257522e-05 0.0019475957678725985
-1627 -1.939822952738788e-06 0.001995719934106451
-1625 -3.864047715017445e-05 0.0020135990231854835
-1623 -9.424784134497029e-06 0.001965434039550271
-1621 1.775998565393578e-05 0.00198868056274096
-1619 1.7667563043606776e-05 0.0020145057347544077
-1617 -2.111160515932485e-05 0.0019223013357265357
-1615 7.316641862025553e-06 0.0019215189517136052
-1613 5.770830486522438e-06 0.0019788222305025245
-1611 2.286350667373171e-05 0.0020205634076745456
-1609 -1.34947096740036e-06 0.0019488754443643876
-1607 2.854991877893838e-06 0.0019513564407968777
-1605 5.9564368735759084e-05 0.0020068119583761543
-1603 -4.390414941458004e-06 0.002018447526000399
-1601 6.195079505367013e-05 0.0019708350197111786
-1599 -2.1113948200483286e-05 0.0020385756128592732
-1597 -1.5487427684879034e-05 0.0020465996289556056
-1595 3.870676666022943e-05 0.0019557644739119206
-1593 8.219711118632552e-06 0.0019559443707513006
-1591 1.9211210979151483e-05 0.0020068298289090884
-1589 1.528301567155716e-05 0.001999448898239198
-1587 -4.582075639674913e-05 0.0020086617612681146
-1585 -1.9691629830600873e-05 0.002035256055488315
-1583 -1.7202947292573555e-05 0.0020017848186365543
-1581 -2.2468985727354934e-05 0.002027415121322922
-1579 5.816043118901804e-05 0.0019924319346163377
-1577 -4.1522053024014344e-05 0.0020692286423271956
-1575 2.535462622746117e-05 0.002008075988074202
-1573 5.548246040770969e-05 0.0020192025468418607
-1571 -1.984258762149378e-05 0.0019896873821125083
-1569 -1.9645005101018016e-05 0.002030197232426354
-1567 -3.522180126988982e-05 0.002033242558830368
-1565 1.9368454196392222e-06 0.0020540592721418646
-1563 2.0693357091159752e-05 0.0020523963372026115
-1561 3.0846795892657954e-05 0.0020891657496343555
-1559 5.62970098351138e-05 0.002036000016157624
-1557 -2.2801372651116522e-05 0.0020547504246094628
-1555 1.0317128125852906e-05 0.0020638848652268444
-1553 2.2119418494623026e-06 0.002073597693211203
-1551 -1.739322662168269e-05 0.002058391534351112
-1549 -1.732997847132684e-06 0.0020498731871267176
-1547 -4.243746388628116e-05 0.0020977897915014396
-1545 -5.4619465026121736e-05 0.002067177388973404
-1543 -2.4029361942117092e-06 0.002078044686125767
-1541 -2.787704745422846e-05 0.0020584958747781744
-1539 2.0083998865641747e-05 0.0020824274661736734
-1537 2.1080673664274268e-05 0.0020483868557263814
-1535 9.228899404504116e-06 0.0020419067298674326
-1533 -1.7106323019696198e-05 0.0020755279483828147
-1531 -6.687748198818829e-06 0.0020878133026035585
-1529 -6.574441137236542e-07 0.0020984696978645244
-1527 4.495152962644907e-05 0.002074859478430983
-1525 -4.097760182973652e-07 0.0020883264447284643
-1523 1.535874000132947e-05 0.00209220618915344
-1521 -1.615440499204409e-05 0.00212956941609866
-1519 2.0870185345104236e-05 0.0020768577854201314
-1517 3.731743397665568e-05 0.002028275125579035
-1515 6.048603640782498e-05 0.002063317303020135
-1513 3.302139408927405e-05 0.0020873924924716116
-1511 -3.6745255079462735e-07 0.002105335025803882
-1509 -2.9557630149739764e-05 0.0021002402818413664
-1507 -2.3005031051186854e-05 0.002116737498544427
-1505 3.707930093064035e-05 0.002172723070145747
-1503 1.0294669714239042e-06 0.0021658534892990463
-1501 1.3844268970413028e-05 0.002099261220222312
-1499 -1.645909623198301e-05 0.00215758842293671
-1497 3.76504283692541e-05 0.002079178735727355
-1495 -2.121361090218367e-05 0.0021044710190101616
-1493 2.6911457381301748e-05 0.0021655593520673137
-1491 -1.0893542490315731e-05 0.0021511147850344706
-1489 2.4170477359505532e-05 0.0020932590418394135
-1487 4.612551871988535e-05 0.002189017025477042
-1485 8.154301676184252e-06 0.0022171072255876513
-1483 -1.3555807826521884e-06 0.0021585547144928
-1481 1.7050126249837656e-05 0.0020993806429593226
-1479 1.3343671944134927e-05 0.002199623217578687
-1477 2.466999889697457e-05 0.002175198842909052
-1475 2.247785819689612e-05 0.0021475803897242204
-1473 2.2941899631422522e-05 0.002144828407727177
-1471 2.606223136182537e-05 0.0021545470499299323
-1469 -6.096974854998299e-06 0.0021694759228278156
-1467 -2.1595725058420905e-05 0.0021517222119275623
-1465 3.7728739660272276e-05 0.0021788088559108335
-1463 1.3112798095402414e-05 0.002225002793083748
-1461 7.672370807222601e-06 0.002222887723054269
-1459 2.6615401229191515e-05 0.00226775903294845
-1457 4.4240363232950184e-05 0.0022120657667920244
-1455 3.010735681425957e-05 0.0022119204036747902
-1453 2.9981642069659013e-05 0.0021881982945250104
-1451 -4.9186751797634346e-05 0.002255149891274133
-1449 -3.26871971821445e-05 0.002199472054854222
-1447 -1.795541368178516e-05 0.0022296057180106275
-1445 -5.5818677797078595e-06 0.0022169001789786383
-1443 2.7476903381424248e-05 0.002183942781270961
-1441 5.0520340499831236e-05 0.002239083003108655
-1439 -1.3965729572841836e-05 0.0022115148339544315
-1437 -7.505051765124617e-07 0.002194108188237316
-1435 2.7144441324111305e-06 0.002203239995882342
-1433 5.285205353620073e-05 0.0022381862227480566
-1431 -1.8749573867205837e-05 0.002254880063326137
-1429 1.0760560323514662e-05 0.0022530496369508627
-1427 6.962668625610383e-06 0.002259242703055884
-1425 6.019381160556173e-05 0.0022205631025546957
-1423 1.300850655877064e-05 0.0022146793454550133
-1421 1.4821296881788671e-05 0.0022233881243890682
-1419 6.596196934679714e-06 0.0022504439687901
-1417 1.2753488871839349e-05 0.0022510908739069215
-1415 2.6703316040133867e-05 0.00219117200023078
-1413 -6.874747595707463e-07 0.002274736608231523
-1411 6.048773299729535e-05 0.002268718593104118
-1409 2.380398687730728e-06 0.002275565482181048
-1407 1.8934512870198335e-05 0.002234337766898809
-1405 1.741271501752584e-05 0.002265502654716792
-1403 3.899807832742554e-05 0.0022632918158527002
-1401 7.850554114426514e-06 0.0022397303116256295
-1399 -1.9113183532987874e-05 0.0022778635150057817
-1397 -1.3740911719474403e-05 0.002286536793467021
-1395 1.6014239941751505e-05 0.002320516946177939
-1393 1.4828843853689891e-05 0.0022708220679119816
-1391 1.3188138916714215e-07 0.0022944749190585453
-1389 7.310749052298687e-06 0.0022563874128933375
-1387 1.740954662523033e-05 0.002222121693236073
-1385 -2.0187044297846768e-05 0.0022593774847003392
-1383 -1.8479045862331e-05 0.0023515076293883328
-1381 2.005214731344499e-05 0.0023305305034828803
-1379 2.151942347537632e-05 0.0022998505017251696
-1377 -2.2243945859027248e-05 0.002311016276892689
-1375 2.775820296152082e-05 0.0023109236201949764
-1373 -5.352998370025239e-06 0.0023355364839171048
-1371 -2.077553340018383e-05 0.002310556849574008
-1369 -3.097156913913437e-05 0.002368936378947117
-1367 1.584584509063334e-05 0.0023476487217354023
-1365 1.343849546639058e-05 0.0023273422648669123
-1363 5.366877011740447e-06 0.002309594374065849
-1361 4.595530691904572e-05 0.002370403072706752
-1359 4.217989692835958e-05 0.0022954368184418383
-1357 9.858070503489182e-07 0.002289994232611693
-1355 -6.6632238358679345e-06 0.0023949478932130375
-1353 2.863903638260238e-05 0.002387397152979771
-1351 2.0213440157390483e-05 0.002346806765139193
-1349 7.531117075797194e-07 0.0023733527532055943
-1347 3.516431208446037e-05 0.0023821124536909295
-1345 3.558570638016951e-05 0.0023688975653849615
-1343 -5.501401471001284e-06 0.002381871615133257
-1341 4.6862621642142374e-07 0.0023958444335187845
-1339 -1.6852214103748325e-05 0.0023826572910734273
-1337 -2.17239202829541e-05 0.0023497785940989196
-1335 8.27719224014595e-06 0.002374169789840814
-1333 1.362679578087491e-05 0.0024073883641275357
-1331 -2.2641328969360225e-05 0.0024529750616406137
-1329 5.215416014598868e-06 0.00239597501946862
-1327 4.980891947614471e-05 0.002370722202084735
-1325 -1.53126662375361e-05 0.002377995548612373
-1323 2.522749828988971e-05 0.0023978362133708353
-1321 7.716597426045208e-06 0.0023744228892677156
-1319 -1.4757854502305744e-05 0.0023418061073034184
-1317 -4.509178901482618e-06 0.002414294331560239
-1315 2.378455807772159e-05 0.0024695476087209455
-1313 -3.289106654720951e-05 0.0024291633662025854
-1311 -1.3158413204378088e-05 0.0024390354117825998
-1309 3.5139488777597006e-05 0.002471585476288097
-1307 1.3393847391912181e-05 0.0024875775981684366
-1305 1.7363372902719862e-05 0.002464889460401266
-1303 -1.6401199471385384e-06 0.0024710649347231737
-1301 -7.420301926962807e-06 0.0024847467687087394
-1299 -3.560456126059282e-05 0.002421519537402543
-1297 2.486613165843327e-05 0.0024363401526004587
-1295 4.5294507430290695e-06 0.002463178984809378
-1293 6.826896754325655e-07 0.0024930694890333903
-1291 -4.606307445302523e-05 0.002497353423745623
-1289 6.260246564289725e-06 0.0024673323066718954
-1287 -1.7345292810575266e-06 0.0024431196570897373
-1285 -1.000549960156519e-05 0.002410273451064314
-1283 4.3897925096375985e-05 0.0024786088877115854
-1281 2.2895356234590556e-05 0.0024814661742819702
-1279 1.2423270510277745e-05 0.0024966649786199143
-1277 8.493503409490595e-06 0.002509165402223994
-1275 7.275223248481731e-05 0.002461770248474522
-1273 2.9746188916019333e-05 0.002559158994307578
-1271 -2.5006051429714563e-05 0.002464314354967331
-1269 -9.283087294988603e-06 0.002466074281192202
-1267 2.341943157086146e-06 0.0024763122161171485
-1265 -3.258808644311223e-05 0.0024704473741729563
-1263 -3.950124962919648e-05 0.0024696129186131555
-1261 3.084126481025819e-05 0.0024995932890937347
-1259 -5.5411481994043583e-05 0.002517733464616483
-1257 -2.311793091293193e-05 0.0025152138199103537
-1255 -1.5390182446509133e-05 0.002539052435311266
-1253 2.2696124709454624e-05 0.002559109625690369
-1251 5.235907549495762e-05 0.0025865033745509553
-1249 -4.193592609641381e-06 0.002580129472966905
-1247 8.307552317658552e-06 0.0025788537847759793
-1245 3.5386805750660166e-05 0.0024930248380153367
-1243 -1.4660199670293781e-05 0.0025803270122032583
-1241 -5.0050483567726616e-05 0.002578763313613809
-1239 -3.587215101063279e-05 0.002579645370159657
-1237 -4.557147226261987e-05 0.002613394733161626
-1235 -2.2816529683270708e-05 0.0026141724808641156
-1233 1.0400833829088633e-05 0.0026212342727098665
-1231 4.187725085856455e-05 0.0025715586732315086
-1229 -3.2443914731929885e-05 0.0025587426112530206
-1227 2.957073631571739e-05 0.0026214142953541087
-1225 4.22930386975004e-05 0.002639667532865111
-1223 -1.5554147967858412e-05 0.0026392550654810863
-1221 -3.5047893630325857e-06 0.0026615491291620192
-1219 -3.882025180008191e-05 0.0026295114050933362
-1217 1.0321150457770125e-05 0.0026094171202205364
-1215 1.2607495558592088e-05 0.002584391008996363
-1213 -6.276138770059898e-06 0.0026146384385124276
-1211 7.106197638958343e-06 0.0026500028325074023
-1209 6.393547788763858e-05 0.002637198082298025
-1207 -2.1427137584434504e-05 0.0027028182830600225
-1205 3.9924701149785346e-05 0.002628321254871696
-1203 -2.198267058726777e-05 0.0027162767232038728
-1201 -2.8342020660033967e-05 0.0026656459059481003
-1199 2.8209144171651577e-05 0.00263414123182052
-1197 -1.9550616371904865e-05 0.0027106348059446465
-1195 1.1323907715684193e-06 0.0026647164529772704
-1193 2.0300260691483122e-05 0.0026478493514168516
-1191 -2.1559756261583804e-06 0.00265147978691358
-1189 5.298118114291824e-05 0.002729761812107942
-1187 4.633475790213948e-05 0.0027086086466593887
-1185 2.235557276260095e-05 0.0026637826140330895
-1183 -3.328403136850445e-05 0.0026947082893620748
-1181 -3.8260177352665475e-05 0.0026762577335695927
-1179 6.574920695308249e-05 0.0027017503601519262
-1177 3.915004867004242e-05 0.002727857331993034
-1175 -2.3159494996776342e-05 0.002675056679299893
-1173 2.6475161504194414e-06 0.0027103424154924414
-1171 5.739215065631005e-06 0.0027608272462396784
-1169 2.9317330511767034e-05 0.0027408661313612836
-1167 5.11912850378278e-05 0.0026543550498710866
-1165 1.2314652954390045e-05 0.0027058322712354057
-1163 -1.2166317157337273e-05 0.0027102735333985814
-1161 -3.0027732233488086e-05 0.0027106490971415312
-1159 7.19659981915366e-05 0.0027487746003523384
-1157 1.627475078635567e-05 0.0027714193390503306
-1155 3.318379920226215e-05 0.0027672114006980276
-1153 3.8045479603171704e-05 0.0027679823368363414
-1151 5.1784859524999736e-05 0.002797834491404347
-1149 -1.7264699751571157e-05 0.0028038218499130863
-1147 2.1225186026198393e-05 0.002773845767546996
-1145 -1.3609855801794046e-05 0.0027887640490349744
-1143 2.844136847911731e-05 0.0028279429384504406
-1141 2.3174855479257212e-05 0.002771238717003445
-1139 1.4770276920274281e-05 0.002812859446121935
-1137 1.30636932410484e-05 0.002792219633457497
-1135 -1.2489722155747956e-06 0.0027902753004944987
-1133 -4.4071570299212875e-05 0.002808153506996748
-1131 1.5230517462911375e-05 0.0028096267703694036
-1129 3.567396933671026e-05 0.0028579041594775914
-1127 6.302435287662502e-06 0.0028103406940042106
-1125 1.693701017344922e-05 0.002797346314721318
-1123 -8.180977238225542e-06 0.0028473416310238787
-1121 2.723323294367334e-05 0.002858751532206931
-1119 4.952091560710314e-05 0.0028165132374705897
-1117 1.720912436767772e-05 0.002788616659252792
-1115 5.966274987537986e-05 0.0028217346884578435
-1113 -3.0023366392131302e-05 0.0028823909950822665
-1111 3.579760485295551e-05 0.0028761812178221655
-1109 1.832644515195382e-05 0.002899385742104825
-1107 -2.334634183322518e-05 0.0028606140044215643
-1105 1.7295601953539175e-05 0.0029175434390427777
-1103 -2.5634252570246448e-06 0.0029153355075316844
-1101 -5.120545905968579e-06 0.002946299870662575
-1099 1.2203350260433645e-05 0.002972860403322362
-1097 -7.783454751423592e-06 0.0029211423271414422
-1095 -1.4420230594136653e-05 0.002947953552838867
-1093 1.171705604874381e-05 0.0028851418194278467
-1091 3.996922090703572e-06 0.002911523452035798
-1089 -3.605253647897275e-05 0.0029317749547940765
-1087 3.2328950971325923e-06 0.002958122910102559
-1085 -2.7429603631217477e-05 0.0029509831587575816
-1083 1.289273341662933e-05 0.00292316442959854
-1081 1.4544994998649626e-05 0.0029552310745714345
-1079 -1.0862228576871623e-05 0.0029494682437825074
-1077 1.5518358901238667e-05 0.0029239224802317487
-1075 2.4581206776008985e-05 0.0029148812608355353
-1073 -3.67710596516584e-05 0.00291917174054845
-1071 7.949809102139774e-06 0.002962434901714641
-1069 1.715020468872449e-05 0.0029858697350470457
-1067 1.7113780032814785e-05 0.0029649455092985327
-1065 1.9516657706389193e-05 0.0029794113389970457
-1063 3.774101755970669e-06 0.003002489328414169
-1061 1.4998543256236082e-05 0.003016452223690317
-1059 2.6704625172291106e-05 0.003022840103878959
-1057 1.832294821740747e-05 0.00305293210580252
-1055 -1.7375340800497064e-05 0.003040687972058277
-1053 -3.763128852473604e-05 0.0030598400933667756
-1051 -4.139276166366221e-05 0.003026538495706489
-1049 -1.3577017140410502e-05 0.00300577706961265
-1047 1.0232205117575553e-05 0.003078918154068474
-1045 -1.812728979102216e-05 0.0031521077147804223
-1043 -2.4219940615112966e-05 0.0030791263274084226
-1041 -4.767425470488728e-05 0.003035230398051487
-1039 -2.6839008071857925e-05 0.00308042745849718
-1037 2.560976009884079e-05 0.0030683302682909296
-1035 -1.6109757166440827e-05 0.003052399748511843
-1033 -4.342418777074643e-05 0.0030525797492355513
-1031 1.872226649111974e-05 0.00305604482188559
-1029 8.853216988366551e-06 0.0030830426304099905
-1027 7.35965686920962e-05 0.003122227709149962
-1025 -4.766366317699117e-05 0.0031587574986317053
-1023 2.780032229107517e-06 0.003095898600855351
-1021 -2.6137781204020557e-06 0.003108920984587135
-1019 -1.5139898319990054e-05 0.003129260273021956
-1017 3.577558855623877e-06 0.003108985712819084
-1015 -3.2296730782652735e-06 0.0031995251890081077
-1013 4.76185787207489e-05 0.0031142725548239324
-1011 3.805802568813616e-06 0.0031161860498828083
-1009 -2.3005397715988348e-05 0.0031771681169762765
-1007 1.6134788812303828e-05 0.0031729128418183806
-1005 -5.2557889933612485e-06 0.0031918517269623964
-1003 -2.3168263909378792e-05 0.0031880488275014014
-1001 5.88102902502903e-06 0.003129332064896409
-999 -6.5346826907477835e-06 0.0031986035703537633
-997 2.4894150194455108e-05 0.0031669640348728468
-995 2.8302369700457416e-05 0.0032221724993053845
-993 -3.917633316093707e-05 0.0032063563848801816
-991 -5.012892239622852e-05 0.0031971914107194474
-989 2.4247730648867692e-05 0.003197816347845715
-987 -4.316439735445437e-05 0.003196193325415836
-985 -3.431297548694783e-05 0.0032211343903370817
-983 -1.072098921509007e-05 0.0032018983936521303
-981 -1.88580048134594e-05 0.0032458027165511924
-979 3.163652262686354e-06 0.0032370300342916885
-977 1.709397608377521e-05 0.0032349542187607317
-975 -2.78775018232463e-06 0.0033000786462375744
-973 2.1361426550439712e-05 0.0032892508665375605
-971 1.5994459578421122e-05 0.0032892019589142885
-969 8.143562197584214e-05 0.0032700509967529662
-967 8.936262908408065e-05 0.003298094994097278
-965 -2.1033445498826597e-05 0.0032444037600559794
-963 -3.831040057994195e-06 0.0033062276158728004
-961 -1.7809297437615223e-05 0.003349347611178675
-959 3.5268989222837062e-06 0.003346196127974038
-957 -2.584365261412256e-05 0.003298706081488453
-955 2.1957256067124465e-05 0.003318702532268275
-953 -1.7567360052130485e-05 0.003316632408035824
-951 3.151814912151611e-05 0.0033743972301683444
-949 4.377397112117388e-05 0.0033619612062583243
-947 1.52818820819355e-05 0.0033975280237998353
-945 1.6845233096622708e-05 0.003353107797536354
-943 -7.108012253354068e-06 0.003407221884612257
-941 -4.749510986496629e-05 0.0033648821048913027
-939 -1.1652563015626841e-05 0.0034196707340264916
-937 2.7427708543212434e-05 0.0034431271329579778
-935 3.753418507763735e-05 0.0034452871284839787
-933 -1.3267470843229633e-05 0.0033798490515448473
-931 -1.0586855002752697e-05 0.003420900494807636
-929 -5.108421577190413e-06 0.003447909072855047
-927 -1.3353853019521378e-05 0.003440696963741757
-925 3.497801667106117e-06 0.0034595778717364497
-923 1.4010540063556181e-06 0.0034678344291511763
-921 2.6836627547076473e-05 0.0034530713970912304
-919 -3.0463269381550665e-05 0.0034891222727466637
-917 4.359648821080553e-05 0.003460671195746394
-915 4.705205013737945e-05 0.003511814408249353
-913 8.972052293344132e-06 0.003478738291254925
-911 6.859369784110203e-06 0.003505729208728671
-909 1.6487028159965428e-05 0.0035117925635564607
-907 -1.2648339634500372e-05 0.003501793815872531
-905 -2.098584037162623e-05 0.0035541133398921403
-903 -4.001723239786135e-05 0.0035023685525722675
-901 9.007895684126569e-07 0.0035323132834354605
-899 2.0776008723429896e-05 0.0035575693917662067
-897 -4.985042203513791e-05 0.003557775856340889
-895 4.327303086427865e-05 0.003573370650157746
-893 2.1876135250228055e-05 0.0035737501726195754
-891 -2.1589951800342446e-06 0.0035877660668902816
-889 1.672748684583935e-05 0.003609550415957459
-887 1.1712725084285601e-05 0.0036253119688390662
-885 2.0148714783335837e-05 0.003595970635080263
-883 1.970097917173457e-06 0.0036297178689626425
-881 -1.7335627293274707e-05 0.003647276802200232
-879 -3.773385594281829e-05 0.003650115233879902
-877 -2.6530979789276986e-05 0.0036716937644363998
-875 -3.8469828946946364e-05 0.003741333544805183
-873 -2.3780469378849955e-05 0.0036771089158047065
-871 -4.893721514709183e-05 0.0036712598131001736
-869 1.7859033014609733e-05 0.0037457600573117373
-867 -1.2252394260856739e-05 0.003719337994751479
-865 3.9421381628678705e-05 0.003713163271985611
-863 -9.666919926882263e-06 0.0036607831045603607
-861 1.9969844227565508e-05 0.003673210370814302
-859 3.6606559313257745e-05 0.0037376148053642755
-857 4.046831086187546e-05 0.0037308359318456966
-855 -3.999103260689466e-05 0.0036850050331484006
-853 -8.21937306014322e-06 0.0037131443724979195
-851 1.3165269525546037e-06 0.003723276253331658
-849 1.2216074742479905e-05 0.003770653510643913
-847 -2.0618265083469774e-05 0.0037345307731927496
-845 -3.8908827356841594e-05 0.0037291767384469805
-843 -3.01267561717259e-05 0.003777897474674259
-841 -1.162434357815047e-05 0.0037593524574900134
-839 -4.995776619732845e-05 0.0037850896338354327
-837 -3.660007795850731e-05 0.0038434277390705196
-835 -3.633304056823014e-05 0.003865046765947982
-833 6.389303237205559e-06 0.003826280137042754
-831 2.7881767793629063e-05 0.0038113246907882053
-829 3.987827710050001e-06 0.003832223505443582
-827 4.7929147200190264e-05 0.0038562298114045834
-825 -9.946364825676296e-07 0.003821375632968892
-823 1.21161789611615e-05 0.0038948915583568214
-821 -2.3473635742364314e-05 0.003841749870596534
-819 8.803062669424868e-06 0.003854349019235857
-817 -3.952852053153396e-06 0.0038578571675921976
-815 -1.989669657318578e-05 0.003896537085383322
-813 -7.964913648510564e-06 0.003909723571724532
-811 2.098206482182934e-05 0.003951135862008377
-809 1.3684544399933819e-05 0.003932670916921015
-807 2.8328483038297035e-05 0.003904322281858886
-805 -1.7873805719319297e-05 0.0038954581997582656
-803 -9.065914541282794e-06 0.003965951322302379
-801 -7.618927370259846e-06 0.004005765268149759
-799 1.4243919442279757e-05 0.003966569860079917
-797 2.09288912661034e-05 0.004016636739066422
-795 -1.2954192461150048e-05 0.0040574313894701135
-793 -3.18092258853315e-05 0.004044798791152467
-791 -6.639355159823604e-06 0.004056688079816426
-789 5.759953518090454e-06 0.004034019342743556
-787 -3.687901189145527e-05 0.003992815941994248
-785 -2.214243592549158e-05 0.004058381337127258
-783 -5.2089336521008185e-05 0.004082314655666653
-781 -1.1488249822647398e-05 0.004119091684831356
-779 5.984537992341042e-06 0.004078830966028572
-777 -4.082875435117461e-05 0.004062902208628196
-775 -1.2983252303049954e-05 0.0041279535748172174
-773 -1.49749634244284e-05 0.004188442984539237
-771 -4.329578335585431e-05 0.004136168971984326
-769 1.5252702395654878e-05 0.004203449675322426
-767 -5.653491346339105e-05 0.004127768200035413
-765 1.8046852485440667e-05 0.00418438862639044
-763 -1.537185616637621e-05 0.004177243585569897
-761 1.4476596724370354e-05 0.004174178301846079
-759 -1.8410334931457828e-05 0.004187737753503286
-757 1.563648678253406e-05 0.004238954132901516
-755 9.102464871196925e-06 0.004266996710055547
-753 -1.7574811866675763e-05 0.00420784116070893
-751 3.955666580116964e-05 0.00422808826264736
-749 1.111712438670055e-06 0.00424017000138762
-747 4.039003395337817e-06 0.004245045504859395
-745 5.474190029928729e-06 0.004312355676352931
-743 9.654685685705992e-06 0.004306203087159301
-741 3.1147005002628823e-06 0.004295609809313956
-739 1.6108065001683326e-05 0.004327604584546702
-737 2.6070541216886086e-05 0.004326602701625332
-735 -3.8058165186739565e-05 0.004323742794227783
-733 1.3648989648458498e-05 0.004351765174089146
-731 -4.8659202571326476e-05 0.00433827251055471
-729 -5.1935051483696216e-05 0.004359195976303991
-727 2.11070826891264e-05 0.0043814712158937565
-725 -3.5440348130282386e-05 0.0043590805372968645
-723 -6.247682060837581e-06 0.004394997531419685
-721 4.893845529007031e-06 0.004439377445197851
-719 -1.2962722199419827e-05 0.004462130214674054
-717 2.6129069582599414e-05 0.004476342808841737
-715 9.202642801314626e-06 0.004455157701410941
-713 -4.408946270292252e-05 0.004436820090262411
-711 2.661457590349981e-05 0.004462016633025704
-709 -1.7773856185638216e-05 0.004507031436859361
-707 -5.383534651662409e-05 0.004536650586096144
-705 -9.53062795348294e-06 0.004536718304432265
-703 2.0027335484415147e-05 0.004525027565737951
-701 1.0689732690102194e-05 0.00452658683571863
-699 -6.256113062818946e-05 0.004519114804914545
-697 -1.8754136389808414e-05 0.004568026416805515
-695 1.2617700344626955e-05 0.004584977034126728
-693 -2.934627883509627e-05 0.0045657972677400505
-691 2.736448181611878e-05 0.00462513291434453
-689 -3.556846882432077e-05 0.004621761037902931
-687 4.2787343833097025e-06 0.004635464392519239
-685 -2.1422913069732746e-05 0.0046564485840217005
-683 -5.1297608277477846e-05 0.004690896264272099
-681 -1.1660049819508277e-05 0.0047117275993194
-679 -2.0936964808246144e-05 0.004736939588162867
-677 -3.5551446751534704e-05 0.004694514068854484
-675 -1.5226314897380357e-05 0.004670165846948955
-673 -3.110103448988966e-05 0.004719739116172102
-671 -2.201955296745607e-05 0.0047750169749948244
-669 -1.682072768666769e-05 0.004746687927976117
-667 -6.038025221106154e-05 0.004766112144361633
-665 -4.501833305265117e-05 0.004805595030240628
-663 4.865180997005669e-06 0.004811712916718726
-661 2.0511477787224624e-07 0.004787339965686758
-659 2.2958210357903168e-05 0.004866824782875389
-657 4.953127079534384e-05 0.004882398463360707
-655 6.173805536310956e-05 0.0048926767039242265
-653 4.393935077832631e-05 0.004887312382616317
-651 3.914635582989158e-05 0.004918883500467318
-649 1.8104093285818707e-05 0.004976810163165565
-647 -1.8612067907995136e-05 0.004898785089363247
-645 1.775219580443543e-05 0.004952005442576233
-643 -4.308207124129369e-05 0.004948967068663746
-641 6.563967209228144e-06 0.004960091174744909
-639 -4.683614403337436e-05 0.004964110961044874
-637 3.8038811736878395e-05 0.00497619472056627
-635 -1.6249214478392606e-05 0.005044416288857109
-633 -2.408953314567828e-05 0.005057403465373936
-631 3.6202309698892274e-05 0.005059425329056324
-629 -7.500708631052855e-06 0.005082962831310459
-627 -4.969031791627629e-05 0.0050869970489018585
-625 9.645740339872162e-06 0.00510130267064448
-623 -2.292625787519082e-05 0.005146293544359453
-621 1.3637870931932455e-05 0.005111471768142396
-619 -7.201089975514484e-06 0.005158115601647763
-617 7.761304328036522e-06 0.005143035260748951
-615 -8.683304762855643e-05 0.0051179095231943085
-613 -1.329341296609087e-05 0.005197334865703079
-611 -4.4432730856433076e-05 0.005227768681479852
-609 -4.206962069778786e-05 0.005216081636957542
-607 -4.440899082731202e-05 0.00522747245515957
-605 -4.6230707613507566e-05 0.005270701515337261
-603 -1.9943602723132924e-05 0.005313131518639412
-601 8.97267480175604e-07 0.005355116430022324
-599 1.628154666329129e-05 0.005304005145599906
-597 1.589920618965144e-05 0.0052977230005401554
-595 1.12885825929656e-05 0.005411998689013427
-593 4.283602061094643e-05 0.0053387001564024214
-591 -1.7110330807824958e-06 0.005344015597613963
-589 -4.643911871406454e-06 0.005410840026929167
-587 -3.6890732041967884e-06 0.00540244361353114
-585 -6.256324854712228e-06 0.0054597161533670524
-583 2.8508735631121257e-05 0.005430417271082319
-581 -4.37717474684121e-05 0.005460046464742642
-579 -2.3240085284834853e-05 0.005517189928785507
-577 -4.1361558032580254e-05 0.005512898989262713
-575 -4.884236905514989e-05 0.005536210128799661
-573 -1.0799264378880905e-05 0.0055385268614446224
-571 3.674764470075205e-05 0.005552858968932977
-569 3.3366201099204575e-06 0.00556038018252382
-567 -7.332695115212837e-06 0.00557271353613622
-565 2.6859503479155866e-05 0.005604913339505718
-563 5.8716727724052715e-05 0.005641044241155147
-561 1.7687526340967042e-05 0.005715401736185587
-559 5.21743624197145e-05 0.005703099940405878
-557 1.400032013046399e-06 0.005737325583390946
-555 1.819757722957012e-05 0.005700360530405389
-553 -3.124223843999898e-05 0.0057560728710427085
-551 -3.42258742267715e-05 0.005740869159264945
-549 -2.4699185079991394e-05 0.005822892356884121
-547 1.7092971716515668e-05 0.005823319533610018
-545 -1.0320454444336247e-05 0.005847811171490335
-543 -3.1956041159178256e-05 0.00582154887265879
-541 -6.264106778709592e-06 0.005847851060999609
-539 2.751512402824382e-05 0.005946665748900813
-537 2.0661224782090108e-05 0.0059147436978628275
-535 2.3047634626667113e-05 0.005986364238963597
-533 -1.3080954669715658e-05 0.00599004617278247
-531 4.88441850834211e-06 0.005978084489170527
-529 2.8504760127704063e-05 0.006020237875091002
-527 1.5287393188802966e-05 0.0060548838264467145
-525 -7.144832075227748e-06 0.006012205429830815
-523 8.467850228931376e-06 0.006081974747913898
-521 3.113423768769151e-05 0.006064003932395016
-519 4.491397236848144e-05 0.006097172247819293
-517 -6.16037244007957e-05 0.006201186940260422
-515 -1.4668224541635232e-05 0.006214933480623048
-513 -5.6532915736477214e-05 0.0062272898562490825
-511 -4.599671728476645e-05 0.006208766567161831
-509 -1.07345758197945e-05 0.006249531968714658
-507 2.3479314499890686e-05 0.006259859727057685
-505 4.04204643077805e-06 0.006351426633649544
-503 3.258538689592555e-05 0.006323917574891612
-501 -3.0611901687604276e-06 0.006414828610695974
-499 1.3524134015083229e-06 0.006437102707756472
-497 -4.3845271926895577e-05 0.006420135559277729
-495 -1.2560839900649789e-05 0.006349074266734069
-493 2.965439886942074e-06 0.006444638104018156
-491 1.3150903038649522e-05 0.006488861650058287
-489 1.3173330213705993e-07 0.006459432920668326
-487 3.214567038848908e-05 0.006563009560920201
-485 -4.622875015324601e-05 0.00659452059584727
-483 1.2844737535909903e-05 0.006529219158184791
-481 5.740359301236329e-06 0.006592663193141141
-479 8.460511188515332e-06 0.0066922506049953215
-477 1.332479884087173e-05 0.006688464817890717
-475 2.892666568385774e-05 0.006728017309711262
-473 -4.507510712502146e-05 0.006742930478537863
-471 4.400206127081298e-05 0.006769877640816441
-469 1.361726233057919e-06 0.006801485287748924
-467 2.3219467189575284e-05 0.006878475581205222
-465 3.612818641755356e-05 0.006829107582015726
-463 -4.864403191723272e-05 0.00686133654289627
-461 1.592738437813769e-05 0.006901362851328066
-459 3.351813034382078e-05 0.0069567379781622415
-457 4.3629548174327754e-05 0.006980950382076385
-455 -4.606845638696214e-06 0.006950183331978599
-453 -3.2984673895552474e-05 0.007057537493357264
-451 5.595687374927735e-05 0.00705834762904897
-449 -7.4981175208314334e-06 0.007130393756229234
-447 -6.533643609313983e-06 0.007129353240712944
-445 -1.5383392095730055e-05 0.007137922293279458
-443 -8.416761602699361e-05 0.007202124405683534
-441 -1.2201210716198868e-05 0.007231531048629233
-439 -5.739628575456167e-05 0.007238726686216745
-437 1.4815993903960757e-05 0.007302376376964739
-435 -1.4465649169029988e-05 0.007372257617421625
-433 -4.456733930849012e-05 0.007389088950023095
-431 1.5298717136805528e-05 0.007375962917052312
-429 2.7815394661566127e-05 0.007419714376269607
-427 1.5389385382432734e-05 0.007435117930255062
-425 -3.2669751782927565e-05 0.007481813371245641
-423 -7.321997247954849e-07 0.0075742235821939456
-421 -3.0735814296444655e-05 0.007613448186892927
-419 -5.4509165693319534e-05 0.007646029848189421
-417 -4.833419299085939e-05 0.00768274011803799
-415 -1.2096128701452687e-05 0.007674809521114231
-413 3.6637837068292795e-06 0.007739095155527023
-411 -1.1189681883392792e-05 0.007774664093401428
-409 -4.2880908622854687e-05 0.007789937189775606
-407 -5.593589228294857e-05 0.00783018403104024
-405 -4.748311696992263e-05 0.007856347870859736
-403 1.1315609304976745e-05 0.00785898280129431
-401 1.3622720969548488e-05 0.007933797718725969
-399 -3.7250729338060138e-06 0.007979982165690867
-397 3.238810458212458e-05 0.007968207927500222
-395 3.143738822994358e-05 0.008038923946043094
-393 2.432999035806528e-06 0.008061346926324181
-391 -1.970268359659969e-05 0.008118256468240081
-389 -3.5036744605002214e-06 0.008162412402512543
-387 4.201706359671651e-05 0.008157522475553819
-385 4.0496131705899686e-05 0.00824422126216886
-383 7.372308892282984e-06 0.008329138352614915
-381 -5.3841383680515624e-05 0.00839908063176664
-379 -1.128387243240276e-05 0.008439990739600127
-377 4.533827987550919e-05 0.008479361935351143
-375 -1.4310585332724649e-05 0.008458318954053155
-373 -2.6114487265867833e-05 0.008540091126261003
-371 3.817681019173045e-05 0.008572689835888691
-369 1.889865429732969e-05 0.008619231309016479
-367 1.0261946621092042e-05 0.008675543486820909
-365 5.584512525767116e-06 0.008744851131810134
-363 2.2778116793627332e-05 0.008700121390220713
-361 2.503956544112896e-05 0.008762318994157046
-359 -4.022248292057576e-05 0.008864803925417152
-357 -4.1573125256908215e-05 0.008935755045481905
-355 -5.317244643739816e-05 0.009034863787362998
-353 2.0377940078823144e-05 0.008995737695162393
-351 -2.7552889046505787e-05 0.009128215764214603
-349 4.079099577282842e-05 0.00913945154309941
-347 1.4725577293135593e-05 0.009201099661035723
-345 -7.0439400623516824e-06 0.009217765737648006
-343 -8.504073513200612e-07 0.00926017462686174
-341 2.6032212025170306e-05 0.009313164086594354
-339 3.697909769839683e-05 0.009320858919796646
-337 -3.730139493941936e-05 0.009461224299911648
-335 -1.623825931816542e-06 0.00950546245767696
-333 -5.041289802291221e-05 0.009560848509206372
-331 -5.978932641802233e-05 0.009592644180534125
-329 -3.415092420151788e-05 0.009731154494644173
-327 -2.800237989034587e-05 0.009749695984398902
-325 -6.887410225427408e-05 0.009789812068131464
-323 -2.0706736114282466e-05 0.009911751262108772
-321 9.140846365802555e-06 0.009937080959625514
-319 2.685530144783331e-05 0.00994882720146967
-317 3.0363399170284893e-05 0.010081323956788766
-315 -1.3419887351619029e-05 0.010139918688134493
-313 3.968234824368445e-05 0.010237406084270685
-311 -2.0846144316684163e-05 0.010217386897177525
-309 -1.1248042349385247e-05 0.010274960711972498
-307 -4.7057078066458476e-05 0.010411392005885348
-305 -5.621563226548918e-05 0.010463081370967343
-303 -6.676639427438987e-05 0.010508936242090164
-301 -3.779194128770817e-06 0.010598848555821374
-299 5.192727235591515e-05 0.010639383636005207
-297 1.620534667501905e-05 0.010692850115997252
-295 3.98258037596557e-06 0.010847958859921302
-293 1.0813440335210609e-06 0.010872340318306362
-291 1.5276693010931587e-05 0.010961151883070902
-289 2.4508370993224487e-05 0.01105998952401448
-287 2.6425452262943413e-05 0.011131737648268572
-285 3.745664169374368e-05 0.011194834943360453
-283 -5.268019810815873e-06 0.011268473760032175
-281 -1.8013922828541226e-05 0.011318789674373008
-279 -9.081700558714579e-06 0.011401820496237409
-277 3.385045114346028e-06 0.011503279136054987
-275 2.626487034315155e-05 0.0115838444646793
-273 -6.076955711537989e-06 0.011669675291304677
-271 -6.4847234762094416e-06 0.011734824298137915
-269 1.997875522332799e-06 0.011803408026034039
-267 -3.696767234137838e-05 0.011916454246177604
-265 -5.90821807113496e-06 0.012010278412597122
-263 2.948981648127721e-05 0.012076159635837042
-261 1.128541240636896e-05 0.012163017402940906
-259 2.1007364038604363e-05 0.0122617038888125
-257 -2.6764604023914825e-05 0.012335876522194178
-255 9.573466829518314e-06 0.012470112438510426
-253 3.6774749196088506e-05 0.012536512767682088
-251 3.276975238265056e-05 0.01265536527769485
-249 -3.1546064169074845e-05 0.012786692870470379
-247 -3.364492217637968e-05 0.012859652504866894
-245 -6.372707517800086e-05 0.012964702051080993
-243 -3.2081156682923194e-05 0.013113595126110938
-241 -1.6304036988570354e-05 0.013227982646285968
-239 -3.23699613325929e-05 0.013320052621467824
-237 2.764394059178109e-05 0.01341599795490809
-235 -4.236254766777483e-05 0.013523840987270823
-233 -2.5174478871971682e-05 0.013606347425370782
-231 2.407980544049875e-05 0.013818643733483519
-229 -4.571809822971344e-05 0.013926768213288284
-227 -1.8007209293434328e-05 0.01401181914135502
-225 1.9942068133610075e-05 0.01416360884400262
-223 -8.904813366395894e-06 0.014260192339748205
-221 2.0134026822994578e-05 0.01441503158868372
-219 -5.4504392599675465e-05 0.014489726092235589
-217 -2.858970029370924e-06 0.014669207406985588
-215 -3.892713387078935e-05 0.014784557047368018
-213 -2.0804870030982855e-05 0.014958574166003828
-211 2.312375390896315e-06 0.015088034320860822
-209 -4.673036429104402e-05 0.015231062425879233
-207 4.0753938612939644e-05 0.015381393113039894
-205 3.288109624813136e-05 0.01556222858055557
-203 2.809382989355091e-05 0.015629716913251667
-201 1.0195804868150945e-05 0.01579615908181618
-199 -3.1080947076281905e-06 0.015992660421475964
-197 -3.3915187945473003e-05 0.016149946160310114
-195 2.677156491393818e-05 0.016291431450234307
-193 2.1111524575357424e-06 0.01655426583497173
-191 -2.847377467773755e-05 0.016620126843278724
-189 -3.3821458194407905e-06 0.016796998896158922
-187 3.042261717614549e-05 0.017041016914230423
-185 -2.1735969369087212e-06 0.01719700543112361
-183 -3.608857904930683e-05 0.017366104222310885
-181 5.8680867717534084e-05 0.017573657950289454
-179 -1.3559359674077902e-05 0.01772598836228078
-177 3.818132743683989e-05 0.018004135585815376
-175 -1.2137235411501425e-05 0.018183004725778808
-173 7.830362259845134e-05 0.01841025131858205
-171 5.3201798848430935e-05 0.0185997518302944
-169 -2.4840731912391743e-05 0.018740790109347504
-167 6.730936950400368e-06 0.019026469823298416
-165 2.680397019871838e-05 0.019275944820914503
-163 -8.665343928100713e-06 0.01953217808472725
-161 7.0869692403455635e-06 0.019723509339471458
-159 -3.468074561320937e-05 0.02002705603150293
-157 -2.628733132313173e-05 0.020244226494638584
-155 2.9225220558374474e-05 0.020547000160995903
-153 -3.16010287758928e-05 0.02075983600380166
-151 -3.958357176081665e-05 0.02104159095372968
-149 3.403731184332329e-05 0.021346477653039955
-147 6.057618241770705e-05 0.021640020373194922
-145 4.964389280267044e-06 0.0219500155624529
-143 2.7321867645397692e-05 0.022225267403378154
-141 1.6463079918503823e-05 0.022548357415045697
-139 8.795990936524627e-06 0.02287221077762267
-137 -2.2892604594745166e-05 0.023228771683709484
-135 -2.0316995301378485e-05 0.02359619033708384
-133 -1.8414743420122104e-05 0.02388494063900845
-131 -2.905529090747318e-06 0.02429733126325167
-129 1.2829645848402326e-05 0.024697911352219312
-127 -6.270363959880835e-07 0.025085195875904062
-125 -5.310082885920088e-05 0.02545366916785939
-123 -4.571864013916664e-06 0.025882421601107788
-121 -4.440524565876985e-06 0.026270638847886166
-119 3.094610210128625e-05 0.026655479816331106
-117 -5.981752294395951e-06 0.02721917995668911
-115 2.5345248247356433e-06 0.027697974875259896
-113 -1.860914466076848e-05 0.028227140156040123
-111 9.959373702929618e-06 0.028652995577868896
-109 -7.109532455668448e-06 0.029144641046376398
-107 -4.977116270591197e-05 0.029738421353592018
-105 -4.3198609100416164e-05 0.030316645271897726
-103 9.778957542214295e-06 0.030897826226215033
-101 2.7509398482604305e-05 0.03151832418477401
-99 2.8387384209420095e-06 0.03211684197435171
-97 1.608363453183118e-05 0.0327615191728376
-95 -2.2739037357703625e-05 0.03346209414035215
-93 4.813960383512203e-05 0.034210635478116154
-91 9.688771490335083e-06 0.034977576448383035
-89 -2.2961526659427514e-05 0.03576541134409039
-87 4.436964659335324e-05 0.036567437447198994
-85 3.948987659777874e-05 0.03742012231584263
-83 -2.953542748958462e-05 0.03833322107306507
-81 2.3918310680985133e-05 0.03928419216771225
-79 4.449566311886248e-07 0.04022730145802503
-77 -3.460802882132398e-06 0.041292147200945886
-75 -3.4524205013857016e-05 0.042333108149301954
-73 5.108258115810964e-06 0.04358425464224711
-71 3.5248992369830373e-06 0.044788903639011064
-69 -2.1630972621696573e-05 0.04604371769597082
-67 -4.422471494272221e-05 0.04741158148528876
-65 -2.223098367131655e-05 0.048892331593530826
-63 -3.061482732926791e-06 0.050493878667490735
-61 1.5660423358458678e-05 0.052096990751438275
-59 -2.719992148568538e-06 0.053827902398977036
-57 2.5797672431483342e-05 0.05571245401573407
-55 9.363841480998798e-06 0.057728077875350246
-53 -1.7221309710655227e-05 0.0599248040848421
-51 7.2521797498140596e-06 0.06231648942737126
-49 -8.444416280011517e-06 0.06483903904783368
-47 -1.418290642493874e-05 0.06756071343722882
-45 4.5757738801005503e-05 0.07055112635145491
-43 -1.581772429531896e-05 0.07381580501810743
-41 1.1757126500972352e-05 0.0773966685625586
-39 -3.3503666189792107e-06 0.08133464471240894
-37 -1.4389616447208379e-05 0.08571349466091137
-35 -9.842154846239724e-07 0.09054151676129905
-33 1.322804832164664e-06 0.09597301274730893
-31 -2.967479634013254e-06 0.10214975981778665
-29 5.530707665670391e-05 0.10911721728033019
-27 1.1494130429450344e-05 0.11707898665322608
-25 8.29609742095682e-06 0.1263215623707558
-23 1.8187831180336988e-05 0.13709305383495146
-21 3.5749288044307386e-05 0.14986394140820142
-19 6.8431790857024565e-06 0.16524971674084626
-17 5.251924701580072e-06 0.18411628170907604
-15 -3.348284779239003e-05 0.2076915408192731
-13 -4.739214415825969e-06 0.23807751636088906
-11 2.331520899684264e-05 0.2785563241547533
-9 5.370352465716445e-05 0.33483851045178614
-7 3.3022391993339477e-06 0.41789875966393397
-5 -4.286473620763525e-06 0.5507909458652863
-3 -8.850978967516174e-07 0.7909335361225538
-1 5.1371096395661676e-05 1.326522511004212
1 5.13710963959436e-05 -1.326522511004212
3 -8.850978967255597e-07 -0.7909335361225538
5 -4.286473620750174e-06 -0.5507909458652863
7 3.3022391993396567e-06 -0.41789875966393397
9 5.3703524657167575e-05 -0.33483851045178614
11 2.331520899684024e-05 -0.2785563241547533
13 -4.739214415815889e-06 -0.23807751636088906
15 -3.3482847792423926e-05 -0.2076915408192731
17 5.251924701615607e-06 -0.18411628170907604
19 6.843179085697397e-06 -0.16524971674084626
21 3.57492880442998e-05 -0.1498639414082014
23 1.8187831180353925e-05 -0.13709305383495146
25 8.296097420937352e-06 -0.1263215623707558
27 1.1494130429453064e-05 -0.11707898665322607
29 5.530707665670298e-05 -0.10911721728033019
31 -2.9674796340131337e-06 -0.10214975981778665
33 1.3228048321678963e-06 -0.09597301274730893
35 -9.842154846258613e-07 -0.09054151676129904
37 -1.4389616447207093e-05 -0.08571349466091137
39 -3.3503666189898054e-06 -0.08133464471240892
41 1.1757126500990983e-05 -0.07739666856255857
43 -1.5817724295309463e-05 -0.07381580501810743
45 4.575773880100694e-05 -0.07055112635145491
47 -1.4182906424934792e-05 -0.0675607134372288
49 -8.444416280004888e-06 -0.06483903904783368
51 7.252179749819229e-06 -0.06231648942737126
53 -1.7221309710653618e-05 -0.059924804084842104
55 9.363841480987655e-06 -0.05772807787535024
57 2.579767243149461e-05 -0.055712454015734075
59 -2.719992148572021e-06 -0.05382790239897704
61 1.56604233584571e-05 -0.052096990751438275
63 -3.061482732913652e-06 -0.05049387866749073
65 -2.223098367132534e-05 -0.048892331593530826
67 -4.422471494271603e-05 -0.04741158148528876
69 -2.1630972621695587e-05 -0.04604371769597082
71 3.524899236984536e-06 -0.044788903639011064
73 5.108258115809329e-06 -0.04358425464224711
75 -3.452420501385904e-05 -0.042333108149301954
77 -3.4608028821296977e-06 -0.041292147200945865
79 4.449566312142306e-07 -0.04022730145802492
81 2.3918310680994356e-05 -0.03928419216771236
83 -2.953542748958496e-05 -0.03833322107306508
85 3.948987659778045e-05 -0.03742012231584263
87 4.436964659335645e-05 -0.03656743744719899
89 -2.2961526659424533e-05 -0.0357654113440904
91 9.688771490335818e-06 -0.034977576448383035
93 4.8139603835120964e-05 -0.034210635478116154
95 -2.2739037357705417e-05 -0.03346209414035216
97 1.608363453183916e-05 -0.03276151917283761
99 2.838738420938113e-06 -0.03211684197435171
101 2.7509398482600524e-05 -0.03151832418477401
103 9.778957542221675e-06 -0.030897826226215033
105 -4.3198609100414734e-05 -0.03031664527189773
107 -4.977116270591258e-05 -0.029738421353592025
109 -7.109532455666682e-06 -0.029144641046376398
111 9.959373702930613e-06 -0.028652995577868892
113 -1.8609144660768432e-05 -0.028227140156040123
115 2.534524824735384e-06 -0.0276979748752599
117 -5.9817522943878174e-06 -0.027219179956689123
119 3.094610210127329e-05 -0.026655479816331124
121 -4.440524565859073e-06 -0.026270638847886153
123 -4.571864013913298e-06 -0.02588242160110779
125 -5.310082885920273e-05 -0.025453669167859384
127 -6.270363959831877e-07 -0.025085195875904055
129 1.282964584841192e-05 -0.024697911352219316
131 -2.905529090746978e-06 -0.02429733126325167
133 -1.841474342012135e-05 -0.023884940639008458
135 -2.031699530138384e-05 -0.023596190337083843
137 -2.28926045947392e-05 -0.02322877168370948
139 8.795990936520268e-06 -0.02287221077762268
141 1.6463079918494384e-05 -0.022548357415045694
143 2.7321867645416944e-05 -0.022225267403378143
145 4.964389280284566e-06 -0.021950015562452917
147 6.057618241769701e-05 -0.021640020373194936
149 3.403731184332227e-05 -0.021346477653039948
151 -3.958357176081924e-05 -0.02104159095372968
153 -3.1601028775899304e-05 -0.020759836003801668
155 2.9225220558368544e-05 -0.020547000160995903
157 -2.6287331323121842e-05 -0.020244226494638598
159 -3.468074561324363e-05 -0.020027056031502993
161 7.086969240309178e-06 -0.01972350933947142
163 -8.665343928092651e-06 -0.019532178084727243
165 2.6803970198713466e-05 -0.019275944820914492
167 6.730936950406853e-06 -0.01902646982329842
169 -2.4840731912393627e-05 -0.018740790109347507
171 5.320179884843062e-05 -0.0185997518302944
173 7.830362259844953e-05 -0.01841025131858205
175 -1.213723541151014e-05 -0.0181830047257788
177 3.818132743683463e-05 -0.018004135585815376
179 -1.3559359674072018e-05 -0.017725988362280787
181 5.868086771753535e-05 -0.017573657950289458
183 -3.6088579049304454e-05 -0.017366104222310892
185 -2.1735969369160464e-06 -0.017197005431123614
187 3.042261717614757e-05 -0.017041016914230427
189 -3.3821458194409718e-06 -0.016796998896158922
191 -2.8473774677736015e-05 -0.01662012684327872
193 2.1111524575364607e-06 -0.016554265834971726
195 2.6771564913937675e-05 -0.016291431450234303
197 -3.3915187945465306e-05 -0.016149946160310114
199 -3.108094707619112e-06 -0.015992660421475964
201 1.0195804868136555e-05 -0.015796159081816162
203 2.8093829893557114e-05 -0.015629716913251667
205 3.288109624813048e-05 -0.015562228580555565
207 4.07539386129396e-05 -0.015381393113039887
209 -4.6730364291045485e-05 -0.015231062425879233
211 2.312375390898895e-06 -0.015088034320860824
213 -2.0804870030985156e-05 -0.014958574166003828
215 -3.892713387079313e-05 -0.01478455704736802
217 -2.8589700293662482e-06 -0.01466920740698558
219 -5.450439259967237e-05 -0.014489726092235589
221 2.0134026822998223e-05 -0.014415031588683722
223 -8.904813366395831e-06 -0.0142601923397482
225 1.994206813360754e-05 -0.014163608844002617
227 -1.8007209293427714e-05 -0.014011819141355015
229 -4.571809822971218e-05 -0.013926768213288285
231 2.407980544050134e-05 -0.01381864373348352
233 -2.5174478871970143e-05 -0.013606347425370783
235 -4.236254766777307e-05 -0.013523840987270823
237 2.7643940591790073e-05 -0.01341599795490809
239 -3.236996133261699e-05 -0.013320052621467814
241 -1.6304036988551133e-05 -0.013227982646285968
243 -3.208115668291629e-05 -0.013113595126110928
245 -6.372707517800989e-05 -0.012964702051080997
247 -3.364492217638212e-05 -0.012859652504866894
249 -3.154606416906958e-05 -0.012786692870470377
251 3.276975238265321e-05 -0.01265536527769485
253 3.677474919608661e-05 -0.012536512767682082
255 9.573466829519053e-06 -0.012470112438510423
257 -2.676460402391299e-05 -0.012335876522194183
259 2.100736403860518e-05 -0.012261703888812496
261 1.1285412406368242e-05 -0.0121630174029409
263 2.9489816481277714e-05 -0.01207615963583704
265 -5.908218071137401e-06 -0.012010278412597124
267 -3.696767234138034e-05 -0.01191645424617761
269 1.997875522334356e-06 -0.011803408026034043
271 -6.484723476211188e-06 -0.011734824298137915
273 -6.076955711540283e-06 -0.011669675291304677
275 2.6264870343151066e-05 -0.011583844464679301
277 3.3850451143449336e-06 -0.011503279136054999
279 -9.0817005586958e-06 -0.011401820496237404
281 -1.8013922828572258e-05 -0.011318789674373006
283 -5.268019810825155e-06 -0.011268473760032184
285 3.7456641693751834e-05 -0.011194834943360467
287 2.642545226292896e-05 -0.01113173764826857
289 2.450837099321279e-05 -0.011059989524014475
291 1.5276693010940816e-05 -0.010961151883070891
293 1.0813440335173517e-06 -0.010872340318306356
295 3.982580375973744e-06 -0.010847958859921302
297 1.6205346675027682e-05 -0.010692850115997259
299 5.192727235591788e-05 -0.01063938363600521
301 -3.7791941287705984e-06 -0.010598848555821376
303 -6.676639427438395e-05 -0.010508936242090174
305 -5.621563226549144e-05 -0.010463081370967344
307 -4.7057078066448495e-05 -0.010411392005885345
309 -1.1248042349389157e-05 -0.010274960711972498
311 -2.0846144316684034e-05 -0.010217386897177523
313 3.9682348243682105e-05 -0.010237406084270683
315 -1.3419887351612715e-05 -0.010139918688134488
317 3.0363399170279893e-05 -0.01008132395678876
319 2.685530144778511e-05 -0.009948827201469673
321 9.1408463658342e-06 -0.009937080959625479
323 -2.070673611427123e-05 -0.009911751262108774
325 -6.88741022542716e-05 -0.009789812068131464
327 -2.800237989034371e-05 -0.009749695984398907
329 -3.4150924201527086e-05 -0.009731154494644173
331 -5.978932641802185e-05 -0.009592644180534123
333 -5.041289802290787e-05 -0.00956084850920637
335 -1.6238259318128812e-06 -0.009505462457676967
337 -3.730139493941158e-05 -0.00946122429991165
339 3.6979097698389885e-05 -0.009320858919796646
341 2.6032212025163384e-05 -0.00931316408659435
343 -8.504073513146338e-07 -0.009260174626861734
345 -7.0439400623517434e-06 -0.009217765737648011
347 1.4725577293134398e-05 -0.009201099661035727
349 4.0790995772826447e-05 -0.009139451543099418
351 -2.7552889046506576e-05 -0.009128215764214609
353 2.0377940078823364e-05 -0.008995737695162388
355 -5.3172446437398705e-05 -0.009034863787362995
357 -4.157312525691416e-05 -0.0089357550454819
359 -4.022248292056134e-05 -0.008864803925417126
361 2.5039565441124955e-05 -0.008762318994157055
363 2.2778116793618885e-05 -0.00870012139022072
365 5.584512525768384e-06 -0.008744851131810128
367 1.0261946621095284e-05 -0.008675543486820906
369 1.8898654297335266e-05 -0.00861923130901648
371 3.817681019173324e-05 -0.008572689835888693
373 -2.6114487265871394e-05 -0.008540091126261003
375 -1.431058533272374e-05 -0.008458318954053154
377 4.533827987550727e-05 -0.008479361935351143
379 -1.128387243239665e-05 -0.008439990739600127
381 -5.3841383680511246e-05 -0.008399080631766642
383 7.3723088922765065e-06 -0.008329138352614921
385 4.0496131705891934e-05 -0.008244221262168859
387 4.20170635967218e-05 -0.008157522475553819
389 -3.503674460498019e-06 -0.008162412402512545
391 -1.970268359659871e-05 -0.00811825646824008
393 2.432999035805038e-06 -0.008061346926324185
395 3.143738822993785e-05 -0.008038923946043096
397 3.238810458212112e-05 -0.007968207927500208
399 -3.725072933783581e-06 -0.007979982165690857
401 1.3622720969562647e-05 -0.007933797718725996
403 1.1315609304970576e-05 -0.007858982801294316
405 -4.748311696993041e-05 -0.007856347870859731
407 -5.5935892282943617e-05 -0.007830184031040244
409 -4.288090862285277e-05 -0.0077899371897756095
411 -1.1189681883389358e-05 -0.007774664093401428
413 3.663783706821348e-06 -0.007739095155527021
415 -1.2096128701447404e-05 -0.007674809521114231
417 -4.83341929908553e-05 -0.0076827401180379834
419 -5.4509165693327856e-05 -0.007646029848189435
421 -3.073581429644114e-05 -0.007613448186892931
423 -7.321997247937213e-07 -0.007574223582193948
425 -3.266975178292672e-05 -0.007481813371245645
427 1.5389385382430125e-05 -0.007435117930255062
429 2.7815394661570562e-05 -0.007419714376269611
431 1.5298717136801594e-05 -0.007375962917052316
433 -4.45673393084922e-05 -0.007389088950023087
435 -1.4465649169026468e-05 -0.00737225761742162
437 1.4815993903957335e-05 -0.007302376376964738
439 -5.73962857545695e-05 -0.007238726686216731
441 -1.2201210716193538e-05 -0.007231531048629246
443 -8.416761602699559e-05 -0.007202124405683536
445 -1.5383392095731583e-05 -0.007137922293279457
447 -6.533643609315619e-06 -0.007129353240712944
449 -7.4981175208341185e-06 -0.007130393756229239
451 5.5956873749275505e-05 -0.007058347629048978
453 -3.2984673895551715e-05 -0.0070575374933572604
455 -4.6068456387012605e-06 -0.006950183331978601
457 4.362954817432518e-05 -0.0069809503820763815
459 3.3518130343824255e-05 -0.0069567379781622345
461 1.5927384378135764e-05 -0.006901362851328062
463 -4.864403191723936e-05 -0.00686133654289627
465 3.612818641755101e-05 -0.006829107582015722
467 2.3219467189570138e-05 -0.006878475581205216
469 1.361726233059708e-06 -0.006801485287748924
471 4.400206127081433e-05 -0.00676987764081644
473 -4.507510712501813e-05 -0.006742930478537862
475 2.8926665683852754e-05 -0.006728017309711266
477 1.3324798840884792e-05 -0.006688464817890729
479 8.460511188537847e-06 -0.006692250604995343
481 5.740359301213977e-06 -0.0065926631931411414
483 1.2844737535920704e-05 -0.006529219158184792
485 -4.622875015324446e-05 -0.006594520595847271
487 3.2145670388489355e-05 -0.006563009560920196
489 1.317333021318744e-07 -0.006459432920668324
491 1.3150903038652185e-05 -0.006488861650058285
493 2.965439886945356e-06 -0.006444638104018154
495 -1.2560839900643069e-05 -0.006349074266734072
497 -4.384527192688475e-05 -0.0064201355592777305
499 1.3524134015070167e-06 -0.006437102707756474
501 -3.061190168764311e-06 -0.006414828610695972
503 3.258538689592905e-05 -0.006323917574891608
505 4.042046430773815e-06 -0.006351426633649549
507 2.3479314499895246e-05 -0.006259859727057684
509 -1.0734575819796466e-05 -0.006249531968714659
511 -4.599671728476863e-05 -0.00620876656716183
513 -5.6532915736476564e-05 -0.006227289856249081
515 -1.4668224541631949e-05 -0.006214933480623049
517 -6.160372440079767e-05 -0.006201186940260421
519 4.491397236847317e-05 -0.006097172247819287
521 3.113423768770267e-05 -0.006064003932395019
523 8.467850228934815e-06 -0.006081974747913901
525 -7.144832075230225e-06 -0.006012205429830816
527 1.528739318880188e-05 -0.006054883826446719
529 2.8504760127703907e-05 -0.006020237875091003
531 4.884418508344224e-06 -0.00597808448917053
533 -1.308095466972154e-05 -0.0059900461727824695
535 2.3047634626669085e-05 -0.0059863642389636
537 2.0661224782092405e-05 -0.005914743697862829
539 2.7515124028244614e-05 -0.005946665748900814
541 -6.264106778712264e-06 -0.005847851060999612
543 -3.195604115917595e-05 -0.005821548872658786
545 -1.0320454444337876e-05 -0.005847811171490338
547 1.7092971716515976e-05 -0.005823319533610014
549 -2.469918507999472e-05 -0.005822892356884121
551 -3.422587422677038e-05 -0.005740869159264949
553 -3.124223843999663e-05 -0.005756072871042708
555 1.819757722956785e-05 -0.005700360530405384
557 1.4000320130441e-06 -0.00573732558339095
559 5.2174362419716923e-05 -0.005703099940405884
561 1.7687526340955204e-05 -0.005715401736185592
563 5.871672772405241e-05 -0.005641044241155148
565 2.685950347914668e-05 -0.005604913339505716
567 -7.332695115210938e-06 -0.005572713536136223
569 3.3366201099175895e-06 -0.005560380182523817
571 3.674764470076064e-05 -0.005552858968932978
573 -1.0799264378886834e-05 -0.005538526861444623
575 -4.884236905514582e-05 -0.005536210128799653
577 -4.13615580325726e-05 -0.0055128989892627165
579 -2.3240085284843113e-05 -0.005517189928785514
581 -4.3771747468404966e-05 -0.00546004646474264
583 2.850873563111529e-05 -0.005430417271082318
585 -6.256324854708613e-06 -0.005459716153367051
587 -3.689073204203009e-06 -0.005402443613531138
589 -4.643911871407142e-06 -0.00541084002692917
591 -1.7110330807866733e-06 -0.0053440155976139615
593 4.283602061094877e-05 -0.0053387001564024145
595 1.1288582592964994e-05 -0.0054119986890134265
597 1.5899206189656587e-05 -0.0052977230005401615
599 1.6281546663282426e-05 -0.005304005145599908
601 8.972674801721989e-07 -0.005355116430022316
603 -1.994360272313326e-05 -0.005313131518639419
605 -4.6230707613509504e-05 -0.005270701515337261
607 -4.440899082731603e-05 -0.005227472455159563
609 -4.2069620697789045e-05 -0.0052160816369575475
611 -4.443273085643669e-05 -0.005227768681479853
613 -1.3293412966091214e-05 -0.005197334865703075
615 -8.683304762856238e-05 -0.005117909523194311
617 7.761304328030108e-06 -0.0051430352607489535
619 -7.201089975515358e-06 -0.005158115601647764
621 1.3637870931934734e-05 -0.005111471768142394
623 -2.2926257875196515e-05 -0.005146293544359458
625 9.645740339867468e-06 -0.005101302670644489
627 -4.9690317916277756e-05 -0.005086997048901858
629 -7.500708631051917e-06 -0.005082962831310459
631 3.620230969889352e-05 -0.005059425329056322
633 -2.4089533145672595e-05 -0.0050574034653739315
635 -1.6249214478396333e-05 -0.005044416288857106
637 3.803881173687676e-05 -0.004976194720566268
639 -4.6836144033366895e-05 -0.004964110961044886
641 6.563967209246855e-06 -0.004960091174744876
643 -4.3082071241293957e-05 -0.004948967068663728
645 1.775219580443045e-05 -0.004952005442576225
647 -1.8612067907994627e-05 -0.004898785089363251
649 1.8104093285816715e-05 -0.0049768101631655695
651 3.9146355829892875e-05 -0.004918883500467314
653 4.393935077832578e-05 -0.004887312382616311
655 6.173805536310991e-05 -0.004892676703924227
657 4.953127079534497e-05 -0.004882398463360704
659 2.295821035790746e-05 -0.004866824782875389
661 2.0511477787589864e-07 -0.004787339965686755
663 4.865180997003575e-06 -0.004811712916718724
665 -4.5018333052650774e-05 -0.00480559503024063
667 -6.038025221106179e-05 -0.004766112144361626
669 -1.682072768667103e-05 -0.004746687927976118
671 -2.20195529674571e-05 -0.004775016974994824
673 -3.11010344898877e-05 -0.004719739116172107
675 -1.5226314897377977e-05 -0.004670165846948959
677 -3.555144675153342e-05 -0.004694514068854478
679 -2.093696480824355e-05 -0.004736939588162874
681 -1.1660049819504391e-05 -0.004711727599319402
683 -5.1297608277475e-05 -0.004690896264272093
685 -2.1422913069734342e-05 -0.004656448584021697
687 4.278734383311106e-06 -0.0046354643925192425
689 -3.5568468824319965e-05 -0.004621761037902933
691 2.736448181612106e-05 -0.004625132914344524
693 -2.9346278835100547e-05 -0.004565797267740049
695 1.2617700344639108e-05 -0.004584977034126731
697 -1.8754136389819083e-05 -0.0045680264168055104
699 -6.256113062816889e-05 -0.004519114804914541
701 1.0689732690105528e-05 -0.004526586835718642
703 2.002733548440024e-05 -0.004525027565737952
705 -9.53062795348877e-06 -0.004536718304432265
707 -5.383534651662776e-05 -0.004536650586096133
709 -1.777385618562458e-05 -0.004507031436859366
711 2.661457590349059e-05 -0.004462016633025701
713 -4.408946270290363e-05 -0.004436820090262408
715 9.202642801305783e-06 -0.0044551577014109445
717 2.6129069582601413e-05 -0.004476342808841734
719 -1.2962722199410527e-05 -0.004462130214674034
721 4.893845529017195e-06 -0.004439377445197833
723 -6.247682060841211e-06 -0.004394997531419683
725 -3.544034813027838e-05 -0.004359080537296864
727 2.1107082689128378e-05 -0.004381471215893752
729 -5.1935051483689257e-05 -0.004359195976303993
731 -4.8659202571325175e-05 -0.0043382725105547155
733 1.3648989648460878e-05 -0.0043517651740891455
735 -3.8058165186742615e-05 -0.004323742794227781
737 2.6070541216888555e-05 -0.0043266027016253365
739 1.6108065001682414e-05 -0.004327604584546702
741 3.1147005002641003e-06 -0.004295609809313958
743 9.65468568569968e-06 -0.004306203087159298
745 5.474190029930316e-06 -0.004312355676352933
747 4.039003395339865e-06 -0.004245045504859398
749 1.1117124386697687e-06 -0.004240170001387619
751 3.955666580117267e-05 -0.004228088262647359
753 -1.7574811866672883e-05 -0.004207841160708927
755 9.102464871198272e-06 -0.004266996710055546
757 1.563648678253042e-05 -0.004238954132901513
759 -1.8410334931456777e-05 -0.0041877377535032905
761 1.4476596724379722e-05 -0.004174178301846078
763 -1.5371856166385322e-05 -0.004177243585569895
765 1.8046852485439607e-05 -0.004184388626390435
767 -5.653491346338887e-05 -0.004127768200035406
769 1.5252702395657503e-05 -0.0042034496753224244
771 -4.3295783355857115e-05 -0.004136168971984327
773 -1.4974963424423309e-05 -0.004188442984539235
775 -1.2983252303051102e-05 -0.004127953574817213
777 -4.082875435117306e-05 -0.004062902208628187
779 5.984537992341024e-06 -0.004078830966028577
781 -1.1488249822646462e-05 -0.004119091684831361
783 -5.208933652101304e-05 -0.004082314655666646
785 -2.2142435925488807e-05 -0.004058381337127254
787 -3.6879011891458904e-05 -0.0039928159419942415
789 5.7599535180883465e-06 -0.004034019342743556
791 -6.639355159820275e-06 -0.004056688079816426
793 -3.1809225885329315e-05 -0.004044798791152469
795 -1.2954192461153153e-05 -0.004057431389470107
797 2.0928891266122652e-05 -0.004016636739066427
799 1.4243919442250718e-05 -0.00396656986008005
801 -7.618927370311478e-06 -0.004005765268149718
803 -9.065914541282094e-06 -0.003965951322302386
805 -1.787380571932103e-05 -0.003895458199758259
807 2.8328483038294842e-05 -0.0039043222818588887
809 1.3684544399934203e-05 -0.003932670916921017
811 2.098206482182743e-05 -0.003951135862008374
813 -7.964913648512891e-06 -0.003909723571724533
815 -1.989669657318743e-05 -0.0038965370853833213
817 -3.952852053148342e-06 -0.0038578571675921968
819 8.803062669422722e-06 -0.0038543490192358607
821 -2.34736357423655e-05 -0.0038417498705965365
823 1.2116178961169215e-05 -0.003894891558356821
825 -9.946364825614869e-07 -0.003821375632968887
827 4.792914720018978e-05 -0.003856229811404584
829 3.9878277100509246e-06 -0.0038322235054435855
831 2.7881767793623933e-05 -0.003811324690788208
833 6.389303237205392e-06 -0.003826280137042753
835 -3.633304056822932e-05 -0.003865046765947983
837 -3.6600077958506995e-05 -0.0038434277390705105
839 -4.9957766197325485e-05 -0.0037850896338354327
841 -1.1624343578157584e-05 -0.0037593524574900065
843 -3.012675617172703e-05 -0.0037778974746742492
845 -3.8908827356834696e-05 -0.003729176738446983
847 -2.061826508347374e-05 -0.0037345307731927457
849 1.2216074742480576e-05 -0.0037706535106439066
851 1.3165269525648595e-06 -0.0037232762533316545
853 -8.219373060143396e-06 -0.003713144372497926
855 -3.999103260690408e-05 -0.0036850050331484027
857 4.046831086187844e-05 -0.0037308359318456896
859 3.6606559313258816e-05 -0.003737614805364276
861 1.9969844227567795e-05 -0.0036732103708143012
863 -9.666919926876303e-06 -0.0036607831045603638
865 3.9421381628682866e-05 -0.003713163271985607
867 -1.2252394260859729e-05 -0.0037193379947514735
869 1.7859033014610464e-05 -0.003745760057311738
871 -4.893721514709196e-05 -0.0036712598131001754
873 -2.3780469378850355e-05 -0.003677108915804704
875 -3.8469828946947584e-05 -0.003741333544805184
877 -2.6530979789272947e-05 -0.0036716937644363963
879 -3.773385594281303e-05 -0.0036501152338798666
881 -1.7335627293254252e-05 -0.0036472768022002503
883 1.9700979171732927e-06 -0.00362971786896264
885 2.0148714783337243e-05 -0.003595970635080268
887 1.1712725084281722e-05 -0.0036253119688390662
889 1.6727486845839932e-05 -0.0036095504159574607
891 -2.158995180035395e-06 -0.0035877660668902833
893 2.187613525022607e-05 -0.0035737501726195733
895 4.327303086427682e-05 -0.0035733706501577503
897 -4.98504220351366e-05 -0.0035577758563408953
899 2.0776008723426474e-05 -0.0035575693917662046
901 9.007895684092992e-07 -0.00353231328343546
903 -4.001723239786455e-05 -0.0035023685525722758
905 -2.0985840371629113e-05 -0.003554113339892142
907 -1.2648339634499027e-05 -0.0035017938158725267
909 1.6487028159966004e-05 -0.003511792563556463
911 6.859369784108665e-06 -0.0035057292087286754
913 8.972052293342953e-06 -0.0034787382912549285
915 4.705205013738267e-05 -0.003511814408249344
917 4.359648821080294e-05 -0.0034606711957463976
919 -3.0463269381557303e-05 -0.003489122272746669
921 2.6836627547081003e-05 -0.0034530713970912234
923 1.401054006351131e-06 -0.003467834429151177
925 3.4978016671049364e-06 -0.0034595778717364536
927 -1.3353853019523104e-05 -0.003440696963741758
929 -5.1084215771913345e-06 -0.003447909072855048
931 -1.058685500275164e-05 -0.0034209004948076343
933 -1.3267470843231696e-05 -0.003379849051544839
935 3.7534185077635994e-05 -0.0034452871284839856
937 2.7427708543220874e-05 -0.003443127132957982
939 -1.1652563015629662e-05 -0.0034196707340264846
941 -4.7495109864963364e-05 -0.003364882104891297
943 -7.108012253350475e-06 -0.003407221884612257
945 1.6845233096623043e-05 -0.003353107797536358
947 1.5281882081934792e-05 -0.003397528023799827
949 4.377397112117093e-05 -0.0033619612062583282
951 3.1518149121516403e-05 -0.0033743972301683483
953 -1.756736005213223e-05 -0.00331663240803583
955 2.1957256067121232e-05 -0.0033187025322682804
957 -2.5843652614122922e-05 -0.0032987060814884555
959 3.526898922268885e-06 -0.003346196127974031
961 -1.7809297437614054e-05 -0.003349347611178665
963 -3.831040057998007e-06 -0.0033062276158728064
965 -2.1033445498825804e-05 -0.003244403760055976
967 8.936262908407661e-05 -0.0032980949940972777
969 8.143562197584489e-05 -0.0032700509967529684
971 1.599445957842566e-05 -0.0032892019589142872
973 2.136142655043363e-05 -0.0032892508665375558
975 -2.787750182322711e-06 -0.003300078646237573
977 1.7093976083778633e-05 -0.0032349542187607404
979 3.1636522626838823e-06 -0.0032370300342916933
981 -1.8858004813444773e-05 -0.003245802716551184
983 -1.0720989215106522e-05 -0.003201898393652131
985 -3.431297548693839e-05 -0.0032211343903370943
987 -4.316439735446252e-05 -0.003196193325415818
989 2.424773064885634e-05 -0.0031978163478457245
991 -5.012892239621266e-05 -0.0031971914107194535
993 -3.917633316092345e-05 -0.003206356384880182
995 2.8302369700448475e-05 -0.0032221724993053776
997 2.4894150194452557e-05 -0.003166964034872864
999 -6.534682690740448e-06 -0.0031986035703537533
1001 5.881029025009991e-06 -0.003129332064896412
1003 -2.3168263909368997e-05 -0.0031880488275014096
1005 -5.25578899336139e-06 -0.0031918517269623947
1007 1.613478881231322e-05 -0.003172912841818383
1009 -2.300539771598576e-05 -0.0031771681169762713
1011 3.8058025688111307e-06 -0.003116186049882815
1013 4.7618578720748315e-05 -0.0031142725548239346
1015 -3.229673078259119e-06 -0.0031995251890081042
1017 3.5775588556301804e-06 -0.0031089857128190827
1019 -1.5139898319994287e-05 -0.0031292602730219584
1021 -2.6137781204057793e-06 -0.0031089209845871378
1023 2.7800322291160304e-06 -0.0030958986008553496
1025 -4.766366317699205e-05 -0.0031587574986317
1027 7.359656869209497e-05 -0.003122227709149966
1029 8.85321698836507e-06 -0.003083042630409989
1031 1.872226649112001e-05 -0.0030560448218855917
1033 -4.3424187770748524e-05 -0.003052579749235552
1035 -1.6109757166436796e-05 -0.0030523997485118353
1037 2.5609760098839465e-05 -0.003068330268290938
1039 -2.6839008071839365e-05 -0.003080427458497171
1041 -4.767425470487181e-05 -0.0030352303980514667
1043 -2.421994061511328e-05 -0.0030791263274084317
1045 -1.812728979102816e-05 -0.0031521077147804244
1047 1.0232205117580637e-05 -0.0030789181540684762
1049 -1.3577017140406393e-05 -0.0030057770696126523
1051 -4.1392761663659e-05 -0.003026538495706489
1053 -3.763128852473214e-05 -0.003059840093366775
1055 -1.7375340800497932e-05 -0.003040687972058278
1057 1.8322948217406834e-05 -0.003052932105802516
1059 2.670462517229255e-05 -0.003022840103878955
1061 1.4998543256233436e-05 -0.0030164522236903165
1063 3.77410175596794e-06 -0.003002489328414165
1065 1.9516657706389257e-05 -0.0029794113389970396
1067 1.7113780032815023e-05 -0.0029649455092985344
1069 1.7150204688729304e-05 -0.0029858697350470453
1071 7.94980910214119e-06 -0.0029624349017146434
1073 -3.6771059651662784e-05 -0.002919171740548451
1075 2.4581206776013637e-05 -0.0029148812608355344
1077 1.5518358901247808e-05 -0.002923922480231746
1079 -1.086222857686622e-05 -0.0029494682437825135
1081 1.4544994998635393e-05 -0.0029552310745714367
1083 1.2892733416627781e-05 -0.002923164429598537
1085 -2.7429603631214713e-05 -0.0029509831587575764
1087 3.232895097136055e-06 -0.00295812291010256
1089 -3.605253647897195e-05 -0.002931774954794073
1091 3.996922090705703e-06 -0.0029115234520357995
1093 1.171705604874273e-05 -0.0028851418194278484
1095 -1.4420230594144249e-05 -0.002947953552838866
1097 -7.783454751424918e-06 -0.002921142327141448
1099 1.2203350260429003e-05 -0.0029728604033223607
1101 -5.120545905973136e-06 -0.0029462998706625745
1103 -2.5634252570228457e-06 -0.002915335507531689
1105 1.7295601953538606e-05 -0.0029175434390427807
1107 -2.3346341833228048e-05 -0.0028606140044215647
1109 1.832644515195745e-05 -0.002899385742104824
1111 3.579760485295724e-05 -0.0028761812178221676
1113 -3.00233663921298e-05 -0.002882390995082268
1115 5.9662749875376304e-05 -0.0028217346884578443
1117 1.7209124367682267e-05 -0.0027886166592527924
1119 4.952091560709508e-05 -0.002816513237470581
1121 2.7233232943679874e-05 -0.0028587515322069284
1123 -8.18097723821508e-06 -0.002847341631023873
1125 1.6937010173449923e-05 -0.0027973463147213146
1127 6.302435287663842e-06 -0.002810340694004211
1129 3.567396933671513e-05 -0.002857904159477588
1131 1.5230517462909692e-05 -0.0028096267703694106
1133 -4.4071570299220384e-05 -0.002808153506996752
1135 -1.248972215569815e-06 -0.0027902753004944865
1137 1.3063693241055821e-05 -0.0027922196334575016
1139 1.4770276920261335e-05 -0.002812859446121938
1141 2.317485547925303e-05 -0.002771238717003436
1143 2.8441368479125834e-05 -0.0028279429384504414
1145 -1.3609855801796357e-05 -0.002788764049034978
1147 2.122518602619891e-05 -0.0027738457675469965
1149 -1.7264699751567823e-05 -0.002803821849913087
1151 5.178485952499045e-05 -0.0027978344914043446
1153 3.804547960316959e-05 -0.0027679823368363435
1155 3.3183799202271315e-05 -0.002767211400698024
1157 1.6274750786352813e-05 -0.0027714193390503275
1159 7.196599819154603e-05 -0.002748774600352332
1161 -3.0027732233483525e-05 -0.0027106490971415377
1163 -1.2166317157336792e-05 -0.002710273533398582
1165 1.2314652954387819e-05 -0.0027058322712354057
1167 5.119128503783108e-05 -0.0026543550498710905
1169 2.9317330511768687e-05 -0.002740866131361285
1171 5.7392150656334205e-06 -0.0027608272462396792
1173 2.647516150418685e-06 -0.0027103424154924388
1175 -2.31594949967766e-05 -0.002675056679299888
1177 3.915004867003663e-05 -0.0027278573319930387
1179 6.574920695308708e-05 -0.002701750360151922
1181 -3.826017735266093e-05 -0.0026762577335695927
1183 -3.328403136850805e-05 -0.002694708289362082
1185 2.2355572762601892e-05 -0.0026637826140330856
1187 4.633475790214037e-05 -0.002708608646659394
1189 5.298118114291654e-05 -0.0027297618121079406
1191 -2.1559756261567084e-06 -0.002651479786913581
1193 2.0300260691483305e-05 -0.0026478493514168577
1195 1.1323907715703234e-06 -0.002664716452977274
1197 -1.95506163719002e-05 -0.00271063480594465
1199 2.8209144171647433e-05 -0.0026341412318205
1201 -2.834202066003216e-05 -0.002665645905948096
1203 -2.198267058726489e-05 -0.002716276723203879
1205 3.992470114978035e-05 -0.0026283212548716965
1207 -2.1427137584427934e-05 -0.002702818283060025
1209 6.393547788764087e-05 -0.0026371980822980294
1211 7.106197638958558e-06 -0.0026500028325074014
1213 -6.276138770055836e-06 -0.002614638438512429
1215 1.2607495558595364e-05 -0.0025843910089963615
1217 1.0321150457771664e-05 -0.0026094171202205338
1219 -3.8820251800075986e-05 -0.002629511405093333
1221 -3.504789363028198e-06 -0.002661549129162013
1223 -1.5554147967857484e-05 -0.0026392550654810855
1225 4.229303869749935e-05 -0.0026396675328651162
1227 2.9570736315717453e-05 -0.002621414295354106
1229 -3.244391473193055e-05 -0.002558742611253021
1231 4.1877250858568306e-05 -0.002571558673231513
1233 1.0400833829091886e-05 -0.0026212342727098617
1235 -2.2816529683267445e-05 -0.0026141724808641225
1237 -4.5571472262620626e-05 -0.002613394733161624
1239 -3.587215101064194e-05 -0.002579645370159648
1241 -5.005048356772839e-05 -0.0025787633136138167
1243 -1.4660199670290978e-05 -0.0025803270122032565
1245 3.538680575066284e-05 -0.002493024838015339
1247 8.307552317661008e-06 -0.0025788537847759737
1249 -4.1935926096455684e-06 -0.0025801294729669005
1251 5.235907549496705e-05 -0.002586503374550954
1253 2.269612470945252e-05 -0.002559109625690365
1255 -1.539018244650888e-05 -0.002539052435311264
1257 -2.3117930912932097e-05 -0.0025152138199103515
1259 -5.541148199404665e-05 -0.0025177334646164853
1261 3.084126481026254e-05 -0.002499593289093734
1263 -3.9501249629196735e-05 -0.002469612918613156
1265 -3.2588086443122985e-05 -0.0024704473741729497
1267 2.341943157090713e-06 -0.002476312216117138
1269 -9.2830872949936e-06 -0.0024660742811922105
1271 -2.500605142971953e-05 -0.002464314354967323
1273 2.974618891602292e-05 -0.002559158994307572
1275 7.27522324848119e-05 -0.0024617702484745585
1277 8.493503409468977e-06 -0.0025091654022239415
1279 1.2423270510336527e-05 -0.002496664978619955
1281 2.289535623463362e-05 -0.0024814661742819503
1283 4.38979250963516e-05 -0.002478608887711646
1285 -1.0005499601570344e-05 -0.0024102734510642867
1287 -1.734529281051669e-06 -0.0024431196570897443
1289 6.26024656428842e-06 -0.0024673323066719075
1291 -4.606307445302799e-05 -0.0024973534237456114
1293 6.826896754382711e-07 -0.002493069489033395
1295 4.529450743023086e-06 -0.0024631789848093798
1297 2.486613165844439e-05 -0.0024363401526004526
1299 -3.5604561260584456e-05 -0.0024215195374025526
1301 -7.420301926971204e-06 -0.002484746768708743
1303 -1.640119947132594e-06 -0.0024710649347231667
1305 1.736337290271995e-05 -0.002464889460401268
1307 1.3393847391903536e-05 -0.0024875775981684383
1309 3.513948877760372e-05 -0.0024715854762881
1311 -1.3158413204384532e-05 -0.0024390354117826063
1313 -3.289106654721135e-05 -0.00242916336620258
1315 2.3784558077727268e-05 -0.002469547608720947
1317 -4.509178901486804e-06 -0.002414294331560239
1319 -1.4757854502312353e-05 -0.0023418061073034236
1321 7.716597426056412e-06 -0.0023744228892677312
1323 2.5227498289886272e-05 -0.002397836213370834
1325 -1.5312666237536072e-05 -0.0023779955486123725
1327 4.980891947613853e-05 -0.002370722202084734
1329 5.2154160145974944e-06 -0.002395975019468616
1331 -2.2641328969358724e-05 -0.0024529750616406184
1333 1.3626795780875604e-05 -0.0024073883641275388
1335 8.27719224015027e-06 -0.002374169789840808
1337 -2.1723920282947072e-05 -0.0023497785940989153
1339 -1.68522141037502e-05 -0.0023826572910734304
1341 4.6862621642031497e-07 -0.002395844433518784
1343 -5.501401471005002e-06 -0.002381871615133259
1345 3.558570638016411e-05 -0.0023688975653849563
1347 3.516431208446148e-05 -0.002382112453690933
1349 7.531117075812796e-07 -0.0023733527532055925
1351 2.021344015739458e-05 -0.002346806765139191
1353 2.8639036382610332e-05 -0.00238739715297977
1355 -6.663223835866922e-06 -0.0023949478932130362
1357 9.858070503463296e-07 -0.0022899942326116878
1359 4.217989692836217e-05 -0.0022954368184418435
1361 4.595530691904219e-05 -0.0023704030727067565
1363 5.366877011741357e-06 -0.002309594374065847
1365 1.3438495466390574e-05 -0.002327342264866916
1367 1.5845845090626186e-05 -0.0023476487217353997
1369 -3.0971569139137835e-05 -0.002368936378947114
1371 -2.0775533400181558e-05 -0.0023105568495740123
1373 -5.352998370022202e-06 -0.002335536483917101
1375 2.7758202961522772e-05 -0.0023109236201949712
1377 -2.224394585902387e-05 -0.0023110162768926875
1379 2.1519423475379744e-05 -0.002299850501725163
1381 2.0052147313452693e-05 -0.0023305305034828803
1383 -1.847904586233049e-05 -0.0023515076293883362
1385 -2.0187044297848835e-05 -0.002259377484700338
1387 1.7409546625231548e-05 -0.0022221216932360732
1389 7.31074905229886e-06 -0.00225638741289334
1391 1.318813891753211e-07 -0.0022944749190585458
1393 1.4828843853691504e-05 -0.002270822067911987
1395 1.601423994175193e-05 -0.0023205169461779384
1397 -1.374091171946656e-05 -0.0022865367934670265
1399 -1.9113183532994068e-05 -0.0022778635150057782
1401 7.850554114418852e-06 -0.0022397303116256278
1403 3.899807832743546e-05 -0.002263291815852702
1405 1.7412715017517313e-05 -0.002265502654716783
1407 1.8934512870198068e-05 -0.002234337766898812
1409 2.380398687732865e-06 -0.0022755654821810445
1411 6.048773299729073e-05 -0.002268718593104116
1413 -6.874747595642444e-07 -0.0022747366082315314
1415 2.6703316040128924e-05 -0.002191172000230778
1417 1.275348887184489e-05 -0.0022510908739069154
1419 6.596196934680507e-06 -0.0022504439687901006
1421 1.4821296881780569e-05 -0.002223388124389063
1423 1.3008506558773704e-05 -0.002214679345455005
1425 6.01938116055734e-05 -0.002220563102554696
1427 6.962668625610132e-06 -0.0022592427030558894
1429 1.0760560323510201e-05 -0.002253049636950861
1431 -1.8749573867204468e-05 -0.0022548800633261394
1433 5.2852053536200004e-05 -0.002238186222748062
1435 2.714444132412943e-06 -0.0022032399958823437
1437 -7.505051765131453e-07 -0.0021941081882373213
1439 -1.3965729572843963e-05 -0.0022115148339544406
1441 5.052034049981652e-05 -0.002239083003108644
1443 2.7476903381424614e-05 -0.0021839427812709667
1445 -5.581867779700697e-06 -0.0022169001789786396
1447 -1.795541368179029e-05 -0.002229605718010632
1449 -3.2687197182137e-05 -0.0021994720548542224
1451 -4.918675179763378e-05 -0.0022551498912741306
1453 2.9981642069656296e-05 -0.002188198294525007
1455 3.0107356814257535e-05 -0.0022119204036747837
1457 4.424036323295542e-05 -0.002212065766792022
1459 2.6615401229190953e-05 -0.002267759032948447
1461 7.672370807222708e-06 -0.002222887723054261
1463 1.311279809540422e-05 -0.0022250027930837465
1465 3.772873966027213e-05 -0.0021788088559108344
1467 -2.1595725058422203e-05 -0.002151722211927564
1469 -6.0969748549951365e-06 -0.0021694759228278178
1471 2.6062231361818256e-05 -0.0021545470499299275
1473 2.2941899631423836e-05 -0.0021448284077271737
1475 2.24778581968947e-05 -0.0021475803897242182
1477 2.4669998896984713e-05 -0.0021751988429090535
1479 1.3343671944124176e-05 -0.002199623217578682
1481 1.705012624981983e-05 -0.0020993806429593256
1483 -1.355580782644095e-06 -0.0021585547144927966
1485 8.154301676184218e-06 -0.002217107225587647
1487 4.6125518719892014e-05 -0.002189017025477043
1489 2.4170477359512478e-05 -0.0020932590418394135
1491 -1.0893542490313868e-05 -0.0021511147850344753
1493 2.6911457381302487e-05 -0.00216555935206732
1495 -2.1213610902188572e-05 -0.0021044710190101642
1497 3.765042836924957e-05 -0.002079178735727356
1499 -1.6459096231988096e-05 -0.002157588422936705
1501 1.3844268970415874e-05 -0.0020992612202223124
1503 1.0294669714131316e-06 -0.0021658534892990563
1505 3.7079300930636206e-05 -0.0021727230701457465
1507 -2.300503105118317e-05 -0.0021167374985444263
1509 -2.9557630149737338e-05 -0.0021002402818413655
1511 -3.67452550790421e-07 -0.00210533502580388
1513 3.302139408927609e-05 -0.00208739249247161
1515 6.048603640782519e-05 -0.0020633173030201327
1517 3.731743397665178e-05 -0.0020282751255790337
1519 2.0870185345086245e-05 -0.0020768577854201158
1521 -1.615440499205688e-05 -0.002129569416098673
1523 1.5358740001332947e-05 -0.0020922061891534283
1525 -4.097760182989763e-07 -0.0020883264447284625
1527 4.4951529626448055e-05 -0.002074859478430986
1529 -6.574441137159966e-07 -0.0020984696978645257
1531 -6.687748198817712e-06 -0.002087813302603554
1533 -1.710632301969628e-05 -0.0020755279483828134
1535 9.228899404507326e-06 -0.0020419067298674274
1537 2.1080673664275847e-05 -0.002048386855726382
1539 2.0083998865643068e-05 -0.002082427466173673
1541 -2.7877047454227987e-05 -0.0020584958747781714
1543 -2.402936194208799e-06 -0.0020780446861257632
1545 -5.461946502611915e-05 -0.0020671773889734055
1547 -4.24374638862814e-05 -0.002097789791501437
1549 -1.732997847133642e-06 -0.0020498731871267167
1551 -1.7393226621687746e-05 -0.0020583915343511164
1553 2.211941849458795e-06 -0.0020735976932111993
1555 1.0317128125859338e-05 -0.0020638848652268357
1557 -2.280137265112769e-05 -0.002054750424609466
1559 5.629700983512526e-05 -0.0020360000161576304
1561 3.0846795892662264e-05 -0.002089165749634345
1563 2.069335709115806e-05 -0.002052396337202611
1565 1.9368454196425003e-06 -0.0020540592721418663
1567 -3.522180126989145e-05 -0.0020332425588303706
1569 -1.9645005101016512e-05 -0.002030197232426355
1571 -1.9842587621490574e-05 -0.001989687382112513
1573 5.5482460407714634e-05 -0.002019202546841854
1575 2.5354626227461053e-05 -0.002008075988074204
1577 -4.152205302401188e-05 -0.0020692286423271947
1579 5.816043118900716e-05 -0.0019924319346163325
1581 -2.246898572735815e-05 -0.0020274151213229208
1583 -1.72029472925705e-05 -0.002001784818636554
1585 -1.96916298306e-05 -0.002035256055488318
1587 -4.5820756396750334e-05 -0.002008661761268112
1589 1.5283015671555226e-05 -0.0019994488982391966
1591 1.9211210979152452e-05 -0.0020068298289090906
1593 8.219711118632936e-06 -0.0019559443707513023
1595 3.870676666023703e-05 -0.0019557644739119366
1597 -1.548742768486082e-05 -0.002046599628955615
1599 -2.1113948200492684e-05 -0.00203857561285912
1601 6.195079505363544e-05 -0.0019708350197111418
1603 -4.390414941433891e-06 -0.0020184475260003913
1605 5.956436873576404e-05 -0.0020068119583761495
1607 2.8549918778939804e-06 -0.001951356440796875
1609 -1.3494709674053626e-06 -0.0019488754443643844
1611 2.286350667373359e-05 -0.0020205634076745395
1613 5.770830486531237e-06 -0.0019788222305025236
1615 7.316641862021808e-06 -0.0019215189517136047
1617 -2.1111605159327585e-05 -0.0019223013357265368
1619 1.7667563043597178e-05 -0.002014505734754412
1621 1.7759985653928634e-05 -0.0019886805627409567
1623 -9.424784134494427e-06 -0.001965434039550263
1625 -3.8640477150168554e-05 -0.002013599023185489
1627 -1.939822952731236e-06 -0.0019957199341064645
1629 2.034286165225389e-05 -0.0019475957678726124
1631 2.4052943243857725e-06 -0.0019617080019319745
1633 -2.1442264449244315e-05 -0.001959998710285669
1635 -4.048158379651651e-06 -0.001969147966927206
1637 1.4374526367197348e-06 -0.001968993596383051
1639 0.0 -0.0019420981463318526
1641 0.0 -0.0019397311772321186
1643 0.0 -0.001937369970686492
1645 0.0 -0.0019350145056765391
1647 0.0 -0.001932664761285918
1649 0.0 -0.0019303207166997617
1651 0.0 -0.0019279823512040625
1653 0.0 -0.001925649644185062
1655 0.0 -0.0019233225751286447
1657 0.0 -0.0019210011236197387
1659 0.0 -0.001918685269341716
1661 0.0 -0.0019163749920758017
1663 0.0 -0.0019140702717004852
1665 0.0 -0.001911771088190935
1667 0.0 -0.0019094774216184207
1669 0.0 -0.0019071892521497344
1671 0.0 -0.0019049065600466228
1673 0.0 -0.0019026293256652162
1675 0.0 -0.0019003575294554665
1677 0.0 -0.0018980911519605882
1679 0.0 -0.0018958301738165018
1681 0.0 -0.001893574575751283
1683 0.0 -0.001891324338584615
1685 0.0 -0.0018890794432272445
1687 0.0 -0.0018868398706804429
1689 0.0 -0.0018846056020354691
1691 0.0 -0.0018823766184730378
1693 0.0 -0.001880152901262792
1695 0.0 -0.001877934431762777
1697 0.0 -0.0018757211914189197
1699 0.0 -0.0018735131617645124
1701 0.0 -0.0018713103244196983
1703 0.0 -0.0018691126610909613
1705 0.0 -0.0018669201535706195
1707 0.0 -0.001864732783736325
1709 0.0 -0.0018625505335505598
1711 0.0 -0.0018603733850601444
1713 0.0 -0.0018582013203957421
1715 0.0 -0.001856034321771374
1717 0.0 -0.0018538723714839295
1719 0.0 -0.0018517154519126857
1721 0.0 -0.0018495635455188302
1723 0.0 -0.0018474166348449838
1725 0.0 -0.001845274702514729
1727 0.0 -0.0018431377312321405
1729 0.0 -0.0018410057037813227
1731 0.0 -0.001838878603025943
1733 0.0 -0.001836756411908775
1735 0.0 -0.001834639113451243
1737 0.0 -0.0018325266907529688
1739 0.0 -0.001830419126991321
1741 0.0 -0.0018283164054209687
1743 0.0 -0.0018262185093734405
1745 0.0 -0.0018241254222566802
1747 0.0 -0.001822037127554612
1749 0.0 -0.0018199536088267046
1751 0.0 -0.0018178748497075423
1753 0.0 -0.001815800833906393
1755 0.0 -0.0018137315452067845
1757 0.0 -0.0018116669674660825
1759 0.0 -0.0018096070846150695
1761 0.0 -0.0018075518806575281
1763 0.0 -0.001805501339669828
1765 0.0 -0.0018034554458005137
1767 0.0 -0.0018014141832698965
1769 0.0 -0.001799377536369648
1771 0.0 -0.0017973454894623978
1773 0.0 -0.0017953180269813349
1775 0.0 -0.0017932951334298068
1777 0.0 -0.0017912767933809268
1779 0.0 -0.0017892629914771818
1781 0.0 -0.001787253712430043
1783 0.0 -0.0017852489410195775
1785 0.0 -0.0017832486620940652
1787 0.0 -0.0017812528605696176
1789 0.0 -0.001779261521429797
1791 0.0 -0.001777274629725241
1793 0.0 -0.001775292170573289
1795 0.0 -0.0017733141291576084
1797 0.0 -0.001771340490727828
1799 0.0 -0.0017693712405991702
1801 0.0 -0.0017674063641520859
1803 0.0 -0.0017654458468318952
1805 0.0 -0.001763489674148425
1807 0.0 -0.001761537831675654
1809 0.0 -0.001759590305051358
1811 0.0 -0.001757647079976757
1813 0.0 -0.001755708142216165
1815 0.0 -0.0017537734775966427
1817 0.0 -0.0017518430720076536
1819 0.0 -0.0017499169114007184
1821 0.0 -0.0017479949817890757
1823 0.0 -0.0017460772692473431
1825 0.0 -0.0017441637599111817
1827 0.0 -0.0017422544399769604
1829 0.0 -0.0017403492957014253
1831 0.0 -0.0017384483134013692
1833 0.0 -0.0017365514794533046
1835 0.0 -0.0017346587802931374
1837 0.0 -0.0017327702024158447
1839 0.0 -0.0017308857323751533
1841 0.0 -0.0017290053567832195
1843 0.0 -0.0017271290623103131
1845 0.0 -0.0017252568356845024
1847 0.0 -0.001723388663691341
1849 0.0 -0.001721524533173557
1851 0.0 -0.0017196644310307437
1853 0.0 -0.0017178083442190538
1855 0.0 -0.0017159562597508931
1857 0.0 -0.0017141081646946186
1859 0.0 -0.001712264046174237
1861 0.0 -0.0017104238913691061
1863 0.0 -0.0017085876875136375
1865 0.0 -0.001706755421897001
1867 0.0 -0.0017049270818628318
1869 0.0 -0.001703102654808939
1871 0.0 -0.0017012821281870163
1873 0.0 -0.0016994654895023528
1875 0.0 -0.0016976527263135503
1877 0.0 -0.001695843826232236
1879 0.0 -0.001694038776922782
1881 0.0 -0.0016922375661020238
1883 0.0 -0.001690440181538984
1885 0.0 -0.0016886466110545926
1887 0.0 -0.0016868568425214133
1889 0.0 -0.0016850708638633703
1891 0.0 -0.0016832886630554769
1893 0.0 -0.001681510228123564
1895 0.0 -0.001679735547144014
1897 0.0 -0.0016779646082434932
1899 0.0 -0.001676197399598687
1901 0.0 -0.0016744339094360372
1903 0.0 -0.0016726741260314803
1905 0.0 -0.0016709180377101874
1907 0.0 -0.0016691656328463068
1909 0.0 -0.0016674168998627068
1911 0.0 -0.0016656718272307204
1913 0.0 -0.0016639304034698939
1915 0.0 -0.0016621926171477323
1917 0.0 -0.0016604584568794506
1919 0.0 -0.0016587279113277262
1921 0.0 -0.0016570009692024503
1923 0.0 -0.001655277619260482
1925 0.0 -0.001653557850305406
1927 0.0 -0.0016518416511872895
1929 0.0 -0.00165012901080244
1931 0.0 -0.0016484199180931674
1933 0.0 -0.001646714362047546
1935 0.0 -0.0016450123316991765
1937 0.0 -0.0016433138161269525
1939 0.0 -0.0016416188044548255
1941 0.0 -0.001639927285851575
1943 0.0 -0.001638239249530575
1945 0.0 -0.0016365546847495666
1947 0.0 -0.0016348735808104297
1949 0.0 -0.0016331959270589568
1951 0.0 -0.001631521712884627
1953 0.0 -0.0016298509277203822
1955 0.0 -0.0016281835610424075
1957 0.0 -0.0016265196023699064
1959 0.0 -0.0016248590412648836
1961 0.0 -0.0016232018673319258
1963 0.0 -0.0016215480702179862
1965 0.0 -0.0016198976396121663
1967 0.0 -0.0016182505652455044
1969 0.0 -0.00161660683689076
1971 0.0 -0.0016149664443622052
1973 0.0 -0.0016133293775154114
1975 0.0 -0.0016116956262470414
1977 0.0 -0.001610065180494642
1979 0.0 -0.0016084380302364362
1981 0.0 -0.0016068141654911193
1983 0.0 -0.0016051935763176535
1985 0.0 -0.0016035762528150664
1987 0.0 -0.0016019621851222482
1989 0.0 -0.0016003513634177513
1991 0.0 -0.0015987437779195915
1993 0.0 -0.001597139418885051
1995 0.0 -0.0015955382766104796
1997 0.0 -0.0015939403414310998
1999 0.0 -0.0015923456037208138
2001 0.0 -0.0015907540538920074
2003 0.0 -0.0015891656823953605
2005 0.0 -0.001587580479719654
2007 0.0 -0.0015859984363915827
2009 0.0 -0.0015844195429755633
2011 0.0 -0.001582843790073549
2013 0.0 -0.0015812711683248419
2015 0.0 -0.0015797016684059092
2017 0.0 -0.001578135281030197
2019 0.0 -0.001576571996947948
2021 0.0 -0.0015750118069460203
2023 0.0 -0.001573454701847705
2025 0.0 -0.0015719006725125467
2027 0.0 -0.001570349709836165
2029 0.0 -0.0015688018047500772
2031 0.0 -0.00156725694822152
2033 0.0 -0.0015657151312532746
2035 0.0 -0.0015641763448834922
2037 0.0 -0.0015626405801855213
2039 0.0 -0.0015611078282677326
2041 0.0 -0.0015595780802733494
2043 0.0 -0.0015580513273802774
2045 0.0 -0.0015565275608009324
2047 0.0 -0.0015550067717820747
2049 0.0 -0.0015534889516046397
