-2049 0.0 0.0015534889516046397
-2047 0.0 0.0015550067717820747
-2045 0.0 0.0015565275608009324
-2043 0.0 0.0015580513273802774
-2041 0.0 0.0015595780802733494
-2039 0.0 0.0015611078282677326
-2037 0.0 0.0015626405801855213
-2035 0.0 0.0015641763448834922
-2033 0.0 0.0015657151312532746
-2031 0.0 0.00156725694822152
-2029 0.0 0.0015688018047500772
-2027 0.0 0.001570349709836165
-2025 0.0 0.0015719006725125467
-2023 0.0 0.001573454701847705
-2021 0.0 0.0015750118069460203
-2019 0.0 0.001576571996947948
-2017 0.0 0.001578135281030197
-2015 0.0 0.0015797016684059092
-2013 0.0 0.0015812711683248419
-2011 0.0 0.001582843790073549
-2009 0.0 0.0015844195429755633
-2007 0.0 0.0015859984363915827
-2005 0.0 0.001587580479719654
-2003 0.0 0.0015891656823953605
-2001 0.0 0.0015907540538920074
-1999 0.0 0.0015923456037208138
-1997 0.0 0.0015939403414310998
-1995 0.0 0.0015955382766104796
-1993 0.0 0.001597139418885051
-1991 0.0 0.0015987437779195915
-1989 0.0 0.0016003513634177513
-1987 0.0 0.0016019621851222482
-1985 0.0 0.0016035762528150664
-1983 0.0 0.0016051935763176535
-1981 0.0 0.0016068141654911193
-1979 0.0 0.0016084380302364362
-1977 0.0 0.001610065180494642
-1975 0.0 0.0016116956262470414
-1973 0.0 0.0016133293775154114
-1971 0.0 0.0016149664443622052
-1969 0.0 0.00161660683689076
-1967 0.0 0.0016182505652455044
-1965 0.0 0.0016198976396121663
-1963 0.0 0.0016215480702179862
-1961 0.0 0.0016232018673319258
-1959 0.0 0.0016248590412648836
-1957 0.0 0.0016265196023699064
-1955 0.0 0.0016281835610424075
-1953 0.0 0.0016298509277203822
-1951 0.0 0.001631521712884627
-1949 0.0 0.0016331959270589568
-1947 0.0 0.0016348735808104297
-1945 0.0 0.0016365546847495666
-1943 0.0 0.001638239249530575
-1941 0.0 0.001639927285851575
-1939 0.0 0.0016416188044548255
-1937 0.0 0.0016433138161269525
-1935 0.0 0.0016450123316991765
-1933 0.0 0.001646714362047546
-1931 0.0 0.0016484199180931674
-1929 0.0 0.00165012901080244
-1927 0.0 0.0016518416511872895
-1925 0.0 0.001653557850305406
-1923 0.0 0.001655277619260482
-1921 0.0 0.0016570009692024503
-1919 0.0 0.0016587279113277262
-1917 0.0 0.0016604584568794506
-1915 0.0 0.0016621926171477323
-1913 0.0 0.0016639304034698939
-1911 0.0 0.0016656718272307204
-1909 0.0 0.0016674168998627068
-1907 0.0 0.0016691656328463068
-1905 0.0 0.0016709180377101874
-1903 0.0 0.0016726741260314803
-1901 0.0 0.0016744339094360372
-1899 0.0 0.001676197399598687
-1897 0.0 0.0016779646082434932
-1895 0.0 0.001679735547144014
-1893 0.0 0.001681510228123564
-1891 0.0 0.0016832886630554769
-1889 0.0 0.0016850708638633703
-1887 0.0 0.0016868568425214133
-1885 0.0 0.0016886466110545926
-1883 0.0 0.001690440181538984
-1881 0.0 0.0016922375661020238
-1879 0.0 0.001694038776922782
-1877 0.0 0.001695843826232236
-1875 0.0 0.0016976527263135503
-1873 0.0 0.0016994654895023528
-1871 0.0 0.0017012821281870163
-1869 0.0 0.001703102654808939
-1867 0.0 0.0017049270818628318
-1865 0.0 0.001706755421897001
-1863 0.0 0.0017085876875136375
-1861 0.0 0.0017104238913691061
-1859 0.0 0.001712264046174237
-1857 0.0 0.0017141081646946186
-1855 0.0 0.0017159562597508931
-1853 0.0 0.0017178083442190538
-1851 0.0 0.0017196644310307437
-1849 0.0 0.001721524533173557
-1847 0.0 0.001723388663691341
-1845 0.0 0.0017252568356845024
-1843 0.0 0.0017271290623103131
-1841 0.0 0.0017290053567832195
-1839 0.0 0.0017308857323751533
-1837 0.0 0.0017327702024158447
-1835 0.0 0.0017346587802931374
-1833 0.0 0.0017365514794533046
-1831 0.0 0.0017384483134013692
-1829 0.0 0.0017403492957014253
-1827 0.0 0.0017422544399769604
-1825 0.0 0.0017441637599111817
-1823 0.0 0.0017460772692473431
-1821 0.0 0.0017479949817890757
-1819 0.0 0.0017499169114007184
-1817 0.0 0.0017518430720076536
-1815 0.0 0.0017537734775966427
-1813 0.0 0.001755708142216165
-1811 0.0 0.001757647079976757
-1809 0.0 0.001759590305051358
-1807 0.0 0.001761537831675654
-1805 0.0 0.001763489674148425
-1803 0.0 0.0017654458468318952
-1801 0.0 0.0017674063641520859
-1799 0.0 0.0017693712405991702
-1797 0.0 0.001771340490727828
-1795 0.0 0.0017733141291576084
-1793 0.0 0.001775292170573289
-1791 0.0 0.001777274629725241
-1789 0.0 0.001779261521429797
-1787 0.0 0.0017812528605696176
-1785 0.0 0.0017832486620940652
-1783 0.0 0.0017852489410195775
-1781 0.0 0.001787253712430043
-1779 0.0 0.0017892629914771818
-1777 0.0 0.0017912767933809268
-1775 0.0 0.0017932951334298068
-1773 0.0 0.0017953180269813349
-1771 0.0 0.0017973454894623978
-1769 0.0 0.001799377536369648
-1767 0.0 0.0018014141832698965
-1765 0.0 0.0018034554458005137
-1763 0.0 0.001805501339669828
-1761 0.0 0.0018075518806575281
-1759 0.0 0.0018096070846150695
-1757 0.0 0.0018116669674660825
-1755 0.0 0.0018137315452067845
-1753 0.0 0.001815800833906393
-1751 0.0 0.0018178748497075423
-1749 0.0 0.0018199536088267046
-1747 0.0 0.001822037127554612
-1745 0.0 0.0018241254222566802
-1743 0.0 0.0018262185093734405
-1741 0.0 0.0018283164054209687
-1739 0.0 0.001830419126991321
-1737 0.0 0.0018325266907529688
-1735 0.0 0.001834639113451243
-1733 0.0 0.001836756411908775
-1731 0.0 0.001838878603025943
-1729 0.0 0.0018410057037813227
-1727 0.0 0.0018431377312321405
-1725 0.0 0.001845274702514729
-1723 0.0 0.0018474166348449838
-1721 0.0 0.0018495635455188302
-1719 0.0 0.0018517154519126857
-1717 0.0 0.0018538723714839295
-1715 0.0 0.001856034321771374
-1713 0.0 0.0018582013203957421
-1711 0.0 0.0018603733850601444
-1709 0.0 0.0018625505335505598
-1707 0.0 0.001864732783736325
-1705 0.0 0.0018669201535706195
-1703 0.0 0.0018691126610909613
-1701 0.0 0.0018713103244196983
-1699 0.0 0.0018735131617645124
-1697 0.0 0.0018757211914189197
-1695 0.0 0.001877934431762777
-1693 0.0 0.001880152901262792
-1691 0.0 0.0018823766184730378
-1689 0.0 0.0018846056020354691
-1687 0.0 0.0018868398706804429
-1685 0.0 0.0018890794432272445
-1683 0.0 0.001891324338584615
-1681 0.0 0.001893574575751283
-1679 0.0 0.0018958301738165018
-1677 0.0 0.0018980911519605882
-1675 0.0 0.0019003575294554665
-1673 0.0 0.0019026293256652162
-1671 0.0 0.0019049065600466228
-1669 0.0 0.0019071892521497344
-1667 0.0 0.0019094774216184207
-1665 0.0 0.001911771088190935
-1663 0.0 0.0019140702717004852
-1661 0.0 0.0019163749920758017
-1659 0.0 0.001918685269341716
-1657 0.0 0.0019210011236197387
-1655 0.0 0.0019233225751286447
-1653 0.0 0.001925649644185062
-1651 0.0 0.0019279823512040625
-1649 0.0 0.0019303207166997617
-1647 0.0 0.001932664761285918
-1645 0.0 0.0019350145056765391
-1643 0.0 0.001937369970686492
-1641 0.0 0.0019397311772321186
-1639 0.0 0.0019420981463318526
-1637 -1.5701049523757792e-06 0.0019671431562829633
-1635 1.5473779593409057e-05 0.0019117685590923075
-1633 7.370740758642315e-05 0.0019149045786967835
-1631 3.1011203042648685e-05 0.0019543198242767193
-1629 1.195850877731027e-05 0.0018962137250536797
-1627 9.981949476602021e-05 0.001994499971029962
-1625 -6.825746960581126e-06 0.0019221905647433836
-1623 5.652465171033372e-06 0.0019284903390070832
-1621 -2.0115311606781817e-07 0.0019115623604955792
-1619 -2.012979117731739e-05 0.0019369771368768771
-1617 -3.239996442230707e-05 0.0019631375747760837
-1615 -5.725536558955175e-06 0.0019582972913250807
-1613 -9.821516318379511e-07 0.002001184641728252
-1611 1.3619873072485516e-05 0.0020036803378983593
-1609 2.758694516461411e-05 0.001939414033675219
-1607 -3.7767101158461185e-05 0.001985092644190184
-1605 -3.9840157708256005e-05 0.0019996496643419188
-1603 -4.092138127899965e-05 0.002003022265350729
-1601 1.472688833652763e-05 0.0020063451387042383
-1599 3.485054295612247e-05 0.002037769316676102
-1597 1.6623011566097438e-05 0.001948026024376931
-1595 6.188200765593286e-05 0.0019849377473793108
-1593 -3.408826447673084e-05 0.0019657087252380988
-1591 6.219711216853862e-05 0.001973545772262368
-1589 7.533388439463415e-05 0.0019156685042123437
-1587 -1.1882804229898953e-05 0.0019994599965248334
-1585 1.5959612443553727e-05 0.0020074201055309505
-1583 -4.374162840659986e-05 0.002009080030745757
-1581 9.40445248548427e-06 0.002034184523964373
-1579 -1.9862617965460847e-05 0.0020389931479382235
-1577 6.823894317078534e-06 0.0020709783157992685
-1575 -4.872771925462008e-05 0.0019878036232714195
-1573 1.0048536847293538e-05 0.002026709500844456
-1571 1.7974941162914792e-05 0.0020186761326269832
-1569 -2.0028742485970224e-06 0.002020746822464183
-1567 1.689043406817539e-05 0.00203164039553025
-1565 -1.5014941165007505e-05 0.002026721233320524
-1563 -2.4068642969436906e-05 0.0020851262968656754
-1561 -5.448038034425398e-06 0.002051278601444865
-1559 -1.010130064770514e-05 0.002029856843273336
-1557 4.6336218690952905e-05 0.001980667076260482
-1555 -4.1194976966856534e-05 0.0020352876244662723
-1553 3.209402808751368e-05 0.0020240888803925252
-1551 -1.1767731538071612e-06 0.0020862697948591485
-1549 -5.6776935757052005e-05 0.002087304967805832
-1547 -7.4355182148446685e-06 0.0020758051314305813
-1545 -3.1401246871356765e-05 0.0020731799274935144
-1543 1.4417495190408218e-06 0.002092262845912154
-1541 -3.465405009612862e-05 0.0021019098479226382
-1539 -1.4996011773054069e-05 0.002074266189383246
-1537 -1.1403256112968963e-05 0.0020906885074591236
-1535 -1.9115233068664353e-05 0.0020581675405463066
-1533 5.042751575643037e-05 0.002029202739780211
-1531 -4.9273115467124225e-05 0.0020922068067190792
-1529 -9.578777742444249e-05 0.0020744321830319995
-1527 -5.540660816793899e-05 0.002066276406159839
-1525 -8.08043119998736e-06 0.0020722696614572504
-1523 2.1658276401239924e-05 0.002034198713021569
-1521 7.605419769616215e-06 0.0020749942103380574
-1519 3.417361651171168e-05 0.002075570249422218
-1517 3.234339036811183e-05 0.002084372099168591
-1515 -8.610817422944944e-05 0.0020607771683123157
-1513 -4.246775241568127e-05 0.002094854127768497
-1511 -3.978982790199955e-07 0.002147338324848162
-1509 -1.938075588536043e-05 0.0021233476539212134
-1507 -9.984607794208292e-06 0.0021275414679496757
-1505 1.921434851821982e-05 0.0021131623333553533
-1503 -1.609834982022743e-05 0.0021016200766150613
-1501 -7.649579243394877e-05 0.002094627866645458
-1499 -3.1739081810336434e-06 0.002181714592768637
-1497 4.2755055257315914e-05 0.0021169385538941307
-1495 5.31219473516275e-07 0.002095472259096572
-1493 9.006611527676996e-06 0.0021462679085668553
-1491 -4.687553226897596e-06 0.0021317777770380377
-1489 -2.658416864119415e-05 0.002197560562127921
-1487 4.252296238770626e-06 0.0021035506119693797
-1485 -6.472885052851457e-05 0.002160802825815355
-1483 -9.311509240104488e-05 0.002146602516378467
-1481 -2.277471861163724e-05 0.002159340841556418
-1479 -1.924389834045452e-05 0.0021438758958476434
-1477 -1.901920271918097e-05 0.0021869685498109256
-1475 1.1354675297878157e-05 0.002177715689587918
-1473 -2.4202533040474715e-05 0.002179646463827036
-1471 2.5654282952574967e-05 0.0022268521498166743
-1469 -6.535435377108873e-05 0.0022104046535400524
-1467 1.963496919463197e-05 0.0022094188550969424
-1465 -1.0114115596330849e-05 0.002213243031667128
-1463 -2.050440443990447e-05 0.002149770106232902
-1461 1.5385651556629348e-05 0.0022082645592825024
-1459 2.009809585416515e-05 0.0021278491343697248
-1457 -2.0648267777287377e-05 0.0022006155634747963
-1455 6.69539912772593e-05 0.0021711943352391823
-1453 2.7137104689322957e-05 0.002160926671848111
-1451 3.3378654907405987e-05 0.0022045531523520712
-1449 -4.1357018826320335e-05 0.0022126378779741187
-1447 -1.2699825871242208e-05 0.0022133001175009075
-1445 8.154744206798204e-05 0.0022864590592337223
-1443 -7.368473919549555e-05 0.0021967994368629206
-1441 7.222020195322043e-05 0.0022261523307798136
-1439 1.2055699883303555e-05 0.0021868567808635982
-1437 4.174013160777929e-07 0.002152377709305458
-1435 3.750294754077895e-05 0.002213807170686457
-1433 0.00010885833286517578 0.0022417981002608323
-1431 1.223162936285136e-05 0.0021943167137126168
-1429 -3.9907583051540055e-05 0.0021623661135271015
-1427 5.6488119504646554e-05 0.002310765179844219
-1425 2.139159773125543e-05 0.0022879800318000836
-1423 -1.804106676229559e-05 0.002274552383451982
-1421 4.2229462728211954e-05 0.0023072013147343033
-1419 6.757322644952361e-06 0.002261995855157454
-1417 4.839954169344748e-06 0.002319282881829221
-1415 -5.098262519098913e-05 0.00224267306954969
-1413 5.315001507776209e-05 0.0022158156714218295
-1411 3.5091192899562163e-06 0.0022554787365832163
-1409 -1.0470824999034996e-05 0.002231663507098908
-1407 6.025558888299851e-05 0.0022698409928040173
-1405 1.569662485109548e-05 0.0022501386225625237
-1403 4.33960620235846e-05 0.002186464030894703
-1401 4.047910017280166e-06 0.0022602577248067857
-1399 -1.7187187238964476e-06 0.0023453537138640903
-1397 2.713201821029485e-05 0.0022267985295051007
-1395 1.462271049142822e-05 0.0023176882117316726
-1393 -4.7796661551646825e-05 0.0023085369435561463
-1391 -3.394643941581001e-05 0.0022817649448931333
-1389 -3.92821742039953e-05 0.002215499822337175
-1387 1.0232798560920453e-05 0.0022814939901931587
-1385 -2.4910740781045348e-05 0.002227164360769151
-1383 -3.437416118816258e-05 0.0022313360792519665
-1381 -0.00010483808324312244 0.0023530038903211846
-1379 3.485367693547165e-05 0.002317834309908054
-1377 -9.505277992059298e-06 0.0023391662959728735
-1375 -2.931596662806451e-05 0.0023255219119496153
-1373 -1.8266828889770838e-05 0.002312087032214887
-1371 -1.0401524593691304e-06 0.0023716990157240324
-1369 -3.075944733950939e-05 0.002312809912315157
-1367 3.867477053042084e-05 0.002388880402702389
-1365 -2.23004909938217e-05 0.002320589144756032
-1363 -2.4506079351005386e-05 0.0023208415080098505
-1361 9.772240264742529e-05 0.0023298608429007
-1359 9.834777999663018e-05 0.0022714788849669916
-1357 -2.872632667527153e-05 0.002391190578770215
-1355 2.547934199394423e-05 0.0023768430907184185
-1353 2.2851775350822963e-05 0.0023515265565947495
-1351 8.354919282416901e-07 0.002322681380205068
-1349 4.029012434501643e-05 0.0023576914669335503
-1347 1.59831644209191e-05 0.002438164665386413
-1345 -4.890793534321633e-05 0.0024196352744387693
-1343 -1.6340959279650624e-05 0.0023680765644847933
-1341 1.1730672626244637e-05 0.0023574460177687253
-1339 3.0044968601770753e-05 0.0024041948160106338
-1337 -5.180812541517995e-06 0.0023709761324267062
-1335 -2.088446067803467e-05 0.0023656218286496047
-1333 -7.771730912439713e-05 0.0023665060788927495
-1331 1.0817202902026466e-05 0.002428375474871733
-1329 1.3020787556328314e-05 0.0023940125118815923
-1327 7.92319368013341e-06 0.0024540995630939087
-1325 -2.0741807238262285e-05 0.002408764752375468
-1323 5.4142186918792955e-06 0.002415933404098747
-1321 -2.5174261123924617e-05 0.002389953540931768
-1319 -1.4254328763604684e-05 0.0024375638547054976
-1317 1.096702599780939e-05 0.0023921345566755648
-1315 5.102927383237689e-05 0.002414158287457055
-1313 -4.660977436100568e-05 0.0024284289401696616
-1311 -1.8735386263565505e-05 0.0024326993043657136
-1309 -8.190806207966432e-06 0.002490460260172622
-1307 -6.3171648683007275e-06 0.002459019886955303
-1305 -4.340932470948178e-05 0.002459943638960548
-1303 2.3728465244050405e-05 0.0024602410386485984
-1301 1.8962223775829825e-05 0.002500741910907401
-1299 -1.666849332917338e-06 0.002458765856129692
-1297 -4.030748967218785e-05 0.002510364882953559
-1295 3.865543370005421e-05 0.002413962025444543
-1293 -6.705898334164344e-05 0.002451096614994484
-1291 -2.0093894317802596e-05 0.0024729787744234314
-1289 -4.023862272471452e-05 0.0025281073634885673
-1287 2.264606771178411e-06 0.002493163968724733
-1285 -6.749659227885797e-06 0.0025397354436528944
-1283 -1.6058866806257567e-05 0.0025176729155900962
-1281 -2.2443098016867628e-05 0.0024922916492458864
-1279 -1.5393894636263918e-05 0.0024966241511563737
-1277 -1.4406857323005045e-05 0.0024836506296137067
-1275 -1.5556727829074555e-05 0.0025426807308414384
-1273 1.2941173947563054e-05 0.002525986620043697
-1271 -9.560608990918346e-06 0.0024923342377532326
-1269 -4.738408740491385e-05 0.0025558749248467223
-1267 3.8922019003141784e-05 0.0025279068230696896
-1265 2.9641686785953753e-05 0.002475121249013315
-1263 8.266074625912236e-06 0.002487910087291675
-1261 -2.877382943458631e-05 0.00247253197031928
-1259 -1.55583423498977e-05 0.002501675830458347
-1257 2.358535087483686e-05 0.0025417546649081583
-1255 5.638180757770687e-05 0.0025620988792758328
-1253 -2.131235358007967e-06 0.0025247124322889253
-1251 2.21267006806325e-05 0.0025289269231200907
-1249 -3.951381897833563e-05 0.0025538086653133993
-1247 -1.3511995855822532e-05 0.002582267393751817
-1245 -5.311143327896374e-05 0.002543271776844605
-1243 -1.2631469780622794e-05 0.0025196979401155583
-1241 -2.2704879796031995e-05 0.0026428920425167874
-1239 1.314981557614337e-06 0.0026252083660565388
-1237 -2.937856915962312e-05 0.002598966890768416
-1235 -3.130134660053934e-05 0.0025810025687097674
-1233 4.033837661622046e-05 0.0026461996687267464
-1231 -3.379875511205132e-05 0.0025331034836442085
-1229 -6.806191714911089e-06 0.002652962660316475
-1227 -1.0235757845876553e-05 0.002593643053954076
-1225 -3.443511723318743e-05 0.0025437338860783577
-1223 2.1830784047211916e-05 0.002522147649446131
-1221 -1.2413493404090845e-05 0.0025897856521952542
-1219 -1.5114997334026838e-05 0.002641681835971708
-1217 -1.501060979910748e-05 0.0025873260383945463
-1215 -1.3098531241057796e-05 0.0025923590129705346
-1213 -1.6459327686647686e-05 0.0026610781019491226
-1211 5.3208535660849874e-05 0.002620029564228764
-1209 4.798978036664078e-06 0.002644146949636737
-1207 3.322684615493186e-05 0.002587339655482597
-1205 6.163691015191262e-05 0.0026094018155102547
-1203 -1.2855331336878383e-05 0.002692518071459903
-1201 1.2008681213608198e-05 0.0027053312891324793
-1199 5.049768665692355e-05 0.0026587542766816344
-1197 -2.7165250514638874e-06 0.0026002759564425796
-1195 -7.343531708605541e-05 0.0026466041139843045
-1193 1.5437365100048408e-05 0.002668432324005002
-1191 -6.288116734381194e-05 0.002629110706643785
-1189 -1.0589542770446138e-05 0.002639056541786236
-1187 -1.2874011503226888e-05 0.0026399636913939806
-1185 -3.508580387184844e-05 0.002673174109733094
-1183 -5.917693393270357e-05 0.00262608645384924
-1181 -1.402982405831453e-05 0.0026937049785750824
-1179 1.7694443186836985e-05 0.0026097561810125786
-1177 -6.324167877410427e-05 0.0026839207759538496
-1175 1.7610577665844513e-05 0.0026910338941903496
-1173 -9.81542539911734e-06 0.0027632047669653454
-1171 -5.853767225746077e-05 0.002733102326085153
-1169 -5.744647563837901e-06 0.002719033703483515
-1167 5.899397635160962e-06 0.002678568577209051
-1165 -4.306725119454937e-05 0.0026820639044355566
-1163 3.843709930388582e-05 0.0027006875367893133
-1161 4.063278002908848e-05 0.0027334865698970603
-1159 6.332629562466157e-05 0.002703661543126193
-1157 -1.2900443834084572e-05 0.002785981887317582
-1155 -6.465152628883861e-07 0.0027555913525895937
-1153 1.5116952886040163e-05 0.0027382275884976675
-1151 5.5579668095357206e-05 0.002723111043972013
-1149 -4.1284694612924355e-05 0.0027675933913561147
-1147 -3.553404228964336e-05 0.0027848858322915473
-1145 -2.615090805051719e-05 0.002758521498608502
-1143 7.090419471570463e-05 0.0027512519367406995
-1141 3.118445079935839e-05 0.0027943873656027757
-1139 3.912542277384348e-05 0.0028298486584003406
-1137 -1.2218037171727368e-05 0.002786685328845095
-1135 3.0896100723935455e-05 0.0027914489912701803
-1133 -1.8470065661848352e-05 0.002753787970997304
-1131 3.672198659315982e-05 0.0027804258512718317
-1129 2.915429688245595e-05 0.0027732530630100076
-1127 3.2501986490452754e-05 0.0028181096556378882
-1125 -1.9472360720569055e-06 0.002863373004068052
-1123 1.7671576376470657e-05 0.0028418756090596103
-1121 5.014136240404398e-05 0.0028270010607622385
-1119 6.792020518358562e-05 0.0028394560239910984
-1117 1.0805682702594244e-05 0.0028645758793213864
-1115 3.9044488349380114e-05 0.00289478974236674
-1113 2.328778328661631e-05 0.0029095972851703707
-1111 5.4300836297970957e-05 0.0028711409273033616
-1109 3.5538817145199546e-05 0.002816777003765775
-1107 -2.645997037737032e-05 0.002891733583106988
-1105 4.548883541577115e-05 0.0029032537792332267
-1103 4.6254801476761906e-05 0.0028557551174565733
-1101 1.2072594853703261e-05 0.002913425223526353
-1099 2.9920896099660788e-06 0.0029104885411819926
-1097 -1.8264625761171792e-05 0.0029126602884459872
-1095 2.5434489543152984e-05 0.002875984590821891
-1093 -2.206577203707614e-05 0.002929655604769274
-1091 5.255276800809113e-05 0.0029179784171472363
-1089 3.7440090721729595e-05 0.0029476926575804085
-1087 -4.2063558985515096e-05 0.002903196334702595
-1085 7.465368987899493e-05 0.0029173524070793323
-1083 1.1908410216599738e-05 0.002938689836271933
-1081 -1.8495239759337077e-05 0.002894206765214784
-1079 1.631912045925449e-05 0.002948403659066305
-1077 3.912844048660349e-05 0.0029212884395580685
-1075 2.7992260274498693e-05 0.002935723152343827
-1073 3.6902442639270804e-05 0.0029273917237484207
-1071 3.93720316982045e-05 0.002956382111642557
-1069 3.614970814833408e-05 0.0029435100706464586
-1067 -9.46423791729743e-06 0.0029630982022829946
-1065 1.733295367610299e-06 0.003008187475472666
-1063 -2.818516453752176e-06 0.0029961341126119347
-1061 1.0515926856911325e-05 0.0030148156325965738
-1059 1.4794516962564347e-05 0.0030454852946118034
-1057 3.8262608629392816e-05 0.0030025682621535195
-1055 4.987516250050221e-05 0.0030059607491077986
-1053 3.8803731331972684e-05 0.0030462555322943153
-1051 -1.778746546618756e-05 0.0029745394804998283
-1049 -5.275210164234515e-06 0.003022523165942981
-1047 -3.0794721378568944e-05 0.0029689487876494052
-1045 -1.9837445578968586e-05 0.0030520881919563303
-1043 4.986400117174465e-05 0.003082788033081922
-1041 -6.376054373037867e-05 0.003076828963758078
-1039 -3.7600403556707914e-05 0.0031316887272912464
-1037 7.686553927087505e-06 0.0030371984011512837
-1035 4.5794502140675925e-05 0.003058263003159727
-1033 1.0900547816873902e-07 0.003029513202577987
-1031 -7.38953552331623e-06 0.00309502961626121
-1029 -2.0427693786435978e-05 0.0030916351339129373
-1027 -1.966521557011201e-05 0.003086327903303601
-1025 2.1394595697970324e-06 0.003174741087311336
-1023 2.777291973306565e-05 0.003092863528857926
-1021 -7.418910750545057e-06 0.003152899129562455
-1019 -2.0477000328407803e-05 0.003073784391382396
-1017 -3.6960767515147634e-05 0.0031698415321562167
-1015 2.5830058858631532e-05 0.003163038612451222
-1013 5.743871669483833e-05 0.0031340447864840653
-1011 6.173972056761336e-05 0.003157620171201132
-1009 -2.6167860672830337e-05 0.003195169948577379
-1007 4.600396126380807e-05 0.0031890054763393677
-1005 -1.989085640611865e-05 0.0031711370196500243
-1003 5.6433939555728425e-05 0.0031572864760848187
-1001 9.539309892654748e-06 0.003154815826914129
-999 1.99503787608332e-05 0.003190998107967817
-997 7.191880069156711e-06 0.0032010600245321688
-995 -1.3880263346533497e-05 0.003169390877215172
-993 1.4409033675947709e-05 0.0031662916853465025
-991 1.457649514792197e-05 0.003285101725217261
-989 1.2176920724064485e-05 0.003235690119097927
-987 3.551952482005933e-05 0.003214784460527606
-985 -6.13103906716199e-05 0.003236934975767609
-983 -5.121260792685245e-05 0.00322040957164301
-981 -4.0764434151111185e-05 0.0032182686005216127
-979 5.3371565628007825e-05 0.0032485087165639815
-977 -3.071352377141071e-05 0.003308231457218343
-975 -2.1313583216588207e-05 0.003361972912813224
-973 -9.76223944409993e-06 0.003319252982011032
-971 -8.572271457070444e-06 0.0033056118725659765
-969 -2.315331696746461e-05 0.003287825315965941
-967 2.0134127721229257e-05 0.003239214928517363
-965 9.611084784138904e-09 0.0032608576393003356
-963 4.084250511793887e-06 0.0033000744722345024
-961 -1.6657222539661435e-05 0.0032894026372936266
-959 -2.9016735292256693e-05 0.003302700562912051
-957 3.266641980505264e-06 0.0032970662215911985
-955 5.437435123495636e-06 0.0033029362614624045
-953 -2.672992520778239e-08 0.0033732634716632935
-951 1.0548044202416316e-05 0.0033798461184287695
-949 1.7059514580748957e-06 0.0033330114082997797
-947 -2.5078319363793053e-05 0.003400578176500748
-945 -8.22778245173828e-06 0.0033207989578463337
-943 -3.067803668550387e-05 0.003309304322614944
-941 2.471806981118991e-05 0.0033765024960999055
-939 2.6265534276235856e-05 0.003369984230599009
-937 2.0699531161110148e-05 0.003434489564692053
-935 -7.608156840574254e-05 0.0033822810062112897
-933 2.9767767813424257e-06 0.003517883860684985
-931 1.0387737406030924e-05 0.003504923072254146
-929 -3.5694523936680236e-05 0.0034810224289433256
-927 -1.3891475194935131e-05 0.003447900440993361
-925 6.943511067059004e-05 0.0033927788399909908
-923 4.052746794804538e-06 0.0034786544605358333
-921 3.205887933048326e-05 0.0034122290385790234
-919 1.7119557235880282e-05 0.0034697025416792434
-917 3.121181278532053e-05 0.00342401960214563
-915 1.3678738987786095e-05 0.003431472937999426
-913 -8.067850083871093e-06 0.003422837481260139
-911 1.1592328181253928e-05 0.0034989995381773734
-909 -3.37892169710693e-05 0.0035465431288320024
-907 -3.518999030176134e-05 0.0035171146123315388
-905 6.0733867578683404e-05 0.0035182539740777376
-903 1.7443731463096492e-05 0.0035432384224896598
-901 -1.2488094142042103e-05 0.0035016309855697776
-899 2.206423305313269e-06 0.0035359265325722302
-897 -7.66483332517762e-05 0.0035439678620455706
-895 -0.00012064101154515407 0.003542401550937042
-893 7.626169026142012e-07 0.0035338268355706646
-891 -1.305541186382808e-05 0.0035181817868555503
-889 4.324358485543749e-06 0.0036071846973047455
-887 -2.6244505740770038e-05 0.003603701894978336
-885 -1.0403026181076502e-05 0.0035783147319130735
-883 -2.7356715914119972e-05 0.0036072085548313868
-881 -2.605299978035412e-05 0.003608225178003691
-879 -9.385840179382403e-06 0.00367026559084594
-877 -7.517526730850879e-06 0.0036000384039746947
-875 2.5422403210694693e-05 0.0035975288915164427
-873 -3.2202603752158878e-06 0.0036411305526095183
-871 5.089154410706281e-05 0.003620074201304469
-869 -1.521480166841346e-06 0.003634726414336278
-867 -4.0377455033896396e-05 0.0037429722831836356
-865 -2.67283635541928e-05 0.0037183864170585593
-863 6.706236945145839e-05 0.0037322466924474764
-861 7.082526807392357e-05 0.003685368767170992
-859 1.1365457303331539e-06 0.0036755642708848945
-857 6.216498664940295e-05 0.003781871914449019
-855 -7.907896060765973e-06 0.003763150881865392
-853 1.8852084307529675e-05 0.003768658975172212
-851 -4.018339996143842e-05 0.0037480906658203168
-849 3.326804565119004e-05 0.003768793968155313
-847 2.253263656040322e-05 0.0037046413097161163
-845 4.881166230610631e-06 0.003743833109665081
-843 -3.8873863354661395e-05 0.003770713977909853
-841 -5.33187666967698e-05 0.0037934287525269576
-839 3.984670627201301e-05 0.003781946623726339
-837 -2.8425167465137067e-07 0.003809524530645193
-835 1.3338541208813262e-05 0.003783054270646226
-833 -3.600892877164077e-06 0.003926106673527881
-831 -1.3403388849889398e-05 0.0038455354479724015
-829 -1.9854018618139128e-05 0.0038806343847810356
-827 -1.3642383389724247e-05 0.0038878360694852856
-825 -1.5123263386207193e-05 0.003841388036098317
-823 2.203608593320553e-05 0.00387760310535907
-821 -4.4890229229112816e-05 0.0038662978051368303
-819 -1.897459938825975e-05 0.003923709867037088
-817 -3.712718530787893e-05 0.003898614028366574
-815 1.9366833746360204e-05 0.003934268446376629
-813 2.7338271246580757e-05 0.003893043750328788
-811 1.6381551660961207e-05 0.0038923345358696116
-809 -8.67736715271183e-06 0.003946726213008628
-807 -2.4289689486994243e-06 0.0039446123778222025
-805 2.4991951277290123e-05 0.003950671127549074
-803 2.4149363763060694e-05 0.003944681014989197
-801 -3.0388594777369264e-05 0.0040000808402370445
-799 3.740552361317123e-06 0.004040487951543133
-797 1.482227957997308e-05 0.004004833428051378
-795 -5.263954437225396e-05 0.004008653836057926
-793 4.604056052609219e-05 0.004006950563257433
-791 6.713950740128848e-07 0.004024818457168014
-789 -3.25002136321139e-05 0.004035146282596402
-787 -7.547336831986471e-05 0.004018124124873416
-785 5.483816375824777e-06 0.004043913849490182
-783 8.294631513507328e-05 0.004050757960813963
-781 3.4428660675812415e-05 0.004020775148412541
-779 5.291376170325492e-05 0.004081250388187721
-777 -5.303990472676466e-05 0.0041172805455445705
-775 -1.9719032584365726e-05 0.00412256126311757
-773 -1.0544802760345054e-07 0.004121815138335168
-771 2.4040510302631698e-05 0.004098201327747076
-769 -1.2890234700790504e-05 0.004119638153611962
-767 4.0418811129148255e-05 0.004112102132074542
-765 -2.307320248690734e-06 0.004141266941680402
-763 -3.2785677620652005e-05 0.004133869337172383
-761 6.718281818314256e-06 0.004184448990713287
-759 -8.24352703934871e-06 0.004177014416052785
-757 6.0908772677572485e-06 0.0042080469646877386
-755 -4.887743524875558e-06 0.00421436803783206
-753 -1.848422181247104e-05 0.004147109200236132
-751 9.299148465493543e-06 0.004252484022721021
-749 5.5526403882848454e-05 0.004244652153816473
-747 4.242772703725274e-06 0.0042659110318494725
-745 5.524377711076979e-05 0.004203649003420749
-743 -2.096920587697324e-05 0.00431933217637671
-741 4.152938840581041e-05 0.004359243034564394
-739 -4.6071504897910854e-05 0.004366828554524927
-737 -2.41503630302511e-06 0.004275648576293103
-735 -8.929082741734092e-06 0.004337685403715772
-733 -2.6100327755956362e-05 0.004333162368342184
-731 -5.3505293572322034e-06 0.004327814617284274
-729 -2.0523371834632047e-05 0.004366623692016471
-727 -5.2803288630570984e-05 0.0043939697152968705
-725 -2.0417221853567145e-05 0.0044159613948315255
-723 3.939310571696156e-05 0.00441618693033799
-721 2.3590493016352457e-05 0.004401957518502901
-719 2.822095466062791e-05 0.004399330150421547
-717 4.0919200953991083e-05 0.004454710214804645
-715 4.762851353476382e-05 0.004473666547652994
-713 5.001527189314164e-06 0.004454986296172187
-711 -6.0380490467069154e-05 0.004455267594614911
-709 -5.9821320710670425e-06 0.004524425708751546
-707 -9.985813169899709e-06 0.004491541590279996
-705 3.2613643202073154e-05 0.004475636630148868
-703 -3.8791770003737836e-05 0.004479130131352105
-701 -1.566109944648312e-05 0.004548014738671867
-699 6.433064237447305e-05 0.0045518399097509805
-697 5.052297623351571e-06 0.00459362348825668
-695 -3.1850891186650804e-05 0.004612988027392187
-693 -2.1224790578985275e-05 0.0045808218465980275
-691 -4.438715746281385e-05 0.0045916861931035845
-689 -8.466113352218638e-05 0.004655982275499355
-687 -6.749680300578061e-05 0.00464326568833733
-685 1.1947489295026141e-05 0.004653482681459451
-683 3.2776400921085765e-05 0.004639732170673286
-681 1.893959547512875e-05 0.0045961894660829245
-679 -4.080392046716778e-05 0.004691606558715096
-677 -3.6032921541505737e-06 0.004750914500987072
-675 3.117438566372415e-05 0.0047419780524802085
-673 -4.070117108956183e-05 0.004724483470629762
-671 -7.966447114660327e-05 0.0047676518987480225
-669 -7.65664413539036e-06 0.004744409570680821
-667 -3.6127832890957376e-05 0.004806788578097321
-665 -5.677766453708111e-06 0.004762542808566932
-663 -4.839677677797278e-06 0.00489104817300083
-661 3.709606440551106e-05 0.004814443256252407
-659 -4.4171297360901945e-06 0.004833366962902636
-657 -6.209615260831348e-06 0.004850748680305414
-655 8.112588041862645e-06 0.004853582132040771
-653 3.441887388124594e-05 0.0048599971209104306
-651 -9.247836945821313e-05 0.004939082970260745
-649 3.506503479597314e-05 0.004927733300043172
-647 -1.1731725148331139e-05 0.004925852571676009
-645 4.96166581398249e-05 0.004883460801111374
-643 3.9885011963988064e-05 0.004950177846333991
-641 8.449047427668352e-05 0.0049341820828304895
-639 4.163825005969285e-05 0.0050380546029333215
-637 6.42955115891697e-05 0.005056846419277154
-635 2.9440001108081078e-05 0.005013000969615494
-633 3.484561675902007e-05 0.005039175344262279
-631 3.207576664887354e-05 0.005030575661225646
-629 2.1587095359903915e-05 0.005038270341969113
-627 -6.390264545326921e-06 0.0050151235963589716
-625 -9.71192101315787e-06 0.005010056321579993
-623 -1.759247482244075e-05 0.005101721951688258
-621 -9.905004301707063e-06 0.005108250262460939
-619 2.6313878927852117e-05 0.005126541776916816
-617 -1.6878294719732285e-05 0.005162905718554993
-615 -2.2714870652022564e-06 0.005172248781740693
-613 3.7042626821759145e-05 0.005198990976386477
-611 -3.106636696469004e-05 0.005209195439586789
-609 -2.7963628443911978e-05 0.0052509131543605194
-607 -1.5778498016262517e-05 0.005248949800640272
-605 -2.6693906208985303e-05 0.005322805323972207
-603 -1.8042235724716067e-06 0.005257096140447691
-601 3.780866648739223e-05 0.005327545903768488
-599 4.438400114706713e-05 0.005319155692427848
-597 1.1565982553389442e-05 0.005354330210189518
-595 -2.9921181183350028e-05 0.005368378532265511
-593 -2.006520766975069e-07 0.005314102085449143
-591 1.378108321943231e-05 0.0053866171972086554
-589 5.6140991080145335e-05 0.005389083468231232
-587 2.8705466413787628e-05 0.0054384089630583185
-585 4.812477850315404e-06 0.005480270075443777
-583 6.12249736072874e-05 0.005434814620965011
-581 -6.533037389576427e-05 0.005516228788767209
-579 1.6258434383301694e-05 0.0054721261258254515
-577 6.074020587533585e-05 0.005552593914887075
-575 0.0001160541186614179 0.005522990154088201
-573 -2.969455714773808e-05 0.0055911157547288304
-571 2.1377033999054943e-05 0.005541898663395868
-569 7.838156474715667e-06 0.005521933547345158
-567 5.693723182883618e-05 0.0055951705385815865
-565 1.450191222688306e-05 0.005652218814438045
-563 3.575029348945666e-05 0.005623077729263877
-561 5.03423946455295e-07 0.005625467446691785
-559 -9.117360831956732e-06 0.0056530735434252985
-557 -1.3924288380483824e-05 0.005715718450787009
-555 -4.6776714157592493e-07 0.005744925513375143
-553 2.114361091568237e-06 0.005792489034998904
-551 -2.741643444229011e-05 0.005800092208233755
-549 8.15651682538676e-05 0.005806561003173903
-547 3.321654369567332e-05 0.005844537209366801
-545 7.044076034206288e-05 0.005896169524667496
-543 8.772802631075054e-06 0.00582652663557082
-541 1.0811756889164403e-05 0.00589974600981641
-539 6.175092827820314e-05 0.0058909480522166885
-537 3.283674361522206e-05 0.005903198792378694
-535 5.3298200843318177e-05 0.005950145241319291
-533 3.186815714714378e-05 0.005986215287993616
-531 1.3384868490483053e-05 0.005991187605260123
-529 -3.8838602151644366e-05 0.005969652569924818
-527 2.8942669637142782e-05 0.006011508748326647
-525 -3.552750713532414e-06 0.006078071957144477
-523 -4.486726202647488e-05 0.006101697647832488
-521 9.941627215944447e-07 0.006104302670197721
-519 2.3252695068869682e-05 0.006091008952540629
-517 -4.5429582415917606e-05 0.006118899256746108
-515 1.413694373011015e-05 0.006157978683745425
-513 -1.0769463527020242e-05 0.0061276784065326636
-511 1.8288756524823874e-05 0.006226756616508875
-509 2.5505858469865447e-05 0.006219862468089913
-507 -5.650538467954062e-06 0.006231916128938009
-505 -2.1736942111593467e-05 0.006312930619791494
-503 -3.225625623252088e-05 0.00632293538988156
-501 2.5539435059273377e-05 0.006367330597263789
-499 1.3025349911293472e-05 0.006377351421197065
-497 8.007032827791457e-05 0.006385023542050554
-495 -2.692553608989624e-05 0.006457405967370234
-493 -3.5397057151279437e-05 0.006443995382484798
-491 4.570085605927342e-05 0.006469855940328535
-489 -4.922135753640273e-05 0.00649387923540141
-487 9.378652660498238e-06 0.006560786954806532
-485 -2.0627774922940748e-05 0.0065724601039619255
-483 2.335469026049858e-05 0.006588103264978273
-481 1.871566641708196e-05 0.006613654048536965
-479 -4.728096160829546e-06 0.006621510020251996
-477 1.3801558309390397e-05 0.006697978167762388
-475 1.834367383258965e-05 0.006777955975076547
-473 2.7208209102480354e-05 0.0068122803817848125
-471 -5.505653066992222e-06 0.006762399273070978
-469 5.509172866110482e-05 0.006826909557260007
-467 -1.4728528447986611e-05 0.006840957629682137
-465 -5.895395749302169e-05 0.006862611611986253
-463 -4.6389014888168666e-05 0.006929227315287887
-461 3.0320518245359117e-05 0.006891113715562656
-459 -1.0479356715168021e-05 0.006914865688967961
-457 6.159414642394059e-05 0.0070352218445296245
-455 -4.720549939204765e-05 0.006965621131447148
-453 1.3990782777642945e-05 0.007090368865116909
-451 -2.1213873336119502e-07 0.007050636597310476
-449 4.919075271937951e-05 0.00710801078936812
-447 1.158025787037974e-05 0.00715584073742839
-445 -2.7397607696542253e-05 0.00714691142054905
-443 -5.572709176976698e-05 0.007233812363210482
-441 3.905996782084619e-05 0.007239731347624907
-439 1.2996836231964122e-05 0.0072494517083238055
-437 -2.243975991052647e-06 0.00725064808844519
-435 5.429289324641317e-06 0.007320912445557992
-433 1.9808210563147018e-05 0.007355931060937097
-431 -9.546920684740143e-06 0.007411529534638122
-429 4.8047082598602805e-05 0.0074326431099738825
-427 1.2009160706366639e-05 0.007359234262330912
-425 -6.4334145627829034e-06 0.007468939902880672
-423 -2.6535281331827174e-05 0.007516994777226661
-421 -3.24261819249852e-05 0.007510784778510713
-419 8.019862278425247e-05 0.007621539255769177
-417 6.276491904768217e-05 0.00762966175197127
-415 5.647012030427177e-05 0.007703950962171456
-413 -2.6968241059162618e-05 0.007701080237356464
-411 -4.931566021789264e-06 0.007700946027559683
-409 4.266108650557492e-05 0.00779050915360712
-407 2.3035375175748343e-05 0.007882187096334743
-405 4.0639124250271125e-05 0.007914447542674726
-403 -1.1930891296169844e-05 0.007888715544571325
-401 1.8826387105499344e-05 0.008001202441919942
-399 -1.9258800262080863e-05 0.007970909350405052
-397 4.38025213140469e-05 0.00803125008534526
-395 -1.3305884600177718e-05 0.008011593502409167
-393 -2.249867188714726e-06 0.008053117227199714
-391 3.658033241544595e-05 0.008160630366463402
-389 2.407228085942282e-05 0.008186971508755143
-387 8.070380831761301e-05 0.008199509519058672
-385 -2.419062237112218e-06 0.008240091342866337
-383 -3.279935355293188e-05 0.008315781355358126
-381 -4.683180168864296e-05 0.00835602763691439
-379 4.5741010505278736e-05 0.008454437970156933
-377 -2.1629792598650136e-05 0.008494251476771087
-375 1.1658783071005397e-05 0.008507298281150669
-373 3.391835290427446e-06 0.008581691539709333
-371 -5.3945840536986854e-05 0.008630442198629781
-369 -3.663693880021665e-05 0.008643307541471865
-367 -3.811800836418992e-05 0.008730454713351527
-365 -3.296646510369871e-05 0.008702856515620123
-363 1.093014978080456e-05 0.008730418609494214
-361 -1.9644900207886092e-05 0.008816332037458593
-359 6.256804747609311e-05 0.008899791254628591
-357 -1.1808848591948398e-05 0.008913388445291524
-355 -9.046406556145114e-06 0.008988526115687422
-353 -2.1147766370118413e-05 0.00904253700348578
-351 3.0139293876586827e-05 0.00910240489472431
-349 -1.652844829262137e-05 0.009142821402630877
-347 3.247566781414233e-05 0.009195900983906206
-345 2.0111662652423423e-06 0.009179882042155845
-343 -1.0702196508820142e-05 0.009261480549065042
-341 -3.735882411454382e-05 0.009388410439904795
-339 6.629087639940229e-05 0.009371962486696693
-337 -4.977175094122552e-06 0.009385499470037886
-335 5.119318555093727e-05 0.009534759848877262
-333 -2.534454842938189e-05 0.00955733334246375
-331 -8.409924320336522e-06 0.009592894031608437
-329 1.3876972968275522e-05 0.009712808369076871
-327 -7.131163556132038e-05 0.00974001479675778
-325 1.716666892810052e-05 0.009793876462546286
-323 6.988983553952123e-05 0.009827025811937036
-321 4.8924095968593066e-05 0.009876378203617104
-319 1.8810194770466422e-05 0.009953237361478275
-317 -1.7103144060116906e-05 0.010056582784900967
-315 4.93320654638589e-05 0.010079731273730835
-313 -3.3551181948877166e-05 0.010172532938392582
-311 -2.3874317439359286e-05 0.010199369423389872
-309 -1.810676340374418e-05 0.010310426056945056
-307 -2.4492518302877676e-05 0.010323945680773109
-305 7.517687324393177e-07 0.010469168736655652
-303 -8.59476172884882e-06 0.010507658850028441
-301 -9.918754299458006e-05 0.010528605972448271
-299 3.729849360246798e-05 0.01064928880060206
-297 -2.6959164824899352e-05 0.010729409840875599
-295 9.24365851640919e-06 0.010759041688932835
-293 3.5640568030398045e-05 0.010958540233931849
-291 2.5363396384580853e-06 0.01087311564383846
-289 -1.0060700654341276e-05 0.011004736866561938
-287 -4.914051902194891e-06 0.011155143204885294
-285 -7.107075030473636e-05 0.011111919752201741
-283 -1.822471513155702e-05 0.011305102169742088
-281 2.4507432391357285e-06 0.011306827457826641
-279 -1.1913645553839096e-06 0.011420502612174891
-277 -1.1073769444359165e-05 0.011412629423875545
-275 2.0675124527052943e-05 0.01160612150802946
-273 4.570458144250727e-05 0.01164859209541226
-271 6.174825923811393e-05 0.011732185209894537
-269 5.808461460869609e-05 0.011853994320650724
-267 1.5269902155130913e-05 0.011908306977740741
-265 5.139149354246927e-05 0.012038943285028678
-263 4.455511323716509e-06 0.012026540672920668
-261 -2.40829660403756e-05 0.01224137331345446
-259 -8.291225581510752e-05 0.012230746452354578
-257 1.6340911032297327e-05 0.01240963220264104
-255 -3.788764576795789e-05 0.012463210686069991
-253 -1.7789554963750602e-05 0.012632418701255243
-251 -5.176550195075104e-05 0.01258742264098375
-249 -4.7730055117165645e-06 0.012792992990246636
-247 1.6687022552007707e-05 0.012889830040525001
-245 -1.1483118792570478e-05 0.01301727613101528
-243 -8.336723896834296e-05 0.0130857040954229
-241 -8.010897254190291e-06 0.013169113384619917
-239 -6.57332107308647e-05 0.013299811800054517
-237 -5.0436022466824614e-05 0.013375192392577633
-235 3.758260897052342e-05 0.013532485522468458
-233 -2.2991843418314268e-05 0.01363804255354444
-231 -4.183831307228642e-06 0.01376521741155873
-229 2.6906138201666375e-05 0.01386577283805751
-227 6.468680322165788e-06 0.01409938819609571
-225 2.118009837328779e-06 0.014136022912216353
-223 -2.2192043634701375e-05 0.014250130920134357
-221 -6.5940065694560505e-06 0.014404218127034383
-219 2.3009684839716128e-05 0.014602119556572011
-217 4.165010475359874e-05 0.01466616038226842
-215 9.637979225600535e-06 0.014746691816459873
-213 3.608237221210464e-05 0.014912777311011404
-211 3.84364133621394e-05 0.015070250606575016
-209 -8.69790068745819e-06 0.015194610772306093
-207 -1.55234626564797e-05 0.015363896666654728
-205 3.127150009401866e-05 0.015528412946650876
-203 -7.201970068868308e-06 0.015661687959290432
-201 3.206677988674433e-05 0.015825468710616658
-199 6.51884866870616e-05 0.015935220446783763
-197 2.130873756577702e-05 0.016119578942963293
-195 6.943323786001387e-05 0.016343533116280343
-193 1.6885451752180442e-06 0.016578082666315837
-191 5.1886275937011336e-05 0.016692774111134262
-189 1.5157148701965876e-05 0.01682382381232505
-187 -2.7249817029678528e-05 0.017019551663927043
-185 2.7395943411120134e-05 0.017260116098053863
-183 -3.2140733726778906e-05 0.017407570801392633
-181 1.359825388973111e-05 0.017607896523185684
-179 4.243224204951224e-05 0.017803549039473766
-177 -3.0454858896372553e-05 0.018057883570674504
-175 -3.3212407696659574e-05 0.018177591497902372
-173 -4.5230704522766744e-05 0.018397772380971563
-171 -5.7628363273022325e-05 0.018582867924284777
-169 3.565152548822177e-05 0.018836706090792937
-167 -1.8870256245642754e-05 0.019064034322589418
-165 5.274005104502071e-08 0.01934262742557744
-163 -2.0414417777242703e-05 0.019527924187862145
-161 -4.9893630733781696e-05 0.019708114274918462
-159 -1.680716968892442e-05 0.0200079512576592
-157 -5.581501384818283e-05 0.020270577074724308
-155 -2.4507242402529528e-06 0.020553216922321014
-153 -5.8737446171858835e-05 0.020729687978531586
-151 -3.481273109805168e-05 0.02107846090518578
-149 1.0100016834899707e-05 0.0213525643787272
-147 3.879310772707764e-06 0.021660682462871405
-145 -1.5792161463479892e-05 0.021968638470129254
-143 6.8070933829756925e-06 0.02223066002880242
-141 4.46843504022453e-05 0.022537103832757772
-139 -5.257909483392637e-06 0.02289960386446235
-137 3.116281018714491e-05 0.023227419177382275
-135 -8.448444285867818e-07 0.02355785920972003
-133 -1.0823826932941228e-05 0.024004872058706873
-131 -2.9674735493900268e-05 0.02423473701624498
-129 -3.1803776856012875e-05 0.0247417704722084
-127 -2.593355641110701e-05 0.02507498474708339
-125 1.2270899503102528e-06 0.025431711396589646
-123 -2.9630850401785075e-06 0.025859307100077198
-121 1.8086490737685124e-05 0.026325392495691553
-119 -5.4291064618468846e-05 0.026719633791571495
-117 -1.1414081700028236e-05 0.027215415776893844
-115 -6.588054696346065e-05 0.0276467749796063
-113 -5.166513517794964e-05 0.02817090291465011
-111 6.0456049171286805e-06 0.02866592415763194
-109 -9.057740867905659e-05 0.02918700543977973
-107 -2.5220607800591567e-05 0.029717847023896737
-105 -3.8203604863036746e-05 0.0302948667498842
-103 3.223803498942706e-05 0.030956760618029475
-101 -1.4178438823498681e-05 0.031528247953331846
-99 2.1665750400593236e-05 0.0321475016551662
-97 2.9225686711440234e-05 0.032796568030401374
-95 -5.647479361188377e-06 0.03348449708652522
-93 2.4651174975210663e-05 0.03428609618103618
-91 9.757324383505644e-05 0.03496048257168635
-89 -1.83728156643434e-05 0.03575185012486516
-87 9.018526798632183e-06 0.036538464963228136
-85 3.27277871346977e-06 0.037447817936598286
-83 3.21434207790009e-05 0.03827365141342124
-81 -4.778741391567244e-05 0.039285799277202355
-79 9.820810272539229e-07 0.0402879941227986
-77 -4.086894151362084e-05 0.04135225495172992
-75 3.1267266228497524e-05 0.04242353769436724
-73 1.3590281199687366e-05 0.04357315898457135
-71 -5.805685048044578e-05 0.044806499857340386
-69 -7.87268197919074e-05 0.04611762270972262
-67 -1.3120852596544417e-05 0.047454509340920825
-65 3.3679696113143176e-05 0.04891139723858546
-63 -1.1571053432865298e-05 0.05050201315517013
-61 -1.9740177142285345e-05 0.05211541242067787
-59 -3.4736089339656835e-05 0.05382573346500809
-57 -9.834244358440134e-06 0.05579637580349928
-55 -3.603313930125674e-05 0.05780182898470471
-53 2.0321628589180772e-05 0.060006922307348734
-51 -3.169673547096261e-05 0.062349360061104246
-49 -2.8591946817978795e-05 0.06488453830831538
-47 -4.4635537452635235e-05 0.06762503209028368
-45 -2.928230022970953e-05 0.07062185774036558
-43 3.0694281217536055e-05 0.07390169123233249
-41 8.971525611413632e-06 0.07750797993112615
-39 3.9057111678361466e-05 0.081433936954993
-37 3.0282017983538858e-05 0.08577615794112044
-35 -5.610743582147231e-06 0.09069844312727085
-33 -3.965042993207669e-05 0.09612952818383458
-31 -7.965243967419206e-05 0.10225672672996959
-29 -3.3932082463445875e-05 0.10924794239369495
-27 -0.00011834000611649445 0.11729692899945122
-25 3.7576757940559335e-07 0.1266007260349992
-23 6.001106234818053e-05 0.13749273146344784
-21 -8.050277998891982e-06 0.1503362026410253
-19 -7.000477548893968e-05 0.16585494251242264
-17 -4.802783157663894e-05 0.18485102140828746
-15 -2.0718875011932967e-05 0.2087541144048658
-13 2.198952187752088e-05 0.23964864990231557
-11 1.1510156028070696e-05 0.28088184104019553
-9 -6.267222350798377e-07 0.3386927230883585
-7 4.05964198038864e-05 0.42465736840155094
-5 3.3352577173647446e-05 0.5636468195076351
-3 6.46871805675767e-05 0.8162395671581142
-1 6.330331763021025e-05 1.40351098652547
1 6.330331763044723e-05 -1.40351098652547
3 6.468718056761017e-05 -0.8162395671581142
5 3.33525771736607e-05 -0.5636468195076351
7 4.05964198038887e-05 -0.42465736840155094
9 -6.26722235079675e-07 -0.3386927230883585
11 1.1510156028069804e-05 -0.28088184104019553
13 2.198952187752906e-05 -0.23964864990231557
15 -2.0718875011961824e-05 -0.2087541144048658
17 -4.802783157660113e-05 -0.18485102140828746
19 -7.000477548894287e-05 -0.16585494251242264
21 -8.050277998895702e-06 -0.1503362026410253
23 6.0011062348197804e-05 -0.13749273146344781
25 3.7576757938783615e-07 -0.1266007260349992
27 -0.00011834000611649142 -0.11729692899945122
29 -3.393208246344947e-05 -0.10924794239369495
31 -7.965243967419587e-05 -0.10225672672996959
33 -3.965042993207927e-05 -0.09612952818383458
35 -5.61074358214909e-06 -0.09069844312727085
37 3.0282017983532604e-05 -0.08577615794112044
39 3.905711167835352e-05 -0.08143393695499299
41 8.971525611424386e-06 -0.07750797993112615
43 3.0694281217533304e-05 -0.07390169123233249
45 -2.9282300229703398e-05 -0.0706218577403656
47 -4.4635537452637335e-05 -0.06762503209028368
49 -2.8591946817977927e-05 -0.06488453830831538
51 -3.1696735470960924e-05 -0.062349360061104246
53 2.0321628589177438e-05 -0.060006922307348734
55 -3.6033139301263354e-05 -0.057801828984704706
57 -9.834244358421463e-06 -0.05579637580349929
59 -3.4736089339666606e-05 -0.05382573346500809
61 -1.974017714229361e-05 -0.05211541242067787
63 -1.157105343284876e-05 -0.050502013155170125
65 3.367969611313568e-05 -0.04891139723858546
67 -1.3120852596543714e-05 -0.047454509340920825
69 -7.87268197919052e-05 -0.04611762270972261
71 -5.805685048044584e-05 -0.04480649985734038
73 1.3590281199684523e-05 -0.04357315898457134
75 3.126726622849655e-05 -0.04242353769436724
77 -4.086894151361251e-05 -0.0413522549517299
79 9.820810272960314e-07 -0.040287994122798515
81 -4.778741391566458e-05 -0.039285799277202466
83 3.214342077900137e-05 -0.03827365141342125
85 3.272778713471282e-06 -0.037447817936598286
87 9.018526798627043e-06 -0.03653846496322813
89 -1.8372815664343542e-05 -0.03575185012486517
91 9.757324383505823e-05 -0.03496048257168636
93 2.4651174975207444e-05 -0.034286096181036174
95 -5.647479361195005e-06 -0.03348449708652522
97 2.9225686711450422e-05 -0.03279656803040137
99 2.166575040058651e-05 -0.0321475016551662
101 -1.417843882350184e-05 -0.031528247953331846
103 3.223803498943106e-05 -0.030956760618029464
105 -3.820360486303799e-05 -0.030294866749884207
107 -2.5220607800590276e-05 -0.02971784702389674
109 -9.057740867905419e-05 -0.02918700543977972
111 6.04560491712742e-06 -0.02866592415763194
113 -5.166513517794979e-05 -0.02817090291465011
115 -6.588054696345973e-05 -0.0276467749796063
117 -1.1414081700024097e-05 -0.02721541577689385
119 -5.4291064618483584e-05 -0.026719633791571513
121 1.8086490737710968e-05 -0.026325392495691546
123 -2.963085040180464e-06 -0.025859307100077195
125 1.2270899503059524e-06 -0.025431711396589642
127 -2.593355641109893e-05 -0.025074984747083386
129 -3.1803776856007454e-05 -0.024741770472208408
131 -2.9674735493904185e-05 -0.02423473701624498
133 -1.0823826932943251e-05 -0.024004872058706876
135 -8.448444285947981e-07 -0.02355785920972003
137 3.1162810187154105e-05 -0.023227419177382278
139 -5.257909483395346e-06 -0.022899603864462353
141 4.46843504022389e-05 -0.022537103832757765
143 6.807093382992814e-06 -0.022230660028802408
145 -1.5792161463467624e-05 -0.021968638470129268
147 3.879310772699991e-06 -0.021660682462871415
149 1.0100016834897339e-05 -0.021352564378727193
151 -3.4812731098046426e-05 -0.02107846090518578
153 -5.873744617185599e-05 -0.020729687978531593
155 -2.450724240259607e-06 -0.020553216922321014
157 -5.581501384816133e-05 -0.020270577074724325
159 -1.680716968894773e-05 -0.020007951257659255
161 -4.9893630733820375e-05 -0.019708114274918438
163 -2.0414417777219494e-05 -0.01952792418786214
165 5.274005104221025e-08 -0.019342627425577436
167 -1.887025624563663e-05 -0.019064034322589414
169 3.565152548822259e-05 -0.018836706090792937
171 -5.7628363273019784e-05 -0.018582867924284773
173 -4.523070452276986e-05 -0.01839777238097156
175 -3.3212407696661465e-05 -0.01817759149790237
177 -3.045485889637072e-05 -0.018057883570674508
179 4.243224204951493e-05 -0.01780354903947377
181 1.3598253889727727e-05 -0.017607896523185684
183 -3.21407337267736e-05 -0.017407570801392637
185 2.739594341111495e-05 -0.017260116098053863
187 -2.7249817029679246e-05 -0.017019551663927043
189 1.5157148701969138e-05 -0.01682382381232505
191 5.1886275937010394e-05 -0.01669277411113426
193 1.6885451752108224e-06 -0.01657808266631583
195 6.943323786001124e-05 -0.016343533116280343
197 2.1308737565780173e-05 -0.016119578942963286
199 6.518848668707812e-05 -0.015935220446783766
201 3.206677988673584e-05 -0.015825468710616648
203 -7.20197006886381e-06 -0.015661687959290425
205 3.1271500094020834e-05 -0.015528412946650874
207 -1.5523462656482715e-05 -0.015363896666654725
209 -8.697900687458855e-06 -0.015194610772306093
211 3.843641336214279e-05 -0.015070250606575014
213 3.6082372212102825e-05 -0.014912777311011403
215 9.637979225597797e-06 -0.014746691816459871
217 4.165010475360283e-05 -0.014666160382268412
219 2.3009684839719787e-05 -0.01460211955657201
221 -6.594006569456728e-06 -0.014404218127034383
223 -2.2192043634705993e-05 -0.014250130920134354
225 2.118009837321322e-06 -0.014136022912216356
227 6.468680322165204e-06 -0.014099388196095703
229 2.6906138201666002e-05 -0.013865772838057507
231 -4.183831307232332e-06 -0.013765217411558726
233 -2.2991843418313604e-05 -0.013638042553544436
235 3.758260897052583e-05 -0.01353248552246846
237 -5.043602246681682e-05 -0.013375192392577633
239 -6.573321073087108e-05 -0.013299811800054505
241 -8.010897254139046e-06 -0.013169113384619926
243 -8.336723896833461e-05 -0.013085704095422892
245 -1.1483118792576467e-05 -0.013017276131015285
247 1.6687022551998763e-05 -0.012889830040525001
249 -4.773005511717215e-06 -0.01279299299024663
251 -5.176550195075087e-05 -0.012587422640983757
253 -1.7789554963751537e-05 -0.012632418701255239
255 -3.7887645767963014e-05 -0.012463210686069986
257 1.63409110323007e-05 -0.012409632202641045
259 -8.29122558151096e-05 -0.012230746452354578
261 -2.4082966040374435e-05 -0.01224137331345446
263 4.455511323722635e-06 -0.012026540672920664
265 5.139149354246546e-05 -0.012038943285028678
267 1.5269902155131756e-05 -0.011908306977740741
269 5.8084614608695367e-05 -0.011853994320650726
271 6.174825923811442e-05 -0.01173218520989454
273 4.5704581442512317e-05 -0.011648592095412264
275 2.0675124527054536e-05 -0.011606121508029456
277 -1.1073769444354698e-05 -0.011412629423875545
279 -1.191364555374931e-06 -0.011420502612174881
281 2.4507432390965685e-06 -0.011306827457826645
283 -1.8224715131562963e-05 -0.011305102169742091
285 -7.107075030472834e-05 -0.011111919752201754
287 -4.914051902204247e-06 -0.01115514320488529
289 -1.0060700654350358e-05 -0.011004736866561933
291 2.536339638466227e-06 -0.010873115643838449
293 3.564056803039282e-05 -0.010958540233931844
295 9.243658516412165e-06 -0.010759041688932835
297 -2.695916482489302e-05 -0.010729409840875602
299 3.7298493602468944e-05 -0.010649288800602062
301 -9.918754299458227e-05 -0.010528605972448275
303 -8.594761728842057e-06 -0.010507658850028445
305 7.517687324401003e-07 -0.010469168736655654
307 -2.449251830287452e-05 -0.010323945680773109
309 -1.8106763403747565e-05 -0.010310426056945056
311 -2.3874317439359543e-05 -0.010199369423389873
313 -3.355118194887826e-05 -0.010172532938392587
315 4.933206546386257e-05 -0.010079731273730831
317 -1.71031440601174e-05 -0.010056582784900962
319 1.8810194770437027e-05 -0.009953237361478283
321 4.8924095968653124e-05 -0.009876378203617045
323 6.988983553954015e-05 -0.00982702581193704
325 1.7166668928104292e-05 -0.009793876462546288
327 -7.131163556132057e-05 -0.009740014796757783
329 1.3876972968264842e-05 -0.009712808369076873
331 -8.409924320335485e-06 -0.009592894031608434
333 -2.534454842937845e-05 -0.00955733334246375
335 5.1193185550934056e-05 -0.00953475984887726
337 -4.97717509411917e-06 -0.009385499470037879
339 6.629087639939917e-05 -0.009371962486696701
341 -3.73588241145475e-05 -0.009388410439904802
343 -1.0702196508815517e-05 -0.009261480549065032
345 2.0111662652410497e-06 -0.00917988204215585
347 3.247566781414214e-05 -0.00919590098390621
349 -1.6528448292620746e-05 -0.009142821402630879
351 3.013929387658702e-05 -0.009102404894724315
353 -2.1147766370115588e-05 -0.009042537003485776
355 -9.046406556147571e-06 -0.008988526115687418
357 -1.1808848591945534e-05 -0.008913388445291517
359 6.256804747610623e-05 -0.008899791254628576
361 -1.9644900207889145e-05 -0.008816332037458604
363 1.0930149780803874e-05 -0.008730418609494216
365 -3.2966465103698545e-05 -0.008702856515620123
367 -3.811800836419159e-05 -0.00873045471335152
369 -3.6636938800217665e-05 -0.00864330754147186
371 -5.394584053698445e-05 -0.008630442198629785
373 3.391835290424773e-06 -0.008581691539709332
375 1.1658783071002196e-05 -0.008507298281150669
377 -2.162979259864558e-05 -0.008494251476771094
379 4.574101050527606e-05 -0.008454437970156933
381 -4.6831801688644546e-05 -0.008356027636914391
383 -3.279935355292967e-05 -0.008315781355358128
385 -2.419062237122028e-06 -0.008240091342866336
387 8.070380831761391e-05 -0.00819950951905867
389 2.4072280859424604e-05 -0.008186971508755145
391 3.658033241544237e-05 -0.008160630366463403
393 -2.249867188716054e-06 -0.008053117227199716
395 -1.3305884600181827e-05 -0.008011593502409174
397 4.380252131403714e-05 -0.008031250085345247
399 -1.9258800262063008e-05 -0.007970909350405028
401 1.8826387105520818e-05 -0.008001202441919961
403 -1.19308912961828e-05 -0.007888715544571328
405 4.063912425026315e-05 -0.007914447542674726
407 2.303537517575093e-05 -0.007882187096334745
409 4.2661086505578285e-05 -0.007790509153607118
411 -4.931566021785554e-06 -0.007700946027559683
413 -2.6968241059166674e-05 -0.007701080237356466
415 5.647012030427044e-05 -0.007703950962171454
417 6.27649190476902e-05 -0.007629661751971272
419 8.019862278424588e-05 -0.007621539255769181
421 -3.2426181924981906e-05 -0.007510784778510712
423 -2.653528133181593e-05 -0.007516994777226663
425 -6.4334145627865635e-06 -0.007468939902880673
427 1.2009160706367533e-05 -0.007359234262330917
429 4.804708259860763e-05 -0.007432643109973886
431 -9.546920684747431e-06 -0.007411529534638124
433 1.980821056313777e-05 -0.0073559310609370935
435 5.4292893246477e-06 -0.007320912445557985
437 -2.243975991057243e-06 -0.007250648088445189
439 1.2996836231968506e-05 -0.007249451708323796
441 3.9059967820853726e-05 -0.007239731347624911
443 -5.572709176977467e-05 -0.007233812363210482
445 -2.739760769654366e-05 -0.007146911420549047
447 1.1580257870376173e-05 -0.00715584073742839
449 4.919075271937739e-05 -0.007108010789368123
451 -2.1213873336250284e-07 -0.007050636597310477
453 1.399078277764388e-05 -0.007090368865116906
455 -4.720549939204776e-05 -0.006965621131447151
457 6.159414642394524e-05 -0.007035221844529627
459 -1.0479356715166688e-05 -0.006914865688967959
461 3.032051824535787e-05 -0.006891113715562658
463 -4.638901488816179e-05 -0.00692922731528789
465 -5.895395749302165e-05 -0.006862611611986249
467 -1.4728528447988604e-05 -0.006840957629682135
469 5.5091728661105823e-05 -0.006826909557260007
471 -5.505653066989255e-06 -0.006762399273070978
473 2.7208209102481967e-05 -0.0068122803817848125
475 1.834367383258891e-05 -0.0067779559750765425
477 1.380155830940211e-05 -0.006697978167762397
479 -4.728096160790793e-06 -0.006621510020251994
481 1.8715666417081545e-05 -0.006613654048536963
483 2.3354690260499695e-05 -0.006588103264978267
485 -2.062777492294457e-05 -0.006572460103961919
487 9.378652660499771e-06 -0.006560786954806538
489 -4.92213575364067e-05 -0.006493879235401411
491 4.570085605927448e-05 -0.006469855940328534
493 -3.539705715128028e-05 -0.006443995382484798
495 -2.69255360898938e-05 -0.006457405967370234
497 8.007032827791682e-05 -0.006385023542050554
499 1.3025349911297323e-05 -0.0063773514211970675
501 2.5539435059272656e-05 -0.006367330597263787
503 -3.2256256232518694e-05 -0.006322935389881555
505 -2.173694211159975e-05 -0.006312930619791491
507 -5.650538467951786e-06 -0.006231916128938006
509 2.5505858469866277e-05 -0.006219862468089914
511 1.8288756524817206e-05 -0.006226756616508876
513 -1.0769463527020621e-05 -0.0061276784065326636
515 1.4136943730111529e-05 -0.0061579786837454254
517 -4.5429582415923643e-05 -0.006118899256746101
519 2.325269506886406e-05 -0.006091008952540626
521 9.941627216125966e-07 -0.006104302670197731
523 -4.4867262026475213e-05 -0.0061016976478324835
525 -3.5527507135324122e-06 -0.006078071957144476
527 2.8942669637142976e-05 -0.0060115087483266485
529 -3.883860215164478e-05 -0.005969652569924819
531 1.3384868490482689e-05 -0.005991187605260126
533 3.186815714714237e-05 -0.005986215287993615
535 5.329820084331659e-05 -0.005950145241319293
537 3.283674361521595e-05 -0.0059031987923787
539 6.175092827820316e-05 -0.005890948052216685
541 1.0811756889160598e-05 -0.0058997460098164116
543 8.772802631072784e-06 -0.005826526635570826
545 7.044076034206093e-05 -0.005896169524667504
547 3.321654369566983e-05 -0.005844537209366795
549 8.156516825386448e-05 -0.005806561003173904
551 -2.741643444228245e-05 -0.005800092208233756
553 2.1143610915746153e-06 -0.005792489034998905
555 -4.677671415773073e-07 -0.0057449255133751416
557 -1.3924288380485828e-05 -0.005715718450787007
559 -9.117360831941159e-06 -0.005653073543425295
561 5.034239464472194e-07 -0.005625467446691794
563 3.5750293489457246e-05 -0.005623077729263873
565 1.4501912226880445e-05 -0.005652218814438044
567 5.6937231828847196e-05 -0.005595170538581587
569 7.83815647471829e-06 -0.005521933547345156
571 2.1377033999065176e-05 -0.005541898663395871
573 -2.9694557147750553e-05 -0.005591115754728831
575 0.00011605411866142358 -0.005522990154088193
577 6.074020587534394e-05 -0.005552593914887082
579 1.625843438329736e-05 -0.00547212612582546
581 -6.533037389575431e-05 -0.00551622878876721
583 6.122497360728192e-05 -0.005434814620965011
585 4.812477850316222e-06 -0.005480270075443779
587 2.8705466413784223e-05 -0.00543840896305832
589 5.614099108015085e-05 -0.005389083468231236
591 1.378108321942794e-05 -0.005386617197208658
593 -2.0065207670071547e-07 -0.005314102085449139
595 -2.992118118334875e-05 -0.00536837853226551
597 1.1565982553396752e-05 -0.005354330210189515
599 4.438400114706014e-05 -0.005319155692427847
601 3.780866648740186e-05 -0.00532754590376848
603 -1.8042235724708427e-06 -0.005257096140447688
605 -2.669390620898441e-05 -0.005322805323972207
607 -1.5778498016263052e-05 -0.005248949800640269
609 -2.7963628443911276e-05 -0.005250913154360524
611 -3.106636696469496e-05 -0.005209195439586785
613 3.7042626821758414e-05 -0.0051989909763864705
615 -2.2714870651986904e-06 -0.005172248781740695
617 -1.687829471972649e-05 -0.005162905718554995
619 2.6313878927851067e-05 -0.005126541776916824
621 -9.905004301703324e-06 -0.0051082502624609435
623 -1.759247482244029e-05 -0.005101721951688255
625 -9.71192101316175e-06 -0.0050100563215799985
627 -6.390264545327391e-06 -0.005015123596358968
629 2.158709535990529e-05 -0.005038270341969111
631 3.207576664887008e-05 -0.005030575661225642
633 3.484561675901964e-05 -0.005039175344262276
635 2.944000110807819e-05 -0.005013000969615493
637 6.429551158916825e-05 -0.005056846419277161
639 4.1638250059687756e-05 -0.005038054602933315
641 8.449047427668555e-05 -0.004934182082830452
643 3.9885011963986844e-05 -0.0049501778463339864
645 4.9616658139825984e-05 -0.00488346080111137
647 -1.1731725148329406e-05 -0.0049258525716760135
649 3.506503479597239e-05 -0.004927733300043174
651 -9.247836945820913e-05 -0.004939082970260743
653 3.4418873881242104e-05 -0.0048599971209104306
655 8.112588041866827e-06 -0.004853582132040773
657 -6.209615260825495e-06 -0.004850748680305413
659 -4.417129736088909e-06 -0.004833366962902639
661 3.709606440551458e-05 -0.004814443256252409
663 -4.839677677799733e-06 -0.00489104817300083
665 -5.677766453711276e-06 -0.004762542808566932
667 -3.612783289095265e-05 -0.004806788578097323
669 -7.656644135390701e-06 -0.004744409570680824
671 -7.966447114660138e-05 -0.004767651898748018
673 -4.070117108955543e-05 -0.004724483470629763
675 3.1174385663722566e-05 -0.004741978052480211
677 -3.6032921541566367e-06 -0.00475091450098707
679 -4.080392046717487e-05 -0.004691606558715109
681 1.893959547512152e-05 -0.004596189466082936
683 3.277640092108664e-05 -0.004639732170673288
685 1.1947489295024144e-05 -0.004653482681459458
687 -6.749680300578091e-05 -0.00464326568833733
689 -8.466113352218922e-05 -0.004655982275499354
691 -4.438715746281043e-05 -0.004591686193103584
693 -2.122479057898579e-05 -0.004580821846598029
695 -3.1850891186641723e-05 -0.00461298802739219
697 5.052297623339288e-06 -0.004593623488256677
699 6.43306423744838e-05 -0.004551839909750974
701 -1.5661099446485387e-05 -0.004548014738671879
703 -3.879177000374567e-05 -0.0044791301313521084
705 3.261364320206796e-05 -0.004475636630148868
707 -9.985813169899748e-06 -0.0044915415902799845
709 -5.98213207105512e-06 -0.0045244257087515465
711 -6.038049046708101e-05 -0.004455267594614908
713 5.001527189323737e-06 -0.004454986296172183
715 4.762851353476148e-05 -0.004473666547652996
717 4.0919200953993584e-05 -0.004454710214804646
719 2.822095466063754e-05 -0.004399330150421531
721 2.359049301631692e-05 -0.004401957518502894
723 3.939310571695254e-05 -0.004416186930337988
725 -2.0417221853562157e-05 -0.004415961394831522
727 -5.2803288630570476e-05 -0.004393969715296868
729 -2.052337183462551e-05 -0.004366623692016472
731 -5.3505293572346564e-06 -0.004327814617284278
733 -2.610032775595123e-05 -0.004333162368342176
735 -8.929082741730102e-06 -0.004337685403715771
737 -2.415036303014729e-06 -0.004275648576293104
739 -4.607150489790685e-05 -0.004366828554524923
741 4.152938840581758e-05 -0.004359243034564398
743 -2.0969205876973132e-05 -0.0043193321763767036
745 5.524377711077781e-05 -0.0042036490034207475
747 4.2427727037287575e-06 -0.004265911031849472
749 5.552640388285066e-05 -0.004244652153816473
751 9.29914846548896e-06 -0.004252484022721024
753 -1.848422181247298e-05 -0.004147109200236132
755 -4.88774352487367e-06 -0.004214368037832054
757 6.090877267761469e-06 -0.004208046964687737
759 -8.24352703934505e-06 -0.004177014416052787
761 6.718281818314095e-06 -0.004184448990713291
763 -3.278567762065668e-05 -0.004133869337172383
765 -2.3073202486954756e-06 -0.004141266941680402
767 4.04188111291558e-05 -0.0041121021320745365
769 -1.2890234700784175e-05 -0.004119638153611958
771 2.404051030262645e-05 -0.0040982013277470804
773 -1.054480275988664e-07 -0.004121815138335173
775 -1.9719032584368606e-05 -0.0041225612631175705
777 -5.3039904726760514e-05 -0.004117280545544569
779 5.291376170325842e-05 -0.0040812503881877205
781 3.4428660675816914e-05 -0.004020775148412541
783 8.29463151350729e-05 -0.004050757960813961
785 5.483816375826489e-06 -0.004043913849490182
787 -7.547336831986422e-05 -0.004018124124873415
789 -3.2500213632114e-05 -0.004035146282596404
791 6.713950740112297e-07 -0.004024818457168019
793 4.604056052609111e-05 -0.004006950563257437
795 -5.2639544372256205e-05 -0.00400865383605792
797 1.4822279579995493e-05 -0.004004833428051383
799 3.7405523613003127e-06 -0.0040404879515432476
801 -3.038859477742441e-05 -0.004000080840236997
803 2.4149363763064445e-05 -0.003944681014989203
805 2.4991951277287592e-05 -0.003950671127549074
807 -2.4289689486931596e-06 -0.003944612377822201
809 -8.677367152708166e-06 -0.0039467262130086275
811 1.6381551660959496e-05 -0.003892334535869612
813 2.7338271246578815e-05 -0.003893043750328792
815 1.93668337463603e-05 -0.003934268446376631
817 -3.7127185307876464e-05 -0.003898614028366573
819 -1.897459938826635e-05 -0.003923709867037089
821 -4.489022922911669e-05 -0.0038662978051368325
823 2.2036085933209662e-05 -0.003877603105359063
825 -1.5123263386204947e-05 -0.003841388036098311
827 -1.3642383389724342e-05 -0.003887836069485284
829 -1.985401861813742e-05 -0.0038806343847810378
831 -1.3403388849895178e-05 -0.003845535447972404
833 -3.6008928771624203e-06 -0.003926106673527881
835 1.3338541208813488e-05 -0.0037830542706462243
837 -2.8425167465540255e-07 -0.0038095245306451887
839 3.984670627202342e-05 -0.0037819466237263497
841 -5.331876669677637e-05 -0.0037934287525269576
843 -3.8873863354663916e-05 -0.003770713977909845
845 4.881166230618e-06 -0.003743833109665081
847 2.253263656040101e-05 -0.003704641309716117
849 3.326804565119144e-05 -0.0037687939681553093
851 -4.018339996143056e-05 -0.003748090665820313
853 1.8852084307529452e-05 -0.003768658975172218
855 -7.907896060773396e-06 -0.0037631508818653935
857 6.216498664939863e-05 -0.0037818719144490226
859 1.1365457303385274e-06 -0.0036755642708848945
861 7.082526807392905e-05 -0.003685368767170989
863 6.706236945145812e-05 -0.003732246692447487
865 -2.672836355419444e-05 -0.0037183864170585563
867 -4.0377455033894783e-05 -0.0037429722831836317
869 -1.5214801668386338e-06 -0.0036347264143362784
871 5.089154410706088e-05 -0.0036200742013044705
873 -3.2202603752124997e-06 -0.003641130552609516
875 2.5422403210692463e-05 -0.0035975288915164436
877 -7.5175267308525545e-06 -0.003600038403974692
879 -9.385840179414828e-06 -0.0036702655908459458
881 -2.605299978034519e-05 -0.003608225178003702
883 -2.7356715914116062e-05 -0.0036072085548313863
885 -1.0403026181075911e-05 -0.003578314731913076
887 -2.624450574077081e-05 -0.003603701894978336
889 4.32435848554425e-06 -0.003607184697304748
891 -1.3055411863826762e-05 -0.003518181786855553
893 7.626169026106911e-07 -0.003533826835570664
895 -0.00012064101154515411 -0.003542401550937046
897 -7.664833325177545e-05 -0.0035439678620455724
899 2.2064233053102325e-06 -0.0035359265325722294
901 -1.2488094142041483e-05 -0.0035016309855697746
903 1.744373146309425e-05 -0.003543238422489663
905 6.073386757868171e-05 -0.0035182539740777384
907 -3.5189990301760996e-05 -0.003517114612331534
909 -3.3789216971066024e-05 -0.0035465431288319994
911 1.159232818124968e-05 -0.0034989995381773755
913 -8.06785008387153e-06 -0.003422837481260136
915 1.367873898779162e-05 -0.0034314729379994165
917 3.121181278532394e-05 -0.0034240196021456276
919 1.7119557235876667e-05 -0.003469702541679262
921 3.2058879330484014e-05 -0.0034122290385790307
923 4.052746794802389e-06 -0.0034786544605358303
925 6.943511067058724e-05 -0.003392778839990988
927 -1.3891475194934828e-05 -0.00344790044099336
929 -3.5694523936680995e-05 -0.0034810224289433286
931 1.038773740603221e-05 -0.0035049230722541433
933 2.9767767813391244e-06 -0.0035178838606849797
935 -7.608156840574574e-05 -0.0033822810062112923
937 2.0699531161112286e-05 -0.0034344895646920537
939 2.6265534276234643e-05 -0.003369984230599006
941 2.4718069811192908e-05 -0.003376502496099901
943 -3.067803668550967e-05 -0.0033093043226149464
945 -8.227782451739667e-06 -0.0033207989578463368
947 -2.507831936379491e-05 -0.0034005781765007476
949 1.7059514580708909e-06 -0.0033330114082997836
951 1.0548044202417278e-05 -0.0033798461184287682
953 -2.6729925205137107e-08 -0.003373263471663293
955 5.437435123494289e-06 -0.0033029362614624123
957 3.266641980503858e-06 -0.003297066221591195
959 -2.9016735292278854e-05 -0.0033027005629120564
961 -1.6657222539653948e-05 -0.0032894026372936123
963 4.084250511785456e-06 -0.0033000744722345016
965 9.611084785051159e-09 -0.0032608576393003347
967 2.013412772122648e-05 -0.0032392149285173618
969 -2.315331696746251e-05 -0.0032878253159659434
971 -8.572271457067457e-06 -0.003305611872565975
973 -9.76223944410326e-06 -0.0033192529820110285
975 -2.131358321659111e-05 -0.0033619729128132247
977 -3.071352377140269e-05 -0.003308231457218351
979 5.337156562799944e-05 -0.0032485087165639885
981 -4.0764434151104097e-05 -0.0032182686005216075
983 -5.121260792686023e-05 -0.0032204095716430086
985 -6.131039067161083e-05 -0.0032369349757676237
987 3.551952482005308e-05 -0.0032147844605275927
989 1.2176920724059149e-05 -0.003235690119097934
991 1.4576495147931881e-05 -0.003285101725217263
993 1.440903367595799e-05 -0.003166291685346502
995 -1.3880263346542377e-05 -0.0031693908772151658
997 7.191880069150137e-06 -0.0032010600245321766
999 1.9950378760847068e-05 -0.0031909981079678122
1001 9.539309892641941e-06 -0.003154815826914135
1003 5.643393955573297e-05 -0.003157286476084821
1005 -1.9890856406118474e-05 -0.003171137019650026
1007 4.600396126381299e-05 -0.0031890054763393694
1009 -2.6167860672834816e-05 -0.003195169948577375
1011 6.173972056760966e-05 -0.0031576201712011395
1013 5.743871669484143e-05 -0.0031340447864840666
1015 2.583005885863314e-05 -0.003163038612451216
1017 -3.696076751515058e-05 -0.0031698415321562146
1019 -2.0477000328403822e-05 -0.003073784391382395
1021 -7.418910750541804e-06 -0.0031528991295624565
1023 2.7772919733065435e-05 -0.003092863528857924
1025 2.1394595697938967e-06 -0.003174741087311333
1027 -1.9665215570106036e-05 -0.003086327903303604
1029 -2.0427693786436822e-05 -0.0030916351339129343
1031 -7.389535523312653e-06 -0.003095029616261209
1033 1.0900547817009766e-07 -0.003029513202577984
1035 4.57945021406729e-05 -0.0030582630031597263
1037 7.686553927086824e-06 -0.0030371984011512945
1039 -3.760040355671161e-05 -0.003131688727291224
1041 -6.376054373039819e-05 -0.0030768289637580788
1043 4.9864001171747346e-05 -0.0030827880330819226
1045 -1.9837445578972177e-05 -0.0030520881919563307
1047 -3.0794721378569405e-05 -0.0029689487876494013
1049 -5.27521016423181e-06 -0.00302252316594298
1051 -1.778746546618858e-05 -0.0029745394804998318
1053 3.8803731331975076e-05 -0.0030462555322943174
1055 4.9875162500501715e-05 -0.0030059607491077943
1057 3.8262608629389556e-05 -0.0030025682621535156
1059 1.4794516962567322e-05 -0.0030454852946118012
1061 1.0515926856912096e-05 -0.0030148156325965746
1063 -2.818516453754822e-06 -0.002996134112611935
1065 1.733295367605786e-06 -0.0030081874754726593
1067 -9.464237917293484e-06 -0.002963098202282995
1069 3.6149708148340174e-05 -0.0029435100706464603
1071 3.9372031698204095e-05 -0.0029563821116425602
1073 3.690244263926588e-05 -0.002927391723748423
1075 2.799226027450067e-05 -0.002935723152343826
1077 3.912844048660207e-05 -0.002921288439558071
1079 1.631912045925488e-05 -0.002948403659066302
1081 -1.84952397593516e-05 -0.002894206765214782
1083 1.1908410216591105e-05 -0.002938689836271938
1085 7.465368987899367e-05 -0.0029173524070793275
1087 -4.206355898551049e-05 -0.002903196334702592
1089 3.7440090721731526e-05 -0.002947692657580403
1091 5.255276800809463e-05 -0.0029179784171472377
1093 -2.2065772037076663e-05 -0.002929655604769274
1095 2.5434489543150037e-05 -0.002875984590821889
1097 -1.8264625761169207e-05 -0.0029126602884459885
1099 2.9920896099657993e-06 -0.0029104885411819956
1101 1.2072594853702189e-05 -0.002913425223526355
1103 4.6254801476765504e-05 -0.002855755117456573
1105 4.548883541577542e-05 -0.002903253779233227
1107 -2.6459970377371676e-05 -0.002891733583106983
1109 3.553881714520565e-05 -0.002816777003765772
1111 5.430083629797192e-05 -0.002871140927303367
1113 2.3287783286611942e-05 -0.002909597285170367
1115 3.904448834937945e-05 -0.002894789742366738
1117 1.0805682702594647e-05 -0.00286457587932139
1119 6.792020518357152e-05 -0.002839456023991091
1121 5.014136240405645e-05 -0.0028270010607622346
1123 1.7671576376471555e-05 -0.0028418756090596107
1125 -1.947236072059118e-06 -0.0028633730040680512
1127 3.250198649045253e-05 -0.0028181096556378874
1129 2.9154296882459594e-05 -0.0027732530630100046
1131 3.6721986593155645e-05 -0.0027804258512718395
1133 -1.847006566185932e-05 -0.002753787970997305
1135 3.089610072394019e-05 -0.002791448991270173
1137 -1.2218037171720031e-05 -0.002786685328845112
1139 3.912542277383438e-05 -0.002829848658400337
1141 3.118445079935627e-05 -0.0027943873656027626
1143 7.090419471571704e-05 -0.0027512519367407034
1145 -2.6150908050519128e-05 -0.002758521498608501
1147 -3.553404228964421e-05 -0.0027848858322915507
1149 -4.12846946129215e-05 -0.0027675933913561177
1151 5.557966809534892e-05 -0.0027231110439720103
1153 1.51169528860388e-05 -0.0027382275884976657
1155 -6.465152628825814e-07 -0.0027555913525895985
1157 -1.2900443834095366e-05 -0.0027859818873175826
1159 6.332629562466804e-05 -0.0027036615431261894
1161 4.063278002909205e-05 -0.002733486569897073
1163 3.843709930388152e-05 -0.0027006875367893137
1165 -4.306725119454692e-05 -0.0026820639044355566
1167 5.899397635148213e-06 -0.002678568577209054
1169 -5.7446475638465915e-06 -0.0027190337034835176
1171 -5.8537672257461455e-05 -0.002733102326085153
1173 -9.815425399116586e-06 -0.0027632047669653393
1175 1.761057766584392e-05 -0.0026910338941903487
1177 -6.32416787741099e-05 -0.002683920775953849
1179 1.7694443186839295e-05 -0.002609756181012575
1181 -1.402982405830997e-05 -0.002693704978575083
1183 -5.917693393271048e-05 -0.0026260864538492435
1185 -3.5085803871850345e-05 -0.00267317410973309
1187 -1.2874011503223928e-05 -0.002639963691393981
1189 -1.0589542770447324e-05 -0.002639056541786233
1191 -6.288116734381293e-05 -0.0026291107066437882
1193 1.5437365100050922e-05 -0.002668432324005008
1195 -7.343531708605262e-05 -0.0026466041139843023
1197 -2.716525051464459e-06 -0.002600275956442575
1199 5.049768665692678e-05 -0.002658754276681651
1201 1.200868121361961e-05 -0.0027053312891325127
1203 -1.2855331336877367e-05 -0.0026925180714598997
1205 6.163691015191287e-05 -0.0026094018155102513
1207 3.322684615493564e-05 -0.0025873396554825937
1209 4.798978036662987e-06 -0.0026441469496367317
1211 5.320853566085066e-05 -0.002620029564228758
1213 -1.645932768664848e-05 -0.002661078101949121
1215 -1.3098531241062116e-05 -0.0025923590129705355
1217 -1.501060979910279e-05 -0.002587326038394548
1219 -1.5114997334024819e-05 -0.0026416818359717093
1221 -1.241349340409228e-05 -0.002589785652195251
1223 2.18307840472177e-05 -0.0025221476494461303
1225 -3.443511723318615e-05 -0.0025437338860783624
1227 -1.0235757845879771e-05 -0.0025936430539540744
1229 -6.8061917149080875e-06 -0.0026529626603164747
1231 -3.379875511205241e-05 -0.0025331034836442146
1233 4.033837661621806e-05 -0.0026461996687267455
1235 -3.1301346600533644e-05 -0.002581002568709772
1237 -2.93785691596302e-05 -0.00259896689076842
1239 1.3149815576084314e-06 -0.002625208366056529
1241 -2.2704879796028888e-05 -0.0026428920425167896
1243 -1.263146978062383e-05 -0.0025196979401155618
1245 -5.3111433278955554e-05 -0.0025432717768446044
1247 -1.3511995855816144e-05 -0.002582267393751814
1249 -3.951381897833706e-05 -0.002553808665313399
1251 2.212670068063897e-05 -0.0025289269231200903
1253 -2.131235358012883e-06 -0.0025247124322889253
1255 5.6381807577707406e-05 -0.002562098879275832
1257 2.3585350874839043e-05 -0.0025417546649081574
1259 -1.5558342349899334e-05 -0.0025016758304583506
1261 -2.8773829434577333e-05 -0.00247253197031928
1263 8.266074625910337e-06 -0.0024879100872916755
1265 2.964168678594252e-05 -0.0024751212490133154
1267 3.892201900314854e-05 -0.0025279068230696835
1269 -4.738408740491582e-05 -0.0025558749248467323
1271 -9.560608990919132e-06 -0.002492334237753225
1273 1.2941173947570419e-05 -0.002525986620043692
1275 -1.5556727829078136e-05 -0.0025426807308414692
1277 -1.4406857323022203e-05 -0.002483650629613651
1279 -1.5393894636223196e-05 -0.0024966241511563837
1281 -2.2443098016844676e-05 -0.0024922916492458587
1283 -1.6058866806280495e-05 -0.0025176729155901487
1285 -6.749659227890886e-06 -0.0025397354436528592
1287 2.264606771189873e-06 -0.002493163968724738
1289 -4.02386227247172e-05 -0.0025281073634885742
1291 -2.0093894317808992e-05 -0.002472978774423421
1293 -6.705898334163793e-05 -0.0024510966149944905
1295 3.865543370004271e-05 -0.002413962025444541
1297 -4.030748967217932e-05 -0.002510364882953561
1299 -1.6668493329163623e-06 -0.0024587658561296935
1301 1.8962223775818167e-05 -0.002500741910907401
1303 2.3728465244061125e-05 -0.002460241038648599
1305 -4.340932470948176e-05 -0.002459943638960549
1307 -6.317164868303579e-06 -0.002459019886955303
1309 -8.190806207956356e-06 -0.0024904602601726203
1311 -1.8735386263569696e-05 -0.002432699304365719
1313 -4.6609774361006436e-05 -0.0024284289401696616
1315 5.102927383238079e-05 -0.002414158287457051
1317 1.0967025997807357e-05 -0.0023921345566755656
1319 -1.4254328763610363e-05 -0.0024375638547055037
1321 -2.5174261123914097e-05 -0.0023899535409317853
1323 5.414218691879941e-06 -0.002415933404098748
1325 -2.0741807238260615e-05 -0.0024087647523754687
1327 7.923193680139023e-06 -0.0024540995630939104
1329 1.3020787556333256e-05 -0.0023940125118815905
1331 1.0817202902024658e-05 -0.0024283754748717404
1333 -7.771730912440209e-05 -0.0023665060788927543
1335 -2.0884460678034808e-05 -0.002365621828649608
1337 -5.180812541511401e-06 -0.002370976132426716
1339 3.004496860176614e-05 -0.0024041948160106394
1341 1.173067262624152e-05 -0.00235744601776873
1343 -1.634095927964994e-05 -0.002368076564484799
1345 -4.890793534321957e-05 -0.0024196352744387663
1347 1.5983164420917554e-05 -0.0024381646653864127
1349 4.029012434501216e-05 -0.0023576914669335472
1351 8.354919282432114e-07 -0.0023226813802050693
1353 2.285177535082687e-05 -0.0023515265565947495
1355 2.547934199394074e-05 -0.0023768430907184146
1357 -2.8726326675276662e-05 -0.00239119057877021
1359 9.834777999666457e-05 -0.0022714788849670046
1361 9.772240264743567e-05 -0.002329860842900698
1363 -2.4506079351007805e-05 -0.002320841508009856
1365 -2.230049099382157e-05 -0.002320589144756037
1367 3.867477053041809e-05 -0.0023888804027023796
1369 -3.075944733951299e-05 -0.002312809912315148
1371 -1.040152459367283e-06 -0.0023716990157240394
1373 -1.8266828889772986e-05 -0.0023120870322148857
1375 -2.931596662806408e-05 -0.0023255219119496136
1377 -9.505277992061599e-06 -0.00233916629597288
1379 3.4853676935469444e-05 -0.0023178343099080436
1381 -0.00010483808324312106 -0.0023530038903211803
1383 -3.437416118816453e-05 -0.0022313360792519735
1385 -2.4910740781046897e-05 -0.0022271643607691513
1387 1.0232798560920914e-05 -0.0022814939901931617
1389 -3.928217420399464e-05 -0.0022154998223371785
1391 -3.3946439415805984e-05 -0.002281764944893133
1393 -4.7796661551645375e-05 -0.002308536943556148
1395 1.4622710491425936e-05 -0.002317688211731673
1397 2.71320182103001e-05 -0.002226798529505104
1399 -1.7187187239002253e-06 -0.0023453537138640812
1401 4.047910017267627e-06 -0.0022602577248067774
1403 4.339606202359693e-05 -0.002186464030894703
1405 1.5696624851091188e-05 -0.00225013862256252
1407 6.025558888299896e-05 -0.0022698409928040173
1409 -1.0470824999029439e-05 -0.002231663507098908
1411 3.509119289950875e-06 -0.002255478736583212
1413 5.3150015077764034e-05 -0.0022158156714218303
1415 -5.098262519099298e-05 -0.0022426730695496886
1417 4.8399541693471195e-06 -0.0023192828818292214
1419 6.757322644952129e-06 -0.0022619958551574493
1421 4.222946272820425e-05 -0.0023072013147342942
1423 -1.8041066762290695e-05 -0.0022745523834519885
1425 2.1391597731267208e-05 -0.00228798003180009
1427 5.6488119504645266e-05 -0.0023107651798442265
1429 -3.990758305154351e-05 -0.0021623661135271024
1431 1.2231629362849954e-05 -0.002194316713712615
1433 0.00010885833286517315 -0.002241798100260834
1435 3.7502947540781516e-05 -0.0022138071706864536
1437 4.174013160848707e-07 -0.0021523777093054573
1439 1.2055699883283112e-05 -0.002186856780863607
1441 7.22202019531978e-05 -0.0022261523307798045
1443 -7.368473919549135e-05 -0.0021967994368629136
1445 8.154744206798837e-05 -0.002286459059233721
1447 -1.2699825871246236e-05 -0.0022133001175009084
1449 -4.13570188263178e-05 -0.0022126378779741213
1451 3.337865490740738e-05 -0.002204553152352073
1453 2.713710468932421e-05 -0.0021609266718481137
1455 6.695399127725727e-05 -0.0021711943352391806
1457 -2.0648267777279062e-05 -0.0022006155634747954
1459 2.0098095854159757e-05 -0.0021278491343697274
1461 1.538565155662556e-05 -0.002208264559282503
1463 -2.0504404439898705e-05 -0.0021497701062329
1465 -1.0114115596330378e-05 -0.002213243031667131
1467 1.9634969194631464e-05 -0.002209418855096946
1469 -6.535435377108709e-05 -0.002210404653540052
1471 2.565428295256885e-05 -0.0022268521498166756
1473 -2.42025330404807e-05 -0.0021796464638270405
1475 1.1354675297879603e-05 -0.002177715689587917
1477 -1.9019202719177496e-05 -0.0021869685498109226
1479 -1.924389834045315e-05 -0.0021438758958476508
1481 -2.2774718611637236e-05 -0.0021593408415564183
1483 -9.311509240104528e-05 -0.002146602516378461
1485 -6.472885052851256e-05 -0.0021608028258153465
1487 4.252296238775378e-06 -0.00210355061196938
1489 -2.658416864118861e-05 -0.002197560562127921
1491 -4.6875532269000184e-06 -0.002131777777038042
1493 9.006611527680011e-06 -0.002146267908566862
1495 5.312194735145157e-07 -0.002095472259096573
1497 4.275505525731842e-05 -0.0021169385538941264
1499 -3.173908181029366e-06 -0.0021817145927686406
1501 -7.64957924339376e-05 -0.0020946278666454667
1503 -1.6098349820232285e-05 -0.002101620076615064
1505 1.9214348518217747e-05 -0.0021131623333553486
1507 -9.984607794201486e-06 -0.0021275414679496766
1509 -1.9380755885360835e-05 -0.0021233476539212126
1511 -3.978982790206687e-07 -0.002147338324848162
1513 -4.246775241568123e-05 -0.0020948541277684973
1515 -8.610817422945094e-05 -0.0020607771683123118
1517 3.234339036811331e-05 -0.0020843720991685893
1519 3.417361651172378e-05 -0.002075570249422207
1521 7.605419769605257e-06 -0.0020749942103380783
1523 2.1658276401245887e-05 -0.002034198713021563
1525 -8.080431199985688e-06 -0.002072269661457251
1527 -5.540660816794311e-05 -0.002066276406159842
1529 -9.57877774244412e-05 -0.0020744321830319995
1531 -4.927311546712574e-05 -0.002092206806719077
1533 5.042751575642625e-05 -0.002029202739780214
1535 -1.911523306865908e-05 -0.0020581675405463044
1537 -1.140325611296486e-05 -0.0020906885074591275
1539 -1.4996011773054577e-05 -0.0020742661893832426
1541 -3.46540500961321e-05 -0.0021019098479226356
1543 1.4417495190458557e-06 -0.002092262845912156
1545 -3.1401246871353987e-05 -0.0020731799274935165
1547 -7.43551821484642e-06 -0.002075805131430582
1549 -5.677693575705261e-05 -0.00208730496780583
1551 -1.1767731538132751e-06 -0.002086269794859153
1553 3.2094028087509526e-05 -0.0020240888803925235
1555 -4.1194976966849494e-05 -0.0020352876244662615
1557 4.6336218690952695e-05 -0.001980667076260487
1559 -1.010130064769816e-05 -0.002029856843273336
1561 -5.448038034427434e-06 -0.0020512786014448498
1563 -2.4068642969432715e-05 -0.0020851262968656762
1565 -1.5014941165006683e-05 -0.002026721233320524
1567 1.6890434068175662e-05 -0.0020316403955302573
1569 -2.0028742485962584e-06 -0.0020207468224641856
1571 1.7974941162911607e-05 -0.0020186761326269832
1573 1.0048536847291721e-05 -0.002026709500844452
1575 -4.872771925461718e-05 -0.001987803623271424
1577 6.8238943170865105e-06 -0.0020709783157992667
1579 -1.9862617965464862e-05 -0.00203899314793822
1581 9.404452485485773e-06 -0.0020341845239643733
1583 -4.37416284065933e-05 -0.0020090800307457487
1585 1.595961244355775e-05 -0.002007420105530947
1587 -1.1882804229899468e-05 -0.001999459996524838
1589 7.533388439463177e-05 -0.0019156685042123452
1591 6.219711216854165e-05 -0.001973545772262367
1593 -3.408826447672553e-05 -0.0019657087252380988
1595 6.188200765593027e-05 -0.0019849377473793108
1597 1.662301156609241e-05 -0.0019480260243769317
1599 3.4850542956140396e-05 -0.0020377693166761888
1601 1.4726888336509165e-05 -0.0020063451387042366
1603 -4.092138127900148e-05 -0.0020030222653507042
1605 -3.984015770825629e-05 -0.001999649664341917
1607 -3.776710115845972e-05 -0.0019850926441901855
1609 2.7586945164611368e-05 -0.0019394140336752214
1611 1.3619873072482501e-05 -0.0020036803378983593
1613 -9.821516318325149e-07 -0.0020011846417282483
1615 -5.725536558952895e-06 -0.0019582972913250777
1617 -3.239996442231091e-05 -0.00196313757477609
1619 -2.012979117731463e-05 -0.0019369771368768815
1621 -2.0115311606277917e-07 -0.0019115623604955747
1623 5.652465171033574e-06 -0.001928490339007082
1625 -6.825746960573489e-06 -0.0019221905647433908
1627 9.981949476602488e-05 -0.001994499971029975
1629 1.1958508777306353e-05 -0.0018962137250536932
1631 3.1011203042631263e-05 -0.0019543198242767284
1633 7.370740758640768e-05 -0.0019149045786967691
1635 1.547377959340477e-05 -0.0019117685590922934
1637 -1.570104952367357e-06 -0.0019671431562829616
1639 0.0 -0.0019420981463318526
1641 0.0 -0.0019397311772321186
1643 0.0 -0.001937369970686492
1645 0.0 -0.0019350145056765391
1647 0.0 -0.001932664761285918
1649 0.0 -0.0019303207166997617
1651 0.0 -0.0019279823512040625
1653 0.0 -0.001925649644185062
1655 0.0 -0.0019233225751286447
1657 0.0 -0.0019210011236197387
1659 0.0 -0.001918685269341716
1661 0.0 -0.0019163749920758017
1663 0.0 -0.0019140702717004852
1665 0.0 -0.001911771088190935
1667 0.0 -0.0019094774216184207
1669 0.0 -0.0019071892521497344
1671 0.0 -0.0019049065600466228
1673 0.0 -0.0019026293256652162
1675 0.0 -0.0019003575294554665
1677 0.0 -0.0018980911519605882
1679 0.0 -0.0018958301738165018
1681 0.0 -0.001893574575751283
1683 0.0 -0.001891324338584615
1685 0.0 -0.0018890794432272445
1687 0.0 -0.0018868398706804429
1689 0.0 -0.0018846056020354691
1691 0.0 -0.0018823766184730378
1693 0.0 -0.001880152901262792
1695 0.0 -0.001877934431762777
1697 0.0 -0.0018757211914189197
1699 0.0 -0.0018735131617645124
1701 0.0 -0.0018713103244196983
1703 0.0 -0.0018691126610909613
1705 0.0 -0.0018669201535706195
1707 0.0 -0.001864732783736325
1709 0.0 -0.0018625505335505598
1711 0.0 -0.0018603733850601444
1713 0.0 -0.0018582013203957421
1715 0.0 -0.001856034321771374
1717 0.0 -0.0018538723714839295
1719 0.0 -0.0018517154519126857
1721 0.0 -0.0018495635455188302
1723 0.0 -0.0018474166348449838
1725 0.0 -0.001845274702514729
1727 0.0 -0.0018431377312321405
1729 0.0 -0.0018410057037813227
1731 0.0 -0.001838878603025943
1733 0.0 -0.001836756411908775
1735 0.0 -0.001834639113451243
1737 0.0 -0.0018325266907529688
1739 0.0 -0.001830419126991321
1741 0.0 -0.0018283164054209687
1743 0.0 -0.0018262185093734405
1745 0.0 -0.0018241254222566802
1747 0.0 -0.001822037127554612
1749 0.0 -0.0018199536088267046
1751 0.0 -0.0018178748497075423
1753 0.0 -0.001815800833906393
1755 0.0 -0.0018137315452067845
1757 0.0 -0.0018116669674660825
1759 0.0 -0.0018096070846150695
1761 0.0 -0.0018075518806575281
1763 0.0 -0.001805501339669828
1765 0.0 -0.0018034554458005137
1767 0.0 -0.0018014141832698965
1769 0.0 -0.001799377536369648
1771 0.0 -0.0017973454894623978
1773 0.0 -0.0017953180269813349
1775 0.0 -0.0017932951334298068
1777 0.0 -0.0017912767933809268
1779 0.0 -0.0017892629914771818
1781 0.0 -0.001787253712430043
1783 0.0 -0.0017852489410195775
1785 0.0 -0.0017832486620940652
1787 0.0 -0.0017812528605696176
1789 0.0 -0.001779261521429797
1791 0.0 -0.001777274629725241
1793 0.0 -0.001775292170573289
1795 0.0 -0.0017733141291576084
1797 0.0 -0.001771340490727828
1799 0.0 -0.0017693712405991702
1801 0.0 -0.0017674063641520859
1803 0.0 -0.0017654458468318952
1805 0.0 -0.001763489674148425
1807 0.0 -0.001761537831675654
1809 0.0 -0.001759590305051358
1811 0.0 -0.001757647079976757
1813 0.0 -0.001755708142216165
1815 0.0 -0.0017537734775966427
1817 0.0 -0.0017518430720076536
1819 0.0 -0.0017499169114007184
1821 0.0 -0.0017479949817890757
1823 0.0 -0.0017460772692473431
1825 0.0 -0.0017441637599111817
1827 0.0 -0.0017422544399769604
1829 0.0 -0.0017403492957014253
1831 0.0 -0.0017384483134013692
1833 0.0 -0.0017365514794533046
1835 0.0 -0.0017346587802931374
1837 0.0 -0.0017327702024158447
1839 0.0 -0.0017308857323751533
1841 0.0 -0.0017290053567832195
1843 0.0 -0.0017271290623103131
1845 0.0 -0.0017252568356845024
1847 0.0 -0.001723388663691341
1849 0.0 -0.001721524533173557
1851 0.0 -0.0017196644310307437
1853 0.0 -0.0017178083442190538
1855 0.0 -0.0017159562597508931
1857 0.0 -0.0017141081646946186
1859 0.0 -0.001712264046174237
1861 0.0 -0.0017104238913691061
1863 0.0 -0.0017085876875136375
1865 0.0 -0.001706755421897001
1867 0.0 -0.0017049270818628318
1869 0.0 -0.001703102654808939
1871 0.0 -0.0017012821281870163
1873 0.0 -0.0016994654895023528
1875 0.0 -0.0016976527263135503
1877 0.0 -0.001695843826232236
1879 0.0 -0.001694038776922782
1881 0.0 -0.0016922375661020238
1883 0.0 -0.001690440181538984
1885 0.0 -0.0016886466110545926
1887 0.0 -0.0016868568425214133
1889 0.0 -0.0016850708638633703
1891 0.0 -0.0016832886630554769
1893 0.0 -0.001681510228123564
1895 0.0 -0.001679735547144014
1897 0.0 -0.0016779646082434932
1899 0.0 -0.001676197399598687
1901 0.0 -0.0016744339094360372
1903 0.0 -0.0016726741260314803
1905 0.0 -0.0016709180377101874
1907 0.0 -0.0016691656328463068
1909 0.0 -0.0016674168998627068
1911 0.0 -0.0016656718272307204
1913 0.0 -0.0016639304034698939
1915 0.0 -0.0016621926171477323
1917 0.0 -0.0016604584568794506
1919 0.0 -0.0016587279113277262
1921 0.0 -0.0016570009692024503
1923 0.0 -0.001655277619260482
1925 0.0 -0.001653557850305406
1927 0.0 -0.0016518416511872895
1929 0.0 -0.00165012901080244
1931 0.0 -0.0016484199180931674
1933 0.0 -0.001646714362047546
1935 0.0 -0.0016450123316991765
1937 0.0 -0.0016433138161269525
1939 0.0 -0.0016416188044548255
1941 0.0 -0.001639927285851575
1943 0.0 -0.001638239249530575
1945 0.0 -0.0016365546847495666
1947 0.0 -0.0016348735808104297
1949 0.0 -0.0016331959270589568
1951 0.0 -0.001631521712884627
1953 0.0 -0.0016298509277203822
1955 0.0 -0.0016281835610424075
1957 0.0 -0.0016265196023699064
1959 0.0 -0.0016248590412648836
1961 0.0 -0.0016232018673319258
1963 0.0 -0.0016215480702179862
1965 0.0 -0.0016198976396121663
1967 0.0 -0.0016182505652455044
1969 0.0 -0.00161660683689076
1971 0.0 -0.0016149664443622052
1973 0.0 -0.0016133293775154114
1975 0.0 -0.0016116956262470414
1977 0.0 -0.001610065180494642
1979 0.0 -0.0016084380302364362
1981 0.0 -0.0016068141654911193
1983 0.0 -0.0016051935763176535
1985 0.0 -0.0016035762528150664
1987 0.0 -0.0016019621851222482
1989 0.0 -0.0016003513634177513
1991 0.0 -0.0015987437779195915
1993 0.0 -0.001597139418885051
1995 0.0 -0.0015955382766104796
1997 0.0 -0.0015939403414310998
1999 0.0 -0.0015923456037208138
2001 0.0 -0.0015907540538920074
2003 0.0 -0.0015891656823953605
2005 0.0 -0.001587580479719654
2007 0.0 -0.0015859984363915827
2009 0.0 -0.0015844195429755633
2011 0.0 -0.001582843790073549
2013 0.0 -0.0015812711683248419
2015 0.0 -0.0015797016684059092
2017 0.0 -0.001578135281030197
2019 0.0 -0.001576571996947948
2021 0.0 -0.0015750118069460203
2023 0.0 -0.001573454701847705
2025 0.0 -0.0015719006725125467
2027 0.0 -0.001570349709836165
2029 0.0 -0.0015688018047500772
2031 0.0 -0.00156725694822152
2033 0.0 -0.0015657151312532746
2035 0.0 -0.0015641763448834922
2037 0.0 -0.0015626405801855213
2039 0.0 -0.0015611078282677326
2041 0.0 -0.0015595780802733494
2043 0.0 -0.0015580513273802774
2045 0.0 -0.0015565275608009324
2047 0.0 -0.0015550067717820747
2049 0.0 -0.0015534889516046397
