-2049 0.0 0.0015534889516046397
-2047 0.0 0.0015550067717820747
-2045 0.0 0.0015565275608009324
-2043 0.0 0.0015580513273802774
-2041 0.0 0.0015595780802733494
-2039 0.0 0.0015611078282677326
-2037 0.0 0.0015626405801855213
-2035 0.0 0.0015641763448834922
-2033 0.0 0.0015657151312532746
-2031 0.0 0.00156725694822152
-2029 0.0 0.0015688018047500772
-2027 0.0 0.001570349709836165
-2025 0.0 0.0015719006725125467
-2023 0.0 0.001573454701847705
-2021 0.0 0.0015750118069460203
-2019 0.0 0.001576571996947948
-2017 0.0 0.001578135281030197
-2015 0.0 0.0015797016684059092
-2013 0.0 0.0015812711683248419
-2011 0.0 0.001582843790073549
-2009 0.0 0.0015844195429755633
-2007 0.0 0.0015859984363915827
-2005 0.0 0.001587580479719654
-2003 0.0 0.0015891656823953605
-2001 0.0 0.0015907540538920074
-1999 0.0 0.0015923456037208138
-1997 0.0 0.0015939403414310998
-1995 0.0 0.0015955382766104796
-1993 0.0 0.001597139418885051
-1991 0.0 0.0015987437779195915
-1989 0.0 0.0016003513634177513
-1987 0.0 0.0016019621851222482
-1985 0.0 0.0016035762528150664
-1983 0.0 0.0016051935763176535
-1981 0.0 0.0016068141654911193
-1979 0.0 0.0016084380302364362
-1977 0.0 0.001610065180494642
-1975 0.0 0.0016116956262470414
-1973 0.0 0.0016133293775154114
-1971 0.0 0.0016149664443622052
-1969 0.0 0.00161660683689076
-1967 0.0 0.0016182505652455044
-1965 0.0 0.0016198976396121663
-1963 0.0 0.0016215480702179862
-1961 0.0 0.0016232018673319258
-1959 0.0 0.0016248590412648836
-1957 0.0 0.0016265196023699064
-1955 0.0 0.0016281835610424075
-1953 0.0 0.0016298509277203822
-1951 0.0 0.001631521712884627
-1949 0.0 0.0016331959270589568
-1947 0.0 0.0016348735808104297
-1945 0.0 0.0016365546847495666
-1943 0.0 0.001638239249530575
-1941 0.0 0.001639927285851575
-1939 0.0 0.0016416188044548255
-1937 0.0 0.0016433138161269525
-1935 0.0 0.0016450123316991765
-1933 0.0 0.001646714362047546
-1931 0.0 0.0016484199180931674
-1929 0.0 0.00165012901080244
-1927 0.0 0.0016518416511872895
-1925 0.0 0.001653557850305406
-1923 0.0 0.001655277619260482
-1921 0.0 0.0016570009692024503
-1919 0.0 0.0016587279113277262
-1917 0.0 0.0016604584568794506
-1915 0.0 0.0016621926171477323
-1913 0.0 0.0016639304034698939
-1911 0.0 0.0016656718272307204
-1909 0.0 0.0016674168998627068
-1907 0.0 0.0016691656328463068
-1905 0.0 0.0016709180377101874
-1903 0.0 0.0016726741260314803
-1901 0.0 0.0016744339094360372
-1899 0.0 0.001676197399598687
-1897 0.0 0.0016779646082434932
-1895 0.0 0.001679735547144014
-1893 0.0 0.001681510228123564
-1891 0.0 0.0016832886630554769
-1889 0.0 0.0016850708638633703
-1887 0.0 0.0016868568425214133
-1885 0.0 0.0016886466110545926
-1883 0.0 0.001690440181538984
-1881 0.0 0.0016922375661020238
-1879 0.0 0.001694038776922782
-1877 0.0 0.001695843826232236
-1875 0.0 0.0016976527263135503
-1873 0.0 0.0016994654895023528
-1871 0.0 0.0017012821281870163
-1869 0.0 0.001703102654808939
-1867 0.0 0.0017049270818628318
-1865 0.0 0.001706755421897001
-1863 0.0 0.0017085876875136375
-1861 0.0 0.0017104238913691061
-1859 0.0 0.001712264046174237
-1857 0.0 0.0017141081646946186
-1855 0.0 0.0017159562597508931
-1853 0.0 0.0017178083442190538
-1851 0.0 0.0017196644310307437
-1849 0.0 0.001721524533173557
-1847 0.0 0.001723388663691341
-1845 0.0 0.0017252568356845024
-1843 0.0 0.0017271290623103131
-1841 0.0 0.0017290053567832195
-1839 0.0 0.0017308857323751533
-1837 0.0 0.0017327702024158447
-1835 0.0 0.0017346587802931374
-1833 0.0 0.0017365514794533046
-1831 0.0 0.0017384483134013692
-1829 0.0 0.0017403492957014253
-1827 0.0 0.0017422544399769604
-1825 0.0 0.0017441637599111817
-1823 0.0 0.0017460772692473431
-1821 0.0 0.0017479949817890757
-1819 0.0 0.0017499169114007184
-1817 0.0 0.0017518430720076536
-1815 0.0 0.0017537734775966427
-1813 0.0 0.001755708142216165
-1811 0.0 0.001757647079976757
-1809 0.0 0.001759590305051358
-1807 0.0 0.001761537831675654
-1805 0.0 0.001763489674148425
-1803 0.0 0.0017654458468318952
-1801 0.0 0.0017674063641520859
-1799 0.0 0.0017693712405991702
-1797 0.0 0.001771340490727828
-1795 0.0 0.0017733141291576084
-1793 0.0 0.001775292170573289
-1791 0.0 0.001777274629725241
-1789 0.0 0.001779261521429797
-1787 0.0 0.0017812528605696176
-1785 0.0 0.0017832486620940652
-1783 0.0 0.0017852489410195775
-1781 0.0 0.001787253712430043
-1779 0.0 0.0017892629914771818
-1777 0.0 0.0017912767933809268
-1775 0.0 0.0017932951334298068
-1773 0.0 0.0017953180269813349
-1771 0.0 0.0017973454894623978
-1769 0.0 0.001799377536369648
-1767 0.0 0.0018014141832698965
-1765 0.0 0.0018034554458005137
-1763 0.0 0.001805501339669828
-1761 0.0 0.0018075518806575281
-1759 0.0 0.0018096070846150695
-1757 0.0 0.0018116669674660825
-1755 0.0 0.0018137315452067845
-1753 0.0 0.001815800833906393
-1751 0.0 0.0018178748497075423
-1749 0.0 0.0018199536088267046
-1747 0.0 0.001822037127554612
-1745 0.0 0.0018241254222566802
-1743 0.0 0.0018262185093734405
-1741 0.0 0.0018283164054209687
-1739 0.0 0.001830419126991321
-1737 0.0 0.0018325266907529688
-1735 0.0 0.001834639113451243
-1733 0.0 0.001836756411908775
-1731 0.0 0.001838878603025943
-1729 0.0 0.0018410057037813227
-1727 0.0 0.0018431377312321405
-1725 0.0 0.001845274702514729
-1723 0.0 0.0018474166348449838
-1721 0.0 0.0018495635455188302
-1719 0.0 0.0018517154519126857
-1717 0.0 0.0018538723714839295
-1715 0.0 0.001856034321771374
-1713 0.0 0.0018582013203957421
-1711 0.0 0.0018603733850601444
-1709 0.0 0.0018625505335505598
-1707 0.0 0.001864732783736325
-1705 0.0 0.0018669201535706195
-1703 0.0 0.0018691126610909613
-1701 0.0 0.0018713103244196983
-1699 0.0 0.0018735131617645124
-1697 0.0 0.0018757211914189197
-1695 0.0 0.001877934431762777
-1693 0.0 0.001880152901262792
-1691 0.0 0.0018823766184730378
-1689 0.0 0.0018846056020354691
-1687 0.0 0.0018868398706804429
-1685 0.0 0.0018890794432272445
-1683 0.0 0.001891324338584615
-1681 0.0 0.001893574575751283
-1679 0.0 0.0018958301738165018
-1677 0.0 0.0018980911519605882
-1675 0.0 0.0019003575294554665
-1673 0.0 0.0019026293256652162
-1671 0.0 0.0019049065600466228
-1669 0.0 0.0019071892521497344
-1667 0.0 0.0019094774216184207
-1665 0.0 0.001911771088190935
-1663 0.0 0.0019140702717004852
-1661 0.0 0.0019163749920758017
-1659 0.0 0.001918685269341716
-1657 0.0 0.0019210011236197387
-1655 0.0 0.0019233225751286447
-1653 0.0 0.001925649644185062
-1651 0.0 0.0019279823512040625
-1649 0.0 0.0019303207166997617
-1647 0.0 0.001932664761285918
-1645 0.0 0.0019350145056765391
-1643 0.0 0.001937369970686492
-1641 0.0 0.0019397311772321186
-1639 0.0 0.0019420981463318526
-1637 -1.846926945601845e-05 0.001949615785985014
-1635 -3.127262361085099e-05 0.0019346989230353668
-1633 -9.360701471186877e-06 0.001954129194449914
-1631 5.976227283669832e-06 0.001962945935095851
-1629 -1.9352109684846513e-05 0.001955528531591572
-1627 1.0203658618114238e-06 0.002007242344525936
-1625 -2.15395299796763e-05 0.001994735315962441
-1623 5.259741720715555e-06 0.0019644787674199765
-1621 -1.8152221550703512e-06 0.0019776431330563904
-1619 1.051550963374813e-05 0.002023612535302588
-1617 -1.6922262864036695e-05 0.001943975394285481
-1615 4.309275999586738e-05 0.0019270234112384087
-1613 1.722173060162104e-05 0.001984806997198283
-1611 1.0919489849593163e-05 0.0020094015518810886
-1609 -2.4208916540662372e-05 0.0019676629107454355
-1607 -5.0300536942437425e-06 0.00195557883105636
-1605 5.547735371547496e-05 0.0020187354486436884
-1603 -1.7312207536993182e-05 0.0020160554188681503
-1601 4.7675262536457004e-05 0.0019501423523158256
-1599 -1.0218861608082931e-05 0.002017165793455643
-1597 -5.458589534679062e-06 0.0020398414174546938
-1595 4.46047113067057e-05 0.0019716372218482187
-1593 1.72934915689215e-05 0.0019477036066858813
-1591 1.985230387596134e-05 0.0020156164784112625
-1589 1.0015081777241378e-06 0.0019994830546792644
-1587 -4.881201193977162e-05 0.002018792243808366
-1585 -2.269338845026238e-05 0.0020103948383341733
-1583 -3.421964736840035e-05 0.0020039693610650767
-1581 1.6653911587596767e-05 0.002041289155913301
-1579 5.350942266260254e-05 0.0019927682640536516
-1577 -2.1467718572651874e-05 0.002076390586621346
-1575 3.0784348532168325e-05 0.0019950529118393703
-1573 2.6613222845027774e-05 0.0020229595116432234
-1571 -4.519890831082067e-06 0.002012387612311833
-1569 2.2928519105748338e-06 0.0020491554310914624
-1567 -2.5075996277578027e-05 0.002027960072446023
-1565 4.827305709751296e-06 0.0020248968192658856
-1563 4.540621135465565e-05 0.0020292827153405133
-1561 2.039061463704272e-05 0.0020607215088360295
-1559 5.971629253467172e-05 0.0020517855863404627
-1557 -2.1713746193141958e-05 0.002049581499391689
-1555 1.8216424045612138e-05 0.0020757613401787742
-1553 1.4452224321354391e-05 0.002084088085353192
-1551 7.851590782443895e-06 0.002055754573897617
-1549 -3.1888701429629193e-06 0.002063202127744485
-1547 -2.8477795839777104e-05 0.0021009964915228467
-1545 -5.3094684922269396e-05 0.002061486171595562
-1543 -8.53946468192261e-06 0.002051318422276254
-1541 -5.0143550205870655e-06 0.002084437439845438
-1539 5.2568471393032114e-05 0.002082776574996744
-1537 2.5566792712505727e-05 0.002052416412514395
-1535 3.380139492777425e-05 0.0020337388764551786
-1533 -3.014745253844094e-05 0.0020768560607305918
-1531 1.4725623793600357e-06 0.0020959931005072826
-1529 -1.2563788203658027e-05 0.0020748308623262635
-1527 6.107908343032939e-05 0.0020770042930364357
-1525 1.5937710678860236e-05 0.0020936788387723258
-1523 1.2545925098946175e-05 0.0020857070984927153
-1521 -1.9489825285595958e-05 0.0021077156839051443
-1519 -1.2305984661834965e-05 0.0020561217297459097
-1517 5.124212282830446e-05 0.002033167951209886
-1515 5.483902222152906e-05 0.0020573682255098876
-1513 2.1563558212109298e-05 0.0021035820161984906
-1511 1.7733344461130973e-05 0.002131225966077524
-1509 -3.6152042454139585e-05 0.0021232470144131274
-1507 -8.634399367949808e-06 0.0021307612519641094
-1505 3.550084207216824e-05 0.002147917789493185
-1503 -3.7109425500588026e-06 0.002148101322633059
-1501 1.3546311401333876e-05 0.0021035335584136815
-1499 6.333993224228507e-06 0.002158272348769081
-1497 5.301896682520849e-05 0.0020886310473176017
-1495 -3.3824003934384794e-05 0.0021307537382887812
-1493 8.657673978765727e-06 0.00214136136419897
-1491 -3.17443569794911e-05 0.002146970456778182
-1489 3.1251404296478135e-05 0.0021185484868543013
-1487 2.339407139678785e-05 0.002192251116429179
-1485 1.5545743851774492e-06 0.002242147529259566
-1483 3.892272272636331e-06 0.002135674225764624
-1481 2.7267320452015375e-05 0.0021153311967483375
-1479 8.701815256459075e-06 0.0021955625504375747
-1477 2.4694016011683344e-05 0.0021752626420332264
-1475 5.900344361039212e-05 0.002153122573913115
-1473 7.781981192261215e-06 0.0021539991165727386
-1471 3.742297659617881e-05 0.0021608387944230703
-1469 -1.03476186984349e-05 0.0021762783986373287
-1467 -2.8087874480658565e-05 0.0021399486366345186
-1465 2.4189924425546462e-05 0.0021705565784542777
-1463 2.6962602806438745e-05 0.0022417501995681977
-1461 2.54022465385581e-05 0.0022377093950411973
-1459 4.136786040378394e-05 0.002242012906880431
-1457 4.946979299507905e-05 0.0022276279616594147
-1455 4.144906401090681e-05 0.002209751687134063
-1453 2.8591578431086223e-05 0.002196525341344323
-1451 -5.6487595982653165e-05 0.0021979578391594355
-1449 -3.038401291125817e-05 0.0022174149148220523
-1447 5.84878463827522e-06 0.0022283972766060207
-1445 -1.1272885317163245e-05 0.002220769489776129
-1443 3.279025602746795e-05 0.0022004497260895775
-1441 4.641522740667019e-05 0.0022401157035973097
-1439 -3.2435850034235737e-06 0.0021804512163751725
-1437 -3.550419614268435e-05 0.00218997261614651
-1435 3.097704534224618e-05 0.002228747139562862
-1433 2.8639678159677545e-05 0.0022461366040371113
-1431 -9.857808830104195e-06 0.0022283674940846345
-1429 2.5312805064249895e-06 0.0022526167280065056
-1427 1.8318469400066498e-05 0.0022482366932718594
-1425 6.319444915758266e-05 0.0022134129084489993
-1423 1.0654156202546501e-05 0.00221585335860766
-1421 1.423929463739449e-05 0.002233522001883975
-1419 2.486600241048217e-06 0.002253338744891528
-1417 9.106406260619926e-06 0.0022322357117214972
-1415 1.4590759235606148e-05 0.0022098049687177676
-1413 -1.7607603593184294e-05 0.0022816760038954186
-1411 6.308339660914932e-05 0.0022511256974151604
-1409 -4.099963101843098e-06 0.0023034846870719624
-1407 2.2784460865731012e-05 0.002268939853372466
-1405 1.9587561251611335e-05 0.0022546458112998554
-1403 3.963806104530535e-05 0.0022656149326558046
-1401 1.8524170255935114e-05 0.002259515684568413
-1399 7.06432771038917e-06 0.0022972133589105447
-1397 -1.888456900508774e-05 0.002262198188500257
-1395 -5.4612474749722e-06 0.0023226081568232682
-1393 2.9343861758767698e-05 0.002268385417500773
-1391 3.1097397255732654e-05 0.0023103701126989647
-1389 3.561680198406027e-05 0.0022697148016160153
-1387 1.560385655993702e-05 0.0022464032734790997
-1385 -1.968801589686146e-05 0.002260820069984072
-1383 -1.2307505052935064e-05 0.002387292168932176
-1381 3.2509404175153154e-06 0.0023223942837258724
-1379 2.2519886180971885e-05 0.0022886471344732433
-1377 -3.4069265032175583e-05 0.0023248690739550723
-1375 5.1318809271846895e-05 0.0023024936151460605
-1373 -2.299080848753859e-07 0.002353087763774446
-1371 -2.852419046479695e-05 0.002303674010996884
-1369 -3.535235089797402e-05 0.002366200390931272
-1367 -2.8679679963471106e-06 0.002333873000997351
-1365 -5.14445350034958e-07 0.002350692015423053
-1363 1.449027815380341e-05 0.0023367614547511522
-1361 9.0981939072398e-06 0.0023940582470876643
-1359 2.0555669821809145e-05 0.0022988814235739225
-1357 -5.34014038720395e-06 0.002296643809698695
-1355 5.658465605366615e-08 0.0024136538114656494
-1353 3.031004455266529e-06 0.002372369255288452
-1351 5.784986979135323e-06 0.002352631100382721
-1349 6.491370283014617e-06 0.002381501208714685
-1347 4.187874571025422e-05 0.002378968613404973
-1345 3.4004483679238746e-05 0.0023755393806545767
-1343 -1.8428537781152198e-05 0.002372909061278705
-1341 -3.3137816235333583e-06 0.0023841512642502013
-1339 -2.8715149818127365e-05 0.0023793732932733585
-1337 -2.5707792493999847e-05 0.002366427721769765
-1335 -5.173004685493048e-08 0.0023634063188358
-1333 -3.5046815421886375e-07 0.0023985888041847515
-1331 -1.4770485406304948e-06 0.002426954214688147
-1329 1.2180653434132488e-05 0.0023615438907480255
-1327 4.258931804772943e-05 0.002381804330942742
-1325 -2.0332225713251127e-05 0.0023809163960304487
-1323 5.2288180912220085e-05 0.0023747512354467593
-1321 8.453740174124559e-06 0.002374190906397868
-1319 -1.4839097628541334e-05 0.0023813671397218137
-1317 -9.519882180580849e-06 0.0024400085049223483
-1315 1.0029592660185447e-05 0.002461212285199126
-1313 -4.355609072980931e-05 0.0024233845577367637
-1311 -7.099831906183092e-06 0.002432920427412748
-1309 3.6650594329040114e-05 0.0024724160352467706
-1307 1.5255771605855538e-05 0.00250460027732182
-1305 4.101731463176075e-05 0.002474945387119729
-1303 -1.421260160634911e-05 0.002477237948824261
-1301 -1.8098858756877846e-05 0.0024684255934547426
-1299 -3.5258316147911656e-05 0.002433380087953759
-1297 1.616433102030078e-05 0.002441039423033158
-1295 -3.3052203036673626e-06 0.0024725764081090823
-1293 -2.2833163451963078e-05 0.0024979984461752465
-1291 -3.3333062375809664e-05 0.0024785445389562
-1289 -2.7485131069751764e-05 0.0024657212846329666
-1287 -3.976006362833014e-05 0.0024704391448159627
-1285 -2.6482292092585496e-05 0.0024017037128737247
-1283 4.339792864041209e-05 0.0025030196450798866
-1281 4.8976485638695165e-05 0.002478167862749513
-1279 9.397419159624475e-06 0.002477528803050188
-1277 1.316650202060646e-05 0.0025038472591194156
-1275 6.622081141780006e-05 0.0024556232226818245
-1273 1.195490128992123e-05 0.0025576758119409478
-1271 -1.6777592331323664e-05 0.0024892882265082935
-1269 -2.3395239986487092e-05 0.0024690514198080246
-1267 1.3406254807677806e-05 0.0024659805937697695
-1265 -4.23424235496619e-05 0.002466878046541331
-1263 -4.810309837241983e-05 0.0024879626624847643
-1261 2.954173920877146e-05 0.0025099622193223477
-1259 -6.097890087435363e-05 0.0024963577680526465
-1257 -2.6221373435043734e-05 0.002516239509530806
-1255 -2.2535943694767648e-05 0.0025507431778365505
-1253 2.0334822183128246e-05 0.002577251755303915
-1251 4.1314257289251344e-05 0.002590004481950845
-1249 2.984532167771063e-06 0.002581333758824858
-1247 -1.8440466021214666e-05 0.0025908293899440027
-1245 1.8834952560150027e-05 0.002520918716001766
-1243 -1.7517058889428272e-06 0.002554771613346512
-1241 -5.600375503379477e-05 0.002583102118557867
-1239 -3.1534666438048044e-05 0.0025688200956732856
-1237 -3.527821705295268e-05 0.0026072399995901814
-1235 -3.974873704827494e-05 0.0026231920890211324
-1233 5.151901729219699e-06 0.002636990690459687
-1231 2.663562268004619e-05 0.0025678898500711045
-1229 -2.7328327735550155e-05 0.002556173087646196
-1227 2.8555702866344035e-05 0.002650341459542099
-1225 3.189297700718254e-05 0.0026389848291643076
-1223 7.393073046060217e-06 0.0026289565377023367
-1221 1.7187104100672523e-06 0.002659144475522908
-1219 -7.063798584896155e-06 0.0026153808103564456
-1217 3.090233586515728e-05 0.0025920514860596146
-1215 -1.730615457030664e-06 0.002602943885482484
-1213 6.999521438179958e-06 0.0025967073595853313
-1211 -1.2451974908339814e-06 0.0026371733456725926
-1209 5.448529135343917e-05 0.0026393611287696527
-1207 -1.7810304116520145e-05 0.002679007545501795
-1205 1.880970697192982e-05 0.0026076505206012713
-1203 -2.3701628178233913e-05 0.0026770661073386697
-1201 -8.009431124956424e-06 0.0026660506815362178
-1199 3.104372529862278e-05 0.0026510428896483816
-1197 -4.7310347142045e-05 0.0027216724812990254
-1195 8.598285693430801e-07 0.002686963620067528
-1193 2.2944456417748437e-05 0.0026284989057203645
-1191 -1.9350965387306e-05 0.002646990100366149
-1189 4.5107517342178625e-05 0.002695515773320371
-1187 6.116563317294314e-05 0.0026939607948870876
-1185 1.706701028546114e-05 0.002668278623794261
-1183 -2.1902364346956395e-05 0.002689260435396852
-1181 -4.624919895412869e-05 0.002670358984044781
-1179 7.298007577490718e-05 0.0026830857161985406
-1177 3.913816865783963e-05 0.002733943172309775
-1175 -4.655135635672602e-05 0.0026487615398834256
-1173 2.6673243918395207e-05 0.0027036100595597377
-1171 1.6299473078501633e-05 0.0027511072834183626
-1169 6.0810062470622095e-05 0.0027418233469266077
-1167 5.9822617037998744e-05 0.00267843225288126
-1165 1.091735184326219e-05 0.0027331052145478847
-1163 -1.4548095670173434e-05 0.002689214315921379
-1161 -2.4808732491303978e-05 0.00272686600920868
-1159 4.902862301656621e-05 0.0027493916034944366
-1157 2.3096832384963654e-05 0.0027577793701049837
-1155 4.5446868531046194e-05 0.0027642268706359026
-1153 1.9748418070356876e-05 0.002783016468309162
-1151 4.355812960030921e-05 0.0027890579926398438
-1149 -5.6906750907053595e-06 0.0027970811512482182
-1147 8.345220063026879e-06 0.0027686554131620316
-1145 -1.4473549644724253e-05 0.0027977458437220084
-1143 1.9932382865016836e-05 0.0028234892289257935
-1141 3.0926484554589034e-05 0.002745735056970173
-1139 8.500137680409765e-06 0.002793381342813588
-1137 -1.2718906520511373e-05 0.0027712896001688934
-1135 -2.8442932086163375e-06 0.00277842807521792
-1133 -3.063733529708346e-05 0.002784696248840769
-1131 3.575504330438585e-05 0.0028096435974965706
-1129 2.486757085754203e-05 0.0028515370650948045
-1127 5.151345660683494e-06 0.00280994307493307
-1125 3.6063344395415e-05 0.002791627818545122
-1123 -3.201745759431516e-05 0.0028223641552412903
-1121 4.183803231175584e-05 0.0028615957198799306
-1119 4.015429720788448e-05 0.0028329139247525587
-1117 -1.677579446323071e-05 0.0028165842818649073
-1115 6.810389348764654e-05 0.0028004119848956217
-1113 -3.73160443421239e-05 0.002903042618309135
-1111 4.546264309751473e-05 0.002857567450556701
-1109 1.5946969688130617e-05 0.00289024715735232
-1107 -1.3301755266379616e-05 0.002866338970064375
-1105 -3.853206664850775e-06 0.002921305128040716
-1103 -1.2399124998749616e-05 0.002908690540414056
-1101 -3.919506903083483e-05 0.0029245968286958053
-1099 1.3173689707519945e-05 0.002965650296935743
-1097 4.670453432272348e-06 0.002906207695112758
-1095 -7.900423846873359e-06 0.0029521997997711273
-1093 -8.616902217301709e-07 0.002889029628360466
-1091 -3.654246647226246e-07 0.0028898618760400075
-1089 -1.8821347429077002e-05 0.00291819646385359
-1087 -1.85772483777898e-05 0.002955220803451221
-1085 -4.346456610423618e-05 0.002962780774046489
-1083 -1.721228146413572e-05 0.0029485865850617204
-1081 3.288669083898071e-06 0.002957221115069519
-1079 -1.751030030756347e-05 0.0029614347143258305
-1077 3.066689848110848e-06 0.00292622970503766
-1075 4.1462301325290305e-05 0.0029050366036677475
-1073 -2.3879569383503995e-05 0.0029114151682244844
-1071 -1.0104488009374807e-05 0.002964234256197781
-1069 -4.0060027371665474e-07 0.0030023867580804336
-1067 2.2891421336797068e-05 0.0029652686560510838
-1065 3.2326722735763213e-06 0.0029793766273063897
-1063 -5.582455619694628e-06 0.0030096807530710207
-1061 3.2590567627749564e-05 0.0030146903937039787
-1059 3.273660863747651e-05 0.0030387652607298077
-1057 5.4410462484817366e-05 0.0030413284610821896
-1055 1.5901765813446334e-05 0.0030402870817345645
-1053 -7.281188449542004e-07 0.0030752458550457164
-1051 -1.898481593367741e-05 0.0030394357421668666
-1049 2.7899899601126714e-06 0.0030302718493002293
-1047 3.500900411920135e-05 0.0030826608838397593
-1045 -6.438085420787189e-06 0.003134614520488522
-1043 -1.6283771339165408e-05 0.003088735872537293
-1041 -4.0281270488065624e-05 0.003048832460121612
-1039 -2.8875243252091166e-05 0.0031164891776922074
-1037 1.671831879806845e-05 0.003084544042174762
-1035 -4.871597051167103e-06 0.003066925402783896
-1033 -4.342853663114263e-05 0.003085616517896486
-1031 -1.572874426346682e-06 0.003060270615237321
-1029 7.466027610171576e-06 0.0030988559669671133
-1027 6.366265446073162e-05 0.003127332296279619
-1025 -5.7397680246926726e-05 0.0031299758141173336
-1023 -6.056080175525403e-06 0.0030881791079449563
-1021 2.8552641893662437e-05 0.003108126904425225
-1019 -2.1372502876011206e-05 0.0031481040249869805
-1017 -5.474865060528891e-06 0.003115094980099594
-1015 5.5536557285568846e-06 0.003181730273923683
-1013 1.8633562295180974e-05 0.0031532321171135664
-1011 -1.7821884079427122e-05 0.0031043168123728606
-1009 7.089378455193764e-06 0.003182174525112334
-1007 2.1225235777316895e-05 0.0031616723781713596
-1005 8.72864228962119e-06 0.0031916257378819617
-1003 -3.788537832275331e-05 0.0031944888198847726
-1001 2.446883902157858e-05 0.0031658749123840996
-999 -1.394560440650043e-05 0.0032049211922541222
-997 3.1915271772142675e-05 0.0031678151790689845
-995 1.312357478970533e-05 0.0032129731111909684
-993 -5.205037741477245e-05 0.003230086691491408
-991 -3.7605500275555015e-05 0.0032090916554642535
-989 2.0871287515779347e-05 0.0031998503907624313
-987 -2.357019935121916e-05 0.0032020574516870137
-985 -3.744346637052194e-05 0.0032160892601934056
-983 3.6704540752402484e-06 0.0032165462526589548
-981 -1.927023686050513e-05 0.003232500086441362
-979 2.282400469923823e-05 0.0032356952669650384
-977 2.108279633523375e-05 0.003215827553872539
-975 -4.334635227105807e-05 0.003278427068914346
-973 2.5291825360833483e-05 0.0033090963966882748
-971 2.0962005916934894e-05 0.003303593998789552
-969 8.309984613964125e-05 0.0032789957343595235
-967 0.00010851784410138053 0.0032937043353321403
-965 -3.305081610263587e-05 0.003263778050998686
-963 4.000699053543779e-06 0.0033106742506543684
-961 -1.4720946576977653e-05 0.0033502274426788353
-959 3.3081635507407228e-06 0.003344691436653054
-957 -2.7392340621549658e-05 0.0033032077637620595
-955 2.5020338404207848e-05 0.0033268781623903808
-953 -3.648194892285283e-05 0.003340299625351959
-951 4.3184911055589726e-05 0.0033752570468151
-949 3.477381645352897e-05 0.003376893035732544
-947 1.878021354698998e-05 0.0033834473098422854
-945 1.943264042455143e-05 0.0033380698605929844
-943 -7.250277729897091e-06 0.003416928171839418
-941 -2.6038482012294018e-05 0.0033515101151209694
-939 -6.614317227193806e-06 0.003419996226043788
-937 3.472371063165309e-05 0.0034138936579506582
-935 4.759918231027202e-05 0.0034548333246051484
-933 -2.2867863321518505e-05 0.003414511883947394
-931 -4.359300536685419e-06 0.003435890653628001
-929 1.2115826147943643e-05 0.0034455689508722485
-927 -9.69159721931428e-06 0.0034289800472851453
-925 -9.08786261139732e-06 0.0034655858612157543
-923 1.570368148926403e-05 0.003448431951667302
-921 2.2490280605023673e-05 0.003451407506474137
-919 -5.1407655682328816e-05 0.0034829051212300105
-917 4.159225326737212e-05 0.003461741935567349
-915 2.8923196468875227e-05 0.003504399549417887
-913 4.443285562486699e-05 0.0034886233122823182
-911 4.47239067369267e-06 0.0035121361921105314
-909 1.8025415959087813e-05 0.0035001519201452403
-907 -1.8763723078526105e-05 0.0035124297833455343
-905 -3.556130715342577e-05 0.0035641739256179346
-903 -2.5332004905774965e-05 0.003526735793481316
-901 4.237843207323885e-06 0.0035438661293378335
-899 1.6483757950092373e-05 0.0035286089428613132
-897 -5.2900759896401485e-05 0.0035591613828758464
-895 2.9576506467425086e-05 0.003592045464437526
-893 1.9375395036325656e-05 0.003563637701528073
-891 2.4713430054934005e-06 0.0035898610775255716
-889 1.3730404159149353e-06 0.003597428121166035
-887 7.4425021523705994e-06 0.0036269159140054864
-885 2.5288898443422394e-05 0.003590670017459298
-883 2.487272898851612e-05 0.0036114733680386673
-881 -5.688237492181808e-06 0.003616111553003716
-879 -1.2833967972688267e-05 0.003642492867358483
-877 -3.947701514567641e-05 0.0036547443552517986
-875 -4.339313806071527e-05 0.0037498528203439123
-873 -4.8779908605130785e-05 0.0036777867743396776
-871 -5.0897792842208794e-05 0.003672499485359158
-869 1.157575237763146e-05 0.0037551707383935884
-867 -7.273767652134042e-06 0.0037130334760477174
-865 1.615533841399367e-05 0.003727244586984757
-863 -8.062498902916761e-07 0.003666715371930121
-861 1.5558231204397542e-05 0.0036690955832132653
-859 2.170684174746617e-05 0.0037594198583788072
-857 4.987421794176472e-05 0.003749501978396543
-855 -2.4482635195159865e-05 0.0036965664786952563
-853 -1.1521607633136766e-05 0.0037069487987045685
-851 -1.826678712243164e-05 0.0037129287212757196
-849 2.8388091130791024e-05 0.0037793952954306063
-847 -1.8549523570415858e-05 0.0037557420963852724
-845 -9.17782747991934e-06 0.0037469688791873425
-843 -2.1879550353482393e-05 0.003801076748157522
-841 3.750304551373991e-06 0.00374935229443317
-839 -6.005517109901524e-05 0.003789953712817086
-837 -2.1061433249373877e-06 0.0038268239395309557
-835 -3.796047588155922e-07 0.0038578065131715353
-833 -1.0298646390817677e-06 0.003849388226581885
-831 2.3847173731133555e-05 0.003820539696184374
-829 1.836011101268279e-05 0.003821113944946814
-827 3.1603552699999634e-05 0.0038801500239296167
-825 2.7966670721239673e-06 0.003836886216704605
-823 1.1961138425663293e-05 0.0039034366273359975
-821 -5.948647725030634e-05 0.003829052667847829
-819 1.0164981405254557e-05 0.003864885082986366
-817 7.738642637508415e-06 0.0038418127203333706
-815 -2.8231832732847126e-05 0.0038965571630737725
-813 -2.7190309265264228e-05 0.003924802525119795
-811 7.574990630086539e-06 0.003953576598336275
-809 -1.4119047460829129e-05 0.003935746492943841
-807 2.4407075761521848e-05 0.003914648643113331
-805 -1.0735588667789191e-05 0.003906623363735353
-803 1.551558222979001e-05 0.00398770021253321
-801 -1.615723662772211e-05 0.00399116389190835
-799 1.9693574468916694e-05 0.003974355600104235
-797 3.301285841141145e-05 0.004031028494106635
-795 -1.0421387291208332e-05 0.0040340267154898015
-793 -1.1390019177597442e-05 0.004072867638356353
-791 -5.773800611464808e-06 0.00404589075170817
-789 2.087198328496091e-05 0.004001262411241945
-787 -3.6844165818535547e-05 0.003998821297120535
-785 -2.071192888706349e-05 0.004042925325256278
-783 -2.7960047243725882e-05 0.004041841631693906
-781 -1.3659382881601366e-05 0.004113972546139994
-779 7.62425495667348e-06 0.004067307738942414
-777 -3.710852556098682e-05 0.004074485951379257
-775 3.712889198339322e-06 0.004113532293435285
-773 -4.659899084109179e-06 0.004183217634314693
-771 -3.714406698601974e-05 0.004151181244382711
-769 1.7160953117647962e-06 0.004167995786152506
-767 -5.01712118292714e-05 0.004131087661256731
-765 1.4312597566240598e-05 0.004192922403775277
-763 -4.443375008166082e-06 0.004175612848347239
-761 4.705737789066802e-06 0.004179434274572782
-759 -8.112405531091028e-06 0.0041687955281614125
-757 7.993659688274164e-06 0.004230347016744586
-755 2.5780970650514684e-05 0.0042577247989142196
-753 -2.7722516298067114e-05 0.004189668212243885
-751 4.84691088548735e-05 0.004246693270022724
-749 2.200427387372591e-06 0.004230878653362142
-747 3.7270618244647575e-07 0.00422862749037578
-745 -2.6614909973644626e-05 0.004302589003133631
-743 2.126777076907858e-05 0.004324109526408875
-741 -1.0873826923648221e-05 0.004268662235972738
-739 2.6333631827297557e-05 0.0043411990755969415
-737 -2.7428374437091646e-06 0.004327747135186942
-735 -4.2188367377744637e-05 0.004314800771673667
-733 -1.704429265689081e-05 0.004366211789533395
-731 -4.2361832077246185e-05 0.004330848239401063
-729 -4.628646106024434e-05 0.004363914142546425
-727 8.506940310534504e-06 0.004366931667525264
-725 -3.158929036145683e-05 0.004348262612497304
-723 -2.7828235741494768e-05 0.004387441582756847
-721 4.0239736440281436e-05 0.0044203434425623715
-719 -4.4851269641145534e-05 0.004471259282261381
-717 3.761204817267425e-05 0.004450787336854836
-715 1.0278062077044357e-05 0.004444053129935964
-713 -3.8525624657464604e-05 0.00443523020279384
-711 9.767418958933907e-06 0.004453680134709496
-709 -2.9151937814600644e-05 0.004478117982011201
-707 -3.900292221882883e-05 0.00451263454453272
-705 -2.3385760501230072e-05 0.0045214184732069755
-703 2.8341458974403417e-05 0.004495375457888499
-701 5.065652731592779e-05 0.004524443069006005
-699 -5.1831062595332874e-05 0.004527786679515026
-697 -2.6519386668901834e-05 0.004553188945773763
-695 2.071361542888772e-05 0.004574679844995004
-693 -3.626858163198203e-05 0.004566916704334366
-691 -7.714037784046065e-06 0.004636744297000386
-689 -2.448037997714013e-05 0.004609142804988487
-687 -2.12700512174632e-05 0.004629459310525638
-685 -3.213450493141177e-05 0.0046492499311867035
-683 -7.675985748593455e-05 0.004668277265928396
-681 7.250585634338536e-06 0.004727408258564396
-679 -1.4433640882572047e-05 0.004741852064221838
-677 4.315053202734549e-06 0.004696084102787248
-675 -8.122593467148836e-06 0.004688712833718364
-673 -6.20305648159333e-06 0.00471923651604011
-671 -1.329272329787099e-05 0.004764710382814449
-669 -4.517562132293929e-06 0.004734029344528242
-667 -5.683192251618187e-05 0.004777591366257132
-665 -2.0808952942610595e-05 0.004823542628360687
-663 -1.0647265800012898e-05 0.004812119262740865
-661 3.667154729363389e-06 0.004786433508383032
-659 4.4638422382944615e-05 0.004839045702226232
-657 7.617369019879306e-05 0.004882262214358325
-655 5.98842574456526e-05 0.0049043427429237615
-653 3.097747754917304e-05 0.00490753882917329
-651 4.612480586692337e-05 0.00491475390685766
-649 5.576573904417274e-06 0.004936498360444765
-647 -2.749422913565808e-05 0.004898167835613579
-645 1.9289108146411817e-05 0.004944021614641621
-643 -1.9426360404489577e-05 0.004957098140163894
-641 -6.062544517987014e-06 0.0049284211838663446
-639 -5.1885520655028337e-05 0.004921304920667311
-637 5.572416714910639e-05 0.00498280641261205
-635 7.74709226086527e-06 0.005037420153527372
-633 -3.021621725596468e-05 0.005058257207975253
-631 4.23711558608512e-05 0.005065842242251295
-629 -3.534953519385124e-05 0.005046381517496468
-627 -6.025734361883116e-05 0.00508509039021289
-625 1.2172235308428468e-05 0.005083591935754721
-623 -1.3547242584224141e-05 0.00514431085584521
-621 2.0769018996246966e-05 0.00510655723804033
-619 -2.394459562802085e-05 0.005166182051006771
-617 3.174759002221674e-05 0.0051558386455597145
-615 -5.426749304437861e-05 0.005139094586789872
-613 -3.186763179531685e-05 0.0051919457702431235
-611 -2.5864244604942555e-05 0.0052484739632260476
-609 -2.8068835606557746e-05 0.0051954291770898485
-607 -3.809010672206609e-05 0.005230151084187719
-605 -3.7628826976338225e-05 0.005257024739744111
-603 -3.362148720540454e-05 0.005306507577170193
-601 8.559539629148023e-06 0.005344625046957675
-599 1.6830246125675863e-05 0.0053256363237641526
-597 -1.1768122752390683e-05 0.0053051766724550595
-595 5.776952899472e-06 0.005405294408513398
-593 3.2509956690212026e-05 0.005342522359692263
-591 -1.4646898527263412e-05 0.0053369690284743075
-589 2.3821482658587225e-07 0.005399006310267805
-587 -1.0034353433706344e-05 0.005412682073588538
-585 -3.9600863641601075e-06 0.005469820122714684
-583 4.019537838459894e-05 0.0054192001620854
-581 -4.678535898812481e-05 0.0054764011138091866
-579 -3.077550801024188e-05 0.005504462492430264
-577 -3.791191465729173e-05 0.005511384939807752
-575 -3.472252532253714e-05 0.005530972422845569
-573 -1.042265178495904e-05 0.005522229008943406
-571 3.447320251345883e-05 0.005542994071892786
-569 3.1747821447823174e-05 0.005555960811945395
-567 1.9765298673008856e-05 0.005606549579323064
-565 3.296800349448485e-05 0.005609913115209509
-563 3.649836236921618e-05 0.005657662905931192
-561 2.146399254098921e-05 0.005680127022717866
-559 5.1700054244956843e-05 0.005706679509263297
-557 -4.3530151848312405e-06 0.005726266499018549
-555 2.2033744624870943e-05 0.005707215746393293
-553 -1.788193350833937e-05 0.005765501758883716
-551 -1.971041180684937e-05 0.005734857491740832
-549 -3.9273616878401e-06 0.005824444191425083
-547 1.606182140153221e-05 0.0058314508715350995
-545 -2.9188581550176937e-06 0.005842690808045911
-543 -2.1945858439409998e-05 0.005839273515274947
-541 -5.062253007724228e-06 0.005880626663239904
-539 1.804274060737623e-05 0.005940789228501068
-537 2.5929643181302348e-05 0.005929480733540328
-535 3.338338253783212e-05 0.005997721909544894
-533 -1.7466244884566098e-05 0.0059970670963847145
-531 1.7005642081430766e-05 0.005971564096937763
-529 5.948485519727865e-05 0.006032167648649541
-527 2.481405993064325e-05 0.006044446184062595
-525 -1.2886821449667648e-05 0.0060227242749788966
-523 2.3160665224696713e-05 0.006086167965293502
-521 3.2256086319890826e-06 0.006084194674225779
-519 4.999539182545907e-05 0.006111902237365348
-517 -6.562115776246839e-05 0.006205290556224366
-515 1.124492137351364e-05 0.006188595363705404
-513 -3.672352652964638e-05 0.006217370368672198
-511 -3.28040746119691e-05 0.006202180860176857
-509 1.5183787132180684e-05 0.006233275053789953
-507 1.8615598431978146e-05 0.006248977560769969
-505 1.2932401380347456e-05 0.006343142896057698
-503 5.010045115126772e-05 0.006331993584037413
-501 -6.97851581894801e-06 0.006430148116919304
-499 -1.566704994825347e-07 0.0064206315223018905
-497 -3.6707616368996254e-05 0.006424126603102472
-495 5.816789211038699e-07 0.006395193669566838
-493 -4.904862477012099e-06 0.006458495646847855
-491 1.9841769259856253e-05 0.006489144954587448
-489 9.278085103444794e-07 0.006475838942770869
-487 2.693037593739087e-05 0.006551335653457607
-485 -3.497791015018837e-05 0.006597205236931045
-483 -2.9940511730994942e-05 0.006515186325385636
-481 1.5661941883854007e-05 0.0066016578370505395
-479 6.74481383698452e-06 0.006689326985795686
-477 -7.739564038104126e-06 0.006687636617818037
-475 2.3945148890320526e-05 0.0067170540501033
-473 -2.6467033925911508e-05 0.006737061901305743
-471 2.2532432857594414e-05 0.00677799644626417
-469 6.651857111107233e-06 0.006780516157988847
-467 1.0706240602484929e-05 0.006871430424201187
-465 3.43072528613715e-05 0.006843709247388425
-463 -1.3474047518964505e-05 0.006873740624596483
-461 3.5445901958350276e-05 0.006911715918697079
-459 2.4576827111974143e-05 0.006943616332697599
-457 2.1894911472391545e-05 0.0069843662860529475
-455 -1.7437806590844326e-05 0.006967765638073524
-453 -3.334744916022914e-05 0.007038362052647552
-451 2.9604925336124347e-05 0.0070384150077701995
-449 -3.650124367337471e-05 0.007130213451903178
-447 -2.033975779421537e-06 0.0071455471928650845
-445 -2.350293032257174e-05 0.00712884790876487
-443 -7.56739090115557e-05 0.007159733746472226
-441 -4.30038968977443e-05 0.007236079546051035
-439 -3.4971997506601056e-05 0.0072329751336241985
-437 1.1801180425647903e-05 0.007314419825157993
-435 -4.306595438988645e-05 0.007357086087424037
-433 -3.586117988148568e-05 0.007383180643214186
-431 1.4806652509570227e-05 0.007354668697408136
-429 1.979025161341009e-05 0.0074232327629718126
-427 2.7636918971324203e-05 0.0074637536404389745
-425 -2.2991443981557225e-05 0.007481359027372617
-423 -2.073348011563115e-06 0.007563959295141296
-421 -3.119181202266838e-05 0.007617206602959342
-419 -8.792204198335939e-05 0.007650643984403646
-417 -6.159101248719899e-05 0.007675001075274498
-415 -1.1631947277828973e-05 0.0076744576187812155
-413 -1.801797788098587e-05 0.00772450397868286
-411 -9.63806045531557e-06 0.007776946739711638
-409 -4.773546586019123e-05 0.007790839356625714
-407 -5.202458595027479e-05 0.007856141599572137
-405 -3.0791403559724826e-05 0.00785726882858376
-403 2.8418062211966337e-06 0.00786072007335269
-401 7.122433743934333e-06 0.00791936791164995
-399 8.544540323705017e-07 0.007997979135342923
-397 2.4949822140611477e-05 0.00796902820999131
-395 2.8093608172888322e-05 0.008048795185360228
-393 9.503379841198739e-06 0.008066635328238397
-391 -1.3499890519977624e-06 0.008133615854120414
-389 7.254571368482221e-06 0.008155188502360647
-387 5.1736286508178084e-05 0.008175144775973283
-385 5.811683112117065e-05 0.008285466357162959
-383 -3.3779286229314044e-06 0.008352543887428716
-381 -3.551963199410626e-05 0.008397927500875481
-379 -1.5861613268356856e-05 0.008443704339311806
-377 5.032253730917507e-05 0.008480567848545914
-375 -1.4606732115338177e-06 0.008473116247753727
-373 -2.4851234118355358e-05 0.008551006493445337
-371 3.9628422124463335e-05 0.008623779750115362
-369 1.264486061010147e-05 0.00860319370297742
-367 1.9684249143758294e-05 0.008668551383918461
-365 1.864323372918857e-05 0.00875137618363126
-363 3.348656257186417e-05 0.008704833896909504
-361 2.458085256688009e-05 0.008756809385583878
-359 -4.0055142815723984e-05 0.008876082117583579
-357 -3.6850264935307296e-05 0.008950032556099793
-355 -4.204769430457244e-05 0.009030768362185958
-353 7.648726791919268e-06 0.008986317122708653
-351 -1.747292194122433e-05 0.009129254232585825
-349 2.9594595418077833e-05 0.009142922280200062
-347 2.5771677861743253e-05 0.009179780554022823
-345 -1.7551252672864797e-05 0.009221398501653133
-343 -5.262332723518538e-06 0.009270057035955825
-341 3.4671783493183696e-05 0.009317716366620972
-339 5.6594354578038786e-05 0.009317919945561064
-337 -1.9976833276034406e-05 0.009467388807804658
-335 4.522096581347464e-06 0.009520635321969926
-333 -1.5871357213116587e-05 0.009553931657691632
-331 -5.152962378389616e-05 0.009589162900147935
-329 -3.9606279537067295e-05 0.009717129224449577
-327 -2.037985686282636e-06 0.009774290018887532
-325 -5.5527776992396935e-05 0.00981452131116393
-323 -2.3525588953831284e-05 0.009899157407524997
-321 1.8526884232890198e-05 0.009920428439200409
-319 3.754211930993007e-05 0.009928337502416505
-317 -9.88687648726299e-07 0.010083738370992648
-315 -3.0299126216990373e-05 0.010121322148136602
-313 2.6010043756641736e-05 0.010211999325487811
-311 -2.6881710471942243e-05 0.010227938600468259
-309 9.067791808897915e-06 0.010256672511944866
-307 -6.199336171026291e-05 0.01040741435852859
-305 -2.7977252730549006e-05 0.010437434055518571
-303 -3.234981847591304e-05 0.010535274789210753
-301 1.5003866744338174e-05 0.010573596008432882
-299 2.540731932011061e-05 0.01063768529392446
-297 1.0936821285208786e-05 0.010705582941075339
-295 8.679474701895416e-06 0.010833176536137268
-293 1.3384028941480988e-05 0.010846080360628592
-291 1.2164478639845153e-06 0.010976170958963102
-289 4.059472804744046e-05 0.011065764130993081
-287 4.0039894094735464e-05 0.011156009105298388
-285 3.561968570435526e-05 0.011206144241853766
-283 -3.2776022491657798e-06 0.011269086627745433
-281 -1.1868992126964148e-05 0.01131175317850903
-279 -2.4994413261336594e-05 0.011428045586965523
-277 9.188400502931486e-07 0.01152664832397546
-275 2.0826379076347762e-05 0.011581706606224413
-273 -1.4816412970647095e-05 0.011670709305305385
-271 -1.3509292202707001e-05 0.011736445552154362
-269 2.5429954455668834e-05 0.011807661525884977
-267 -4.0096204082841254e-05 0.011897614018504128
-265 2.57407706261554e-06 0.01202689219743964
-263 4.4014084937246997e-05 0.012089520963594981
-261 1.99229646739459e-05 0.012145356885617074
-259 3.398101152847883e-05 0.012239580936199684
-257 -2.8060478327511198e-05 0.012345539550817118
-255 1.0281653576846745e-05 0.012461845789866277
-253 4.263523382433977e-05 0.012540004189768257
-251 1.3750548235090262e-05 0.012677316832304521
-249 -1.153951317323192e-05 0.012778860229134706
-247 -2.910532085195495e-05 0.012844881148817799
-245 -3.995884897451111e-05 0.012944939124054502
-243 -1.7892675518223726e-05 0.013124594395982334
-241 2.1933677512281132e-06 0.013239099157722905
-239 -5.902581225079666e-05 0.013295766464677427
-237 2.650869850826907e-05 0.013392751657605239
-235 -2.8706944312116277e-05 0.013521535920680124
-233 -2.9596921124218383e-05 0.013613421300989848
-231 5.144682389532601e-06 0.013846177389982174
-229 -5.7538419368725934e-05 0.01394148367944398
-227 -3.3406725492563565e-05 0.014024616163341684
-225 2.0331473004873973e-05 0.014154576970438242
-223 3.817961375697969e-06 0.014277399155340743
-221 3.524321972407784e-05 0.014429818283538568
-219 -4.409530603151044e-05 0.014537164862985908
-217 -3.2044493317948035e-05 0.014667594598544892
-215 -2.3272179169244935e-05 0.014770750840002615
-213 1.8042356344397506e-06 0.01495991624428845
-211 1.103581064316334e-05 0.01510249346038529
-209 -5.169723561762752e-05 0.01523200568338624
-207 1.67086881253918e-05 0.015387496240820675
-205 3.529387892951129e-05 0.015585734288092234
-203 4.2991975079711576e-05 0.01564091267168164
-201 1.0575942917536858e-05 0.01578878829157418
-199 2.5351071858732874e-06 0.015994986821744852
-197 -8.50570023149405e-06 0.016172776700678303
-195 3.2014292001704414e-05 0.01629899905889992
-193 -5.094437448488405e-07 0.016547751821655653
-191 -8.116512196283174e-06 0.01662259473617696
-189 6.499701279410336e-06 0.01678324240022968
-187 2.728887358573919e-05 0.01705186464962245
-185 9.854706475717324e-06 0.01719907482312137
-183 -4.097310293198431e-05 0.017382156869760104
-181 3.93410689442614e-05 0.01757521856278912
-179 -1.2716985581429577e-05 0.017722738570107043
-177 1.0543956974044905e-05 0.018001819134177775
-175 -1.4804275622349857e-06 0.01817088823804155
-173 5.152462369639592e-05 0.018406062011515335
-171 5.363830735945885e-05 0.018596784023298847
-169 -5.1560052639803225e-06 0.018746692371095885
-167 4.928590408769987e-06 0.019036658218320218
-165 4.345244817620706e-05 0.01924581204234477
-163 -1.7787822686879898e-05 0.019546726374165983
-161 2.596789809691453e-05 0.019716983194063
-159 -2.814327977623453e-05 0.020019980827844605
-157 -1.8903177660494682e-05 0.020230382175960654
-155 3.0423530098823036e-05 0.02055199963480632
-153 -3.9800219851110575e-05 0.020792014762804654
-151 -4.012821710428452e-05 0.021047263610325228
-149 2.9127207162977925e-05 0.02134171201535176
-147 4.959268735241756e-05 0.02160743364640219
-145 3.329193515486885e-05 0.02193291959961667
-143 5.352673402935069e-05 0.022244712444306067
-141 -1.6897520162003034e-05 0.022548271024987732
-139 -1.0104879003353803e-05 0.022895824062156508
-137 -3.287072132908804e-05 0.023226706468928566
-135 -2.8357543941760855e-05 0.023602779136734704
-133 2.5256076001555564e-07 0.023895075561762506
-131 -1.6784623068803448e-05 0.024268099492765354
-129 -1.3575381229862336e-05 0.02470602631530361
-127 -1.3221902649763424e-05 0.025068824577638406
-125 -3.561229132177156e-05 0.02546757911903735
-123 -9.013923332250779e-06 0.02588805088215508
-121 6.42092913751105e-06 0.026258978115427486
-119 3.491333143062256e-05 0.026704469398986904
-117 -5.961015377021138e-06 0.0272177436455793
-115 1.2412966441979401e-06 0.0276695170088867
-113 -2.2668603468873485e-05 0.02819573736717716
-111 -1.0005724089076777e-05 0.028651556878282823
-109 -7.712617752755942e-06 0.029128636892164408
-107 -3.690950393534488e-05 0.02973957151831554
-105 -4.935450808034807e-05 0.03033145405153376
-103 -4.158456564144933e-06 0.030905727178862707
-101 2.160070339745116e-05 0.03152947618900406
-99 2.646569554695058e-06 0.03211776776669296
-97 1.4946221201827128e-05 0.03275159057176171
-95 -2.1328827617036877e-05 0.033448011530298485
-93 6.419531093615886e-05 0.03422485958434851
-91 2.3479196700384743e-06 0.0349673338588672
-89 -1.0528634672154189e-05 0.035764338207837414
-87 4.932129359367122e-05 0.036570812632610084
-85 2.459835982341913e-05 0.03743260212400839
-83 -1.8505762321522795e-05 0.038345886293376534
-81 1.232936747934114e-05 0.03929749259529454
-79 6.7432296182362355e-06 0.04022047239399943
-77 -7.177889861246529e-06 0.04129051799563484
-75 -7.774630463895776e-06 0.042351332811872804
-73 -9.149869750657505e-06 0.043562243597479296
-71 6.770219350386053e-06 0.04476283279730134
-69 -1.4237610959931863e-05 0.04606815207839412
-67 -2.1397101713227917e-05 0.04744664904257797
-65 -3.518024158657457e-05 0.04887864447511833
-63 1.434868421520008e-05 0.05049322912077436
-61 3.0889855707666524e-05 0.05207940192875091
-59 1.0094476498647683e-05 0.053813060281592995
-57 1.065743012051483e-05 0.05570984658010935
-55 -1.2969874871078124e-05 0.05774481088618553
-53 -1.9711692356791122e-05 0.05992378164247267
-51 7.0513764291523515e-06 0.06231456497557
-49 -4.064518402034492e-06 0.06483117123595931
-47 -1.4416161237665737e-05 0.06754826168061326
-45 5.264232798809526e-05 0.07054969284786407
-43 -2.8393033959049495e-05 0.07381534132676207
-41 6.771963282928941e-06 0.07740954305647656
-39 -4.8571967442011745e-06 0.08133261007633145
-37 -1.8314905326424123e-05 0.08571642103950061
-35 -1.4244433113826916e-05 0.090532775951043
-33 -6.396694879164337e-06 0.09597757022458206
-31 -1.3995290129909816e-05 0.10215905490083006
-29 4.3607122288103754e-05 0.10910995708659767
-27 1.6351292008303564e-05 0.1170617110232599
-25 4.143263768930428e-06 0.12630501093402807
-23 3.611920045980011e-05 0.13707334760506706
-21 2.4907047499678077e-05 0.1498487547635459
-19 1.7859184020449831e-06 0.16526760423135387
-17 7.144836942447497e-06 0.1841114596819105
-15 -5.180584638714906e-05 0.20767675684493683
-13 -4.710123716550138e-06 0.23809080810010602
-11 2.2657988280600653e-05 0.2785256220752722
-9 5.343749124110013e-05 0.3348391200577495
-7 -1.3494751155186347e-05 0.4178898173886014
-5 7.137736971685297e-06 0.5507899089692035
-3 9.931439336976684e-06 0.7909732678753691
-1 4.6396214038202006e-05 1.326425318954995
1 4.6396214038441736e-05 -1.326425318954995
3 9.93143933701255e-06 -0.7909732678753691
5 7.137736971702881e-06 -0.5507899089692037
7 -1.3494751155179242e-05 -0.4178898173886014
9 5.343749124110089e-05 -0.3348391200577495
11 2.265798828059718e-05 -0.2785256220752722
13 -4.710123716538313e-06 -0.23809080810010602
15 -5.180584638717917e-05 -0.20767675684493683
17 7.144836942482981e-06 -0.1841114596819105
19 1.7859184020387557e-06 -0.16526760423135387
21 2.4907047499672294e-05 -0.14984875476354592
23 3.6119200459817485e-05 -0.13707334760506706
25 4.143263768918581e-06 -0.12630501093402807
27 1.635129200830522e-05 -0.1170617110232599
29 4.3607122288102805e-05 -0.10910995708659767
31 -1.3995290129904866e-05 -0.10215905490083006
33 -6.396694879162306e-06 -0.09597757022458206
35 -1.424443311382379e-05 -0.09053277595104299
37 -1.8314905326425678e-05 -0.0857164210395006
39 -4.857196744204243e-06 -0.08133261007633145
41 6.77196328294413e-06 -0.07740954305647654
43 -2.8393033959054973e-05 -0.07381534132676205
45 5.26423279880959e-05 -0.07054969284786407
47 -1.4416161237666631e-05 -0.06754826168061327
49 -4.064518402032847e-06 -0.06483117123595931
51 7.051376429153263e-06 -0.06231456497557
53 -1.971169235678971e-05 -0.059923781642472675
55 -1.296987487109179e-05 -0.05774481088618552
57 1.0657430120529457e-05 -0.05570984658010936
59 1.0094476498644016e-05 -0.053813060281593
61 3.088985570766116e-05 -0.052079401928750914
63 1.4348684215213531e-05 -0.050493229120774356
65 -3.518024158658489e-05 -0.04887864447511833
67 -2.1397101713224047e-05 -0.04744664904257797
69 -1.4237610959932852e-05 -0.046068152078394126
71 6.77021935038825e-06 -0.044762832797301345
73 -9.14986975066136e-06 -0.043562243597479296
75 -7.774630463902165e-06 -0.04235133281187281
77 -7.177889861243239e-06 -0.04129051799563483
79 6.743229618244106e-06 -0.04022047239399931
81 1.2329367479329173e-05 -0.03929749259529466
83 -1.8505762321524733e-05 -0.038345886293376555
85 2.4598359823418176e-05 -0.03743260212400839
87 4.9321293593669095e-05 -0.036570812632610084
89 -1.0528634672152593e-05 -0.035764338207837414
91 2.347919670039484e-06 -0.0349673338588672
93 6.419531093615214e-05 -0.03422485958434851
95 -2.1328827617045124e-05 -0.033448011530298485
97 1.4946221201832349e-05 -0.03275159057176171
99 2.646569554684199e-06 -0.03211776776669296
101 2.1600703397443542e-05 -0.031529476189004056
103 -4.158456564139086e-06 -0.030905727178862696
105 -4.935450808035299e-05 -0.030331454051533764
107 -3.6909503935346965e-05 -0.029739571518315546
109 -7.71261775275518e-06 -0.029128636892164408
111 -1.0005724089077089e-05 -0.028651556878282823
113 -2.266860346887236e-05 -0.02819573736717716
115 1.2412966441964748e-06 -0.027669517008886712
117 -5.961015377021302e-06 -0.027217743645579315
119 3.491333143059941e-05 -0.02670446939898693
121 6.4209291375213995e-06 -0.02625897811542749
123 -9.013923332251257e-06 -0.025888050882155084
125 -3.561229132177478e-05 -0.025467579119037343
127 -1.3221902649757e-05 -0.025068824577638402
129 -1.357538122985701e-05 -0.024706026315303612
131 -1.6784623068802255e-05 -0.024268099492765354
133 2.525607600187676e-07 -0.023895075561762513
135 -2.8357543941768966e-05 -0.023602779136734704
137 -3.287072132908036e-05 -0.023226706468928566
139 -1.0104879003360588e-05 -0.022895824062156515
141 -1.6897520162014845e-05 -0.02254827102498772
143 5.352673402937312e-05 -0.022244712444306047
145 3.329193515488376e-05 -0.02193291959961668
147 4.95926873524108e-05 -0.021607433646402205
149 2.912720716297626e-05 -0.02134171201535175
151 -4.0128217104282075e-05 -0.021047263610325228
153 -3.9800219851113624e-05 -0.02079201476280466
155 3.0423530098819742e-05 -0.020551999634806323
157 -1.8903177660478453e-05 -0.020230382175960664
159 -2.8143279776269993e-05 -0.02001998082784467
161 2.5967898096867945e-05 -0.019716983194062974
163 -1.778782268686773e-05 -0.019546726374165973
165 4.345244817620099e-05 -0.019245812042344768
167 4.928590408772074e-06 -0.019036658218320218
169 -5.156005263986421e-06 -0.018746692371095892
171 5.363830735945839e-05 -0.01859678402329885
173 5.152462369639505e-05 -0.018406062011515335
175 -1.4804275622326648e-06 -0.018170888238041555
177 1.0543956974052533e-05 -0.018001819134177775
179 -1.2716985581428358e-05 -0.017722738570107047
181 3.934106894425774e-05 -0.017575218562789124
183 -4.097310293197581e-05 -0.01738215686976011
185 9.854706475718798e-06 -0.01719907482312138
187 2.7288873585736976e-05 -0.017051864649622453
189 6.499701279408889e-06 -0.016783242400229683
191 -8.116512196286101e-06 -0.01662259473617696
193 -5.094437448521982e-07 -0.016547751821655653
195 3.2014292001701887e-05 -0.016298999058899925
197 -8.50570023149125e-06 -0.016172776700678296
199 2.535107185880249e-06 -0.015994986821744862
201 1.0575942917531492e-05 -0.015788788291574173
203 4.299197507971467e-05 -0.01564091267168164
205 3.529387892950952e-05 -0.015585734288092233
207 1.6708688125392127e-05 -0.015387496240820673
209 -5.169723561762739e-05 -0.015232005683386238
211 1.1035810643164769e-05 -0.015102493460385292
213 1.804235634439688e-06 -0.014959916244288454
215 -2.327217916925048e-05 -0.014770750840002617
217 -3.204449331794145e-05 -0.014667594598544886
219 -4.409530603151147e-05 -0.01453716486298591
221 3.5243219724073816e-05 -0.01442981828353857
223 3.817961375696188e-06 -0.014277399155340736
225 2.0331473004869545e-05 -0.014154576970438246
227 -3.3406725492564304e-05 -0.014024616163341679
229 -5.753841936872332e-05 -0.013941483679443981
231 5.144682389527111e-06 -0.013846177389982171
233 -2.9596921124220345e-05 -0.013613421300989845
235 -2.87069443121159e-05 -0.013521535920680127
237 2.650869850826586e-05 -0.013392751657605246
239 -5.902581225081562e-05 -0.013295766464677401
241 2.193367751243114e-06 -0.01323909915772289
243 -1.7892675518225244e-05 -0.013124594395982335
245 -3.99588489745155e-05 -0.012944939124054507
247 -2.910532085196144e-05 -0.0128448811488178
249 -1.1539513173230417e-05 -0.01277886022913471
251 1.3750548235089408e-05 -0.012677316832304525
253 4.263523382433824e-05 -0.012540004189768259
255 1.0281653576844551e-05 -0.012461845789866269
257 -2.806047832750758e-05 -0.012345539550817122
259 3.398101152848126e-05 -0.012239580936199684
261 1.9922964673946613e-05 -0.012145356885617074
263 4.401408493724949e-05 -0.012089520963594981
265 2.5740770626100277e-06 -0.012026892197439638
267 -4.0096204082840434e-05 -0.01189761401850413
269 2.542995445567024e-05 -0.011807661525884978
271 -1.3509292202707715e-05 -0.01173644555215436
273 -1.4816412970646427e-05 -0.011670709305305385
275 2.0826379076347213e-05 -0.011581706606224408
277 9.188400502982172e-07 -0.011526648323975458
279 -2.499441326131998e-05 -0.011428045586965516
281 -1.186899212700025e-05 -0.011311753178509024
283 -3.2776022491698248e-06 -0.011269086627745437
285 3.561968570436646e-05 -0.011206144241853776
287 4.003989409472656e-05 -0.011156009105298391
289 4.059472804743081e-05 -0.011065764130993083
291 1.216447863993626e-06 -0.010976170958963092
293 1.338402894147498e-05 -0.010846080360628594
295 8.679474701897656e-06 -0.010833176536137268
297 1.0936821285213463e-05 -0.01070558294107534
299 2.540731932010625e-05 -0.010637685293924459
301 1.5003866744329766e-05 -0.010573596008432884
303 -3.234981847590891e-05 -0.010535274789210753
305 -2.7977252730555776e-05 -0.010437434055518571
307 -6.19933617102552e-05 -0.010407414358528594
309 9.067791808897417e-06 -0.010256672511944866
311 -2.6881710471946553e-05 -0.010227938600468263
313 2.6010043756638693e-05 -0.010211999325487811
315 -3.029912621698639e-05 -0.010121322148136599
317 -9.88687648738576e-07 -0.01008373837099264
319 3.754211930990305e-05 -0.009928337502416531
321 1.8526884232933586e-05 -0.009920428439200369
323 -2.352558895382581e-05 -0.009899157407524995
325 -5.552777699238985e-05 -0.009814521311163933
327 -2.037985686279967e-06 -0.009774290018887532
329 -3.960627953707482e-05 -0.009717129224449577
331 -5.152962378389643e-05 -0.00958916290014793
333 -1.587135721311386e-05 -0.009553931657691635
335 4.52209658135317e-06 -0.009520635321969928
337 -1.997683327602643e-05 -0.009467388807804657
339 5.659435457803357e-05 -0.00931791994556107
341 3.467178349317631e-05 -0.009317716366620973
343 -5.262332723511597e-06 -0.009270057035955823
345 -1.7551252672863462e-05 -0.009221398501653141
347 2.5771677861744378e-05 -0.009179780554022823
349 2.9594595418073693e-05 -0.009142922280200062
351 -1.7472921941227738e-05 -0.009129254232585827
353 7.648726791914302e-06 -0.008986317122708646
355 -4.204769430457697e-05 -0.009030768362185955
357 -3.685026493530677e-05 -0.00895003255609979
359 -4.005514281571731e-05 -0.008876082117583567
361 2.4580852566873103e-05 -0.0087568093855839
363 3.348656257185767e-05 -0.00870483389690951
365 1.8643233729186014e-05 -0.008751376183631256
367 1.9684249143759527e-05 -0.008668551383918463
369 1.2644860610099475e-05 -0.008603193702977428
371 3.9628422124466106e-05 -0.008623779750115364
373 -2.4851234118357516e-05 -0.008551006493445335
375 -1.4606732115383036e-06 -0.008473116247753723
377 5.032253730917439e-05 -0.008480567848545914
379 -1.5861613268347247e-05 -0.0084437043393118
381 -3.551963199410537e-05 -0.008397927500875474
383 -3.377928622935736e-06 -0.008352543887428723
385 5.811683112116516e-05 -0.008285466357162957
387 5.1736286508177664e-05 -0.008175144775973283
389 7.254571368478777e-06 -0.008155188502360647
391 -1.3499890520007067e-06 -0.00813361585412041
393 9.50337984119462e-06 -0.008066635328238396
395 2.8093608172886977e-05 -0.008048795185360232
397 2.4949822140614703e-05 -0.007969028209991295
399 8.544540323836002e-07 -0.007997979135342944
401 7.122433743933862e-06 -0.007919367911650006
403 2.8418062211957934e-06 -0.007860720073352695
405 -3.0791403559729095e-05 -0.007857268828583758
407 -5.202458595027159e-05 -0.007856141599572136
409 -4.7735465860189796e-05 -0.00779083935662571
411 -9.638060455314562e-06 -0.007776946739711639
413 -1.8017977880990708e-05 -0.00772450397868286
415 -1.163194727782178e-05 -0.007674457618781215
417 -6.159101248718403e-05 -0.007675001075274491
419 -8.792204198337113e-05 -0.00765064398440365
421 -3.119181202266532e-05 -0.007617206602959337
423 -2.073348011554489e-06 -0.007563959295141294
425 -2.29914439815558e-05 -0.0074813590273726215
427 2.7636918971330278e-05 -0.007463753640438971
429 1.97902516134168e-05 -0.007423232762971814
431 1.4806652509563605e-05 -0.007354668697408142
433 -3.586117988149024e-05 -0.00738318064321418
435 -4.306595438988072e-05 -0.007357086087424028
437 1.1801180425647619e-05 -0.007314419825157998
439 -3.497199750660467e-05 -0.007232975133624193
441 -4.3003896897739855e-05 -0.00723607954605105
443 -7.567390901155638e-05 -0.007159733746472236
445 -2.3502930322573877e-05 -0.007128847908764868
447 -2.0339757794212365e-06 -0.007145547192865082
449 -3.6501243673375655e-05 -0.00713021345190318
451 2.9604925336122077e-05 -0.007038415007770205
453 -3.3347449160227774e-05 -0.007038362052647551
455 -1.7437806590846742e-05 -0.006967765638073523
457 2.1894911472395e-05 -0.006984366286052946
459 2.4576827111976548e-05 -0.006943616332697597
461 3.54459019583497e-05 -0.006911715918697082
463 -1.3474047518960914e-05 -0.006873740624596483
465 3.4307252861371065e-05 -0.006843709247388422
467 1.070624060248461e-05 -0.006871430424201181
469 6.651857111110901e-06 -0.006780516157988846
471 2.2532432857594027e-05 -0.006777996446264173
473 -2.646703392591182e-05 -0.006737061901305744
475 2.3945148890315094e-05 -0.0067170540501033
477 -7.739564038092914e-06 -0.0066876366178180435
479 6.74481383700656e-06 -0.006689326985795731
481 1.566194188382908e-05 -0.006601657837050571
483 -2.9940511730995033e-05 -0.006515186325385633
485 -3.497791015018882e-05 -0.006597205236931045
487 2.693037593739276e-05 -0.006551335653457609
489 9.278085103408156e-07 -0.006475838942770869
491 1.9841769259858516e-05 -0.006489144954587444
493 -4.90486247701331e-06 -0.006458495646847852
495 5.816789211069692e-07 -0.0063951936695668355
497 -3.670761636899649e-05 -0.0064241266031024695
499 -1.5667049948091222e-07 -0.006420631522301894
501 -6.9785158189486335e-06 -0.006430148116919304
503 5.0100451151263684e-05 -0.006331993584037412
505 1.29324013803412e-05 -0.006343142896057703
507 1.861559843197922e-05 -0.006248977560769966
509 1.5183787132179762e-05 -0.006233275053789958
511 -3.280407461197478e-05 -0.006202180860176856
513 -3.672352652964533e-05 -0.006217370368672194
515 1.1244921373517207e-05 -0.00618859536370541
517 -6.562115776247301e-05 -0.006205290556224361
519 4.999539182545038e-05 -0.006111902237365346
521 3.2256086320116315e-06 -0.00608419467422578
523 2.3160665224693945e-05 -0.006086167965293503
525 -1.2886821449672015e-05 -0.006022724274978898
527 2.481405993064607e-05 -0.0060444461840625935
529 5.948485519727953e-05 -0.0060321676486495435
531 1.7005642081433887e-05 -0.005971564096937763
533 -1.7466244884567582e-05 -0.0059970670963847145
535 3.338338253783401e-05 -0.005997721909544892
537 2.5929643181304913e-05 -0.005929480733540332
539 1.8042740607376503e-05 -0.005940789228501066
541 -5.06225300772764e-06 -0.005880626663239907
543 -2.1945858439408914e-05 -0.005839273515274943
545 -2.918858155020074e-06 -0.00584269080804591
547 1.606182140153496e-05 -0.005831450871535093
549 -3.927361687843102e-06 -0.005824444191425081
551 -1.9710411806847567e-05 -0.005734857491740831
553 -1.7881933508340968e-05 -0.005765501758883714
555 2.2033744624865047e-05 -0.005707215746393294
557 -4.353015184832735e-06 -0.005726266499018547
559 5.1700054244969434e-05 -0.005706679509263291
561 2.1463992540981967e-05 -0.005680127022717856
563 3.649836236921664e-05 -0.005657662905931185
565 3.296800349448322e-05 -0.005609913115209516
567 1.976529867301354e-05 -0.005606549579323066
569 3.174782144781576e-05 -0.005555960811945395
571 3.447320251346857e-05 -0.005542994071892788
573 -1.0422651784969109e-05 -0.005522229008943401
575 -3.472252532253481e-05 -0.005530972422845562
577 -3.7911914657280684e-05 -0.005511384939807757
579 -3.077550801025358e-05 -0.0055044624924302735
581 -4.6785358988117e-05 -0.005476401113809192
583 4.019537838459963e-05 -0.0054192001620853945
585 -3.960086364156826e-06 -0.005469820122714681
587 -1.0034353433711597e-05 -0.005412682073588532
589 2.382148265880847e-07 -0.005399006310267805
591 -1.4646898527267084e-05 -0.00533696902847431
593 3.250995669020985e-05 -0.0053425223596922575
595 5.776952899476997e-06 -0.005405294408513394
597 -1.1768122752391229e-05 -0.005305176672455055
599 1.6830246125660803e-05 -0.005325636323764164
601 8.559539629144785e-06 -0.005344625046957675
603 -3.362148720540561e-05 -0.005306507577170194
605 -3.762882697633775e-05 -0.005257024739744111
607 -3.8090106722066076e-05 -0.005230151084187713
609 -2.80688356065561e-05 -0.005195429177089855
611 -2.586424460494347e-05 -0.005248473963226048
613 -3.186763179531577e-05 -0.005191945770243122
615 -5.4267493044377014e-05 -0.0051390945867898765
617 3.1747590022220764e-05 -0.005155838645559713
619 -2.3944595628020457e-05 -0.005166182051006775
621 2.0769018996250737e-05 -0.005106557238040327
623 -1.3547242584222372e-05 -0.005144310855845203
625 1.2172235308432036e-05 -0.005083591935754726
627 -6.025734361882885e-05 -0.0050850903902128885
629 -3.534953519384896e-05 -0.005046381517496468
631 4.2371155860852936e-05 -0.00506584224225129
633 -3.021621725595604e-05 -0.005058257207975247
635 7.74709226086025e-06 -0.00503742015352737
637 5.5724167149099165e-05 -0.004982806412612048
639 -5.188552065502874e-05 -0.004921304920667331
641 -6.06254451797163e-06 -0.004928421183866329
643 -1.9426360404492925e-05 -0.004957098140163884
645 1.9289108146411203e-05 -0.0049440216146416196
647 -2.7494229135656526e-05 -0.004898167835613575
649 5.576573904419439e-06 -0.004936498360444761
651 4.61248058669273e-05 -0.004914753906857662
653 3.0977477549172575e-05 -0.004907538829173288
655 5.988425744565146e-05 -0.004904342742923756
657 7.617369019879393e-05 -0.004882262214358323
659 4.463842238294326e-05 -0.004839045702226232
661 3.6671547293654683e-06 -0.004786433508383031
663 -1.064726580001209e-05 -0.004812119262740864
665 -2.080895294261035e-05 -0.004823542628360686
667 -5.683192251617865e-05 -0.004777591366257127
669 -4.517562132297181e-06 -0.0047340293445282434
671 -1.32927232978704e-05 -0.004764710382814443
673 -6.203056481591254e-06 -0.004719236516040111
675 -8.12259346715002e-06 -0.004688712833718364
677 4.315053202736347e-06 -0.004696084102787247
679 -1.4433640882562133e-05 -0.004741852064221845
681 7.250585634338814e-06 -0.004727408258564399
683 -7.675985748592682e-05 -0.004668277265928392
685 -3.213450493141271e-05 -0.004649249931186705
687 -2.1270051217466833e-05 -0.004629459310525639
689 -2.4480379977140775e-05 -0.004609142804988487
691 -7.714037784044239e-06 -0.004636744297000386
693 -3.62685816319874e-05 -0.004566916704334368
695 2.0713615428896534e-05 -0.004574679844995007
697 -2.65193866689152e-05 -0.004553188945773766
699 -5.183106259532279e-05 -0.0045277866795150196
701 5.0656527315925365e-05 -0.004524443069006019
703 2.8341458974393538e-05 -0.004495375457888504
705 -2.3385760501242026e-05 -0.004521418473206975
707 -3.900292221882842e-05 -0.004512634544532708
709 -2.915193781458784e-05 -0.004478117982011205
711 9.767418958916404e-06 -0.0044536801347094986
713 -3.852562465745342e-05 -0.004435230202793841
715 1.0278062077041995e-05 -0.004444053129935969
717 3.7612048172679365e-05 -0.004450787336854837
719 -4.485126964115403e-05 -0.004471259282261363
721 4.0239736440267775e-05 -0.004420343442562382
723 -2.7828235741502008e-05 -0.004387441582756837
725 -3.158929036144802e-05 -0.004348262612497304
727 8.50694031052915e-06 -0.004366931667525258
729 -4.628646106024326e-05 -0.004363914142546424
731 -4.2361832077246185e-05 -0.004330848239401069
733 -1.7044292656889416e-05 -0.0043662117895333944
735 -4.2188367377748967e-05 -0.004314800771673659
737 -2.742837443705353e-06 -0.004327747135186947
739 2.6333631827295914e-05 -0.004341199075596942
741 -1.0873826923648001e-05 -0.004268662235972742
743 2.126777076907622e-05 -0.0043241095264088735
745 -2.6614909973647974e-05 -0.004302589003133632
747 3.7270618244872717e-07 -0.00422862749037578
749 2.200427387374212e-06 -0.00423087865336214
751 4.846910885487615e-05 -0.00424669327002273
753 -2.7722516298066657e-05 -0.004189668212243888
755 2.5780970650522e-05 -0.004257724798914214
757 7.993659688276176e-06 -0.004230347016744591
759 -8.112405531093575e-06 -0.004168795528161413
761 4.705737789059675e-06 -0.00417943427457278
763 -4.443375008169996e-06 -0.00417561284834725
765 1.4312597566237764e-05 -0.004192922403775275
767 -5.0171211829269855e-05 -0.004131087661256731
769 1.716095311767107e-06 -0.0041679957861525075
771 -3.7144066986024484e-05 -0.004151181244382717
773 -4.659899084105972e-06 -0.004183217634314692
775 3.7128891983397183e-06 -0.004113532293435288
777 -3.710852556098921e-05 -0.004074485951379252
779 7.624254956673593e-06 -0.004067307738942416
781 -1.3659382881602063e-05 -0.004113972546139997
783 -2.7960047243727315e-05 -0.0040418416316938995
785 -2.0711928887054557e-05 -0.004042925325256277
787 -3.684416581854245e-05 -0.003998821297120535
789 2.0871983284956933e-05 -0.004001262411241949
791 -5.773800611462977e-06 -0.004045890751708175
793 -1.1390019177596505e-05 -0.004072867638356353
795 -1.0421387291206588e-05 -0.004034026715489794
797 3.301285841141453e-05 -0.004031028494106637
799 1.9693574468905943e-05 -0.003974355600104269
801 -1.6157236627798588e-05 -0.0039911638919082415
803 1.5515582229772458e-05 -0.003987700212533213
805 -1.073558866779334e-05 -0.003906623363735343
807 2.4407075761521817e-05 -0.003914648643113331
809 -1.4119047460828948e-05 -0.003935746492943843
811 7.574990630085106e-06 -0.0039535765983362715
813 -2.7190309265262497e-05 -0.003924802525119797
815 -2.8231832732847055e-05 -0.003896557163073775
817 7.738642637507185e-06 -0.0038418127203333715
819 1.0164981405258963e-05 -0.0038648850829863675
821 -5.94864772503007e-05 -0.003829052667847828
823 1.1961138425663362e-05 -0.0039034366273360006
825 2.7966670721267066e-06 -0.003836886216704605
827 3.160355269999875e-05 -0.0038801500239296132
829 1.836011101268111e-05 -0.003821113944946818
831 2.3847173731127043e-05 -0.0038205396961843775
833 -1.0298646390843935e-06 -0.0038493882265818857
835 -3.7960475881928186e-07 -0.003857806513171534
837 -2.1061433249400347e-06 -0.0038268239395309466
839 -6.005517109900545e-05 -0.003789953712817098
841 3.750304551380171e-06 -0.0037493522944331676
843 -2.187955035348499e-05 -0.003801076748157514
845 -9.177827479914934e-06 -0.0037469688791873473
847 -1.8549523570416285e-05 -0.0037557420963852785
849 2.8388091130792928e-05 -0.0037793952954306045
851 -1.8266787122422177e-05 -0.003712928721275717
853 -1.1521607633135435e-05 -0.003706948798704577
855 -2.4482635195170856e-05 -0.003696566478695259
857 4.987421794175716e-05 -0.003749501978396542
859 2.170684174747e-05 -0.0037594198583788064
861 1.555823120440319e-05 -0.003669095583213262
863 -8.062498902916143e-07 -0.00366671537193013
865 1.6155338413994493e-05 -0.0037272445869847523
867 -7.27376765213302e-06 -0.0037130334760477166
869 1.157575237763461e-05 -0.0037551707383935906
871 -5.0897792842208875e-05 -0.003672499485359159
873 -4.8779908605132174e-05 -0.0036777867743396767
875 -4.339313806071257e-05 -0.0037498528203439158
877 -3.9477015145676436e-05 -0.003654744355251789
879 -1.2833967972694157e-05 -0.0036424928673584904
881 -5.6882374921857485e-06 -0.0036161115530037313
883 2.487272898851595e-05 -0.003611473368038659
885 2.52888984434253e-05 -0.0035906700174593
887 7.4425021523697355e-06 -0.003626915914005485
889 1.3730404159152208e-06 -0.0035974281211660322
891 2.471343005494932e-06 -0.003589861077525577
893 1.9375395036325134e-05 -0.0035636377015280723
895 2.9576506467425788e-05 -0.003592045464437533
897 -5.290075989639427e-05 -0.0035591613828758473
899 1.6483757950089168e-05 -0.0035286089428613093
901 4.237843207322267e-06 -0.0035438661293378296
903 -2.533200490577676e-05 -0.003526735793481317
905 -3.556130715342655e-05 -0.0035641739256179394
907 -1.876372307852644e-05 -0.003512429783345535
909 1.8025415959089263e-05 -0.0035001519201452447
911 4.4723906736941165e-06 -0.00351213619211053
913 4.44328556248692e-05 -0.003488623312282312
915 2.892319646887512e-05 -0.0035043995494178836
917 4.1592253267367884e-05 -0.0034617419355673514
919 -5.140765568234473e-05 -0.003482905121230024
921 2.2490280605025394e-05 -0.0034514075064741422
923 1.5703681489260757e-05 -0.003448431951667301
925 -9.087862611397959e-06 -0.003465585861215757
927 -9.691597219321074e-06 -0.0034289800472851444
929 1.2115826147940746e-05 -0.0034455689508722503
931 -4.3593005366822835e-06 -0.0034358906536279986
933 -2.2867863321519447e-05 -0.00341451188394739
935 4.759918231027171e-05 -0.0034548333246051497
937 3.4723710631658105e-05 -0.0034138936579506617
939 -6.614317227201968e-06 -0.0034199962260437864
941 -2.6038482012298907e-05 -0.0033515101151209677
943 -7.250277729893269e-06 -0.0034169281718394217
945 1.943264042455574e-05 -0.0033380698605929844
947 1.8780213546994388e-05 -0.00338344730984228
949 3.477381645353141e-05 -0.0033768930357325443
951 4.3184911055586385e-05 -0.003375257046815101
953 -3.648194892285367e-05 -0.003340299625351962
955 2.5020338404211125e-05 -0.003326878162390382
957 -2.73923406215492e-05 -0.0033032077637620534
959 3.3081635507477718e-06 -0.0033446914366530634
961 -1.4720946576972788e-05 -0.0033502274426788227
963 4.000699053542648e-06 -0.003310674250654369
965 -3.3050816102633216e-05 -0.003263778050998683
967 0.00010851784410137595 -0.00329370433533214
969 8.309984613964278e-05 -0.0032789957343595253
971 2.0962005916933752e-05 -0.0033035939987895503
973 2.5291825360824905e-05 -0.003309096396688267
975 -4.334635227106368e-05 -0.0032784270689143486
977 2.1082796335234305e-05 -0.003215827553872551
979 2.2824004699236924e-05 -0.0032356952669650397
981 -1.927023686049469e-05 -0.0032325000864413507
983 3.670454075222427e-06 -0.003216546252658951
985 -3.744346637051493e-05 -0.0032160892601934116
987 -2.357019935123005e-05 -0.003202057451686999
989 2.0871287515766926e-05 -0.00319985039076244
991 -3.760550027554078e-05 -0.003209091655464251
993 -5.205037741475894e-05 -0.0032300866914914054
995 1.312357478969554e-05 -0.0032129731111909597
997 3.1915271772135756e-05 -0.0031678151790689914
999 -1.3945604406483885e-05 -0.003204921192254123
1001 2.4468839021568642e-05 -0.003165874912384115
1003 -3.7885378322744044e-05 -0.003194488819884774
1005 8.728642289622253e-06 -0.0031916257378819613
1007 2.122523577732085e-05 -0.0031616723781713605
1009 7.089378455190784e-06 -0.003182174525112323
1011 -1.7821884079428054e-05 -0.0031043168123728623
1013 1.8633562295184362e-05 -0.003153232117113565
1015 5.553655728553922e-06 -0.0031817302739236795
1017 -5.474865060532137e-06 -0.0031150949800995984
1019 -2.137250287600846e-05 -0.003148104024986979
1021 2.8552641893664866e-05 -0.003108126904425224
1023 -6.056080175521401e-06 -0.0030881791079449598
1025 -5.739768024693224e-05 -0.0031299758141173297
1027 6.366265446073305e-05 -0.003127332296279621
1029 7.466027610169643e-06 -0.0030988559669671107
1031 -1.5728744263474512e-06 -0.003060270615237321
1033 -4.3428536631140456e-05 -0.003085616517896487
1035 -4.8715970511682145e-06 -0.003066925402783895
1037 1.6718318798065337e-05 -0.0030845440421747704
1039 -2.8875243252091474e-05 -0.003116489177692208
1041 -4.0281270488055784e-05 -0.0030488324601216045
1043 -1.6283771339164883e-05 -0.0030887358725373002
1045 -6.438085420790294e-06 -0.0031346145204885273
1047 3.5009004119205766e-05 -0.0030826608838397567
1049 2.7899899601160016e-06 -0.003030271849300229
1051 -1.8984815933677322e-05 -0.003039435742166867
1053 -7.281188449518787e-07 -0.003075245855045712
1055 1.5901765813439595e-05 -0.0030402870817345606
1057 5.4410462484812555e-05 -0.003041328461082186
1059 3.27366086374796e-05 -0.0030387652607298007
1061 3.259056762774601e-05 -0.0030146903937039787
1063 -5.582455619693466e-06 -0.003009680753071025
1065 3.2326722735764806e-06 -0.0029793766273063897
1067 2.2891421336795787e-05 -0.0029652686560510816
1069 -4.006002737134428e-07 -0.0030023867580804323
1071 -1.0104488009370815e-05 -0.002964234256197781
1073 -2.38795693835051e-05 -0.0029114151682244835
1075 4.1462301325295394e-05 -0.002905036603667745
1077 3.0666898481189457e-06 -0.0029262297050376565
1079 -1.75103003075641e-05 -0.002961434714325833
1081 3.2886690838845965e-06 -0.0029572211150695285
1083 -1.7212281464134494e-05 -0.0029485865850617196
1085 -4.346456610423258e-05 -0.0029627807740464866
1087 -1.8577248377789922e-05 -0.002955220803451222
1089 -1.8821347429076904e-05 -0.002918196463853586
1091 -3.654246647193618e-07 -0.0028898618760400075
1093 -8.616902217293476e-07 -0.002889029628360468
1095 -7.900423846875193e-06 -0.0029521997997711204
1097 4.670453432280724e-06 -0.002906207695112763
1099 1.3173689707518488e-05 -0.002965650296935738
1101 -3.919506903083887e-05 -0.002924596828695801
1103 -1.2399124998743365e-05 -0.002908690540414062
1105 -3.853206664855686e-06 -0.0029213051280407186
1107 -1.3301755266380693e-05 -0.0028663389700643756
1109 1.594696968813387e-05 -0.0028902471573523177
1111 4.546264309751436e-05 -0.002857567450556703
1113 -3.73160443421232e-05 -0.0029030426183091363
1115 6.810389348764431e-05 -0.0028004119848956195
1117 -1.677579446323351e-05 -0.002816584281864912
1119 4.015429720786843e-05 -0.0028329139247525587
1121 4.183803231176435e-05 -0.002861595719879917
1123 -3.201745759431018e-05 -0.002822364155241288
1125 3.606334439541243e-05 -0.002791627818545123
1127 5.151345660685166e-06 -0.0028099430749330668
1129 2.486757085754955e-05 -0.0028515370650948014
1131 3.5755043304384254e-05 -0.00280964359749658
1133 -3.063733529708984e-05 -0.0027846962488407693
1135 -2.8442932086097815e-06 -0.00277842807521791
1137 -1.2718906520508618e-05 -0.0027712896001688934
1139 8.50013768040153e-06 -0.002793381342813591
1141 3.0926484554587205e-05 -0.00274573505697016
1143 1.9932382865026587e-05 -0.0028234892289257874
1145 -1.447354964471969e-05 -0.0027977458437220114
1147 8.34522006302432e-06 -0.0027686554131620337
1149 -5.690675090702298e-06 -0.002797081151248224
1151 4.3558129600303707e-05 -0.0027890579926398455
1153 1.974841807035614e-05 -0.0027830164683091676
1155 4.544686853105328e-05 -0.0027642268706359004
1157 2.309683238495826e-05 -0.0027577793701049846
1159 4.90286230165675e-05 -0.0027493916034944327
1161 -2.4808732491296937e-05 -0.002726866009208691
1163 -1.4548095670164597e-05 -0.0026892143159213825
1165 1.0917351843264285e-05 -0.00273310521454788
1167 5.9822617038000695e-05 -0.002678432252881267
1169 6.081006247062174e-05 -0.0027418233469266085
1171 1.6299473078503347e-05 -0.002751107283418363
1173 2.667324391839412e-05 -0.0027036100595597343
1175 -4.6551356356723185e-05 -0.002648761539883425
1177 3.913816865783791e-05 -0.0027339431723097793
1179 7.298007577490632e-05 -0.0026830857161985375
1181 -4.624919895412798e-05 -0.0026703589840447782
1183 -2.190236434696568e-05 -0.002689260435396855
1185 1.706701028545573e-05 -0.0026682786237942576
1187 6.116563317294475e-05 -0.002693960794887085
1189 4.510751734217644e-05 -0.0026955157733203677
1191 -1.9350965387306282e-05 -0.002646990100366143
1193 2.2944456417743846e-05 -0.0026284989057203637
1195 8.598285693445455e-07 -0.002686963620067531
1197 -4.731034714204657e-05 -0.002721672481299024
1199 3.104372529865427e-05 -0.002651042889648388
1201 -8.009431124930082e-06 -0.0026660506815362334
1203 -2.3701628178236183e-05 -0.0026770661073386706
1205 1.8809706971931107e-05 -0.002607650520601272
1207 -1.7810304116523157e-05 -0.0026790075455017924
1209 5.448529135343612e-05 -0.002639361128769651
1211 -1.2451974908307678e-06 -0.0026371733456725895
1213 6.9995214381812165e-06 -0.0025967073595853317
1215 -1.7306154570321928e-06 -0.0026029438854824876
1217 3.0902335865157785e-05 -0.002592051486059614
1219 -7.063798584895652e-06 -0.002615380810356452
1221 1.7187104100614849e-06 -0.0026591444755229084
1223 7.39307304606435e-06 -0.0026289565377023367
1225 3.1892977007186815e-05 -0.002638984829164315
1227 2.8555702866337462e-05 -0.002650341459542098
1229 -2.7328327735552692e-05 -0.0025561730876461977
1231 2.6635622680046195e-05 -0.002567889850071111
1233 5.1519017292157465e-06 -0.0026369906904596834
1235 -3.974873704826906e-05 -0.002623192089021134
1237 -3.5278217052961606e-05 -0.002607239999590177
1239 -3.1534666438047346e-05 -0.0025688200956732804
1241 -5.600375503379215e-05 -0.0025831021185578674
1243 -1.7517058889517091e-06 -0.0025547716133465037
1245 1.883495256015256e-05 -0.0025209187160017644
1247 -1.8440466021215032e-05 -0.002590829389944004
1249 2.984532167762025e-06 -0.0025813337588248626
1251 4.131425728925705e-05 -0.0025900044819508468
1253 2.0334822183118163e-05 -0.0025772517553039136
1255 -2.253594369475995e-05 -0.0025507431778365474
1257 -2.622137343503229e-05 -0.002516239509530803
1259 -6.0978900874354944e-05 -0.00249635776805265
1261 2.95417392087831e-05 -0.002509962219322347
1263 -4.810309837241244e-05 -0.0024879626624847674
1265 -4.2342423549669494e-05 -0.002466878046541328
1267 1.3406254807684824e-05 -0.0024659805937697604
1269 -2.339523998649242e-05 -0.0024690514198080376
1271 -1.6777592331327195e-05 -0.0024892882265082814
1273 1.1954901289921294e-05 -0.00255767581194094
1275 6.622081141779525e-05 -0.002455623222681858
1277 1.3166502020590587e-05 -0.002503847259119365
1279 9.397419159651458e-06 -0.002477528803050204
1281 4.8976485638708785e-05 -0.0024781678627494976
1283 4.3397928640386287e-05 -0.0025030196450799465
1285 -2.6482292092592953e-05 -0.0024017037128736918
1287 -3.97600636283233e-05 -0.002470439144815974
1289 -2.748513106975571e-05 -0.0024657212846329784
1291 -3.3333062375813235e-05 -0.002478544538956191
1293 -2.2833163451957938e-05 -0.002497998446175256
1295 -3.305220303675135e-06 -0.0024725764081090775
1297 1.6164331020303626e-05 -0.0024410394230331514
1299 -3.525831614790965e-05 -0.0024333800879537603
1301 -1.8098858756886957e-05 -0.002468425593454739
1303 -1.4212601606344562e-05 -0.002477237948824259
1305 4.1017314631762135e-05 -0.0024749453871197283
1307 1.5255771605849155e-05 -0.002504600277321822
1309 3.66505943290471e-05 -0.0024724160352467706
1311 -7.099831906187988e-06 -0.0024329204274127518
1313 -4.3556090729804516e-05 -0.0024233845577367598
1315 1.0029592660186191e-05 -0.002461212285199123
1317 -9.519882180585704e-06 -0.002440008504922349
1319 -1.4839097628542959e-05 -0.0023813671397218124
1321 8.453740174130925e-06 -0.0023741909063978734
1323 5.2288180912220146e-05 -0.002374751235446759
1325 -2.0332225713247224e-05 -0.002380916396030445
1327 4.2589318047731084e-05 -0.0023818043309427406
1329 1.218065343413372e-05 -0.002361543890748025
1331 -1.4770485406301755e-06 -0.002426954214688151
1333 -3.504681542224687e-07 -0.0023985888041847554
1335 -5.173004685277563e-08 -0.0023634063188357965
1337 -2.5707792493991678e-05 -0.0023664277217697693
1339 -2.871514981812967e-05 -0.0023793732932733676
1341 -3.3137816235331194e-06 -0.0023841512642502074
1343 -1.842853778115099e-05 -0.0023729090612787137
1345 3.40044836792319e-05 -0.0023755393806545776
1347 4.187874571025273e-05 -0.002378968613404973
1349 6.49137028301748e-06 -0.002381501208714679
1351 5.784986979135911e-06 -0.0023526311003827186
1353 3.0310044552666613e-06 -0.0023723692552884475
1355 5.65846560568349e-08 -0.0024136538114656403
1357 -5.3401403872102336e-06 -0.0022966438096986954
1359 2.0555669821818307e-05 -0.002298881423573921
1361 9.09819390725237e-06 -0.0023940582470876625
1363 1.4490278153801202e-05 -0.002336761454751162
1365 -5.144453500328717e-07 -0.0023506920154230558
1367 -2.86796799635399e-06 -0.002333873000997345
1369 -3.535235089797873e-05 -0.0023662003909312684
1371 -2.852419046479404e-05 -0.002303674010996884
1373 -2.2990808488048504e-07 -0.002353087763774444
1375 5.13188092718471e-05 -0.002302493615146063
1377 -3.4069265032179026e-05 -0.0023248690739550767
1379 2.2519886180970798e-05 -0.00228864713447324
1381 3.250940417516579e-06 -0.002322394283725877
1383 -1.230750505293857e-05 -0.002387292168932178
1385 -1.9688015896861422e-05 -0.0022608200699840704
1387 1.5603856559932808e-05 -0.002246403273479103
1389 3.561680198405541e-05 -0.0022697148016160153
1391 3.10973972557321e-05 -0.0023103701126989647
1393 2.9343861758764893e-05 -0.002268385417500774
1395 -5.461247474975483e-06 -0.0023226081568232648
1397 -1.888456900507993e-05 -0.002262198188500251
1399 7.064327710384908e-06 -0.0022972133589105417
1401 1.8524170255932864e-05 -0.0022595156845684043
1403 3.963806104531743e-05 -0.002265614932655799
1405 1.95875612516061e-05 -0.002254645811299852
1407 2.2784460865732313e-05 -0.0022689398533724645
1409 -4.099963101841997e-06 -0.0023034846870719637
1411 6.308339660914423e-05 -0.0022511256974151583
1413 -1.76076035931843e-05 -0.0022816760038954233
1415 1.4590759235602682e-05 -0.0022098049687177663
1417 9.106406260621207e-06 -0.002232235711721499
1419 2.4866002410474478e-06 -0.002253338744891531
1421 1.4239294637385985e-05 -0.002233522001883971
1423 1.065415620255051e-05 -0.002215853358607664
1425 6.319444915759568e-05 -0.002213412908449007
1427 1.8318469400063676e-05 -0.002248236693271866
1429 2.53128050641988e-06 -0.0022526167280065047
1431 -9.85780883010164e-06 -0.0022283674940846367
1433 2.8639678159677836e-05 -0.0022461366040371113
1435 3.097704534225206e-05 -0.0022287471395628588
1437 -3.550419614268642e-05 -0.0021899726161465167
1439 -3.2435850034265375e-06 -0.0021804512163751894
1441 4.6415227406671925e-05 -0.002240115703597303
1443 3.279025602746932e-05 -0.0022004497260895836
1445 -1.127288531715486e-05 -0.002220769489776125
1447 5.848784638267485e-06 -0.002228397276606019
1449 -3.0384012911255197e-05 -0.00221741491482205
1451 -5.6487595982652555e-05 -0.0021979578391594337
1453 2.8591578431085074e-05 -0.002196525341344321
1455 4.144906401090875e-05 -0.00220975168713406
1457 4.946979299508069e-05 -0.002227627961659418
1459 4.136786040378761e-05 -0.00224201290688043
1461 2.5402246538562025e-05 -0.002237709395041193
1463 2.696260280643547e-05 -0.0022417501995682025
1465 2.418992442554945e-05 -0.0021705565784542803
1467 -2.8087874480658524e-05 -0.0021399486366345246
1469 -1.0347618698433985e-05 -0.0021762783986373287
1471 3.7422976596171385e-05 -0.0021608387944230642
1473 7.781981192258108e-06 -0.002153999116572741
1475 5.900344361039222e-05 -0.0021531225739131084
1477 2.4694016011681904e-05 -0.0021752626420332172
1479 8.701815256466299e-06 -0.0021955625504375817
1481 2.7267320452016337e-05 -0.002115331196748345
1483 3.892272272631608e-06 -0.0021356742257646203
1485 1.5545743851747455e-06 -0.0022421475292595597
1487 2.3394071396794015e-05 -0.002192251116429181
1489 3.1251404296483854e-05 -0.002118548486854301
1491 -3.1744356979495334e-05 -0.0021469704567781867
1493 8.65767397876262e-06 -0.0021413613641989766
1495 -3.382400393438161e-05 -0.002130753738288777
1497 5.301896682520389e-05 -0.002088631047317602
1499 6.33399322422306e-06 -0.002158272348769081
1501 1.3546311401337237e-05 -0.0021035335584136854
1503 -3.7109425500673255e-06 -0.002148101322633071
1505 3.550084207216375e-05 -0.0021479177894931753
1507 -8.63439936794562e-06 -0.002130761251964112
1509 -3.615204245413923e-05 -0.0021232470144131295
1511 1.773334446113005e-05 -0.0021312259660775227
1513 2.156355821211226e-05 -0.0021035820161984845
1515 5.483902222153063e-05 -0.0020573682255098863
1517 5.1242122828301866e-05 -0.002033167951209878
1519 -1.2305984661835143e-05 -0.0020561217297459175
1521 -1.948982528558705e-05 -0.002107715683905167
1523 1.2545925098952528e-05 -0.0020857070984927105
1525 1.5937710678862147e-05 -0.0020936788387723266
1527 6.10790834303243e-05 -0.0020770042930364357
1529 -1.2563788203657585e-05 -0.0020748308623262635
1531 1.472562379362265e-06 -0.0020959931005072826
1533 -3.0147452538438015e-05 -0.0020768560607305965
1535 3.380139492777101e-05 -0.002033738876455175
1537 2.556679271250878e-05 -0.002052416412514394
1539 5.256847139303205e-05 -0.0020827765749967466
1541 -5.014355020592935e-06 -0.0020844374398454367
1543 -8.539464681920852e-06 -0.002051318422276245
1545 -5.309468492227057e-05 -0.0020614861715955632
1547 -2.8477795839777012e-05 -0.002100996491522843
1549 -3.18887014296229e-06 -0.002063202127744484
1551 7.851590782438097e-06 -0.0020557545738976286
1553 1.445222432135266e-05 -0.0020840880853531954
1555 1.8216424045620943e-05 -0.0020757613401787647
1557 -2.1713746193148934e-05 -0.0020495814993916894
1559 5.9716292534671524e-05 -0.002051785586340468
1561 2.0390614637045896e-05 -0.0020607215088360134
1563 4.540621135465698e-05 -0.0020292827153405146
1565 4.827305709750629e-06 -0.002024896819265885
1567 -2.507599627757434e-05 -0.0020279600724460284
1569 2.2928519105771377e-06 -0.002049155431091466
1571 -4.519890831087718e-06 -0.0020123876123118362
1573 2.661322284502585e-05 -0.002022959511643217
1575 3.0784348532168114e-05 -0.001995052911839371
1577 -2.1467718572648954e-05 -0.0020763905866213505
1579 5.350942266259981e-05 -0.0019927682640536507
1581 1.6653911587598977e-05 -0.002041289155913304
1583 -3.421964736839356e-05 -0.00200396936106508
1585 -2.2693388450258102e-05 -0.0020103948383341746
1587 -4.8812011939772826e-05 -0.002018792243808373
1589 1.0015081777232526e-06 -0.0019994830546792644
1591 1.9852303875961577e-05 -0.00201561647841126
1593 1.729349156892274e-05 -0.0019477036066858737
1595 4.460471130670696e-05 -0.001971637221848219
1597 -5.458589534704167e-06 -0.0020398414174547194
1599 -1.0218861608201933e-05 -0.0020171657934555474
1601 4.767526253638322e-05 -0.0019501423523157243
1603 -1.731220753701214e-05 -0.002016055418868147
1605 5.547735371547534e-05 -0.0020187354486436884
1607 -5.030053694239922e-06 -0.0019555788310563604
1609 -2.4208916540664025e-05 -0.0019676629107454368
1611 1.0919489849588848e-05 -0.0020094015518810843
1613 1.7221730601624057e-05 -0.00198480699719828
1615 4.309275999586322e-05 -0.0019270234112384096
1617 -1.6922262864031657e-05 -0.0019439753942854918
1619 1.0515509633744848e-05 -0.002023612535302589
1621 -1.8152221550699124e-06 -0.001977643133056389
1623 5.2597417207244905e-06 -0.0019644787674199756
1625 -2.1539529979672478e-05 -0.001994735315962442
1627 1.020365861819707e-06 -0.002007242344525951
1629 -1.935210968484938e-05 -0.001955528531591587
1631 5.976227283648365e-06 -0.001962945935095857
1633 -9.360701471207264e-06 -0.001954129194449905
1635 -3.127262361085824e-05 -0.001934698923035353
1637 -1.846926945601307e-05 -0.001949615785984993
1639 0.0 -0.0019420981463318526
1641 0.0 -0.0019397311772321186
1643 0.0 -0.001937369970686492
1645 0.0 -0.0019350145056765391
1647 0.0 -0.001932664761285918
1649 0.0 -0.0019303207166997617
1651 0.0 -0.0019279823512040625
1653 0.0 -0.001925649644185062
1655 0.0 -0.0019233225751286447
1657 0.0 -0.0019210011236197387
1659 0.0 -0.001918685269341716
1661 0.0 -0.0019163749920758017
1663 0.0 -0.0019140702717004852
1665 0.0 -0.001911771088190935
1667 0.0 -0.0019094774216184207
1669 0.0 -0.0019071892521497344
1671 0.0 -0.0019049065600466228
1673 0.0 -0.0019026293256652162
1675 0.0 -0.0019003575294554665
1677 0.0 -0.0018980911519605882
1679 0.0 -0.0018958301738165018
1681 0.0 -0.001893574575751283
1683 0.0 -0.001891324338584615
1685 0.0 -0.0018890794432272445
1687 0.0 -0.0018868398706804429
1689 0.0 -0.0018846056020354691
1691 0.0 -0.0018823766184730378
1693 0.0 -0.001880152901262792
1695 0.0 -0.001877934431762777
1697 0.0 -0.0018757211914189197
1699 0.0 -0.0018735131617645124
1701 0.0 -0.0018713103244196983
1703 0.0 -0.0018691126610909613
1705 0.0 -0.0018669201535706195
1707 0.0 -0.001864732783736325
1709 0.0 -0.0018625505335505598
1711 0.0 -0.0018603733850601444
1713 0.0 -0.0018582013203957421
1715 0.0 -0.001856034321771374
1717 0.0 -0.0018538723714839295
1719 0.0 -0.0018517154519126857
1721 0.0 -0.0018495635455188302
1723 0.0 -0.0018474166348449838
1725 0.0 -0.001845274702514729
1727 0.0 -0.0018431377312321405
1729 0.0 -0.0018410057037813227
1731 0.0 -0.001838878603025943
1733 0.0 -0.001836756411908775
1735 0.0 -0.001834639113451243
1737 0.0 -0.0018325266907529688
1739 0.0 -0.001830419126991321
1741 0.0 -0.0018283164054209687
1743 0.0 -0.0018262185093734405
1745 0.0 -0.0018241254222566802
1747 0.0 -0.001822037127554612
1749 0.0 -0.0018199536088267046
1751 0.0 -0.0018178748497075423
1753 0.0 -0.001815800833906393
1755 0.0 -0.0018137315452067845
1757 0.0 -0.0018116669674660825
1759 0.0 -0.0018096070846150695
1761 0.0 -0.0018075518806575281
1763 0.0 -0.001805501339669828
1765 0.0 -0.0018034554458005137
1767 0.0 -0.0018014141832698965
1769 0.0 -0.001799377536369648
1771 0.0 -0.0017973454894623978
1773 0.0 -0.0017953180269813349
1775 0.0 -0.0017932951334298068
1777 0.0 -0.0017912767933809268
1779 0.0 -0.0017892629914771818
1781 0.0 -0.001787253712430043
1783 0.0 -0.0017852489410195775
1785 0.0 -0.0017832486620940652
1787 0.0 -0.0017812528605696176
1789 0.0 -0.001779261521429797
1791 0.0 -0.001777274629725241
1793 0.0 -0.001775292170573289
1795 0.0 -0.0017733141291576084
1797 0.0 -0.001771340490727828
1799 0.0 -0.0017693712405991702
1801 0.0 -0.0017674063641520859
1803 0.0 -0.0017654458468318952
1805 0.0 -0.001763489674148425
1807 0.0 -0.001761537831675654
1809 0.0 -0.001759590305051358
1811 0.0 -0.001757647079976757
1813 0.0 -0.001755708142216165
1815 0.0 -0.0017537734775966427
1817 0.0 -0.0017518430720076536
1819 0.0 -0.0017499169114007184
1821 0.0 -0.0017479949817890757
1823 0.0 -0.0017460772692473431
1825 0.0 -0.0017441637599111817
1827 0.0 -0.0017422544399769604
1829 0.0 -0.0017403492957014253
1831 0.0 -0.0017384483134013692
1833 0.0 -0.0017365514794533046
1835 0.0 -0.0017346587802931374
1837 0.0 -0.0017327702024158447
1839 0.0 -0.0017308857323751533
1841 0.0 -0.0017290053567832195
1843 0.0 -0.0017271290623103131
1845 0.0 -0.0017252568356845024
1847 0.0 -0.001723388663691341
1849 0.0 -0.001721524533173557
1851 0.0 -0.0017196644310307437
1853 0.0 -0.0017178083442190538
1855 0.0 -0.0017159562597508931
1857 0.0 -0.0017141081646946186
1859 0.0 -0.001712264046174237
1861 0.0 -0.0017104238913691061
1863 0.0 -0.0017085876875136375
1865 0.0 -0.001706755421897001
1867 0.0 -0.0017049270818628318
1869 0.0 -0.001703102654808939
1871 0.0 -0.0017012821281870163
1873 0.0 -0.0016994654895023528
1875 0.0 -0.0016976527263135503
1877 0.0 -0.001695843826232236
1879 0.0 -0.001694038776922782
1881 0.0 -0.0016922375661020238
1883 0.0 -0.001690440181538984
1885 0.0 -0.0016886466110545926
1887 0.0 -0.0016868568425214133
1889 0.0 -0.0016850708638633703
1891 0.0 -0.0016832886630554769
1893 0.0 -0.001681510228123564
1895 0.0 -0.001679735547144014
1897 0.0 -0.0016779646082434932
1899 0.0 -0.001676197399598687
1901 0.0 -0.0016744339094360372
1903 0.0 -0.0016726741260314803
1905 0.0 -0.0016709180377101874
1907 0.0 -0.0016691656328463068
1909 0.0 -0.0016674168998627068
1911 0.0 -0.0016656718272307204
1913 0.0 -0.0016639304034698939
1915 0.0 -0.0016621926171477323
1917 0.0 -0.0016604584568794506
1919 0.0 -0.0016587279113277262
1921 0.0 -0.0016570009692024503
1923 0.0 -0.001655277619260482
1925 0.0 -0.001653557850305406
1927 0.0 -0.0016518416511872895
1929 0.0 -0.00165012901080244
1931 0.0 -0.0016484199180931674
1933 0.0 -0.001646714362047546
1935 0.0 -0.0016450123316991765
1937 0.0 -0.0016433138161269525
1939 0.0 -0.0016416188044548255
1941 0.0 -0.001639927285851575
1943 0.0 -0.001638239249530575
1945 0.0 -0.0016365546847495666
1947 0.0 -0.0016348735808104297
1949 0.0 -0.0016331959270589568
1951 0.0 -0.001631521712884627
1953 0.0 -0.0016298509277203822
1955 0.0 -0.0016281835610424075
1957 0.0 -0.0016265196023699064
1959 0.0 -0.0016248590412648836
1961 0.0 -0.0016232018673319258
1963 0.0 -0.0016215480702179862
1965 0.0 -0.0016198976396121663
1967 0.0 -0.0016182505652455044
1969 0.0 -0.00161660683689076
1971 0.0 -0.0016149664443622052
1973 0.0 -0.0016133293775154114
1975 0.0 -0.0016116956262470414
1977 0.0 -0.001610065180494642
1979 0.0 -0.0016084380302364362
1981 0.0 -0.0016068141654911193
1983 0.0 -0.0016051935763176535
1985 0.0 -0.0016035762528150664
1987 0.0 -0.0016019621851222482
1989 0.0 -0.0016003513634177513
1991 0.0 -0.0015987437779195915
1993 0.0 -0.001597139418885051
1995 0.0 -0.0015955382766104796
1997 0.0 -0.0015939403414310998
1999 0.0 -0.0015923456037208138
2001 0.0 -0.0015907540538920074
2003 0.0 -0.0015891656823953605
2005 0.0 -0.001587580479719654
2007 0.0 -0.0015859984363915827
2009 0.0 -0.0015844195429755633
2011 0.0 -0.001582843790073549
2013 0.0 -0.0015812711683248419
2015 0.0 -0.0015797016684059092
2017 0.0 -0.001578135281030197
2019 0.0 -0.001576571996947948
2021 0.0 -0.0015750118069460203
2023 0.0 -0.001573454701847705
2025 0.0 -0.0015719006725125467
2027 0.0 -0.001570349709836165
2029 0.0 -0.0015688018047500772
2031 0.0 -0.00156725694822152
2033 0.0 -0.0015657151312532746
2035 0.0 -0.0015641763448834922
2037 0.0 -0.0015626405801855213
2039 0.0 -0.0015611078282677326
2041 0.0 -0.0015595780802733494
2043 0.0 -0.0015580513273802774
2045 0.0 -0.0015565275608009324
2047 0.0 -0.0015550067717820747
2049 0.0 -0.0015534889516046397
