-2049 0.0 0.0015534889516046397
-2047 0.0 0.0015550067717820747
-2045 0.0 0.0015565275608009324
-2043 0.0 0.0015580513273802774
-2041 0.0 0.0015595780802733494
-2039 0.0 0.0015611078282677326
-2037 0.0 0.0015626405801855213
-2035 0.0 0.0015641763448834922
-2033 0.0 0.0015657151312532746
-2031 0.0 0.00156725694822152
-2029 0.0 0.0015688018047500772
-2027 0.0 0.001570349709836165
-2025 0.0 0.0015719006725125467
-2023 0.0 0.001573454701847705
-2021 0.0 0.0015750118069460203
-2019 0.0 0.001576571996947948
-2017 0.0 0.001578135281030197
-2015 0.0 0.0015797016684059092
-2013 0.0 0.0015812711683248419
-2011 0.0 0.001582843790073549
-2009 0.0 0.0015844195429755633
-2007 0.0 0.0015859984363915827
-2005 0.0 0.001587580479719654
-2003 0.0 0.0015891656823953605
-2001 0.0 0.0015907540538920074
-1999 0.0 0.0015923456037208138
-1997 0.0 0.0015939403414310998
-1995 0.0 0.0015955382766104796
-1993 0.0 0.001597139418885051
-1991 0.0 0.0015987437779195915
-1989 0.0 0.0016003513634177513
-1987 0.0 0.0016019621851222482
-1985 0.0 0.0016035762528150664
-1983 0.0 0.0016051935763176535
-1981 0.0 0.0016068141654911193
-1979 0.0 0.0016084380302364362
-1977 0.0 0.001610065180494642
-1975 0.0 0.0016116956262470414
-1973 0.0 0.0016133293775154114
-1971 0.0 0.0016149664443622052
-1969 0.0 0.00161660683689076
-1967 0.0 0.0016182505652455044
-1965 0.0 0.0016198976396121663
-1963 0.0 0.0016215480702179862
-1961 0.0 0.0016232018673319258
-1959 0.0 0.0016248590412648836
-1957 0.0 0.0016265196023699064
-1955 0.0 0.0016281835610424075
-1953 0.0 0.0016298509277203822
-1951 0.0 0.001631521712884627
-1949 0.0 0.0016331959270589568
-1947 0.0 0.0016348735808104297
-1945 0.0 0.0016365546847495666
-1943 0.0 0.001638239249530575
-1941 0.0 0.001639927285851575
-1939 0.0 0.0016416188044548255
-1937 0.0 0.0016433138161269525
-1935 0.0 0.0016450123316991765
-1933 0.0 0.001646714362047546
-1931 0.0 0.0016484199180931674
-1929 0.0 0.00165012901080244
-1927 0.0 0.0016518416511872895
-1925 0.0 0.001653557850305406
-1923 0.0 0.001655277619260482
-1921 0.0 0.0016570009692024503
-1919 0.0 0.0016587279113277262
-1917 0.0 0.0016604584568794506
-1915 0.0 0.0016621926171477323
-1913 0.0 0.0016639304034698939
-1911 0.0 0.0016656718272307204
-1909 0.0 0.0016674168998627068
-1907 0.0 0.0016691656328463068
-1905 0.0 0.0016709180377101874
-1903 0.0 0.0016726741260314803
-1901 0.0 0.0016744339094360372
-1899 0.0 0.001676197399598687
-1897 0.0 0.0016779646082434932
-1895 0.0 0.001679735547144014
-1893 0.0 0.001681510228123564
-1891 0.0 0.0016832886630554769
-1889 0.0 0.0016850708638633703
-1887 0.0 0.0016868568425214133
-1885 0.0 0.0016886466110545926
-1883 0.0 0.001690440181538984
-1881 0.0 0.0016922375661020238
-1879 0.0 0.001694038776922782
-1877 0.0 0.001695843826232236
-1875 0.0 0.0016976527263135503
-1873 0.0 0.0016994654895023528
-1871 0.0 0.0017012821281870163
-1869 0.0 0.001703102654808939
-1867 0.0 0.0017049270818628318
-1865 0.0 0.001706755421897001
-1863 0.0 0.0017085876875136375
-1861 0.0 0.0017104238913691061
-1859 0.0 0.001712264046174237
-1857 0.0 0.0017141081646946186
-1855 0.0 0.0017159562597508931
-1853 0.0 0.0017178083442190538
-1851 0.0 0.0017196644310307437
-1849 0.0 0.001721524533173557
-1847 0.0 0.001723388663691341
-1845 0.0 0.0017252568356845024
-1843 0.0 0.0017271290623103131
-1841 0.0 0.0017290053567832195
-1839 0.0 0.0017308857323751533
-1837 0.0 0.0017327702024158447
-1835 0.0 0.0017346587802931374
-1833 0.0 0.0017365514794533046
-1831 0.0 0.0017384483134013692
-1829 0.0 0.0017403492957014253
-1827 0.0 0.0017422544399769604
-1825 0.0 0.0017441637599111817
-1823 0.0 0.0017460772692473431
-1821 0.0 0.0017479949817890757
-1819 0.0 0.0017499169114007184
-1817 0.0 0.0017518430720076536
-1815 0.0 0.0017537734775966427
-1813 0.0 0.001755708142216165
-1811 0.0 0.001757647079976757
-1809 0.0 0.001759590305051358
-1807 0.0 0.001761537831675654
-1805 0.0 0.001763489674148425
-1803 0.0 0.0017654458468318952
-1801 0.0 0.0017674063641520859
-1799 0.0 0.0017693712405991702
-1797 0.0 0.001771340490727828
-1795 0.0 0.0017733141291576084
-1793 0.0 0.001775292170573289
-1791 0.0 0.001777274629725241
-1789 0.0 0.001779261521429797
-1787 0.0 0.0017812528605696176
-1785 0.0 0.0017832486620940652
-1783 0.0 0.0017852489410195775
-1781 0.0 0.001787253712430043
-1779 0.0 0.0017892629914771818
-1777 0.0 0.0017912767933809268
-1775 0.0 0.0017932951334298068
-1773 0.0 0.0017953180269813349
-1771 0.0 0.0017973454894623978
-1769 0.0 0.001799377536369648
-1767 0.0 0.0018014141832698965
-1765 0.0 0.0018034554458005137
-1763 0.0 0.001805501339669828
-1761 0.0 0.0018075518806575281
-1759 0.0 0.0018096070846150695
-1757 0.0 0.0018116669674660825
-1755 0.0 0.0018137315452067845
-1753 0.0 0.001815800833906393
-1751 0.0 0.0018178748497075423
-1749 0.0 0.0018199536088267046
-1747 0.0 0.001822037127554612
-1745 0.0 0.0018241254222566802
-1743 0.0 0.0018262185093734405
-1741 0.0 0.0018283164054209687
-1739 0.0 0.001830419126991321
-1737 0.0 0.0018325266907529688
-1735 0.0 0.001834639113451243
-1733 0.0 0.001836756411908775
-1731 0.0 0.001838878603025943
-1729 0.0 0.0018410057037813227
-1727 0.0 0.0018431377312321405
-1725 0.0 0.001845274702514729
-1723 0.0 0.0018474166348449838
-1721 0.0 0.0018495635455188302
-1719 0.0 0.0018517154519126857
-1717 0.0 0.0018538723714839295
-1715 0.0 0.001856034321771374
-1713 0.0 0.0018582013203957421
-1711 0.0 0.0018603733850601444
-1709 0.0 0.0018625505335505598
-1707 0.0 0.001864732783736325
-1705 0.0 0.0018669201535706195
-1703 0.0 0.0018691126610909613
-1701 0.0 0.0018713103244196983
-1699 0.0 0.0018735131617645124
-1697 0.0 0.0018757211914189197
-1695 0.0 0.001877934431762777
-1693 0.0 0.001880152901262792
-1691 0.0 0.0018823766184730378
-1689 0.0 0.0018846056020354691
-1687 0.0 0.0018868398706804429
-1685 0.0 0.0018890794432272445
-1683 0.0 0.001891324338584615
-1681 0.0 0.001893574575751283
-1679 0.0 0.0018958301738165018
-1677 0.0 0.0018980911519605882
-1675 0.0 0.0019003575294554665
-1673 0.0 0.0019026293256652162
-1671 0.0 0.0019049065600466228
-1669 0.0 0.0019071892521497344
-1667 0.0 0.0019094774216184207
-1665 0.0 0.001911771088190935
-1663 0.0 0.0019140702717004852
-1661 0.0 0.0019163749920758017
-1659 0.0 0.001918685269341716
-1657 0.0 0.0019210011236197387
-1655 0.0 0.0019233225751286447
-1653 0.0 0.001925649644185062
-1651 0.0 0.0019279823512040625
-1649 0.0 0.0019303207166997617
-1647 0.0 0.001932664761285918
-1645 0.0 0.0019350145056765391
-1643 0.0 0.001937369970686492
-1641 0.0 0.0019397311772321186
-1639 0.0 0.0019420981463318526
-1637 -1.885800157161098e-05 0.0018841210427253225
-1635 -3.484935618653743e-05 0.0018969155654089676
-1633 -6.510296282762947e-06 0.001915843612868245
-1631 -3.3251441001737966e-05 0.001956793493959653
-1629 -1.4439914585684582e-05 0.001989059385788314
-1627 -3.1074665687928664e-05 0.0019960400356100224
-1625 -1.4861300094273594e-06 0.0019401199396224319
-1623 5.530806983141285e-05 0.0019230218237698416
-1621 -2.6954017537578208e-05 0.001946351418627206
-1619 2.3910655039222264e-06 0.0019739742487829164
-1617 -5.251962548807871e-05 0.001970222050951992
-1615 2.3692732249901752e-05 0.0019531685865058815
-1613 -1.6629117139725525e-06 0.0019224703727614518
-1611 -1.5131785375498486e-05 0.0019905111371237927
-1609 -9.692820637214343e-06 0.001953299250178988
-1607 -5.762759471318408e-06 0.0019580895394654477
-1605 -3.230163773201758e-05 0.0019943209925754857
-1603 6.263697657821442e-06 0.002003780822795347
-1601 9.0952321860093e-06 0.0020084112039273107
-1599 2.7507529261081724e-05 0.0020189881115629284
-1597 -5.083507135196464e-05 0.0020099187528252794
-1595 -1.1313174414519731e-05 0.0019954600976456
-1593 3.046475368912891e-05 0.001996519348171324
-1591 -3.129031089335503e-05 0.001999679390286722
-1589 4.699106493298843e-05 0.001995667921261982
-1587 -1.7955648788012704e-05 0.001987416732003944
-1585 3.1536039893311295e-05 0.0020452627498989927
-1583 -1.8750007738148262e-05 0.0020355954353333174
-1581 -7.558041737623774e-05 0.0020283814446874202
-1579 8.086377572121155e-06 0.0020328380642185293
-1577 -4.073621713106175e-05 0.0019792911217091226
-1575 5.642797241845999e-06 0.0019976183994111804
-1573 1.087006609561068e-05 0.001983306805357277
-1571 5.602550950471143e-08 0.0020466193035202657
-1569 1.6076100407870057e-05 0.0020326680880461867
-1567 7.053610377562717e-05 0.0020722606055296588
-1565 -2.6017390075500446e-05 0.0020361419362503012
-1563 2.920246955462692e-05 0.002002173275969707
-1561 -7.77121378026983e-06 0.0020560378508289946
-1559 7.508144688504257e-06 0.002074002008817334
-1557 -9.583393550790826e-06 0.0020762017554692585
-1555 7.078804569652011e-05 0.002044288978916348
-1553 2.484870537861499e-05 0.0020523231369436626
-1551 1.034546597174207e-06 0.002045635538564851
-1549 -2.6557656852402426e-05 0.0020313098562730666
-1547 -1.1130643214421589e-05 0.002084532732603821
-1545 2.407567065712551e-05 0.002070372617855409
-1543 6.062894900567226e-05 0.0020241747569237647
-1541 1.0204236765890347e-06 0.002017991020229991
-1539 -3.0186727872847307e-05 0.002065442246307733
-1537 4.436839185429133e-05 0.0021012182336960154
-1535 -4.658688334663582e-06 0.002042742012442726
-1533 -1.0403256471856663e-05 0.002068525911903783
-1531 3.1578216854596314e-05 0.002050733430565868
-1529 -4.1836031802192035e-05 0.0020641585077993923
-1527 -1.6369092969369154e-05 0.002089159090167269
-1525 -2.931102718793512e-06 0.00209066103617601
-1523 5.478228626326181e-06 0.0021184971273821365
-1521 1.762661225014532e-06 0.0021014482718465432
-1519 -2.1680510121315085e-05 0.002124811839456436
-1517 9.056971035590836e-06 0.0021140606846372038
-1515 1.7101284306583834e-05 0.00210979061020816
-1513 -1.0714060652275882e-05 0.002126246680990138
-1511 -4.89661802854537e-05 0.0021162306130460373
-1509 -2.8983253202782512e-05 0.0021535154083250933
-1507 -5.6953401842734105e-05 0.0021298954569809944
-1505 5.802823061293192e-05 0.00212443660142791
-1503 4.70613328405034e-06 0.0021222208218603556
-1501 -1.7145695085935545e-06 0.002098919976623932
-1499 1.1502587949935561e-06 0.0021492423022104225
-1497 3.4805411471711124e-05 0.0021470693992408463
-1495 3.318598178254668e-06 0.002118882639258993
-1493 1.08091999005282e-05 0.0020898224650993187
-1491 -2.344327770769249e-05 0.002155196343665776
-1489 -2.9311685189809975e-05 0.0021790611959641207
-1487 -3.4052464578993153e-05 0.0021494249396162234
-1485 -7.442460832749714e-06 0.002152868885573043
-1483 2.6030753924044417e-05 0.002148708989790196
-1481 2.0956287374299254e-06 0.0021422580183624884
-1479 -3.108881887465591e-05 0.002183991619928213
-1477 3.752103768365875e-05 0.0021597822772196165
-1475 1.7867117874738646e-05 0.0022160823519156046
-1473 1.5235940889918836e-05 0.0021998402695859163
-1471 3.6032329611458946e-05 0.0022366455967070425
-1469 1.4513466455296387e-05 0.002170049035498373
-1467 2.97886135298813e-05 0.0021672462526242165
-1465 2.7492439975929245e-05 0.002181301057437407
-1463 4.293552672785511e-05 0.0021925819238589844
-1461 5.6222810089212926e-05 0.002119880738009304
-1459 4.31553027672565e-05 0.0021166434429876614
-1457 4.952911140899311e-06 0.0021613963070779936
-1455 -2.0605813420249675e-05 0.0021331411591391874
-1453 3.3401315140225406e-06 0.002189875739887962
-1451 -1.9109968862773134e-05 0.002212641366689723
-1449 7.275171427897985e-06 0.0022212908906462494
-1447 -9.755216303223783e-06 0.0022211851384923926
-1445 -1.8067370470623642e-05 0.0021870076754799904
-1443 9.767874073723194e-06 0.0021760322791606617
-1441 -6.142655715976714e-06 0.0021802104070028465
-1439 -2.975504740379587e-05 0.0022312616244997614
-1437 -1.3519165826082094e-05 0.0022200926611284093
-1435 6.3177793574951e-05 0.002218067735632395
-1433 -3.234344025014538e-06 0.002200939927563051
-1431 2.6855342607400308e-05 0.0022254706825646873
-1429 2.3323736589737582e-05 0.002276908801308623
-1427 1.2374656405110456e-05 0.002245479563228374
-1425 6.058482067866039e-06 0.002255881391204848
-1423 9.035509256070298e-06 0.0022850860225772447
-1421 1.3301402568271562e-06 0.0022632533382487335
-1419 -9.548766264697902e-06 0.0022368353633092975
-1417 4.138772755237539e-05 0.0022457610441798427
-1415 2.4797362228944993e-05 0.0022681293388577203
-1413 4.66342002899827e-05 0.0022315992472910365
-1411 -6.144504789489114e-05 0.0022601039948506514
-1409 -1.4348609163548996e-05 0.002276302404946674
-1407 -6.472753579012095e-05 0.0023025026777104365
-1405 1.1265282999324256e-05 0.0022530107623422455
-1403 2.215777101015855e-05 0.002235298812340879
-1401 -6.46444368506668e-05 0.00225884705318684
-1399 -9.323894402350073e-06 0.0022423728541247656
-1397 2.4135601539576236e-05 0.0022629536669509826
-1395 4.3188774103583176e-05 0.002287170687265171
-1393 5.247355839969208e-07 0.0023110704885517847
-1391 1.6551566931742908e-06 0.0023600788528839378
-1389 6.542034128783361e-05 0.0022919389748952725
-1387 -9.840223290315505e-07 0.0022747885399612457
-1385 -1.2734361620820833e-05 0.0022746527777338936
-1383 5.548321345357473e-05 0.0022398500946912785
-1381 -3.6203123727366615e-06 0.0023063615226749956
-1379 1.7974432174683004e-05 0.0023295114881205546
-1377 1.366951941716796e-05 0.0023919034765326566
-1375 4.2089480017535387e-07 0.0023338379676203364
-1373 1.4257012261982776e-05 0.0022750649958254046
-1371 4.7243329143525865e-05 0.002316098787665028
-1369 2.7646079851432726e-05 0.0023159147604131145
-1367 1.7658873992357052e-05 0.0023636731458815444
-1365 -8.442640401884162e-05 0.0023148104538359346
-1363 -2.9305002950672036e-05 0.002328350365529451
-1361 1.001501829914721e-05 0.0023550451608512855
-1359 2.8739016099624584e-05 0.002334972027643846
-1357 -1.0455941430237881e-05 0.0023496562092813365
-1355 4.201749017412489e-05 0.0024109276735177227
-1353 1.4218753314361135e-05 0.002321816466181617
-1351 2.648693127714115e-05 0.0023524610427949942
-1349 9.193118504289264e-05 0.002380240293103146
-1347 1.1080369104063414e-05 0.0023613194121191684
-1345 -9.21399166278698e-06 0.0023360008750229746
-1343 -3.4408888500252545e-05 0.002332354053596722
-1341 -8.249636832652765e-06 0.002358198994810489
-1339 1.2592326716271085e-05 0.002380766175169099
-1337 2.3652544897956136e-05 0.002375842005420501
-1335 -5.2171116948548365e-05 0.0023730013023518706
-1333 1.1703150137305565e-05 0.0024222707051720954
-1331 4.479400220023459e-06 0.00244870394388874
-1329 -6.839526005143668e-05 0.002452448149431421
-1327 8.794219727892806e-06 0.002424591408228863
-1325 5.015370833046757e-05 0.002390386831016788
-1323 2.973508758640213e-05 0.002376838597904748
-1321 2.4117797454012577e-05 0.00240951017428111
-1319 -5.471789844796431e-05 0.00240637771400734
-1317 1.0790353242857696e-05 0.002390304502650794
-1315 2.491957724958559e-05 0.0024101347944649786
-1313 1.8288586105528075e-06 0.002384502117254703
-1311 -2.0499926872096298e-06 0.002440881513898798
-1309 -2.4572497676727404e-06 0.0024067688391432363
-1307 -2.386851500075281e-05 0.0024029839506270914
-1305 2.829027949345654e-07 0.0024136507632581757
-1303 -1.695291269481092e-05 0.0024826774432578896
-1301 -2.118203246640616e-05 0.002467917217128579
-1299 -3.77544534579398e-06 0.00240786632283348
-1297 2.72929866869855e-05 0.002422548580770068
-1295 8.053858259240276e-06 0.0024504600584998953
-1293 3.1330239173269826e-05 0.002404665066052743
-1291 1.1058659202869877e-05 0.00246311142634228
-1289 5.733888947327156e-05 0.0024274773463690107
-1287 1.2155058855841026e-06 0.002477867334049557
-1285 6.357623787439078e-06 0.002455914960073292
-1283 -2.18456340012623e-05 0.0025045030358583475
-1281 -1.4300621040073302e-05 0.002458399578188554
-1279 9.343859406072496e-06 0.0024855725700704914
-1277 2.0221164399589104e-05 0.0024887216731031316
-1275 -1.3683714217274899e-05 0.002530211646752471
-1273 1.142177388406478e-06 0.0025095239524402214
-1271 -2.4599438759258898e-05 0.0025341294445669392
-1269 2.9552989251505254e-05 0.0024958714985053435
-1267 6.177479756815161e-05 0.002438284096856151
-1265 3.769452820595331e-05 0.002499861102576888
-1263 -3.342116854414058e-05 0.0024837700124702745
-1261 -1.1217226406682633e-05 0.0025286384491630593
-1259 5.364065960018153e-06 0.0025135041102048185
-1257 1.3473406829587614e-05 0.002472338212373185
-1255 -2.5318764953377716e-06 0.0025125042858331783
-1253 5.7541431924892496e-05 0.002503017525098736
-1251 4.3155584510728694e-05 0.00256045310388673
-1249 3.0606903876513334e-05 0.0025652813199124316
-1247 -3.2154609449887526e-05 0.0025850144649175203
-1245 9.791543854739016e-06 0.002513181708785265
-1243 3.403850938714131e-05 0.0025570893764323764
-1241 -2.441650302906482e-06 0.0026344589410260363
-1239 -3.3030825946441355e-05 0.002588452294890283
-1237 -4.772443792300312e-06 0.0026103478504746445
-1235 -3.704723278800468e-05 0.0025649984314568327
-1233 -2.5869714786592006e-05 0.002552730262457717
-1231 5.484313646951224e-06 0.002604361799081395
-1229 -2.230088763765222e-05 0.002606465208762757
-1227 -5.4868754492674315e-05 0.002572236609822465
-1225 5.503069724814475e-05 0.0025796262708636035
-1223 7.016867557327821e-05 0.0026490644815605298
-1221 -1.494243980660943e-05 0.0026084230320138515
-1219 -7.908409142641424e-06 0.0026158216022457827
-1217 -2.136712741640253e-05 0.002609441274526764
-1215 -4.116117724328946e-05 0.002552725091144351
-1213 -3.2352733877632524e-05 0.0025993002778611687
-1211 6.591290019048665e-06 0.002645246403620839
-1209 -3.7233396502045736e-05 0.002634577699992094
-1207 -1.8972149187675415e-05 0.0026800016345309837
-1205 2.2999074406604526e-05 0.002632604622422888
-1203 -1.0345442626127321e-05 0.0027101633047058927
-1201 -1.1479803763607964e-05 0.002682976835557474
-1199 3.964722861773473e-06 0.002702855612710791
-1197 -5.564048687004304e-05 0.0026823827410900145
-1195 -6.625700059722393e-05 0.0026459062713862958
-1193 -3.629240569852969e-05 0.0026607977741026625
-1191 -2.928307195258241e-05 0.0026509905659857073
-1189 -3.0161632068428977e-05 0.002701617803925244
-1187 -3.170958484024584e-05 0.002741468319122472
-1185 -4.090092470401289e-05 0.0027212128161885714
-1183 -4.001325583992383e-05 0.002650521066750073
-1181 -5.581239898687259e-05 0.002721998266943458
-1179 3.94599905712456e-05 0.0027685053622021677
-1177 -2.5566297569954265e-05 0.0026789247636517643
-1175 -3.368555170154064e-05 0.0027160300885004152
-1173 -1.8313210859281576e-05 0.0026634381278123555
-1171 -5.030843428841578e-05 0.0026664560652818327
-1169 -1.9246534459770425e-05 0.002732721368703405
-1167 3.301137426513904e-05 0.0028041818706631685
-1165 1.737327338452758e-05 0.0026949115790400905
-1163 5.015357085607413e-05 0.002677952462006958
-1161 -2.3763504607147065e-05 0.0026676635272800168
-1159 4.063651199816516e-05 0.0026913637835708506
-1157 4.470848501348833e-06 0.002725235854332298
-1155 3.43224861738704e-05 0.0027676261877169345
-1153 -1.1506070320497946e-05 0.002707855323781909
-1151 4.865203236576179e-05 0.002748133076223469
-1149 -3.0414243741249498e-05 0.0027723813711989734
-1147 4.330705391929633e-05 0.002754799111589012
-1145 -1.268348826163117e-05 0.0028105640657198065
-1143 9.352126852338446e-06 0.0028103221046399565
-1141 2.0412125426405983e-05 0.002771139082201791
-1139 1.6684468074753675e-05 0.0028177698786829835
-1137 -1.0340425893738658e-05 0.0027752205090147385
-1135 7.808501730986107e-08 0.002812286004874983
-1133 1.2255923242143406e-05 0.0028018862217079046
-1131 -2.416244302515459e-05 0.002826375481788006
-1129 2.3411603146733557e-05 0.002762866459284169
-1127 1.681645773944656e-05 0.0027814747437117397
-1125 -4.7280806751671253e-05 0.0028464428828246513
-1123 -1.029284703499018e-05 0.00288086927491892
-1121 -2.410744430112042e-05 0.0028727937484463797
-1119 8.208772614802214e-06 0.0028786445881504854
-1117 1.1226554954704167e-05 0.002845260239602463
-1115 3.781939709530423e-05 0.00286984292781632
-1113 -7.898996458805834e-06 0.0028754576046055437
-1111 -1.464036728672831e-05 0.0029088115470096436
-1109 -2.5876995789707563e-06 0.002866763633038761
-1107 1.942968497351312e-05 0.002887250305228143
-1105 4.244115663975614e-05 0.0029426328930146663
-1103 4.851420682324218e-06 0.002879728918254188
-1101 -7.157175264311347e-06 0.002877555896349758
-1099 1.2290211526719584e-05 0.002866460320853615
-1097 -1.632940920046082e-05 0.002886458006107287
-1095 2.9828949995801364e-05 0.0029118710535712316
-1093 1.1470133729593592e-05 0.0029000600502791397
-1091 1.5252533771948722e-05 0.0029466850554537814
-1089 1.910178693531761e-05 0.0029078926408415396
-1087 -2.519471107365103e-05 0.002960816096488933
-1085 5.61662953012611e-05 0.0029563297848338907
-1083 -1.0405540672472147e-05 0.0029189558530743603
-1081 -1.6685888736407716e-05 0.002927172809606349
-1079 9.297759836874392e-06 0.0029245156155885046
-1077 2.2139724927396248e-05 0.002932741853576706
-1075 3.0491109539582784e-05 0.002947425515238887
-1073 1.3640800746495307e-05 0.0029817510154464166
-1071 6.605068925176713e-05 0.0029913883061894655
-1069 2.439992563247629e-05 0.0029787463122829256
-1067 -4.09982857692744e-05 0.0030142137004305638
-1065 1.483640325102528e-05 0.0030036428459624506
-1063 -4.253853315112958e-06 0.00303973258591065
-1061 -1.670503836682827e-05 0.0030114280611692485
-1059 -3.8505994142852795e-05 0.0029510185611393673
-1057 -2.0337241564844725e-05 0.003027028971971735
-1055 -8.410237339784191e-06 0.0030490762748118594
-1053 -3.2598337156563575e-07 0.0030508460674490236
-1051 -2.053534892553929e-06 0.0030401604181031243
-1049 1.679110163689564e-07 0.0030292279253194532
-1047 1.3960762768374198e-05 0.003032809203970067
-1045 1.260482463540474e-05 0.003070205405125593
-1043 -2.877630216095016e-05 0.0030264766721995475
-1041 -2.5733011326342363e-05 0.003004086645102532
-1039 3.922326727674837e-05 0.0030733361177248436
-1037 1.045265199057737e-05 0.003074269344370471
-1035 4.118279993066149e-05 0.003064296790875023
-1033 1.5451970557310327e-05 0.0030746935722823464
-1031 1.2061996525571152e-05 0.003028033020653169
-1029 -3.106728505370195e-05 0.0030866406950138476
-1027 2.1058608850277385e-05 0.0030941690695917034
-1025 1.7069643614527236e-05 0.0031137096725496385
-1023 4.018999691781776e-05 0.003078088834706713
-1021 2.7558277146159086e-05 0.0031299759340685687
-1019 1.6825034123236103e-05 0.0031121810282063386
-1017 -1.3387501496913647e-05 0.0031266349755576664
-1015 7.756299842002196e-06 0.0031461275083562537
-1013 -4.4054321079270175e-05 0.003153470817183845
-1011 3.479773295609588e-05 0.0031880792333646153
-1009 2.3223482173844107e-05 0.0032201452434171413
-1007 3.472276812616515e-05 0.003187464762557331
-1005 2.7287574490163196e-05 0.003162829866918956
-1003 2.6682499832226098e-05 0.003180352447963563
-1001 -2.3198521725143177e-05 0.003168653772662534
-999 4.958543844021601e-05 0.0031973546994281924
-997 2.893743611886452e-05 0.0031926952867389023
-995 4.2875047434529326e-05 0.0031919944407991997
-993 -2.1730385320521052e-05 0.0032036431390111307
-991 3.053743619319628e-05 0.0032051310933978333
-989 2.371662175866077e-05 0.003170603006065213
-987 -3.095066598118001e-05 0.003270939726801752
-985 -8.010512703012518e-06 0.00321110695520187
-983 1.575561167936982e-05 0.003249968650976627
-981 1.4390365998604622e-06 0.0033365874901132055
-979 1.4414976990417771e-05 0.003248700718414381
-977 1.2634901922456216e-06 0.0032931558650472685
-975 -9.33778858755746e-06 0.0033081081438532957
-973 1.154940799998722e-05 0.0033082457866279173
-971 1.7366057641240345e-05 0.0033045377767515474
-969 -1.1135212072887466e-05 0.003254434726965206
-967 -4.848920372609955e-06 0.0033160551310141987
-965 -5.154168708354827e-05 0.0032417223246691234
-963 -3.2488239199617014e-05 0.0032724284594520406
-961 1.010221264572172e-05 0.003260771169307254
-959 6.672231470777316e-06 0.003300212040420546
-957 3.7486685078108784e-05 0.003371501980219989
-955 -4.302561412967029e-07 0.0033322113935104767
-953 -1.2735992759400055e-05 0.003366339440242848
-951 2.937415736776164e-05 0.0033807105558277513
-949 -1.65702295498805e-05 0.0033732647219797463
-947 -3.140985112477924e-05 0.003345430290515451
-945 1.6792387371979435e-05 0.0032999855534545756
-943 2.5015446270546233e-07 0.0033943935940965115
-941 -4.297769878657559e-08 0.0034182468880619957
-939 1.9631728407532935e-05 0.003364064258004536
-937 8.145580641317088e-05 0.003373899155397808
-935 -1.0976221266772152e-05 0.003451173406274303
-933 1.2901961626982149e-05 0.003382165734456612
-931 2.8803037049013815e-05 0.003440232306429434
-929 3.521046676385612e-05 0.00344796675229055
-927 5.600710173437198e-05 0.0034375270347742886
-925 2.0640825186887773e-06 0.0033933690232233857
-923 -3.6010557466648116e-05 0.0034569153357853362
-921 -2.8372052431324075e-06 0.0034638211139320302
-919 -1.170118229223755e-05 0.0034430404597703655
-917 5.0726658874811544e-05 0.0034559275778758107
-915 2.0268847757937495e-05 0.003498388744021057
-913 -6.049603398903488e-05 0.0035335564880177696
-911 -3.710716194888697e-05 0.0034724325069875124
-909 1.0419682360900104e-05 0.003522396586791791
-907 -6.717587303497276e-05 0.003518622801089965
-905 1.2942461180832292e-05 0.0035468231999411137
-903 -1.9047031904702945e-05 0.0035560265048941555
-901 7.088431438543445e-05 0.0035062890506242245
-899 -3.670557494128865e-05 0.003615069471375288
-897 -2.966314652735529e-05 0.0035860382772894793
-895 -3.693652683823769e-05 0.0035875665633504613
-893 -2.3213433814101323e-05 0.003506667064184125
-891 -1.0168477660513295e-05 0.0035151678561085795
-889 1.6455242299050958e-05 0.0035339228305856767
-887 2.191048994094709e-06 0.003552219741631535
-885 -2.9787525272387284e-05 0.003594617122724842
-883 4.291784554595268e-05 0.003592192724862491
-881 1.3921636443985854e-05 0.0036022952301874235
-879 1.6070878379546443e-05 0.0036462329540709756
-877 -3.411110002604801e-05 0.003617323088960911
-875 -1.5749472204189654e-05 0.0036283412277582573
-873 -2.291445887845532e-05 0.0035925673046536045
-871 -1.2015720121703331e-05 0.003647739653505754
-869 2.519598801789428e-05 0.003715639305096169
-867 -4.857130388637434e-05 0.0036557833545211634
-865 3.0846743658154e-05 0.003684634635437039
-863 -5.00173733520662e-07 0.0036799103059953187
-861 2.9406419168892592e-05 0.0037108881215351503
-859 -9.002537642107747e-06 0.0037230033742865743
-857 2.5504706783628374e-05 0.0037270452181393777
-855 1.06858023373868e-05 0.0037447740049525243
-853 3.705095962389564e-05 0.0037594434459098216
-851 1.7308945722637586e-05 0.0037800821995375845
-849 1.8726147064703148e-05 0.003777209009804773
-847 3.117350609094691e-05 0.0037574578855346257
-845 2.3249921832872772e-05 0.0037750600732595354
-843 -1.2669358138210516e-05 0.003787562271969764
-841 -2.3488558328792924e-05 0.003747334177673747
-839 -2.567378733562596e-05 0.0038250172328482927
-837 8.730573349480729e-06 0.0037762471539980248
-835 -8.835383176716853e-06 0.0038086380817457842
-833 2.9674514545324176e-05 0.0038271827793976906
-831 -1.0253386034267739e-06 0.0038236138135267013
-829 3.3162891154560497e-05 0.003852814090400881
-827 3.4526364678863726e-06 0.003849813862926154
-825 4.210426475734477e-05 0.003861563078293499
-823 1.860660371699344e-05 0.0038853271251469185
-821 1.6326737534622167e-05 0.003865049141415671
-819 -7.371707537281515e-06 0.003902003193323167
-817 -2.161046553755736e-05 0.003884542630837305
-815 -1.7202139300423964e-05 0.0038923172475053697
-813 -2.5172926674606487e-05 0.003897574612552699
-811 -8.13446210639588e-06 0.00392461148499785
-809 6.323817854711913e-05 0.00396796575421166
-807 2.0959480009115305e-05 0.003994696389371275
-805 2.4831275085226977e-05 0.003920475002888942
-803 -3.2116339224127814e-05 0.003983815981442085
-801 -2.2850133814055092e-05 0.004013835155109943
-799 1.7652829883412305e-05 0.003946051088757383
-797 -6.591798105633967e-05 0.003979766130843503
-795 -7.89910191933566e-05 0.003963139184440618
-793 -2.7287983698804574e-05 0.00398872325939133
-791 -4.601149182354696e-05 0.0040208737125346375
-789 3.7484977278521883e-05 0.0040284231325922164
-787 1.033109351053735e-06 0.004021800389557578
-785 -1.4274540226713362e-05 0.004054972419283955
-783 -3.100998795119361e-05 0.004042160740058534
-781 -3.495240869199619e-05 0.0040259590414905115
-779 -1.3291825916886445e-05 0.0040460505599948056
-777 -1.8781746084445366e-05 0.004075278622349265
-775 -6.128012441367799e-05 0.004081105742064874
-773 2.012425617578249e-05 0.004127658671319245
-771 -2.0607021369052694e-05 0.004098634773642025
-769 -3.655129815290718e-05 0.004180699154408665
-767 -7.316689674989838e-06 0.004095737895634302
-765 1.6927476587721184e-05 0.004189458071041322
-763 7.057828325485302e-06 0.004157227283214017
-761 -1.5116602614677343e-05 0.004205272109346861
-759 -4.3744651391557765e-05 0.004243943812449991
-757 1.6479790682279066e-05 0.00416933425256624
-755 -6.97942116625544e-05 0.004154760461644696
-753 -7.326287110892001e-06 0.004157328731033489
-751 2.24143242600859e-05 0.004226573109232859
-749 1.6007349920307835e-05 0.00427780787891847
-747 1.9869404575546427e-05 0.004323638655644856
-745 2.8814516672046895e-05 0.004308348524111369
-743 2.927972841602519e-06 0.0043076952371746005
-741 4.998466423111168e-06 0.004291206162274226
-739 -6.878076488002138e-06 0.004354236233180416
-737 5.199194240909778e-05 0.004386379990845847
-735 1.0926108621954198e-05 0.004311164808394624
-733 -2.6968093376746693e-05 0.004421790205049949
-731 1.2593003606268295e-05 0.00437208543991801
-729 -6.1009475653659084e-05 0.004361038486204927
-727 -2.5500042271693595e-05 0.004380654381132606
-725 -2.1867425663414607e-05 0.004324980497944697
-723 -3.44822201635496e-05 0.004427845258586128
-721 -5.791191498909096e-06 0.0044248008940032295
-719 9.41194490784198e-06 0.004431935991861637
-717 -1.552666287218792e-05 0.00445203472407657
-715 -2.49248240773969e-05 0.00447663805705777
-713 -5.76967185434302e-06 0.004459908844523026
-711 -7.574627030209737e-05 0.0044606059763695255
-709 -4.9961654630124466e-05 0.0044431966904566024
-707 -4.063020140774129e-05 0.004482873934564025
-705 -9.502856060087338e-06 0.004472719861898662
-703 -2.0942383495635195e-05 0.00447873064677855
-701 -2.8861548863649822e-05 0.004540582613297878
-699 -1.131945592259167e-05 0.00453772517082471
-697 -2.4348313111322366e-05 0.004588755932339111
-695 3.697215924811426e-05 0.004626219344852182
-693 -1.2325728727733811e-05 0.004609894609738793
-691 4.291907546505785e-05 0.004623348635462122
-689 -1.4630567338846357e-05 0.004591075191412804
-687 -6.043297569508994e-06 0.004619529746040699
-685 4.309709767051243e-05 0.004640164569514411
-683 -2.9393132126587938e-05 0.0046726474798906344
-681 -2.2697290718828613e-06 0.004648729171354936
-679 3.822027021580628e-05 0.004678237148935156
-677 -1.3382511954289922e-05 0.0046769260394270195
-675 -1.0918936574819987e-05 0.004686465782875618
-673 -2.0331283805345418e-05 0.004733543805200376
-671 -9.54714223799367e-07 0.004721291843048609
-669 -2.9038464682094255e-05 0.004755780696183744
-667 2.5155401109783648e-05 0.004797011751180691
-665 1.7540781018588783e-05 0.0047923527845978465
-663 -2.4594149142752116e-05 0.004784961071827564
-661 -1.5174980402828182e-05 0.004790685810066924
-659 1.3816952329482852e-05 0.004813366062934639
-657 3.283795871136672e-06 0.004795769247496293
-655 -1.5664279623820136e-05 0.004818952413913044
-653 -1.3323955854493702e-06 0.004887002190308404
-651 1.8286045114870973e-05 0.004909169040761272
-649 -1.9752754330944242e-05 0.004920887025669083
-647 8.800962198985187e-06 0.00488757306899659
-645 2.6044697436818628e-05 0.00489828831792275
-643 3.3827630248048574e-05 0.004955716035874738
-641 1.3695983607625038e-05 0.004928280708356392
-639 -6.530980422182363e-06 0.005005109001914072
-637 1.6551329222206152e-05 0.005015279423841948
-635 1.4601978833970696e-07 0.005031876625797993
-633 9.43929110637169e-06 0.005071565990419289
-631 -3.925972439941499e-05 0.005038967958511734
-629 1.5743222510434416e-05 0.0050277087428813975
-627 3.884786941818303e-05 0.005113118829527642
-625 3.96005717067592e-05 0.005063234195238876
-623 -2.5678655409279367e-05 0.005147804419181484
-621 2.3634741327228826e-06 0.00516521441211093
-619 3.14916762246192e-05 0.005191540716138561
-617 -8.827372423720376e-06 0.005162367322244731
-615 -3.673073007100426e-05 0.005156274851585536
-613 -2.931608229852974e-05 0.00513692626464147
-611 7.473958437214926e-06 0.005188837882400715
-609 1.752526058343341e-05 0.005230462033921066
-607 -5.6280318368439606e-05 0.005260929842255791
-605 -3.659287399270482e-05 0.005296817129607069
-603 2.9308876685177495e-05 0.005245477621681113
-601 3.5602973644587062e-06 0.005322824695926801
-599 9.480611179682067e-07 0.0053558559454607345
-597 -4.227710905214595e-05 0.005249462316214982
-595 -3.939622032558695e-05 0.005300099137538574
-593 2.170985906219433e-05 0.0053184363614531445
-591 -9.482622839207626e-06 0.005351081766348163
-589 -1.6248132869697698e-05 0.005388006923224943
-587 1.9810224181264445e-05 0.005454116733258401
-585 -1.8860471409143257e-05 0.005393875926233258
-583 1.1517631991163294e-05 0.005467535500220118
-581 -4.641528820106044e-05 0.005466876482609996
-579 -1.488030800164844e-05 0.005483949315509283
-577 1.1438439970289247e-06 0.0055307064345376964
-575 8.54999050796792e-06 0.005525912696952549
-573 3.8491109530367735e-06 0.005518663540687681
-571 6.232932354739001e-06 0.0055531537351779
-569 9.264147649944986e-06 0.005563299363608899
-567 2.269121985276569e-05 0.005610596361338837
-565 -1.019492906095561e-05 0.005621746361976301
-563 -1.300612367442717e-05 0.005636580918090269
-561 4.9720101057056046e-05 0.00564912388604249
-559 -1.6745765168477732e-05 0.005671556125237924
-557 -3.368622342018382e-05 0.00565903634847068
-555 -5.43132794049179e-05 0.005720195469590403
-553 9.812445883984244e-06 0.005762901335141579
-551 1.6083999211409155e-05 0.005751356390889262
-549 2.2237731206989865e-06 0.005760982271089202
-547 5.8568190236406174e-06 0.005793215468767241
-545 8.932747413934444e-06 0.005789001362382861
-543 -2.0328599581371297e-05 0.0058298372230941465
-541 -2.4518655322037366e-05 0.00590562980929035
-539 -1.7162578407196196e-05 0.005935148499521478
-537 -5.5515494174017995e-06 0.005929525853850117
-535 2.7927475611567845e-06 0.005974896102140788
-533 -1.5016563262181144e-05 0.0059473233720911105
-531 2.062771590432898e-05 0.005933121138077928
-529 4.942811576137357e-05 0.0060241780270656195
-527 3.3324029652094685e-05 0.006052656066692083
-525 -4.508892449943431e-05 0.006060549871708702
-523 -1.647706226587801e-05 0.006099830981778276
-521 -2.4708884657604904e-05 0.00609276404751269
-519 -1.8412006394590443e-05 0.00613529383093081
-517 -8.652473815703169e-06 0.006131104879536799
-515 -9.821568468990217e-06 0.0061330850379466085
-513 -2.1217882931319095e-05 0.006162369577018735
-511 -1.827952453676281e-05 0.006250908007046516
-509 -1.5147854106793257e-05 0.006249104085060096
-507 -9.149152954103957e-06 0.006274887762620163
-505 -4.4020359440616894e-05 0.006363162181158095
-503 -6.128177367042023e-05 0.006287732314439631
-501 -2.805320682857652e-05 0.006406858014855527
-499 -5.944761967222155e-06 0.006379527082818036
-497 -2.5319263482469508e-05 0.006372975815807654
-495 2.611043829276013e-06 0.00649387221377829
-493 -3.133025679583293e-05 0.0064344185695459355
-491 -2.372675376187581e-06 0.0064810178352376815
-489 -2.0918332027789603e-06 0.006487787565617613
-487 5.068789311123618e-05 0.006549995879641655
-485 -2.8441316015822384e-05 0.006607000433185216
-483 1.2849636818440805e-05 0.006597884219387541
-481 5.726955842273425e-05 0.006609446224831783
-479 -4.9006050850486824e-05 0.006706798636801988
-477 2.856611755045734e-05 0.006739263128257962
-475 1.973372470415423e-05 0.006708865158404892
-473 3.214479606367155e-05 0.006748013159559682
-471 3.1423351482777156e-05 0.006743599645442231
-469 2.4741974160935505e-05 0.006798253706306255
-467 6.356288721964047e-05 0.0068350524226234635
-465 2.7751478656437558e-05 0.006818737275363231
-463 -1.9951344952363206e-05 0.006846476291753993
-461 -2.2279414875112202e-05 0.006871664686584059
-459 3.8061350665171624e-05 0.006927635420641865
-457 -1.2018375616490726e-05 0.006972165959386674
-455 -8.34394366787194e-05 0.006960534027759474
-453 -2.5222115748387075e-05 0.007061812221975437
-451 6.099880081467386e-06 0.007086689356519689
-449 3.238686525629282e-06 0.007063983550401198
-447 -1.3790978555221873e-05 0.007104276642602836
-445 3.3372968408733465e-05 0.007106847654655711
-443 -9.228058842522865e-06 0.007191679713873406
-441 1.158165099786505e-05 0.007194635072725848
-439 1.7929887796262562e-05 0.007285369991514821
-437 3.176886730379328e-05 0.007331085870433806
-435 1.0890721626634356e-05 0.007323412815270667
-433 -6.105035017312932e-06 0.007351984836346309
-431 -4.6953087316808314e-05 0.00739211834863838
-429 -8.555326006254878e-06 0.007378091055894606
-427 -5.93907727831102e-06 0.007442777359740098
-425 -3.8316868414583364e-05 0.0075037069060745944
-423 -6.756244102562791e-05 0.00750639829317988
-421 -5.914373109232177e-05 0.0075507182845816374
-419 -2.9709109589241368e-05 0.007611177329860598
-417 -4.935758142945109e-05 0.007667591735916954
-415 -1.4299743746469583e-05 0.007649665626661535
-413 1.2054251092962832e-05 0.007709856273680513
-411 -2.0686338270278333e-05 0.007707713836514216
-409 4.715799930134268e-06 0.007746943887837649
-407 -3.0189188309184935e-05 0.007773633405277194
-405 -2.1632082894958336e-05 0.007852705721188367
-403 -5.1639762276889984e-05 0.007924103305237174
-401 -1.3431143384286951e-05 0.0079606931479796
-399 -2.2403125775195328e-05 0.008019608601507567
-397 -4.220346907725235e-05 0.007998054467698117
-395 -4.5407875666030695e-06 0.008073121926653763
-393 -2.9597033837850163e-05 0.008098836639403575
-391 -3.210609281777568e-05 0.008172444537421168
-389 -7.798158740287887e-05 0.008173982620366796
-387 1.4460523547500767e-05 0.008233692368842497
-385 -2.4108239874933573e-05 0.008297854735622596
-383 -3.3383782579071785e-05 0.008338668368796726
-381 -8.93605841154272e-06 0.008374677505053893
-379 -2.1918928645197828e-05 0.008412143173255539
-377 -2.7085185594798755e-05 0.008361884665080201
-375 5.558390997727502e-06 0.00846190349609156
-373 1.7849154250795982e-05 0.008528790067652817
-371 -2.121218309539138e-05 0.008580587597478114
-369 3.5287935979886196e-05 0.008674044800344102
-367 5.32246271551053e-05 0.008711466430759018
-365 5.006765597235495e-05 0.008728273712919274
-363 -1.5011852905916746e-05 0.00874838852480443
-361 -5.983051168477099e-05 0.008781655803464579
-359 -3.232631710482645e-05 0.008840980671217727
-357 -6.180719518804584e-06 0.00891065362956304
-355 -1.2067980357015608e-05 0.008990896862861381
-353 4.4825194501817855e-05 0.00908830517644989
-351 -2.1866734956737424e-05 0.0090602171169994
-349 -2.662361910098089e-05 0.009124421373307724
-347 -5.866987536281249e-06 0.009167816363718698
-345 3.2882045992740217e-05 0.009208705048522007
-343 -9.697954016396634e-06 0.009304546297605984
-341 3.413967888637026e-05 0.009299830736629527
-339 -2.320932112787592e-05 0.00935545039311157
-337 -3.749110630302279e-05 0.009406411893630652
-335 -6.208989675915166e-06 0.009477756882035277
-333 1.7533926719537083e-05 0.009559602514616577
-331 2.6442698151390867e-05 0.009606681410730442
-329 3.062356764112029e-05 0.009717938091215125
-327 -2.686935950798657e-05 0.009712003309505193
-325 -2.943377887899436e-05 0.009762450829157329
-323 6.150324397357384e-06 0.009865935886570679
-321 8.208021457849851e-05 0.009921540539505579
-319 -1.2750487095313357e-05 0.009937300666071075
-317 1.5383228989539605e-05 0.00998001129166407
-315 -2.1642083140485443e-05 0.010103654468211614
-313 -6.79523698401051e-05 0.010142516902821105
-311 4.362636689952719e-05 0.010167366718349106
-309 1.3886258504455267e-06 0.01028987061783294
-307 4.837310367122359e-05 0.010347531195189278
-305 -2.4985851992039997e-05 0.010431120750962732
-303 -1.8710697301531087e-06 0.0105480540045658
-301 1.1847858468338071e-05 0.01056757462154001
-299 -4.010023538223963e-05 0.010645021927101816
-297 -1.5379077707585846e-05 0.010772284073520582
-295 -8.5193446933031e-06 0.010772131255006161
-293 -1.9765331940847416e-05 0.010885614229258033
-291 -3.7529069438561915e-06 0.010925266031376326
-289 -4.48347405248809e-05 0.01098325803025522
-287 1.6453920093115284e-05 0.011048625749355133
-285 7.0971607644019095e-06 0.011189956212758971
-283 -3.287433249475761e-05 0.011250458628361219
-281 1.4716588709004518e-06 0.011325364462026312
-279 -8.465937545769773e-06 0.011417722192443408
-277 6.8642142275783925e-06 0.01149028080764985
-275 -1.9158077055059113e-05 0.011556165298972111
-273 -5.254250104695384e-06 0.011630152169602417
-271 1.6416282177347044e-05 0.011746795030146898
-269 1.3563914895914125e-05 0.011830120685130115
-267 -8.42960660280904e-06 0.011915717026998075
-265 -6.349734449841968e-05 0.011993959979843444
-263 -4.949998072967837e-05 0.012098850232257199
-261 -1.5222148630152173e-05 0.01217783696468361
-259 -1.0518712941512552e-05 0.012354471034210498
-257 -4.2872637037320903e-07 0.01236922279083104
-255 -3.072468252496959e-05 0.012476457123273728
-253 1.977424902042069e-05 0.01249128656542522
-251 -5.644907648382366e-06 0.012658613889596205
-249 -2.368636113851946e-05 0.01283171680505567
-247 4.494258472566786e-05 0.01289746587018535
-245 -1.5557194330162205e-05 0.012997187983070499
-243 -5.276434084035211e-06 0.013054667666553822
-241 -2.9771726200845606e-05 0.013191329026342449
-239 -2.077465907673727e-05 0.01336260588929866
-237 2.049447301195938e-05 0.013395497293506645
-235 -1.5244913473043922e-05 0.013516674312503424
-233 1.422034789042984e-05 0.01365310253613336
-231 -2.7011359880225954e-06 0.013735901563443034
-229 8.550626698857113e-06 0.013888636056050379
-227 2.567657227747752e-06 0.014011107129019443
-225 -2.809939329425344e-05 0.014138197013249006
-223 -3.223041989021763e-06 0.014303708529883878
-221 -3.175293098343457e-05 0.014423016702695631
-219 -6.013445303126542e-05 0.01453393820152905
-217 -3.419981995121863e-05 0.014654008943532257
-215 -1.9575063988770183e-05 0.014817886745399689
-213 2.4793781535043487e-05 0.014954757905012252
-211 -1.7641874332252028e-05 0.015099640729933647
-209 -2.7133879480044922e-05 0.015241981941383315
-207 1.696819014275878e-05 0.01538058885471064
-205 4.963326452106324e-06 0.015576310326016357
-203 5.718107720978657e-05 0.015657048731443735
-201 -7.415635850090195e-06 0.015805610188175535
-199 2.0922580084734432e-05 0.015958801219083538
-197 -2.9484132155363907e-05 0.01608627949681958
-195 -1.0538720832414833e-05 0.016299424612967368
-193 2.7839565004191662e-05 0.016504224134379204
-191 -2.4452539551917192e-05 0.016653532113962848
-189 -2.0095026832341514e-05 0.016848443377792854
-187 -2.126616603164853e-05 0.01696163512048141
-185 -7.592733898498431e-05 0.017208635207947444
-183 -5.433157364291058e-05 0.017404358831785954
-181 -2.277548519334671e-05 0.017515085981928944
-179 -6.270983747730737e-06 0.017752191559324698
-177 -1.2381217397922337e-05 0.017987414060989283
-175 -2.2193731579553406e-05 0.018117040231852358
-173 5.660397649660275e-06 0.01836709825037531
-171 -2.8602920502789486e-05 0.01856599550261254
-169 2.3493902896395054e-05 0.018804779003236044
-167 1.6337503802274444e-05 0.01908367579144406
-165 8.411726468508642e-06 0.019328560265983136
-163 -6.556635648716263e-05 0.019574353650601187
-161 -4.44020093427182e-05 0.019756784663247515
-159 -2.769679115655932e-05 0.01999907583824056
-157 3.5148578367181018e-06 0.020256183986723898
-155 -2.171096521735418e-05 0.0204692984844115
-153 -4.698318870334046e-05 0.02079864856573762
-151 1.9378716009964816e-05 0.021099927597023112
-149 -2.2857153142606596e-05 0.021366679394835216
-147 3.92093321265032e-05 0.021705280396682666
-145 -1.5489238122657938e-05 0.021924782687166928
-143 4.3792393215164284e-05 0.022269779525930115
-141 -1.9336026878249056e-05 0.022552586715805636
-139 -1.2453144955947508e-05 0.02286441527549064
-137 -7.4749946277250235e-06 0.02323653552453234
-135 -3.467016459615743e-05 0.023518229171891496
-133 -1.4844880879671427e-06 0.0239359466481026
-131 2.6715854602575817e-05 0.02430616398578099
-129 -3.6898853967108776e-05 0.024652728189926792
-127 2.2306701409326148e-05 0.02511053585544913
-125 3.8285663969450476e-05 0.025462603874282595
-123 3.767305780401476e-05 0.025842396194172668
-121 -3.5157308098048195e-05 0.026246649318874705
-119 4.078571949196803e-05 0.02666555613799588
-117 2.327524633088315e-05 0.02717774234635018
-115 -3.1372732010519397e-06 0.0276405834543127
-113 -2.7953099705556933e-05 0.028115175365959658
-111 -4.6694848049452924e-06 0.028678924781542443
-109 2.8521514682915468e-05 0.029228368814623373
-107 -2.851446368329584e-06 0.029739052905266457
-105 -2.640521603543311e-05 0.03029264840273129
-103 -2.6433867526765386e-05 0.030836514936075334
-101 1.285400381526407e-05 0.031499071943508525
-99 4.037770021000926e-06 0.03214337443009004
-97 -1.4350659901006838e-05 0.03279441321054948
-95 -5.209777717368157e-06 0.0335090386367049
-93 -2.9717681240309105e-05 0.03422564021756701
-91 -2.460393316875285e-06 0.03494371143958765
-89 3.304228911506081e-05 0.03574487689467468
-87 1.70243911684469e-05 0.036582816155955024
-85 1.1107241950438048e-05 0.037384886722473365
-83 2.7516725302719925e-05 0.03834193045373923
-81 3.824540293304889e-06 0.0392749015385904
-79 1.1428352776829206e-05 0.04027176317072869
-77 -1.4628844046216926e-05 0.0412925711148979
-75 -5.305163962894199e-05 0.04239839414953168
-73 7.845630580261632e-06 0.04356167378453022
-71 1.829929096257157e-05 0.04477381189410332
-69 1.052267434966977e-05 0.04609568295516484
-67 -3.801819423533886e-05 0.04746612284237006
-65 3.213462375831602e-05 0.04895733194916676
-63 5.095629167035273e-05 0.05048787984489775
-61 2.805523309222146e-05 0.052127598136558345
-59 8.735234068353426e-06 0.053839492931959415
-57 -1.873281777488081e-05 0.05576414601495684
-55 9.519805233499984e-06 0.0577483193365664
-53 -3.458161215498505e-06 0.05991733379936415
-51 -3.696243244808088e-05 0.062286738878015106
-49 -5.542988253232202e-06 0.06478980736861095
-47 -2.6771435900152276e-05 0.06757630697149161
-45 -3.213651679490415e-05 0.07053858222089437
-43 -2.1919833183176086e-05 0.07380961879569056
-41 1.389001736699543e-05 0.07737704795509831
-39 1.5663181404130225e-05 0.08129093299195245
-37 2.9635968748792715e-05 0.08569638702533151
-35 4.631112971520256e-05 0.09056968876062256
-33 5.507339883942297e-05 0.09604389968448444
-31 1.9721779501977346e-05 0.10216346397818624
-29 -4.784723375482148e-06 0.10910321788024986
-27 -6.724646413818671e-06 0.11705560756070467
-25 1.9443688400663517e-05 0.1263680403992015
-23 8.916150670895412e-06 0.13710924767024513
-21 5.529273432258682e-05 0.1498576052027635
-19 -1.2476475666886793e-05 0.16524581298113764
-17 2.8559163206032773e-05 0.18404648923186798
-15 -1.489843562913823e-05 0.20772959613802622
-13 1.0988319136063376e-05 0.2381032382753341
-11 2.3259016367169415e-05 0.2785182677723223
-9 1.8422840867317223e-06 0.33476111367423994
-7 -5.22276430795227e-07 0.4177593790543582
-5 3.3734011651369403e-06 0.5503484474369803
-3 5.044507397158122e-05 0.7894331153668638
-1 5.128745553910855e-05 1.3061339448862026
1 5.1287455539431086e-05 -1.3061339448862024
3 5.044507397161438e-05 -0.7894331153668637
5 3.3734011651539792e-06 -0.5503484474369803
7 -5.222764307907903e-07 -0.4177593790543582
9 1.842284086732046e-06 -0.33476111367423994
11 2.3259016367168423e-05 -0.2785182677723223
13 1.0988319136075944e-05 -0.2381032382753341
15 -1.4898435629169944e-05 -0.2077295961380262
17 2.8559163206068887e-05 -0.184046489231868
19 -1.247647566688868e-05 -0.16524581298113764
21 5.529273432258585e-05 -0.1498576052027635
23 8.916150670912733e-06 -0.13710924767024513
25 1.94436884006401e-05 -0.1263680403992015
27 -6.724646413810169e-06 -0.11705560756070467
29 -4.784723375480462e-06 -0.10910321788024986
31 1.9721779501974304e-05 -0.10216346397818625
33 5.507339883942092e-05 -0.09604389968448444
35 4.6311129715203345e-05 -0.09056968876062256
37 2.963596874879423e-05 -0.0856963870253315
39 1.5663181404129445e-05 -0.08129093299195243
41 1.3890017367013468e-05 -0.07737704795509828
43 -2.191983318317722e-05 -0.07380961879569055
45 -3.21365167949013e-05 -0.07053858222089437
47 -2.677143590015277e-05 -0.06757630697149161
49 -5.5429882532271325e-06 -0.06478980736861095
51 -3.696243244808093e-05 -0.062286738878015106
53 -3.4581612154981238e-06 -0.05991733379936415
55 9.519805233491137e-06 -0.0577483193365664
57 -1.8732817774869607e-05 -0.05576414601495684
59 8.73523406834738e-06 -0.053839492931959415
61 2.805523309222045e-05 -0.052127598136558345
63 5.095629167035856e-05 -0.050487879844897735
65 3.213462375829992e-05 -0.04895733194916676
67 -3.801819423533265e-05 -0.04746612284237007
69 1.0522674349672059e-05 -0.04609568295516484
71 1.8299290962570483e-05 -0.044773811894103316
73 7.845630580254693e-06 -0.04356167378453022
75 -5.305163962894707e-05 -0.04239839414953168
77 -1.4628844046206296e-05 -0.041292571114897876
79 1.1428352776852953e-05 -0.04027176317072856
81 3.824540293322246e-06 -0.03927490153859054
83 2.7516725302717963e-05 -0.03834193045373924
85 1.1107241950438695e-05 -0.037384886722473365
87 1.7024391168442633e-05 -0.036582816155955024
89 3.304228911505968e-05 -0.03574487689467469
91 -2.460393316875109e-06 -0.03494371143958765
93 -2.9717681240311504e-05 -0.03422564021756701
95 -5.209777717370986e-06 -0.0335090386367049
97 -1.4350659901000394e-05 -0.03279441321054948
99 4.037770020996851e-06 -0.03214337443009004
101 1.2854003815260918e-05 -0.031499071943508525
103 -2.6433867526763502e-05 -0.03083651493607533
105 -2.640521603543332e-05 -0.030292648402731298
107 -2.851446368334178e-06 -0.02973905290526646
109 2.8521514682915157e-05 -0.02922836881462337
111 -4.66948480494591e-06 -0.02867892478154244
113 -2.7953099705556292e-05 -0.028115175365959658
115 -3.1372732010503037e-06 -0.027640583454312695
117 2.3275246330891696e-05 -0.027177742346350186
119 4.078571949197057e-05 -0.026665556137995903
121 -3.515730809801333e-05 -0.02624664931887469
123 3.7673057804020126e-05 -0.02584239619417267
125 3.828566396944738e-05 -0.025462603874282588
127 2.230670140933337e-05 -0.02511053585544913
129 -3.6898853967102705e-05 -0.024652728189926802
131 2.671585460257264e-05 -0.02430616398578099
133 -1.4844880879667191e-06 -0.023935946648102606
135 -3.46701645961653e-05 -0.023518229171891492
137 -7.474994627719709e-06 -0.02323653552453234
139 -1.2453144955946407e-05 -0.02286441527549064
141 -1.933602687825511e-05 -0.022552586715805623
143 4.379239321518051e-05 -0.02226977952593011
145 -1.5489238122644683e-05 -0.02192478268716694
147 3.9209332126492483e-05 -0.021705280396682677
149 -2.2857153142609415e-05 -0.02136667939483521
151 1.93787160099721e-05 -0.02109992759702311
153 -4.698318870333534e-05 -0.020798648565737623
155 -2.1710965217362597e-05 -0.0204692984844115
157 3.514857836735061e-06 -0.020256183986723908
159 -2.769679115659449e-05 -0.019999075838240628
161 -4.440200934275076e-05 -0.019756784663247498
163 -6.556635648715173e-05 -0.019574353650601183
165 8.411726468500592e-06 -0.019328560265983133
167 1.6337503802275563e-05 -0.019083675791444054
169 2.3493902896393915e-05 -0.018804779003236044
171 -2.8602920502786182e-05 -0.01856599550261254
173 5.660397649661148e-06 -0.018367098250375306
175 -2.219373157955639e-05 -0.01811704023185236
177 -1.238121739792216e-05 -0.01798741406098929
179 -6.270983747726947e-06 -0.01775219155932469
181 -2.2775485193351026e-05 -0.017515085981928937
183 -5.433157364290316e-05 -0.017404358831785958
185 -7.592733898498602e-05 -0.017208635207947444
187 -2.1266166031655417e-05 -0.01696163512048141
189 -2.009502683234077e-05 -0.01684844337779285
191 -2.4452539551920177e-05 -0.01665353211396285
193 2.783956500418671e-05 -0.016504224134379204
195 -1.0538720832418823e-05 -0.016299424612967364
197 -2.9484132155358564e-05 -0.01608627949681958
199 2.0922580084745122e-05 -0.01595880121908353
201 -7.415635850086987e-06 -0.015805610188175515
203 5.7181077209796614e-05 -0.015657048731443742
205 4.963326452109746e-06 -0.015576310326016357
207 1.6968190142757565e-05 -0.01538058885471064
209 -2.713387948004572e-05 -0.015241981941383317
211 -1.764187433225151e-05 -0.015099640729933644
213 2.47937815350419e-05 -0.014954757905012257
215 -1.95750639887775e-05 -0.014817886745399689
217 -3.419981995121217e-05 -0.014654008943532255
219 -6.013445303126936e-05 -0.014533938201529048
221 -3.1752930983437826e-05 -0.014423016702695633
223 -3.2230419890144555e-06 -0.014303708529883876
225 -2.8099393294261114e-05 -0.014138197013249006
227 2.567657227753351e-06 -0.014011107129019441
229 8.550626698860766e-06 -0.013888636056050382
231 -2.701135988025626e-06 -0.013735901563443035
233 1.4220347890424909e-05 -0.013653102536133365
235 -1.5244913473042594e-05 -0.013516674312503424
237 2.049447301195561e-05 -0.01339549729350665
239 -2.0774659076750744e-05 -0.013362605889298643
241 -2.977172620083189e-05 -0.01319132902634244
243 -5.276434084040174e-06 -0.013054667666553816
245 -1.555719433016829e-05 -0.012997187983070502
247 4.4942584725665955e-05 -0.012897465870185353
249 -2.3686361138511816e-05 -0.012831716805055671
251 -5.644907648383047e-06 -0.012658613889596207
253 1.977424902041894e-05 -0.01249128656542522
255 -3.07246825249738e-05 -0.012476457123273723
257 -4.2872637037708844e-07 -0.012369222790831039
259 -1.0518712941511823e-05 -0.0123544710342105
261 -1.5222148630154538e-05 -0.012177836964683606
263 -4.949998072967929e-05 -0.012098850232257199
265 -6.349734449842414e-05 -0.011993959979843446
267 -8.429606602810881e-06 -0.011915717026998071
269 1.3563914895918923e-05 -0.011830120685130115
271 1.641628217734635e-05 -0.011746795030146901
273 -5.25425010469224e-06 -0.01163015216960242
275 -1.9158077055056592e-05 -0.01155616529897211
277 6.864214227581079e-06 -0.01149028080764985
279 -8.465937545750828e-06 -0.011417722192443403
281 1.4716588708785882e-06 -0.011325364462026309
283 -3.287433249476554e-05 -0.011250458628361217
285 7.09716076441178e-06 -0.011189956212758975
287 1.6453920093102192e-05 -0.011048625749355136
289 -4.483474052489376e-05 -0.010983258030255221
291 -3.7529069438455222e-06 -0.010925266031376314
293 -1.9765331940851428e-05 -0.01088561422925803
295 -8.519344693300203e-06 -0.010772131255006166
297 -1.5379077707582512e-05 -0.010772284073520594
299 -4.0100235382242044e-05 -0.010645021927101818
301 1.184785846833103e-05 -0.01056757462154001
303 -1.8710697301477766e-06 -0.010548054004565807
305 -2.4985851992043412e-05 -0.01043112075096273
307 4.837310367122634e-05 -0.010347531195189278
309 1.3886258504432889e-06 -0.010289870617832944
311 4.362636689952526e-05 -0.010167366718349105
313 -6.795236984010539e-05 -0.010142516902821107
315 -2.1642083140483105e-05 -0.010103654468211615
317 1.5383228989531687e-05 -0.009980011291664067
319 -1.2750487095325946e-05 -0.009937300666071076
321 8.208021457858133e-05 -0.009921540539505534
323 6.1503243973666065e-06 -0.009865935886570679
325 -2.9433778878990117e-05 -0.009762450829157332
327 -2.686935950798074e-05 -0.00971200330950519
329 3.06235676411145e-05 -0.009717938091215121
331 2.644269815138909e-05 -0.009606681410730438
333 1.753392671954259e-05 -0.009559602514616582
335 -6.2089896759136005e-06 -0.009477756882035275
337 -3.7491106303020976e-05 -0.009406411893630654
339 -2.3209321127876956e-05 -0.009355450393111572
341 3.4139678886368e-05 -0.009299830736629523
343 -9.697954016389234e-06 -0.009304546297605978
345 3.2882045992741985e-05 -0.009208705048522009
347 -5.866987536276536e-06 -0.0091678163637187
349 -2.662361910098221e-05 -0.009124421373307726
351 -2.1866734956740283e-05 -0.009060217116999404
353 4.4825194501811045e-05 -0.009088305176449887
355 -1.2067980357022977e-05 -0.008990896862861378
357 -6.1807195188035215e-06 -0.00891065362956304
359 -3.232631710481392e-05 -0.008840980671217703
361 -5.9830511684776914e-05 -0.008781655803464595
363 -1.5011852905918528e-05 -0.008748388524804439
365 5.006765597235117e-05 -0.008728273712919269
367 5.3224627155104275e-05 -0.008711466430759018
369 3.528793597988638e-05 -0.008674044800344104
371 -2.1212183095386596e-05 -0.008580587597478118
373 1.7849154250793455e-05 -0.008528790067652815
375 5.5583909977227345e-06 -0.008461903496091557
377 -2.7085185594795563e-05 -0.008361884665080203
379 -2.191892864519647e-05 -0.00841214317325554
381 -8.936058411545583e-06 -0.008374677505053893
383 -3.338378257907409e-05 -0.008338668368796731
385 -2.4108239874940956e-05 -0.008297854735622596
387 1.4460523547503721e-05 -0.008233692368842494
389 -7.798158740287834e-05 -0.0081739826203668
391 -3.210609281777535e-05 -0.00817244453742117
393 -2.95970338378548e-05 -0.008098836639403575
395 -4.540787566610213e-06 -0.008073121926653765
397 -4.22034690772571e-05 -0.007998054467698112
399 -2.240312577517698e-05 -0.008019608601507527
401 -1.3431143384275153e-05 -0.007960693147979595
403 -5.163976227689245e-05 -0.007924103305237188
405 -2.163208289496403e-05 -0.007852705721188367
407 -3.018918830918566e-05 -0.0077736334052771975
409 4.7157999301367765e-06 -0.007746943887837648
411 -2.0686338270274355e-05 -0.007707713836514216
413 1.2054251092954766e-05 -0.007709856273680515
415 -1.4299743746465175e-05 -0.007649665626661535
417 -4.935758142944631e-05 -0.0076675917359169486
419 -2.970910958924934e-05 -0.007611177329860606
421 -5.91437310923173e-05 -0.007550718284581634
423 -6.756244102563148e-05 -0.007506398293179878
425 -3.831686841458738e-05 -0.007503706906074595
427 -5.939077278307911e-06 -0.007442777359740095
429 -8.555326006249958e-06 -0.007378091055894607
431 -4.6953087316815774e-05 -0.007392118348638386
433 -6.105035017315795e-06 -0.007351984836346308
435 1.0890721626635726e-05 -0.007323412815270657
437 3.1768867303796176e-05 -0.007331085870433802
439 1.7929887796252584e-05 -0.007285369991514817
441 1.15816509978626e-05 -0.00719463507272587
443 -9.22805884252005e-06 -0.007191679713873408
445 3.337296840872866e-05 -0.00710684765465571
447 -1.3790978555218678e-05 -0.007104276642602835
449 3.238686525632327e-06 -0.007063983550401199
451 6.099880081467355e-06 -0.007086689356519694
453 -2.5222115748387813e-05 -0.00706181222197544
455 -8.343943667872353e-05 -0.006960534027759476
457 -1.2018375616492378e-05 -0.006972165959386676
459 3.8061350665167544e-05 -0.006927635420641863
461 -2.2279414875115905e-05 -0.006871664686584059
463 -1.9951344952365767e-05 -0.006846476291753995
465 2.775147865643193e-05 -0.0068187372753632305
467 6.35628872196414e-05 -0.006835052422623462
469 2.4741974160940736e-05 -0.006798253706306253
471 3.142335148277666e-05 -0.006743599645442235
473 3.214479606367282e-05 -0.006748013159559681
475 1.973372470414756e-05 -0.006708865158404892
477 2.856611755046237e-05 -0.006739263128257963
479 -4.900605085046774e-05 -0.0067067986368020025
481 5.726955842269091e-05 -0.0066094462248317875
483 1.2849636818441026e-05 -0.00659788421938753
485 -2.8441316015823723e-05 -0.006607000433185215
487 5.0687893111235234e-05 -0.00654999587964166
489 -2.0918332027851394e-06 -0.006487787565617612
491 -2.37267537618432e-06 -0.006481017835237679
493 -3.1330256795831324e-05 -0.006434418569545936
495 2.6110438292763535e-06 -0.006493872213778288
497 -2.5319263482463433e-05 -0.006372975815807653
499 -5.944761967226173e-06 -0.0063795270828180374
501 -2.8053206828584713e-05 -0.006406858014855526
503 -6.128177367041923e-05 -0.006287732314439628
505 -4.402035944062082e-05 -0.006363162181158096
507 -9.149152954102844e-06 -0.00627488776262016
509 -1.514785410679625e-05 -0.006249104085060098
511 -1.827952453676339e-05 -0.006250908007046511
513 -2.121788293132048e-05 -0.006162369577018732
515 -9.821568468990986e-06 -0.006133085037946612
517 -8.652473815705412e-06 -0.006131104879536793
519 -1.84120063946059e-05 -0.006135293830930818
521 -2.4708884657594136e-05 -0.006092764047512717
523 -1.6477062265879584e-05 -0.006099830981778275
525 -4.5088924499436586e-05 -0.006060549871708703
527 3.3324029652095376e-05 -0.006052656066692078
529 4.942811576137259e-05 -0.006024178027065618
531 2.062771590433114e-05 -0.00593312113807793
533 -1.5016563262183316e-05 -0.005947323372091111
535 2.7927475611571115e-06 -0.005974896102140787
537 -5.551549417397762e-06 -0.0059295258538501205
539 -1.7162578407194884e-05 -0.005935148499521478
541 -2.4518655322041242e-05 -0.00590562980929035
543 -2.0328599581369203e-05 -0.005829837223094145
545 8.932747413934144e-06 -0.005789001362382866
547 5.85681902363904e-06 -0.005793215468767236
549 2.2237731206940195e-06 -0.005760982271089202
551 1.6083999211412096e-05 -0.005751356390889267
553 9.812445883987539e-06 -0.005762901335141579
555 -5.431327940492007e-05 -0.005720195469590396
557 -3.368622342018027e-05 -0.0056590363484706864
559 -1.6745765168473616e-05 -0.005671556125237936
561 4.972010105705231e-05 -0.005649123886042488
563 -1.3006123674423225e-05 -0.005636580918090267
565 -1.0194929060958104e-05 -0.005621746361976304
567 2.2691219852763948e-05 -0.005610596361338835
569 9.264147649936465e-06 -0.0055632993636088954
571 6.232932354748547e-06 -0.005553153735177902
573 3.84911095302646e-06 -0.005518663540687677
575 8.549990507970799e-06 -0.005525912696952539
577 1.1438439970367674e-06 -0.005530706434537708
579 -1.4880308001655295e-05 -0.005483949315509285
581 -4.641528820105426e-05 -0.0054668764826099935
583 1.1517631991159033e-05 -0.005467535500220116
585 -1.8860471409138168e-05 -0.005393875926233254
587 1.9810224181259953e-05 -0.005454116733258396
589 -1.6248132869698345e-05 -0.005388006923224946
591 -9.482622839209282e-06 -0.005351081766348168
593 2.1709859062193247e-05 -0.005318436361453143
595 -3.939622032558802e-05 -0.005300099137538569
597 -4.227710905213339e-05 -0.005249462316214983
599 9.480611179525781e-07 -0.005355855945460741
601 3.5602973644511084e-06 -0.005322824695926806
603 2.9308876685189164e-05 -0.005245477621681116
605 -3.659287399270682e-05 -0.005296817129607069
607 -5.6280318368442276e-05 -0.005260929842255786
609 1.7525260583435027e-05 -0.005230462033921069
611 7.4739584372147904e-06 -0.005188837882400716
613 -2.9316082298529033e-05 -0.00513692626464147
615 -3.6730730071004074e-05 -0.005156274851585533
617 -8.827372423716786e-06 -0.00516236732224473
619 3.1491676224616776e-05 -0.005191540716138565
621 2.3634741327228826e-06 -0.00516521441211093
623 -2.5678655409275904e-05 -0.005147804419181479
625 3.9600571706758866e-05 -0.005063234195238877
627 3.8847869418185926e-05 -0.005113118829527643
629 1.574322251043996e-05 -0.005027708742881397
631 -3.9259724399416135e-05 -0.005038967958511726
633 9.43929110637442e-06 -0.0050715659904192805
635 1.4601978833729122e-07 -0.005031876625797995
637 1.655132922220048e-05 -0.005015279423841952
639 -6.530980422172579e-06 -0.005005109001914079
641 1.3695983607637515e-05 -0.00492828070835637
643 3.382763024804502e-05 -0.004955716035874733
645 2.60446974368156e-05 -0.0048982883179227495
647 8.800962198984362e-06 -0.004887573068996586
649 -1.9752754330945943e-05 -0.0049208870256690854
651 1.8286045114870045e-05 -0.004909169040761275
653 -1.3323955854545642e-06 -0.004887002190308405
655 -1.566427962381853e-05 -0.004818952413913039
657 3.283795871138555e-06 -0.004795769247496291
659 1.3816952329483935e-05 -0.004813366062934637
661 -1.5174980402827001e-05 -0.004790685810066921
663 -2.4594149142746847e-05 -0.004784961071827561
665 1.7540781018592896e-05 -0.004792352784597841
667 2.5155401109785017e-05 -0.004797011751180688
669 -2.9038464682100628e-05 -0.004755780696183742
671 -9.547142237966065e-07 -0.004721291843048608
673 -2.033128380534297e-05 -0.004733543805200378
675 -1.0918936574825011e-05 -0.004686465782875621
677 -1.3382511954295656e-05 -0.004676926039427013
679 3.822027021580635e-05 -0.004678237148935161
681 -2.2697290718886813e-06 -0.004648729171354931
683 -2.9393132126587684e-05 -0.0046726474798906275
685 4.309709767051462e-05 -0.004640164569514413
687 -6.0432975695121155e-06 -0.004619529746040696
689 -1.4630567338847922e-05 -0.004591075191412804
691 4.291907546506508e-05 -0.004623348635462123
693 -1.2325728727732664e-05 -0.004609894609738795
695 3.697215924812611e-05 -0.004626219344852189
697 -2.4348313111328943e-05 -0.00458875593233911
699 -1.1319455922578302e-05 -0.004537725170824705
701 -2.8861548863653698e-05 -0.004540582613297888
703 -2.094238349564448e-05 -0.00447873064677855
705 -9.50285606009265e-06 -0.004472719861898663
707 -4.0630201407742395e-05 -0.004482873934564011
709 -4.9961654630115596e-05 -0.004443196690456606
711 -7.574627030210745e-05 -0.0044606059763695255
713 -5.769671854323503e-06 -0.004459908844523024
715 -2.4924824077407703e-05 -0.0044766380570577715
717 -1.552666287218735e-05 -0.00445203472407657
719 9.411944907832658e-06 -0.0044319359918616194
721 -5.791191498939176e-06 -0.004424800894003247
723 -3.4482220163554406e-05 -0.00442784525858613
725 -2.1867425663412517e-05 -0.0043249804979446915
727 -2.5500042271694977e-05 -0.004380654381132606
729 -6.100947565365391e-05 -0.0043610384862049325
731 1.2593003606266564e-05 -0.004372085439918015
733 -2.6968093376747032e-05 -0.004421790205049945
735 1.092610862194879e-05 -0.0043111648083946205
737 5.1991942409104284e-05 -0.004386379990845854
739 -6.8780764880026e-06 -0.004354236233180418
741 4.9984664231097e-06 -0.004291206162274229
743 2.927972841598133e-06 -0.004307695237174599
745 2.8814516672043446e-05 -0.004308348524111371
747 1.9869404575547633e-05 -0.004323638655644856
749 1.6007349920308503e-05 -0.004277807878918466
751 2.241432426008974e-05 -0.004226573109232861
753 -7.326287110887862e-06 -0.004157328731033493
755 -6.979421166255504e-05 -0.004154760461644696
757 1.647979068229382e-05 -0.004169334252566243
759 -4.374465139155763e-05 -0.004243943812449995
761 -1.5116602614670958e-05 -0.004205272109346862
763 7.057828325493429e-06 -0.004157227283214015
765 1.6927476587713785e-05 -0.004189458071041321
767 -7.316689674980471e-06 -0.004095737895634301
769 -3.655129815290118e-05 -0.004180699154408669
771 -2.0607021369060405e-05 -0.004098634773642028
773 2.0124256175784337e-05 -0.004127658671319247
775 -6.128012441368279e-05 -0.004081105742064875
777 -1.878174608444588e-05 -0.004075278622349265
779 -1.3291825916888095e-05 -0.004046050559994806
781 -3.4952408691993666e-05 -0.004025959041490512
783 -3.1009987951192264e-05 -0.004042160740058531
785 -1.427454022670927e-05 -0.004054972419283951
787 1.0331093510559101e-06 -0.0040218003895575805
789 3.748497727852337e-05 -0.004028423132592218
791 -4.601149182354431e-05 -0.00402087371253464
793 -2.7287983698803375e-05 -0.00398872325939133
795 -7.899101919336084e-05 -0.0039631391844406165
797 -6.591798105633064e-05 -0.003979766130843508
799 1.7652829883460677e-05 -0.0039460510887575125
801 -2.2850133814074835e-05 -0.0040138351551098714
803 -3.211633922414323e-05 -0.003983815981442088
805 2.48312750852229e-05 -0.003920475002888939
807 2.0959480009116033e-05 -0.003994696389371268
809 6.323817854711845e-05 -0.0039679657542116544
811 -8.134462106394261e-06 -0.0039246114849978515
813 -2.5172926674609364e-05 -0.003897574612552704
815 -1.7202139300427203e-05 -0.0038923172475053697
817 -2.1610465537552692e-05 -0.003884542630837306
819 -7.371707537282748e-06 -0.003902003193323168
821 1.632673753462086e-05 -0.0038650491414156684
823 1.860660371700027e-05 -0.003885327125146921
825 4.210426475734902e-05 -0.003861563078293495
827 3.4526364678867004e-06 -0.0038498138629261547
829 3.31628911545603e-05 -0.003852814090400885
831 -1.0253386034357609e-06 -0.0038236138135267017
833 2.9674514545320123e-05 -0.0038271827793976924
835 -8.835383176715983e-06 -0.003808638081745783
837 8.730573349480588e-06 -0.0037762471539980217
839 -2.5673787335622666e-05 -0.0038250172328483066
841 -2.3488558328797854e-05 -0.0037473341776737535
843 -1.2669358138211465e-05 -0.003787562271969759
845 2.324992183287789e-05 -0.0037750600732595393
847 3.117350609094341e-05 -0.0037574578855346305
849 1.872614706470176e-05 -0.0037772090098047717
851 1.730894572264553e-05 -0.003780082199537582
853 3.705095962389632e-05 -0.003759443445909832
855 1.0685802337374326e-05 -0.003744774004952524
857 2.5504706783623176e-05 -0.0037270452181393664
859 -9.002537642109113e-06 -0.0037230033742865747
861 2.940641916889465e-05 -0.0037108881215351477
863 -5.001737335185335e-07 -0.003679910305995325
865 3.0846743658153025e-05 -0.0036846346354370363
867 -4.8571303886374994e-05 -0.0036557833545211604
869 2.5195988017895222e-05 -0.003715639305096171
871 -1.2015720121704447e-05 -0.0036477396535057557
873 -2.2914458878457054e-05 -0.0035925673046536006
875 -1.5749472204191314e-05 -0.0036283412277582586
877 -3.411110002605003e-05 -0.0036173230889609107
879 1.607087837953221e-05 -0.0036462329540709925
881 1.3921636443989327e-05 -0.0036022952301874587
883 4.291784554595219e-05 -0.0035921927248624853
885 -2.9787525272381697e-05 -0.0035946171227248425
887 2.191048994092696e-06 -0.0035522197416315276
889 1.6455242299054258e-05 -0.003533922830585673
891 -1.0168477660512111e-05 -0.003515167856108582
893 -2.321343381410068e-05 -0.0035066670641841218
895 -3.693652683823702e-05 -0.0035875665633504647
897 -2.9663146527347917e-05 -0.0035860382772894854
899 -3.6705574941288705e-05 -0.0036150694713752854
901 7.088431438543612e-05 -0.0035062890506242215
903 -1.9047031904699605e-05 -0.0035560265048941602
905 1.2942461180827304e-05 -0.0035468231999411146
907 -6.717587303496995e-05 -0.0035186228010899677
909 1.0419682360904681e-05 -0.0035223965867917945
911 -3.710716194888652e-05 -0.0034724325069875207
913 -6.0496033989035414e-05 -0.003533556488017775
915 2.0268847757938552e-05 -0.003498388744021051
917 5.0726658874803914e-05 -0.0034559275778758163
919 -1.1701182292255474e-05 -0.0034430404597703503
921 -2.837205243143492e-06 -0.0034638211139320163
923 -3.601055746665614e-05 -0.0034569153357853397
925 2.0640825186899623e-06 -0.00339336902322339
927 5.600710173436576e-05 -0.00343752703477429
929 3.521046676385509e-05 -0.003447966752290549
931 2.8803037049015323e-05 -0.003440232306429432
933 1.290196162698243e-05 -0.0033821657344566083
935 -1.0976221266773427e-05 -0.0034511734062743033
937 8.145580641316953e-05 -0.0033738991553978084
939 1.9631728407529147e-05 -0.0033640642580045335
941 -4.297769878763269e-08 -0.0034182468880619905
943 2.5015446269860137e-07 -0.0033943935940965162
945 1.67923873719785e-05 -0.0032999855534545756
947 -3.140985112477589e-05 -0.0033454302905154484
949 -1.6570229549884444e-05 -0.0033732647219797524
951 2.937415736775993e-05 -0.0033807105558277496
953 -1.2735992759400695e-05 -0.0033663394402428503
955 -4.302561412886747e-07 -0.003332211393510483
957 3.748668507810919e-05 -0.003371501980219975
959 6.672231470772598e-06 -0.0033002120404205517
961 1.0102212645730477e-05 -0.003260771169307224
963 -3.2488239199622e-05 -0.0032724284594520345
965 -5.154168708354159e-05 -0.003241722324669119
967 -4.8489203726155245e-06 -0.0033160551310142017
969 -1.1135212072884675e-05 -0.0032544347269652107
971 1.736605764124547e-05 -0.003304537776751546
973 1.1549407999983835e-05 -0.0033082457866279065
975 -9.337788587561097e-06 -0.0033081081438532996
977 1.2634901922518744e-06 -0.0032931558650472724
979 1.4414976990413771e-05 -0.0032487007184143902
981 1.439036599869905e-06 -0.0033365874901132007
983 1.5755611679351607e-05 -0.0032499686509766174
985 -8.010512703004658e-06 -0.003211106955201882
987 -3.095066598118651e-05 -0.0032709397268017356
989 2.3716621758652123e-05 -0.0031706030060652205
991 3.053743619320499e-05 -0.003205131093397834
993 -2.1730385320512006e-05 -0.0032036431390111324
995 4.287504743451855e-05 -0.0031919944407991906
997 2.893743611886041e-05 -0.0031926952867389166
999 4.9585438440225546e-05 -0.003197354699428184
1001 -2.31985217251613e-05 -0.003168653772662532
1003 2.668249983223785e-05 -0.003180352447963572
1005 2.7287574490165663e-05 -0.0031628298669189553
1007 3.4722768126172494e-05 -0.003187464762557337
1009 2.3223482173840552e-05 -0.0032201452434171365
1011 3.479773295609377e-05 -0.0031880792333646196
1013 -4.405432107926807e-05 -0.0031534708171838417
1015 7.756299842000812e-06 -0.0031461275083562515
1017 -1.3387501496920564e-05 -0.0031266349755576656
1019 1.6825034123238214e-05 -0.0031121810282063378
1021 2.755827714616142e-05 -0.0031299759340685704
1023 4.018999691781455e-05 -0.0030780888347067136
1025 1.7069643614525115e-05 -0.0031137096725496354
1027 2.105860885027882e-05 -0.0030941690695917064
1029 -3.1067285053703426e-05 -0.0030866406950138432
1031 1.2061996525568226e-05 -0.0030280330206531657
1033 1.5451970557308612e-05 -0.0030746935722823438
1035 4.1182799930660936e-05 -0.0030642967908750176
1037 1.0452651990580007e-05 -0.0030742693443704784
1039 3.922326727674302e-05 -0.003073336117724841
1041 -2.5733011326340442e-05 -0.0030040866451025274
1043 -2.8776302160942016e-05 -0.0030264766721995484
1045 1.2604824635407048e-05 -0.0030702054051255953
1047 1.3960762768371455e-05 -0.003032809203970068
1049 1.6791101636885983e-07 -0.003029227925319452
1051 -2.053534892556685e-06 -0.0030401604181031247
1053 -3.259833715658416e-07 -0.003050846067449024
1055 -8.41023733978439e-06 -0.0030490762748118555
1057 -2.033724156484258e-05 -0.0030270289719717316
1059 -3.850599414285255e-05 -0.0029510185611393686
1061 -1.6705038366832037e-05 -0.0030114280611692524
1063 -4.253853315111566e-06 -0.0030397325859106514
1065 1.483640325102174e-05 -0.0030036428459624506
1067 -4.099828576927434e-05 -0.0030142137004305664
1069 2.439992563248043e-05 -0.002978746312282931
1071 6.605068925176732e-05 -0.002991388306189471
1073 1.3640800746495652e-05 -0.0029817510154464175
1075 3.0491109539584014e-05 -0.0029474255152388863
1077 2.213972492739914e-05 -0.00293274185357671
1079 9.297759836883941e-06 -0.0029245156155884985
1081 -1.6685888736424508e-05 -0.0029271728096063538
1083 -1.0405540672472172e-05 -0.002918955853074367
1085 5.616629530126529e-05 -0.0029563297848338877
1087 -2.519471107365408e-05 -0.0029608160964889312
1089 1.9101786935312868e-05 -0.002907892640841531
1091 1.5252533771949245e-05 -0.0029466850554537845
1093 1.1470133729596873e-05 -0.002900060050279141
1095 2.9828949995792603e-05 -0.0029118710535712233
1097 -1.632940920046258e-05 -0.002886458006107283
1099 1.2290211526720557e-05 -0.0028664603208536196
1101 -7.157175264315975e-06 -0.0028775558963497613
1103 4.851420682327306e-06 -0.0028797289182541804
1105 4.2441156639755185e-05 -0.0029426328930146606
1107 1.9429684973509275e-05 -0.0028872503052281423
1109 -2.5876995789656046e-06 -0.0028667636330387634
1111 -1.4640367286727034e-05 -0.0029088115470096436
1113 -7.898996458805129e-06 -0.0028754576046055424
1115 3.781939709530117e-05 -0.0028698429278163178
1117 1.1226554954710653e-05 -0.0028452602396024642
1119 8.208772614773198e-06 -0.0028786445881504837
1121 -2.410744430112544e-05 -0.0028727937484463745
1123 -1.0292847034980758e-05 -0.0028808692749189234
1125 -4.728080675167364e-05 -0.0028464428828246517
1127 1.6816457739447792e-05 -0.0027814747437117367
1129 2.3411603146743287e-05 -0.002762866459284167
1131 -2.4162443025153113e-05 -0.0028263754817880117
1133 1.225592324213589e-05 -0.0028018862217079055
1135 7.808501731457227e-08 -0.0028122860048749795
1137 -1.0340425893733586e-05 -0.0027752205090147454
1139 1.6684468074739628e-05 -0.0028177698786829935
1141 2.0412125426401904e-05 -0.0027711390822017885
1143 9.352126852346374e-06 -0.0028103221046399565
1145 -1.268348826163187e-05 -0.002810564065719817
1147 4.330705391929571e-05 -0.0027547991115890133
1149 -3.0414243741247523e-05 -0.0027723813711989747
1151 4.8652032365756865e-05 -0.0027481330762234683
1153 -1.1506070320497241e-05 -0.0027078553237819118
1155 3.432248617386895e-05 -0.0027676261877169323
1157 4.4708485013388675e-06 -0.0027252358543322997
1159 4.063651199816784e-05 -0.0026913637835708337
1161 -2.3763504607148603e-05 -0.0026676635272800263
1163 5.01535708560708e-05 -0.002677952462006963
1165 1.7373273384525722e-05 -0.0026949115790400892
1167 3.30113742651362e-05 -0.0028041818706631685
1169 -1.92465344597742e-05 -0.0027327213687034094
1171 -5.0308434288417945e-05 -0.0026664560652818344
1173 -1.831321085928601e-05 -0.0026634381278123516
1175 -3.368555170154546e-05 -0.0027160300885004166
1177 -2.55662975699626e-05 -0.002678924763651765
1179 3.945999057124432e-05 -0.0027685053622021672
1181 -5.581239898687467e-05 -0.002721998266943462
1183 -4.0013255839930944e-05 -0.0026505210667500745
1185 -4.090092470401546e-05 -0.0027212128161885696
1187 -3.170958484024743e-05 -0.002741468319122471
1189 -3.016163206843464e-05 -0.002701617803925237
1191 -2.9283071952576253e-05 -0.002650990565985706
1193 -3.629240569852446e-05 -0.002660797774102666
1195 -6.625700059722346e-05 -0.0026459062713862945
1197 -5.564048687004155e-05 -0.0026823827410900045
1199 3.964722861779099e-06 -0.002702855612710781
1201 -1.1479803763599016e-05 -0.0026829768355574705
1203 -1.0345442626130074e-05 -0.0027101633047058905
1205 2.2999074406603543e-05 -0.0026326046224228916
1207 -1.8972149187670617e-05 -0.0026800016345309824
1209 -3.7233396502046197e-05 -0.0026345776999921015
1211 6.591290019050257e-06 -0.0026452464036208385
1213 -3.2352733877634516e-05 -0.0025993002778611674
1215 -4.11611772432903e-05 -0.002552725091144357
1217 -2.136712741640192e-05 -0.0026094412745267647
1219 -7.908409142640496e-06 -0.0026158216022457823
1221 -1.4942439806612113e-05 -0.002608423032013848
1223 7.016867557327507e-05 -0.0026490644815605293
1225 5.503069724814204e-05 -0.0025796262708636087
1227 -5.486875449268265e-05 -0.002572236609822462
1229 -2.2300887637655225e-05 -0.002606465208762756
1231 5.484313646955603e-06 -0.0026043617990813986
1233 -2.5869714786593168e-05 -0.002552730262457713
1235 -3.7047232788002294e-05 -0.0025649984314568297
1237 -4.772443792296353e-06 -0.00261034785047464
1239 -3.3030825946450415e-05 -0.0025884522948902843
1241 -2.441650302907458e-06 -0.002634458941026046
1243 3.403850938714213e-05 -0.0025570893764323716
1245 9.79154385474068e-06 -0.0025131817087852685
1247 -3.215460944988954e-05 -0.0025850144649175164
1249 3.060690387650497e-05 -0.0025652813199124355
1251 4.3155584510734975e-05 -0.0025604531038867294
1253 5.7541431924887116e-05 -0.002503017525098734
1255 -2.531876495336102e-06 -0.0025125042858331814
1257 1.3473406829591465e-05 -0.002472338212373185
1259 5.364065960012837e-06 -0.0025135041102048194
1261 -1.121722640667871e-05 -0.0025286384491630593
1263 -3.342116854413418e-05 -0.0024837700124702737
1265 3.76945282059467e-05 -0.0024998611025768853
1267 6.177479756815747e-05 -0.0024382840968561422
1269 2.9552989251496662e-05 -0.002495871498505353
1271 -2.4599438759262435e-05 -0.002534129444566929
1273 1.1421773884111925e-06 -0.0025095239524402153
1275 -1.3683714217280215e-05 -0.0025302116467525075
1277 2.022116439957362e-05 -0.002488721673103084
1279 9.343859406121973e-06 -0.002485572570070522
1281 -1.4300621040050448e-05 -0.002458399578188542
1283 -2.1845634001282946e-05 -0.002504503035858404
1285 6.357623787432781e-06 -0.002455914960073258
1287 1.2155058855891848e-06 -0.002477867334049568
1289 5.733888947326529e-05 -0.002427477346369023
1291 1.1058659202864031e-05 -0.002463111426342274
1293 3.133023917327599e-05 -0.002404665066052754
1295 8.053858259228548e-06 -0.002450460058499888
1297 2.729298668699359e-05 -0.0024225485807700597
1299 -3.775445345789843e-06 -0.0024078663228334868
1301 -2.118203246641598e-05 -0.00246791721712858
1303 -1.6952912694802754e-05 -0.002482677443257882
1305 2.8290279493710224e-07 -0.002413650763258178
1307 -2.3868515000755704e-05 -0.0024029839506270957
1309 -2.4572497676659447e-06 -0.0024067688391432385
1311 -2.049992687217353e-06 -0.0024408815138988074
1313 1.8288586105518165e-06 -0.002384502117254706
1315 2.4919577249587794e-05 -0.0024101347944649764
1317 1.0790353242844135e-05 -0.0023903045026507975
1319 -5.471789844795784e-05 -0.0024063777140073362
1321 2.4117797454017567e-05 -0.0024095101742811096
1323 2.973508758639354e-05 -0.0023768385979047505
1325 5.0153708330468064e-05 -0.0023903868310167836
1327 8.794219727893101e-06 -0.0024245914082288685
1329 -6.839526005143611e-05 -0.002452448149431422
1331 4.479400220022895e-06 -0.0024487039438887436
1333 1.1703150137305284e-05 -0.002422270705172101
1335 -5.2171116948547464e-05 -0.002373001302351864
1337 2.3652544897955363e-05 -0.002375842005420501
1339 1.2592326716272377e-05 -0.0023807661751691026
1341 -8.249636832646643e-06 -0.002358198994810488
1343 -3.440888850025674e-05 -0.002332354053596727
1345 -9.213991662793743e-06 -0.0023360008750229703
1347 1.1080369104068934e-05 -0.002361319412119164
1349 9.193118504289289e-05 -0.00238024029310314
1351 2.6486931277140575e-05 -0.002352461042795
1353 1.4218753314362717e-05 -0.0023218164661816232
1355 4.201749017412352e-05 -0.002410927673517722
1357 -1.0455941430237485e-05 -0.0023496562092813374
1359 2.873901609963298e-05 -0.0023349720276438484
1361 1.001501829914495e-05 -0.0023550451608512833
1363 -2.9305002950670058e-05 -0.002328350365529459
1365 -8.44264040188417e-05 -0.002314810453835936
1367 1.7658873992363612e-05 -0.00236367314588154
1369 2.764607985143645e-05 -0.0023159147604131154
1371 4.72433291435288e-05 -0.002316098787665032
1373 1.4257012261978526e-05 -0.0022750649958254024
1375 4.2089480017418497e-07 -0.0023338379676203337
1377 1.3669519417166661e-05 -0.002391903476532659
1379 1.797443217468074e-05 -0.0023295114881205503
1381 -3.6203123727360008e-06 -0.0023063615226749964
1383 5.548321345357125e-05 -0.0022398500946912785
1385 -1.273436162082329e-05 -0.0022746527777338897
1387 -9.840223290319486e-07 -0.002274788539961248
1389 6.54203412878339e-05 -0.002291938974895273
1391 1.655156693185923e-06 -0.0023600788528839347
1393 5.247355839989638e-07 -0.002311070488551783
1395 4.3188774103581793e-05 -0.002287170687265173
1397 2.4135601539581332e-05 -0.0022629536669509904
1399 -9.323894402355603e-06 -0.0022423728541247625
1401 -6.464443685067061e-05 -0.0022588470531868373
1403 2.2157771010171504e-05 -0.002235298812340883
1405 1.1265282999320331e-05 -0.0022530107623422433
1407 -6.472753579012062e-05 -0.002302502677710438
1409 -1.4348609163548411e-05 -0.0022763024049466726
1411 -6.144504789489315e-05 -0.0022601039948506457
1413 4.6634200289987796e-05 -0.0022315992472910387
1415 2.4797362228942496e-05 -0.002268129338857722
1417 4.138772755237728e-05 -0.0022457610441798427
1419 -9.548766264694946e-06 -0.0022368353633092967
1421 1.3301402568261575e-06 -0.0022632533382487235
1423 9.035509256073027e-06 -0.0022850860225772434
1425 6.058482067877775e-06 -0.002255881391204853
1427 1.2374656405109157e-05 -0.0022454795632283722
1429 2.3323736589731497e-05 -0.0022769088013086165
1431 2.6855342607396276e-05 -0.0022254706825646856
1433 -3.234344025016987e-06 -0.002200939927563049
1435 6.317779357495175e-05 -0.002218067735632394
1437 -1.351916582607814e-05 -0.0022200926611284206
1439 -2.9755047403813753e-05 -0.002231261624499766
1441 -6.14265571599117e-06 -0.0021802104070028283
1443 9.767874073726335e-06 -0.0021760322791606664
1445 -1.8067370470618103e-05 -0.002187007675479989
1447 -9.755216303229123e-06 -0.002221185138492393
1449 7.275171427901513e-06 -0.0022212908906462463
1451 -1.910996886277344e-05 -0.0022126413666897216
1453 3.3401315140244684e-06 -0.0021898757398879586
1455 -2.0605813420250403e-05 -0.0021331411591391835
1457 4.952911140902618e-06 -0.0021613963070779936
1459 4.315530276726132e-05 -0.002116643442987657
1461 5.6222810089214044e-05 -0.002119880738009296
1463 4.2935526727853494e-05 -0.002192581923858984
1465 2.7492439975930906e-05 -0.0021813010574374095
1467 2.978861352987977e-05 -0.002167246252624221
1469 1.4513466455301063e-05 -0.0021700490354983728
1471 3.603232961144905e-05 -0.002236645596707044
1473 1.5235940889909955e-05 -0.0021998402695859198
1475 1.7867117874742102e-05 -0.002216082351915603
1477 3.7521037683667603e-05 -0.002159782277219622
1479 -3.108881887465995e-05 -0.0021839916199282053
1481 2.095628737425065e-06 -0.0021422580183624754
1483 2.6030753924049824e-05 -0.002148708989790198
1485 -7.442460832748808e-06 -0.002152868885573037
1487 -3.405246457898454e-05 -0.0021494249396162295
1489 -2.9311685189801806e-05 -0.0021790611959641207
1491 -2.3443277707694588e-05 -0.0021551963436657806
1493 1.0809199900530222e-05 -0.0020898224650993257
1495 3.318598178252563e-06 -0.0021188826392589924
1497 3.480541147171299e-05 -0.00214706939924085
1499 1.1502587949858253e-06 -0.0021492423022104173
1501 -1.714569508595063e-06 -0.002098919976623931
1503 4.706133284046504e-06 -0.0021222208218603686
1505 5.8028230612929605e-05 -0.0021244366014279118
1507 -5.6953401842727e-05 -0.002129895456980998
1509 -2.8983253202779432e-05 -0.0021535154083250933
1511 -4.8966180285458707e-05 -0.00211623061304604
1513 -1.0714060652281821e-05 -0.002126246680990136
1515 1.7101284306588015e-05 -0.0021097906102081573
1517 9.056971035588756e-06 -0.0021140606846372064
1519 -2.168051012132186e-05 -0.002124811839456411
1521 1.7626612249955043e-06 -0.002101448271846557
1523 5.478228626325624e-06 -0.002118497127382139
1525 -2.93110271879293e-06 -0.002090661036176008
1527 -1.6369092969371634e-05 -0.002089159090167275
1529 -4.183603180218904e-05 -0.002064158507799396
1531 3.157821685459478e-05 -0.0020507334305658663
1533 -1.0403256471854396e-05 -0.0020685259119037815
1535 -4.6586883346618235e-06 -0.0020427420124427224
1537 4.436839185428895e-05 -0.002101218233696021
1539 -3.0186727872842906e-05 -0.002065442246307731
1541 1.0204236765930276e-06 -0.0020179910202299885
1543 6.062894900567186e-05 -0.0020241747569237677
1545 2.407567065713231e-05 -0.0020703726178554114
1547 -1.1130643214417896e-05 -0.002084532732603818
1549 -2.655765685240175e-05 -0.0020313098562730657
1551 1.034546597170497e-06 -0.002045635538564861
1553 2.4848705378606717e-05 -0.0020523231369436613
1555 7.078804569652964e-05 -0.002044288978916344
1557 -9.583393550790755e-06 -0.0020762017554692602
1559 7.5081446884945085e-06 -0.002074002008817353
1561 -7.771213780276334e-06 -0.0020560378508289955
1563 2.9202469554632585e-05 -0.0020021732759697005
1565 -2.6017390075495842e-05 -0.0020361419362503025
1567 7.053610377562738e-05 -0.002072260605529664
1569 1.6076100407873517e-05 -0.002032668088046186
1571 5.60255095025786e-08 -0.0020466193035202683
1573 1.0870066095613621e-05 -0.001983306805357271
1575 5.642797241844681e-06 -0.001997618399411178
1577 -4.073621713105838e-05 -0.001979291121709118
1579 8.086377572113816e-06 -0.002032838064218533
1581 -7.558041737624002e-05 -0.0020283814446874285
1583 -1.8750007738146717e-05 -0.0020355954353333166
1585 3.153603989330953e-05 -0.002045262749898997
1587 -1.7955648788015296e-05 -0.001987416732003945
1589 4.6991064932986645e-05 -0.001995667921261982
1591 -3.1290310893359105e-05 -0.0019996793902867186
1593 3.0464753689126732e-05 -0.0019965193481713203
1595 -1.131317441451839e-05 -0.001995460097645591
1597 -5.083507135195637e-05 -0.0020099187528252968
1599 2.7507529261102005e-05 -0.0020189881115628503
1601 9.095232185981203e-06 -0.0020084112039273536
1603 6.2636976578308226e-06 -0.0020037808227953494
1605 -3.230163773201538e-05 -0.0019943209925754888
1607 -5.762759471324263e-06 -0.0019580895394654472
1609 -9.692820637219848e-06 -0.001953299250178988
1611 -1.5131785375500556e-05 -0.0019905111371237923
1613 -1.6629117139711125e-06 -0.0019224703727614488
1615 2.369273224990509e-05 -0.001953168586505883
1617 -5.2519625488077514e-05 -0.001970222050951996
1619 2.391065503926337e-06 -0.001973974248782922
1621 -2.695401753757476e-05 -0.0019463514186272045
1623 5.5308069831413316e-05 -0.0019230218237698351
1625 -1.4861300094190568e-06 -0.0019401199396224347
1627 -3.1074665687922735e-05 -0.0019960400356100363
1629 -1.4439914585689809e-05 -0.001989059385788329
1631 -3.3251441001755334e-05 -0.001956793493959659
1633 -6.510296282778961e-06 -0.0019158436128682353
1635 -3.484935618654378e-05 -0.00189691556540895
1637 -1.8858001571597007e-05 -0.0018841210427253084
1639 0.0 -0.0019420981463318526
1641 0.0 -0.0019397311772321186
1643 0.0 -0.001937369970686492
1645 0.0 -0.0019350145056765391
1647 0.0 -0.001932664761285918
1649 0.0 -0.0019303207166997617
1651 0.0 -0.0019279823512040625
1653 0.0 -0.001925649644185062
1655 0.0 -0.0019233225751286447
1657 0.0 -0.0019210011236197387
1659 0.0 -0.001918685269341716
1661 0.0 -0.0019163749920758017
1663 0.0 -0.0019140702717004852
1665 0.0 -0.001911771088190935
1667 0.0 -0.0019094774216184207
1669 0.0 -0.0019071892521497344
1671 0.0 -0.0019049065600466228
1673 0.0 -0.0019026293256652162
1675 0.0 -0.0019003575294554665
1677 0.0 -0.0018980911519605882
1679 0.0 -0.0018958301738165018
1681 0.0 -0.001893574575751283
1683 0.0 -0.001891324338584615
1685 0.0 -0.0018890794432272445
1687 0.0 -0.0018868398706804429
1689 0.0 -0.0018846056020354691
1691 0.0 -0.0018823766184730378
1693 0.0 -0.001880152901262792
1695 0.0 -0.001877934431762777
1697 0.0 -0.0018757211914189197
1699 0.0 -0.0018735131617645124
1701 0.0 -0.0018713103244196983
1703 0.0 -0.0018691126610909613
1705 0.0 -0.0018669201535706195
1707 0.0 -0.001864732783736325
1709 0.0 -0.0018625505335505598
1711 0.0 -0.0018603733850601444
1713 0.0 -0.0018582013203957421
1715 0.0 -0.001856034321771374
1717 0.0 -0.0018538723714839295
1719 0.0 -0.0018517154519126857
1721 0.0 -0.0018495635455188302
1723 0.0 -0.0018474166348449838
1725 0.0 -0.001845274702514729
1727 0.0 -0.0018431377312321405
1729 0.0 -0.0018410057037813227
1731 0.0 -0.001838878603025943
1733 0.0 -0.001836756411908775
1735 0.0 -0.001834639113451243
1737 0.0 -0.0018325266907529688
1739 0.0 -0.001830419126991321
1741 0.0 -0.0018283164054209687
1743 0.0 -0.0018262185093734405
1745 0.0 -0.0018241254222566802
1747 0.0 -0.001822037127554612
1749 0.0 -0.0018199536088267046
1751 0.0 -0.0018178748497075423
1753 0.0 -0.001815800833906393
1755 0.0 -0.0018137315452067845
1757 0.0 -0.0018116669674660825
1759 0.0 -0.0018096070846150695
1761 0.0 -0.0018075518806575281
1763 0.0 -0.001805501339669828
1765 0.0 -0.0018034554458005137
1767 0.0 -0.0018014141832698965
1769 0.0 -0.001799377536369648
1771 0.0 -0.0017973454894623978
1773 0.0 -0.0017953180269813349
1775 0.0 -0.0017932951334298068
1777 0.0 -0.0017912767933809268
1779 0.0 -0.0017892629914771818
1781 0.0 -0.001787253712430043
1783 0.0 -0.0017852489410195775
1785 0.0 -0.0017832486620940652
1787 0.0 -0.0017812528605696176
1789 0.0 -0.001779261521429797
1791 0.0 -0.001777274629725241
1793 0.0 -0.001775292170573289
1795 0.0 -0.0017733141291576084
1797 0.0 -0.001771340490727828
1799 0.0 -0.0017693712405991702
1801 0.0 -0.0017674063641520859
1803 0.0 -0.0017654458468318952
1805 0.0 -0.001763489674148425
1807 0.0 -0.001761537831675654
1809 0.0 -0.001759590305051358
1811 0.0 -0.001757647079976757
1813 0.0 -0.001755708142216165
1815 0.0 -0.0017537734775966427
1817 0.0 -0.0017518430720076536
1819 0.0 -0.0017499169114007184
1821 0.0 -0.0017479949817890757
1823 0.0 -0.0017460772692473431
1825 0.0 -0.0017441637599111817
1827 0.0 -0.0017422544399769604
1829 0.0 -0.0017403492957014253
1831 0.0 -0.0017384483134013692
1833 0.0 -0.0017365514794533046
1835 0.0 -0.0017346587802931374
1837 0.0 -0.0017327702024158447
1839 0.0 -0.0017308857323751533
1841 0.0 -0.0017290053567832195
1843 0.0 -0.0017271290623103131
1845 0.0 -0.0017252568356845024
1847 0.0 -0.001723388663691341
1849 0.0 -0.001721524533173557
1851 0.0 -0.0017196644310307437
1853 0.0 -0.0017178083442190538
1855 0.0 -0.0017159562597508931
1857 0.0 -0.0017141081646946186
1859 0.0 -0.001712264046174237
1861 0.0 -0.0017104238913691061
1863 0.0 -0.0017085876875136375
1865 0.0 -0.001706755421897001
1867 0.0 -0.0017049270818628318
1869 0.0 -0.001703102654808939
1871 0.0 -0.0017012821281870163
1873 0.0 -0.0016994654895023528
1875 0.0 -0.0016976527263135503
1877 0.0 -0.001695843826232236
1879 0.0 -0.001694038776922782
1881 0.0 -0.0016922375661020238
1883 0.0 -0.001690440181538984
1885 0.0 -0.0016886466110545926
1887 0.0 -0.0016868568425214133
1889 0.0 -0.0016850708638633703
1891 0.0 -0.0016832886630554769
1893 0.0 -0.001681510228123564
1895 0.0 -0.001679735547144014
1897 0.0 -0.0016779646082434932
1899 0.0 -0.001676197399598687
1901 0.0 -0.0016744339094360372
1903 0.0 -0.0016726741260314803
1905 0.0 -0.0016709180377101874
1907 0.0 -0.0016691656328463068
1909 0.0 -0.0016674168998627068
1911 0.0 -0.0016656718272307204
1913 0.0 -0.0016639304034698939
1915 0.0 -0.0016621926171477323
1917 0.0 -0.0016604584568794506
1919 0.0 -0.0016587279113277262
1921 0.0 -0.0016570009692024503
1923 0.0 -0.001655277619260482
1925 0.0 -0.001653557850305406
1927 0.0 -0.0016518416511872895
1929 0.0 -0.00165012901080244
1931 0.0 -0.0016484199180931674
1933 0.0 -0.001646714362047546
1935 0.0 -0.0016450123316991765
1937 0.0 -0.0016433138161269525
1939 0.0 -0.0016416188044548255
1941 0.0 -0.001639927285851575
1943 0.0 -0.001638239249530575
1945 0.0 -0.0016365546847495666
1947 0.0 -0.0016348735808104297
1949 0.0 -0.0016331959270589568
1951 0.0 -0.001631521712884627
1953 0.0 -0.0016298509277203822
1955 0.0 -0.0016281835610424075
1957 0.0 -0.0016265196023699064
1959 0.0 -0.0016248590412648836
1961 0.0 -0.0016232018673319258
1963 0.0 -0.0016215480702179862
1965 0.0 -0.0016198976396121663
1967 0.0 -0.0016182505652455044
1969 0.0 -0.00161660683689076
1971 0.0 -0.0016149664443622052
1973 0.0 -0.0016133293775154114
1975 0.0 -0.0016116956262470414
1977 0.0 -0.001610065180494642
1979 0.0 -0.0016084380302364362
1981 0.0 -0.0016068141654911193
1983 0.0 -0.0016051935763176535
1985 0.0 -0.0016035762528150664
1987 0.0 -0.0016019621851222482
1989 0.0 -0.0016003513634177513
1991 0.0 -0.0015987437779195915
1993 0.0 -0.001597139418885051
1995 0.0 -0.0015955382766104796
1997 0.0 -0.0015939403414310998
1999 0.0 -0.0015923456037208138
2001 0.0 -0.0015907540538920074
2003 0.0 -0.0015891656823953605
2005 0.0 -0.001587580479719654
2007 0.0 -0.0015859984363915827
2009 0.0 -0.0015844195429755633
2011 0.0 -0.001582843790073549
2013 0.0 -0.0015812711683248419
2015 0.0 -0.0015797016684059092
2017 0.0 -0.001578135281030197
2019 0.0 -0.001576571996947948
2021 0.0 -0.0015750118069460203
2023 0.0 -0.001573454701847705
2025 0.0 -0.0015719006725125467
2027 0.0 -0.001570349709836165
2029 0.0 -0.0015688018047500772
2031 0.0 -0.00156725694822152
2033 0.0 -0.0015657151312532746
2035 0.0 -0.0015641763448834922
2037 0.0 -0.0015626405801855213
2039 0.0 -0.0015611078282677326
2041 0.0 -0.0015595780802733494
2043 0.0 -0.0015580513273802774
2045 0.0 -0.0015565275608009324
2047 0.0 -0.0015550067717820747
2049 0.0 -0.0015534889516046397
