-2049 0.0 0.0015534889516046397
-2047 0.0 0.0015550067717820747
-2045 0.0 0.0015565275608009324
-2043 0.0 0.0015580513273802774
-2041 0.0 0.0015595780802733494
-2039 0.0 0.0015611078282677326
-2037 0.0 0.0015626405801855213
-2035 0.0 0.0015641763448834922
-2033 0.0 0.0015657151312532746
-2031 0.0 0.00156725694822152
-2029 0.0 0.0015688018047500772
-2027 0.0 0.001570349709836165
-2025 0.0 0.0015719006725125467
-2023 0.0 0.001573454701847705
-2021 0.0 0.0015750118069460203
-2019 0.0 0.001576571996947948
-2017 0.0 0.001578135281030197
-2015 0.0 0.0015797016684059092
-2013 0.0 0.0015812711683248419
-2011 0.0 0.001582843790073549
-2009 0.0 0.0015844195429755633
-2007 0.0 0.0015859984363915827
-2005 0.0 0.001587580479719654
-2003 0.0 0.0015891656823953605
-2001 0.0 0.0015907540538920074
-1999 0.0 0.0015923456037208138
-1997 0.0 0.0015939403414310998
-1995 0.0 0.0015955382766104796
-1993 0.0 0.001597139418885051
-1991 0.0 0.0015987437779195915
-1989 0.0 0.0016003513634177513
-1987 0.0 0.0016019621851222482
-1985 0.0 0.0016035762528150664
-1983 0.0 0.0016051935763176535
-1981 0.0 0.0016068141654911193
-1979 0.0 0.0016084380302364362
-1977 0.0 0.001610065180494642
-1975 0.0 0.0016116956262470414
-1973 0.0 0.0016133293775154114
-1971 0.0 0.0016149664443622052
-1969 0.0 0.00161660683689076
-1967 0.0 0.0016182505652455044
-1965 0.0 0.0016198976396121663
-1963 0.0 0.0016215480702179862
-1961 0.0 0.0016232018673319258
-1959 0.0 0.0016248590412648836
-1957 0.0 0.0016265196023699064
-1955 0.0 0.0016281835610424075
-1953 0.0 0.0016298509277203822
-1951 0.0 0.001631521712884627
-1949 0.0 0.0016331959270589568
-1947 0.0 0.0016348735808104297
-1945 0.0 0.0016365546847495666
-1943 0.0 0.001638239249530575
-1941 0.0 0.001639927285851575
-1939 0.0 0.0016416188044548255
-1937 0.0 0.0016433138161269525
-1935 0.0 0.0016450123316991765
-1933 0.0 0.001646714362047546
-1931 0.0 0.0016484199180931674
-1929 0.0 0.00165012901080244
-1927 0.0 0.0016518416511872895
-1925 0.0 0.001653557850305406
-1923 0.0 0.001655277619260482
-1921 0.0 0.0016570009692024503
-1919 0.0 0.0016587279113277262
-1917 0.0 0.0016604584568794506
-1915 0.0 0.0016621926171477323
-1913 0.0 0.0016639304034698939
-1911 0.0 0.0016656718272307204
-1909 0.0 0.0016674168998627068
-1907 0.0 0.0016691656328463068
-1905 0.0 0.0016709180377101874
-1903 0.0 0.0016726741260314803
-1901 0.0 0.0016744339094360372
-1899 0.0 0.001676197399598687
-1897 0.0 0.0016779646082434932
-1895 0.0 0.001679735547144014
-1893 0.0 0.001681510228123564
-1891 0.0 0.0016832886630554769
-1889 0.0 0.0016850708638633703
-1887 0.0 0.0016868568425214133
-1885 0.0 0.0016886466110545926
-1883 0.0 0.001690440181538984
-1881 0.0 0.0016922375661020238
-1879 0.0 0.001694038776922782
-1877 0.0 0.001695843826232236
-1875 0.0 0.0016976527263135503
-1873 0.0 0.0016994654895023528
-1871 0.0 0.0017012821281870163
-1869 0.0 0.001703102654808939
-1867 0.0 0.0017049270818628318
-1865 0.0 0.001706755421897001
-1863 0.0 0.0017085876875136375
-1861 0.0 0.0017104238913691061
-1859 0.0 0.001712264046174237
-1857 0.0 0.0017141081646946186
-1855 0.0 0.0017159562597508931
-1853 0.0 0.0017178083442190538
-1851 0.0 0.0017196644310307437
-1849 0.0 0.001721524533173557
-1847 0.0 0.001723388663691341
-1845 0.0 0.0017252568356845024
-1843 0.0 0.0017271290623103131
-1841 0.0 0.0017290053567832195
-1839 0.0 0.0017308857323751533
-1837 0.0 0.0017327702024158447
-1835 0.0 0.0017346587802931374
-1833 0.0 0.0017365514794533046
-1831 0.0 0.0017384483134013692
-1829 0.0 0.0017403492957014253
-1827 0.0 0.0017422544399769604
-1825 0.0 0.0017441637599111817
-1823 0.0 0.0017460772692473431
-1821 0.0 0.0017479949817890757
-1819 0.0 0.0017499169114007184
-1817 0.0 0.0017518430720076536
-1815 0.0 0.0017537734775966427
-1813 0.0 0.001755708142216165
-1811 0.0 0.001757647079976757
-1809 0.0 0.001759590305051358
-1807 0.0 0.001761537831675654
-1805 0.0 0.001763489674148425
-1803 0.0 0.0017654458468318952
-1801 0.0 0.0017674063641520859
-1799 0.0 0.0017693712405991702
-1797 0.0 0.001771340490727828
-1795 0.0 0.0017733141291576084
-1793 0.0 0.001775292170573289
-1791 0.0 0.001777274629725241
-1789 0.0 0.001779261521429797
-1787 0.0 0.0017812528605696176
-1785 0.0 0.0017832486620940652
-1783 0.0 0.0017852489410195775
-1781 0.0 0.001787253712430043
-1779 0.0 0.0017892629914771818
-1777 0.0 0.0017912767933809268
-1775 0.0 0.0017932951334298068
-1773 0.0 0.0017953180269813349
-1771 0.0 0.0017973454894623978
-1769 0.0 0.001799377536369648
-1767 0.0 0.0018014141832698965
-1765 0.0 0.0018034554458005137
-1763 0.0 0.001805501339669828
-1761 0.0 0.0018075518806575281
-1759 0.0 0.0018096070846150695
-1757 0.0 0.0018116669674660825
-1755 0.0 0.0018137315452067845
-1753 0.0 0.001815800833906393
-1751 0.0 0.0018178748497075423
-1749 0.0 0.0018199536088267046
-1747 0.0 0.001822037127554612
-1745 0.0 0.0018241254222566802
-1743 0.0 0.0018262185093734405
-1741 0.0 0.0018283164054209687
-1739 0.0 0.001830419126991321
-1737 0.0 0.0018325266907529688
-1735 0.0 0.001834639113451243
-1733 0.0 0.001836756411908775
-1731 0.0 0.001838878603025943
-1729 0.0 0.0018410057037813227
-1727 0.0 0.0018431377312321405
-1725 0.0 0.001845274702514729
-1723 0.0 0.0018474166348449838
-1721 0.0 0.0018495635455188302
-1719 0.0 0.0018517154519126857
-1717 0.0 0.0018538723714839295
-1715 0.0 0.001856034321771374
-1713 0.0 0.0018582013203957421
-1711 0.0 0.0018603733850601444
-1709 0.0 0.0018625505335505598
-1707 0.0 0.001864732783736325
-1705 0.0 0.0018669201535706195
-1703 0.0 0.0018691126610909613
-1701 0.0 0.0018713103244196983
-1699 0.0 0.0018735131617645124
-1697 0.0 0.0018757211914189197
-1695 0.0 0.001877934431762777
-1693 0.0 0.001880152901262792
-1691 0.0 0.0018823766184730378
-1689 0.0 0.0018846056020354691
-1687 0.0 0.0018868398706804429
-1685 0.0 0.0018890794432272445
-1683 0.0 0.001891324338584615
-1681 0.0 0.001893574575751283
-1679 0.0 0.0018958301738165018
-1677 0.0 0.0018980911519605882
-1675 0.0 0.0019003575294554665
-1673 0.0 0.0019026293256652162
-1671 0.0 0.0019049065600466228
-1669 0.0 0.0019071892521497344
-1667 0.0 0.0019094774216184207
-1665 0.0 0.001911771088190935
-1663 0.0 0.0019140702717004852
-1661 0.0 0.0019163749920758017
-1659 0.0 0.001918685269341716
-1657 0.0 0.0019210011236197387
-1655 0.0 0.0019233225751286447
-1653 0.0 0.001925649644185062
-1651 0.0 0.0019279823512040625
-1649 0.0 0.0019303207166997617
-1647 0.0 0.001932664761285918
-1645 0.0 0.0019350145056765391
-1643 0.0 0.001937369970686492
-1641 0.0 0.0019397311772321186
-1639 0.0 0.0019420981463318526
-1637 -2.9041847612165828e-05 0.001974807522191151
-1635 1.833089883689349e-06 0.001970225459577925
-1633 -3.172254098271413e-05 0.0019591351532258854
-1631 -3.122070388424881e-05 0.0019488705676148513
-1629 -8.616137881556355e-08 0.001957265826172103
-1627 -1.824099530550864e-05 0.002009584414562684
-1625 -3.0938781698899696e-05 0.0020073990700535103
-1623 -1.8679048518252426e-05 0.001973607451076249
-1621 6.470700949506674e-06 0.0019848763338283326
-1619 2.4547263016791974e-05 0.00202391421772371
-1617 -5.0060670254885046e-05 0.001929698287535256
-1615 1.6657064638400196e-05 0.0019194145694461462
-1613 4.063561374749495e-06 0.001968024621637135
-1611 7.028061975843661e-07 0.002031079897605779
-1609 -2.393158918587316e-06 0.0019563237272641415
-1607 -3.044739035695027e-06 0.0019442905524990062
-1605 5.629800556286538e-05 0.0020205914891914516
-1603 6.121886065606647e-06 0.002027864974061867
-1601 5.544747826879109e-05 0.00195338306152095
-1599 4.3774119079026795e-06 0.0020150014312042453
-1597 -1.0257965357937933e-05 0.002048968577058233
-1595 3.6655339510147407e-05 0.001967790026127447
-1593 3.1115689426616913e-06 0.0019429845000116836
-1591 2.548082463036747e-05 0.00199369425219499
-1589 -1.8060220444110321e-06 0.001997583987589031
-1587 -2.9453732434923043e-05 0.0020086333855222453
-1585 -1.8262789235180772e-05 0.0020164187375091317
-1583 -2.5981657290619157e-05 0.0020137519477635567
-1581 3.6424566544632906e-06 0.002035701826516447
-1579 7.43575089667242e-05 0.0019854452464135564
-1577 -2.9035006344345455e-05 0.0020888385824117213
-1575 2.0289419077546433e-05 0.0020103512392666985
-1573 4.377655763545568e-05 0.002022997880864995
-1571 -1.1019380313110124e-05 0.0019985811392491163
-1569 -9.951209919180825e-06 0.00201642246259353
-1567 -2.249229465471076e-05 0.0020420640976190545
-1565 1.1650244075997012e-05 0.0020435776269878215
-1563 3.479040652292925e-05 0.002017300760753838
-1561 3.238158657800537e-05 0.002095779521654994
-1559 5.516257739431354e-05 0.0020457137213314557
-1557 -1.498128325719424e-05 0.002051268063269247
-1555 1.0083307798539574e-05 0.002052144920931454
-1553 -9.456391119066183e-07 0.0020939770314316423
-1551 8.683990421176043e-08 0.0020471746583916642
-1549 -5.760057483260015e-06 0.002034887420783317
-1547 -4.1888998551209875e-05 0.0021070619204135487
-1545 -3.4500727600659524e-05 0.0020604041689607686
-1543 4.1387286990135075e-07 0.0020574557307512023
-1541 -1.3541558773775925e-05 0.002069123660724202
-1539 3.147093641628373e-05 0.0020952914306479158
-1537 2.1659468472667547e-05 0.002046598244843285
-1535 -7.5536874230425515e-06 0.0020492050447646105
-1533 -1.719054398530718e-05 0.002072503940080713
-1531 -3.9063866870334824e-06 0.0020874815336149907
-1529 -2.054801200106502e-05 0.002062750145616526
-1527 5.7742082451618155e-05 0.0020869119300577603
-1525 -4.362392379573093e-06 0.0020908798987490213
-1523 6.933509408328422e-06 0.0020875577705539864
-1521 -8.899072950184041e-06 0.0021222922909639743
-1519 5.328609732383409e-06 0.002051219749698987
-1517 3.101914905498671e-05 0.0020436167284524076
-1515 6.60328445572088e-05 0.0020596665017831505
-1513 2.1001711596895837e-05 0.0020775608552897075
-1511 5.697828873030416e-07 0.00213938909341274
-1509 -4.504003321462398e-05 0.002114627176422101
-1507 -1.7893813186718195e-05 0.0021365325593506474
-1505 2.0281054791961042e-05 0.002167457008114461
-1503 -1.603992432680068e-05 0.0021687640198439066
-1501 2.2170055076998016e-05 0.0021053006049568737
-1499 1.6357439961123352e-05 0.002158368999980322
-1497 4.2716314637017424e-05 0.002067770327952263
-1495 -3.7704374278181497e-05 0.002112220394687547
-1493 1.6602262460251362e-05 0.002154564702234602
-1491 -7.064398419903064e-06 0.0021480930231123165
-1489 1.1013942038196637e-05 0.0021079285884209806
-1487 3.957721318961846e-05 0.002195268422333468
-1485 1.6009475438223762e-06 0.0022150245427516087
-1483 -1.7181327554033566e-05 0.0021428249823010445
-1481 1.706969156885406e-05 0.002115858166741039
-1479 2.217299521526363e-05 0.0022189232626155784
-1477 4.7430200604946254e-05 0.0021890569450004186
-1475 3.6850591173431254e-05 0.0021379575275772226
-1473 1.3152810093502081e-05 0.0021130884537280247
-1471 5.40266853213366e-05 0.0021583259515803553
-1469 1.119251921074421e-05 0.0021544625779782527
-1467 -2.3045517608010896e-05 0.002128088989076758
-1465 3.8961219237651574e-05 0.002174467316191258
-1463 6.736067483356425e-06 0.0022501865137868767
-1461 1.205826865714841e-05 0.0022546487243628225
-1459 3.904751192843368e-05 0.002242903406383447
-1457 4.7121169744420036e-05 0.0022081024575617823
-1455 4.361383089560179e-05 0.002201321674326094
-1453 4.537987598906368e-05 0.0021916177672405912
-1451 -6.294401640599386e-05 0.002225016475994616
-1449 -3.7288627087124225e-05 0.002198442234528073
-1447 -3.049937894569648e-05 0.0022251472698671744
-1445 1.4511708888852736e-05 0.002237407740192988
-1443 2.7376925360957955e-05 0.0022061346540118497
-1441 4.4981803470637674e-05 0.0022329579424898707
-1439 -1.8019854351439124e-05 0.002210182863464484
-1437 -6.6875959853411335e-06 0.0022133578100368726
-1435 1.527710526825477e-05 0.0022205038780299196
-1433 3.168050523226745e-05 0.0022346696037168607
-1431 -1.724609454623451e-05 0.002243341417977429
-1429 3.584221848295662e-05 0.002249593667857887
-1427 3.0259099405025108e-05 0.0022533566140566833
-1425 6.649467287275979e-05 0.002231084438351152
-1423 9.313563263868148e-06 0.0022327330443883096
-1421 2.8895720357113397e-05 0.002226396121904704
-1419 3.5508161106546533e-06 0.0022574515441992735
-1417 4.3187572301331656e-06 0.0022400597418879
-1415 1.277992817812081e-05 0.0021956594716837936
-1413 5.1871259493068985e-06 0.0022860401735622163
-1411 4.365039668779155e-05 0.0022556096703711588
-1409 1.7343818411811502e-06 0.00225808913856144
-1407 7.2178680961709095e-06 0.002250784320242803
-1405 3.2081771965067235e-05 0.0022460493591588146
-1403 3.6051093725945907e-05 0.002260667443088973
-1401 9.50581150635929e-06 0.0022314787193518444
-1399 -2.133765474110901e-05 0.002286788612167139
-1397 -3.356050853588277e-05 0.0022732581855545134
-1395 5.541183690074649e-06 0.0023064369341313272
-1393 3.2524361680407075e-05 0.0022777451116077177
-1391 2.170981174335782e-05 0.0022896364637612805
-1389 2.7522826850981535e-05 0.0022753312816636163
-1387 1.0600871028037629e-05 0.002203465622445226
-1385 -2.3820331127147707e-05 0.0022661156355606644
-1383 -5.450208406379035e-06 0.0023446780528867993
-1381 3.219711977071478e-06 0.002322080117776446
-1379 2.238738036945282e-05 0.002287519942141675
-1377 -2.747936100237074e-07 0.002314416738954115
-1375 1.5924130239183864e-05 0.0022964179754387877
-1373 -6.19693133880316e-06 0.002337036669263465
-1371 -2.1740578642009733e-05 0.0023209974435585605
-1369 -1.3376184136075152e-05 0.0023507486992654395
-1367 9.786233978136908e-06 0.0023400362288455616
-1365 1.547628361105377e-05 0.0023375078179149267
-1363 -1.3915338487396845e-05 0.00233033109746011
-1361 3.3630775864992575e-05 0.002376306858400358
-1359 3.1388112283293196e-05 0.002305127443859588
-1357 -1.0216864677049402e-05 0.002295831805393766
-1355 -1.1156174909653479e-05 0.002392676940788289
-1353 1.3051200048522995e-05 0.0023760255156282154
-1351 9.297990944687436e-06 0.0023499371416393663
-1349 6.176881827702591e-06 0.0023668742110460276
-1347 3.441053255345322e-05 0.0023973440198711412
-1345 3.064245410461665e-05 0.002381878010845403
-1343 2.652568343922175e-07 0.002361089431692631
-1341 4.593069310672131e-06 0.0023893546017650816
-1339 -1.906819806084669e-05 0.0023827002239922295
-1337 -2.3412198017712188e-05 0.002347363723492319
-1335 -3.0274000901387416e-06 0.0023681069331608156
-1333 3.638904732909101e-06 0.0023957670148672945
-1331 -8.660354443657233e-06 0.0024585661128076817
-1329 9.452759636393344e-06 0.00238466969943114
-1327 4.233099392942109e-05 0.0023883759309827946
-1325 -1.370116682869071e-05 0.00238987539327883
-1323 3.434228841900561e-05 0.0023741473634988413
-1321 9.164028721735096e-06 0.0023739577533836206
-1319 -1.4993884462138511e-05 0.0023902357137766087
-1317 -1.0687019138129027e-05 0.0024441422233567444
-1315 1.7850370819271184e-05 0.002467341145540557
-1313 -1.5894879690372074e-05 0.0024209639719534573
-1311 -1.2208330557457982e-05 0.0024427497724303256
-1309 1.833116971467323e-05 0.0024763830537200436
-1307 -7.27959194229078e-07 0.002499054976812164
-1305 2.4108289774214427e-05 0.002464976780836644
-1303 1.8118338130680395e-06 0.002476783911791638
-1301 -1.208401940051014e-05 0.002461891989908786
-1299 -2.114003033155302e-05 0.002440900105165081
-1297 1.178578910994703e-05 0.0024331128586688342
-1295 3.784469716221342e-06 0.002466906819675969
-1293 -1.821706333786322e-05 0.0024835337535114195
-1291 -2.7270376910499273e-05 0.0024749257568212847
-1289 -8.218339877719229e-06 0.0024672432541478083
-1287 8.458010789135101e-07 0.002436340865754468
-1285 -1.1453241837053601e-05 0.002423211231811391
-1283 3.838049143454212e-05 0.0024894839342023594
-1281 4.775497474644571e-05 0.002480010779369039
-1279 2.45277477853464e-05 0.002494477919834735
-1277 1.887260908398046e-05 0.0024926416179040624
-1275 5.087308678105471e-05 0.002465956724598471
-1273 6.082750888480829e-06 0.0025476261778316117
-1271 -3.94572486788652e-06 0.0024835717087144673
-1269 -1.0559291456525574e-05 0.002479275717182713
-1267 1.074965691239235e-05 0.0024690618870071715
-1265 -2.14811697956391e-05 0.0024640746845121567
-1263 -4.091159796487299e-05 0.0024464566447820234
-1261 1.887010290206302e-05 0.0025089203366506726
-1259 -4.3490209565565265e-05 0.002514937140392906
-1257 -1.57666344289968e-05 0.002502630551903408
-1255 1.045303357004244e-05 0.0025329697326918125
-1253 7.924398209842766e-06 0.002574850694918764
-1251 2.7601871802442363e-05 0.0025986532374420285
-1249 -1.200474372417766e-05 0.00257721249073382
-1247 -1.3337064721984006e-05 0.002573722504920845
-1245 2.2121486901210455e-05 0.0025043651285009193
-1243 -2.5565273334252757e-05 0.0025811882465588036
-1241 -6.8801115509001e-05 0.002592325510192108
-1239 -2.7309395907877878e-05 0.0025683480336822634
-1237 -1.8629918323648408e-05 0.002603290023831216
-1235 -1.723947198524048e-05 0.002606191023448794
-1233 -2.7342231039558975e-06 0.002613920561423108
-1231 5.6353813257714536e-05 0.002556820928858193
-1229 -1.6472584134469098e-05 0.0025655069162936702
-1227 2.900827182850175e-05 0.00263495038886865
-1225 2.8432966358626283e-05 0.0026107819727220725
-1223 -1.2816735223905053e-07 0.0026154026440955323
-1221 -5.575085058202235e-06 0.002653663635920555
-1219 -3.928767415717424e-06 0.002646110225482679
-1217 8.28249179192748e-07 0.002594745596498245
-1215 1.2646849030200682e-05 0.0025748720998839876
-1213 -1.1573467603281155e-05 0.0026214738306899075
-1211 1.0341956868148201e-05 0.002646212428224813
-1209 4.261680476958462e-05 0.002672717766487919
-1207 -6.774612398792662e-06 0.00271058224397147
-1205 4.703631217014228e-05 0.002647408454228405
-1203 -2.3243290597749915e-05 0.002703335703175414
-1201 -1.3507425209721126e-05 0.002655220030548808
-1199 2.2926408643231846e-05 0.002660419782114605
-1197 -3.6789310589068505e-05 0.0027128809321411685
-1195 -2.3595002822940144e-06 0.0026781699934043507
-1193 1.977256629703491e-05 0.0026370220108092018
-1191 -9.440958586904923e-06 0.002652631629984266
-1189 4.29045299768092e-05 0.0027209211684209407
-1187 4.059208438330607e-05 0.0027131216547973103
-1185 1.3717764770921115e-05 0.0026534102333984747
-1183 -2.6030607509845323e-05 0.002668524193736004
-1181 -5.525382356261975e-05 0.0026716149156343887
-1179 6.960508927731038e-05 0.002714260809458443
-1177 4.05830154234723e-05 0.0027133689264575533
-1175 -1.2857518983986655e-05 0.002671256477867901
-1173 1.5213166751236898e-05 0.0026913862455435764
-1171 1.975293084595136e-06 0.002754730683853705
-1169 4.054935306425353e-05 0.0027477500445609792
-1167 3.6516140684843184e-05 0.002691625580659758
-1165 1.9126022091865717e-05 0.0027085237081928885
-1163 -2.514136183942861e-06 0.0027181782465310485
-1161 -3.3393433677983245e-05 0.0027093431035090467
-1159 6.462222210712996e-05 0.0027244707358109834
-1157 3.359405172142407e-05 0.0027554817403354945
-1155 2.2597453210592848e-05 0.0027686209936557127
-1153 9.248001785172604e-06 0.0027738657288199214
-1151 3.8204066053376204e-05 0.0028033293079890156
-1149 -2.2604575359759774e-05 0.0028107182714227777
-1147 1.3153627156488605e-05 0.002763746987244262
-1145 -3.289867528625597e-05 0.0027846968312633886
-1143 2.3438178212375075e-05 0.002834019826846136
-1141 6.822192358537163e-05 0.0027669740671575423
-1139 3.862407901118897e-05 0.0028021006716149495
-1137 1.7694139929949603e-05 0.002792907813932582
-1135 -9.352523986692565e-06 0.0027880125072808283
-1133 -3.6312675007906836e-05 0.002801712044515007
-1131 2.2792208329835812e-05 0.002822364458820514
-1129 3.8363395874745615e-05 0.002845151102400997
-1127 7.960485310635866e-06 0.002812769213421765
-1125 2.6484855796679334e-05 0.002783951797086463
-1123 -2.001483306802264e-05 0.002819902311820738
-1121 2.6757451984860097e-05 0.0028477256472376343
-1119 4.2945182548641876e-05 0.0028215112558137444
-1117 2.8398467313763452e-05 0.002781774254412926
-1115 6.200685748523217e-05 0.0028172926108628663
-1113 -3.831891994575112e-05 0.0028750642965155774
-1111 2.224876529222446e-05 0.0028952780771806037
-1109 2.0300985609182118e-05 0.002883788208462875
-1107 -2.5506544483128993e-05 0.0028448220819208584
-1105 1.4617071333772967e-06 0.0029196096716548534
-1103 2.0883304773382146e-05 0.0029269532557149322
-1101 -1.0979925439322613e-05 0.002932084348588276
-1099 1.6763117795592076e-05 0.002961499531579136
-1097 -2.1982253955335392e-05 0.0029073974377209462
-1095 -2.0521458323679673e-05 0.002932372252011067
-1093 5.744754670399505e-07 0.0028876409358523157
-1091 -4.412425158616323e-06 0.0028896664090480493
-1089 -3.623878723307894e-05 0.002922281972149145
-1087 -1.4135290253623643e-05 0.0029807083575726315
-1085 -4.0298434357735556e-05 0.0029768482550337817
-1083 2.018825132673883e-05 0.002930720320094172
-1081 7.768253929071933e-06 0.002960401183537003
-1079 -7.0966115330836e-06 0.00295825663823423
-1077 3.7100708012339976e-06 0.0029250120852726573
-1075 4.021315379257839e-05 0.0029282025328406566
-1073 -1.5979872276746768e-05 0.0029269635995258624
-1071 2.9144326580658476e-06 0.0029637931036192544
-1069 1.3908692035049079e-05 0.0029822689770958866
-1067 2.467628817095292e-05 0.0029550204068087243
-1065 -1.1292763969097066e-05 0.00298584109586779
-1063 -6.566304166509731e-06 0.002996335218591481
-1061 2.056684484934446e-05 0.003020154734787651
-1059 3.195164957224585e-05 0.0030139443989557176
-1057 2.530458028475013e-05 0.0030511136014403526
-1055 1.6007691846041827e-06 0.003028180109163351
-1053 -7.18173939025465e-06 0.0030738439322254897
-1051 -5.797169614795999e-05 0.0030401656563109974
-1049 1.9412162030263264e-07 0.0029974847415728846
-1047 2.1014680175884066e-05 0.0030892343649307676
-1045 -3.2821654900897065e-05 0.0031269777900731497
-1043 -2.5164161253397877e-05 0.003084450232242092
-1041 -4.637182444084058e-05 0.003035209255847913
-1039 -1.7454807799385457e-05 0.0030824056960790857
-1037 2.5167158906674343e-05 0.0030535958891864013
-1035 -1.61780334087786e-05 0.0030707421854602925
-1033 -3.686786887920859e-05 0.00306266707101699
-1031 1.0492521698778084e-05 0.0030614193582448996
-1029 6.09231060393998e-06 0.0030938751392087195
-1027 5.316741397744927e-05 0.0031375387124947846
-1025 -2.5340558458509127e-05 0.003147566170678392
-1023 -3.1544191731363586e-07 0.0030719288852384965
-1021 -2.17331825529071e-06 0.003115245061516631
-1019 -1.4396347513589718e-05 0.0030990724174121413
-1017 1.2705070583181496e-05 0.0031206806096977634
-1015 6.271392319862203e-06 0.003191015841849301
-1013 2.8683157512364865e-05 0.003119541247434086
-1011 -5.822801714804283e-06 0.003104767409279147
-1009 -1.1306115782729705e-05 0.00318310949716838
-1007 2.8249175618351306e-05 0.0031695105576122996
-1005 4.055291379940535e-06 0.003193702365535293
-1003 -2.744709079824529e-05 0.0031965844775698666
-1001 1.2385856153693257e-05 0.0031605618197860044
-999 -2.881490705231628e-05 0.003225192934375473
-997 3.4411874416185665e-05 0.003178757874054083
-995 1.543415654488757e-05 0.0032314814977549284
-993 -5.3406855522560235e-05 0.0032072063547827303
-991 -3.163283550195019e-05 0.0032095423861837205
-989 2.467858532714077e-05 0.003201198416836372
-987 -2.033824916256998e-05 0.003196447146682943
-985 -3.693473209400179e-05 0.0032265439462336645
-983 -2.0286848765182773e-05 0.0032013975643509474
-981 5.529899794014045e-07 0.003248965956965795
-979 1.166728815708981e-05 0.003238401367018357
-977 5.490578972915993e-06 0.0032381523648061386
-975 -1.977729624126855e-05 0.003275004403892727
-973 1.1812791268316055e-05 0.003293984393910591
-971 3.351192186833312e-05 0.0032900086356535017
-969 9.616639417813718e-05 0.0032678567359238756
-967 6.731244688368897e-05 0.003302731494247194
-965 -4.994044172423774e-05 0.0032511718604653615
-963 -3.999315643522208e-06 0.0033138746705567834
-961 -6.218190960383818e-06 0.0033176969999184343
-959 1.5549175811105155e-05 0.0033539757295010975
-957 -3.637537258295423e-06 0.0033134034145376333
-955 1.9377842175950855e-05 0.0033003642030408724
-953 -4.8927424930444755e-05 0.0033382403664923366
-951 6.608129053011282e-05 0.0033738694216452125
-949 3.346608887681443e-05 0.0033561689085654925
-947 2.0339098632620913e-05 0.0033880528379658503
-945 1.685874448746784e-05 0.0033443357126374026
-943 2.7744651420766915e-06 0.0033884650018012144
-941 -4.2542511477631584e-05 0.003361456460308096
-939 -2.005361517104234e-05 0.003428833822335558
-937 2.9886683950550226e-05 0.003446563640714002
-935 4.850095635132418e-05 0.003418088162436215
-933 -1.2280418164975656e-05 0.003398078614955717
-931 -1.1881174833759768e-05 0.003421863290670192
-929 -4.697434097134926e-06 0.0034459748290073624
-927 -1.4594548746972473e-05 0.003440908502712235
-925 1.7710502353364532e-05 0.003445636928876764
-923 1.6467970104305013e-05 0.003471262259567453
-921 1.0935629314957272e-05 0.0034750570108486724
-919 -3.949714136324407e-05 0.003475013633476193
-917 3.646868709485203e-05 0.0034493381199667745
-915 2.6042798994237948e-05 0.0034929963001039213
-913 8.96136881283788e-06 0.003474677784972713
-911 -5.1429576368832874e-06 0.003514331200446996
-909 2.1992270746001026e-05 0.0035144565171116374
-907 -1.9116305535210967e-05 0.003509916616097991
-905 -1.2945079107167178e-05 0.0035293822538244217
-903 -3.965276833610639e-05 0.0035106711629344983
-901 -7.695489227288207e-06 0.0035348299507238752
-899 2.0677165797213092e-05 0.0035417517528309977
-897 -3.7759918143988195e-05 0.00354776624198095
-895 4.174264845818161e-05 0.003573878408968294
-893 3.278015606969306e-05 0.0035760954756873906
-891 2.003389630916933e-05 0.0035852278400112284
-889 9.431307209131738e-06 0.00361254240807308
-887 1.0502614126470454e-05 0.0036330370722725564
-885 2.2043189650142987e-05 0.003605136615746258
-883 2.196124129078591e-05 0.003615858206076605
-881 -1.3255119158482756e-05 0.003635981807311965
-879 -4.944317552557673e-05 0.003634779577853578
-877 -3.3263203375479214e-05 0.0036595151901826777
-875 -1.2749535220818948e-05 0.0037461765107149824
-873 -3.0870808193074714e-05 0.0036892127602378122
-871 -3.116284172752907e-05 0.0036685391561384743
-869 2.9479062633576504e-05 0.003717157899141831
-867 -1.5541338847838347e-06 0.0037264980000207906
-865 2.3975773352709393e-05 0.0037225864307860084
-863 7.4084981936690815e-06 0.0036728618818507638
-861 2.0100149313610267e-05 0.0036813778914623644
-859 4.209723213342332e-05 0.00375260267762036
-857 2.6279021399651853e-05 0.0037421850172500233
-855 -4.5605102311565634e-05 0.0036862290318213724
-853 -1.037496287810942e-05 0.003712634305573606
-851 -7.38365560412923e-06 0.0037144565171617493
-849 2.130839800545856e-05 0.003768393124684535
-847 -1.4352597320526992e-05 0.003743087366375766
-845 -3.491565550731249e-05 0.003735295733962891
-843 -2.537692594226815e-05 0.0037876849178870423
-841 -1.4118041188758123e-06 0.003755270183409729
-839 -4.1009620839666e-05 0.0037901660449247837
-837 -2.794698104962998e-05 0.0038435803203531595
-835 -2.6629126176873046e-05 0.0038566703159816466
-833 -5.1705258497824195e-06 0.003837144051077412
-831 2.597344400374814e-05 0.0038347573856122997
-829 1.8267174074783017e-05 0.0038182198229676596
-827 2.0881352429420552e-05 0.003865623006648564
-825 6.607336263700874e-06 0.003821586671022657
-823 2.587418492175681e-05 0.0039051249239372096
-821 -2.5563288743886784e-05 0.0038428051139242163
-819 4.4629950733833405e-07 0.0038744174945618123
-817 3.271720265239783e-06 0.003854238424944252
-815 -2.031596680520398e-06 0.0039316576648443105
-813 -1.181001541750093e-05 0.003915338074956504
-811 7.537694158101103e-06 0.003970648338974926
-809 2.222464250028855e-06 0.003919832436748536
-807 3.440006237357044e-05 0.003907894700588054
-805 -1.6743379376303645e-05 0.003899285900361736
-803 4.704348144804439e-07 0.003956601015716207
-801 -8.611431018825024e-06 0.003997509254376627
-799 1.317893001283394e-05 0.003968108217060442
-797 2.9895311804065573e-05 0.004025831041487093
-795 4.899339720510541e-06 0.004044077244154502
-793 -1.0807862060232833e-05 0.004042528619310815
-791 -3.2916297749898975e-06 0.004034146895225253
-789 2.353587337871453e-05 0.004024568851943467
-787 -2.7555829633864886e-05 0.003994865698274215
-785 -1.4543821983841323e-05 0.0040524683432637855
-783 -6.105404421537262e-05 0.00406430850687075
-781 -1.7113484004282796e-05 0.004092627678368252
-779 4.7857965524793675e-06 0.004064385469509962
-777 -4.1333289973313975e-05 0.0040810065341258025
-775 -6.468220237445141e-06 0.004134023069470286
-773 8.352770528139226e-06 0.0041536466167019104
-771 -4.977609072602695e-05 0.0041312865752272335
-769 -9.695723315825822e-08 0.004156578871358818
-767 -4.2633864046019165e-05 0.004138885156013468
-765 1.2380886984451683e-05 0.004193666919883811
-763 -1.0983747431620326e-05 0.004152429869131286
-761 -7.778661773240339e-06 0.004168460105806084
-759 1.0430419385918891e-05 0.004182558611065131
-757 1.2562836815299196e-06 0.004248810246667134
-755 1.215725736432251e-05 0.0042676448045421795
-753 -2.346618558313528e-05 0.004199514336871545
-751 4.620021263808531e-05 0.00421376352721292
-749 1.4809684665967221e-05 0.004239700511367972
-747 -3.490864926259624e-06 0.004219219256943425
-745 -2.049397738959424e-05 0.004322182606457366
-743 1.121026609119503e-05 0.004316673436667052
-741 -5.299575483165087e-06 0.004287905571090866
-739 1.9289353741591247e-05 0.004328850697441538
-737 1.8047842879933437e-05 0.004333088786657957
-735 -2.1165208283206767e-05 0.004348118951315833
-733 1.0525935213283343e-05 0.004347914159888871
-731 -4.703050975917027e-05 0.004337124160876921
-729 -5.3942865129352826e-05 0.004372461008711226
-727 2.805001553528367e-05 0.004395171640542166
-725 -2.3618857383449522e-05 0.004369801347600039
-723 -2.9005439300333822e-05 0.004376742125136828
-721 1.8851235780689372e-05 0.004425580968801417
-719 -3.827977177005312e-05 0.004464242985458053
-717 3.6185338611955756e-05 0.004459539715933021
-715 9.840551724494478e-06 0.00446200136809062
-713 -3.940036925363897e-05 0.004452625330870176
-711 3.0458363496694616e-05 0.004474614794445427
-709 -4.523738665613885e-06 0.004483317358201309
-707 -4.926181230468299e-05 0.004514427451796919
-705 -1.0641967955329546e-05 0.004537330392050075
-703 2.8618624163244753e-05 0.004506630368639682
-701 1.2811256726321376e-05 0.004519669966194558
-699 -4.840901959319092e-05 0.004540348167171278
-697 2.701572791963664e-06 0.004557379371590942
-695 1.5370393004876042e-05 0.0045773924892253265
-693 -4.491978414099704e-05 0.004568563821392152
-691 1.0337102163882635e-06 0.004642353155837321
-689 -4.3259828439390515e-06 0.004610965486340867
-687 -2.6363000297913327e-05 0.004639165118052339
-685 -2.2226902201985253e-05 0.004653221073253092
-683 -5.541040486268541e-05 0.0046869400637054035
-681 -1.173682916028151e-05 0.004722815626402313
-679 -2.5912256037804235e-05 0.004738657300370735
-677 -3.328338193886809e-05 0.004700507529851611
-675 -4.395414583936381e-05 0.0046884054956397355
-673 -2.3589928887109758e-05 0.004703611880552896
-671 -3.181263045014337e-05 0.0047865789596526894
-669 -6.200352463374975e-06 0.004735697392938096
-667 -5.2316260063193974e-05 0.004752468002634895
-665 -4.671448824877405e-05 0.004808287338108309
-663 -2.880208990525132e-05 0.004801960847477185
-661 -1.3175754218245809e-05 0.004792438670170289
-659 2.4043003402843965e-05 0.004854985840797828
-657 3.6995399552163525e-05 0.004886802326194914
-655 4.538797509385319e-05 0.004903365173284264
-653 2.5779777529829975e-05 0.0049132505924732875
-651 3.989803648722889e-05 0.004935686617428038
-649 3.636683935196473e-05 0.004953794719394707
-647 -6.981452917703152e-06 0.004913882310232752
-645 1.1097252740366588e-05 0.004956943850611957
-643 -2.1619013007653793e-05 0.004956844575456504
-641 -1.612827976586286e-05 0.004926972705498599
-639 -5.9161802523170366e-05 0.004955394930359225
-637 3.60349633418386e-05 0.004978469476299921
-635 -4.780333832422411e-06 0.005047929863788543
-633 -3.245213128750938e-05 0.0050587658836231866
-631 4.449550180298755e-05 0.0050418488202657145
-629 -7.884463576819058e-06 0.00506103708047231
-627 -6.220844882189714e-05 0.005095341203103069
-625 5.661338115171114e-07 0.0051109281982154855
-623 -1.5984804105675653e-07 0.005150749233487215
-621 8.471229093458644e-06 0.005124065359740671
-619 -1.0068229208365716e-06 0.005160554707891612
-617 1.7798093879333216e-05 0.005149561632029634
-615 -9.476862899186007e-05 0.005130279394619799
-613 -7.920869068915257e-06 0.005194112602182412
-611 -5.334452556877223e-05 0.005238686130938343
-609 -1.9150921112006583e-05 0.0051920845560898985
-607 -3.966292517613172e-05 0.005229506185652781
-605 -5.4495146305757696e-05 0.005264366402690597
-603 -1.1485002468101933e-05 0.005315466201464033
-601 1.3866517074147614e-05 0.00533714598470629
-599 -8.089758700319179e-06 0.005302550475463979
-597 -1.2779531686486793e-05 0.005319321940909763
-595 -3.669376238440251e-06 0.005431799086875878
-593 2.4102311440532632e-05 0.005349083796846373
-591 8.866505806380144e-06 0.0053582180929137675
-589 -2.2295450144642595e-05 0.005416343086488714
-587 -1.770592389102021e-05 0.005394737227792282
-585 -4.0860184531563e-06 0.005452206128266825
-583 3.588879251963511e-05 0.0054330297061635025
-581 -4.7831763982662015e-05 0.005482027006031336
-579 -1.9193451380025917e-05 0.005508841353838281
-577 -6.661653549447694e-05 0.005508276397890666
-575 -7.542957182528666e-06 0.00553627840526731
-573 -8.491500111900999e-06 0.0055280191018054325
-571 2.221364007253287e-05 0.005545743088385233
-569 1.155255032407002e-05 0.005548769356846707
-567 5.060814965107137e-06 0.005583879951894496
-565 2.5648389618494988e-05 0.005599324214208538
-563 2.15326735893198e-05 0.0056524379065241
-561 6.406414549089938e-06 0.005711147571236027
-559 5.783674669546674e-05 0.005691751220929889
-557 -5.593482690674284e-06 0.005711638757463432
-555 2.283589127439471e-05 0.005727862161293
-553 -2.5474463738934613e-05 0.0057749640887894745
-551 -2.5341753162646294e-05 0.0057642717943573365
-549 -1.2398602622816071e-05 0.005824323728379032
-547 2.7146583824999762e-05 0.005811095945675031
-545 -2.8146537972921823e-05 0.005851180881016947
-543 -2.4723177789964486e-05 0.005825424364933635
-541 -3.221108461984378e-05 0.005882873336947777
-539 1.9839040700649994e-05 0.005927463476721593
-537 1.911214318727373e-05 0.005929210896280829
-535 4.144195937644235e-05 0.005987029587940584
-533 -1.6160940349669752e-06 0.005997361747662144
-531 1.519017523810063e-05 0.0059676447158055505
-529 2.8495411946795117e-05 0.00604527339946632
-527 1.3661866473370753e-05 0.006041776685480045
-525 3.2013970661474266e-06 0.0060124020328150675
-523 3.456576471657897e-05 0.006073369268590947
-521 2.3824644561672293e-05 0.006065344080358056
-519 2.2959068393152142e-05 0.006104250167433521
-517 -5.910899649675019e-05 0.006212547093766934
-515 -7.558779887382238e-06 0.006192600941671299
-513 -6.546554514872999e-05 0.006218695766334255
-511 -4.0605322420421696e-05 0.006194661110465097
-509 -4.947230080806523e-06 0.006250381867695241
-507 2.2800024148051243e-05 0.006263306939949333
-505 1.7044832828073637e-05 0.006353533139858809
-503 2.6601842346022664e-05 0.006333811695085388
-501 -5.932989383005522e-06 0.0064144909076056965
-499 1.600320925165721e-05 0.0064162149932700165
-497 -4.2593426053868655e-05 0.006420018654167884
-495 7.608583426460708e-06 0.006376716271052265
-493 -1.6943219526462113e-05 0.006425858757348776
-491 9.37857974184547e-06 0.006478833841393239
-489 -6.351598184346467e-06 0.0064739080188769265
-487 2.968124834496022e-05 0.006547690116977444
-485 -4.589956324187442e-05 0.006601834179350016
-483 -3.00193852694313e-06 0.006526246210648784
-481 2.5142179113398285e-05 0.006591072872502589
-479 1.1998012950578946e-05 0.006689732315801309
-477 -7.577001998302554e-06 0.006675143280321103
-475 1.9053116869570728e-05 0.006738403509877498
-473 -4.548004491065827e-05 0.006727738414407119
-471 2.2984796336992837e-05 0.006767798604457663
-469 2.479274190005332e-06 0.006786654081711977
-467 2.387279444651001e-05 0.006890922460542958
-465 2.4500866956111795e-05 0.006840372122457736
-463 -5.755249287262842e-06 0.006864745655594138
-461 2.3053661556704926e-05 0.006896233544335249
-459 3.771781126431496e-05 0.006939360777571615
-457 2.4627957940519145e-05 0.006986425100946715
-455 1.6700116785338378e-06 0.00696568127854895
-453 -2.9236075219108644e-05 0.007040291125831513
-451 4.742837230290687e-05 0.007048577055170763
-449 -1.752090809738158e-05 0.007133795726687264
-447 2.5495046140521944e-05 0.0071450809452325405
-445 1.0095959885199714e-06 0.007126040992973588
-443 -7.469434130616894e-05 0.007187223000488406
-441 -3.568496908874948e-05 0.00723408794983728
-439 -5.805104454737373e-05 0.007232799296226691
-437 3.155987802096647e-05 0.007288560658568599
-435 -2.697443429889357e-05 0.007353875620070926
-433 -3.853798601219637e-05 0.00738350843134616
-431 1.6398023636128985e-05 0.007350339914162129
-429 1.9275096320699827e-05 0.007430029938517581
-427 2.9413791619681974e-05 0.007453694569856853
-425 -3.747923947690723e-05 0.007489232623928419
-423 -8.820136629627317e-06 0.007580549541693338
-421 -2.280804260329872e-05 0.00761547425122189
-419 -7.286201863626687e-05 0.00765486333097581
-417 -6.30973490030651e-05 0.007684209381558543
-415 -7.182636357894012e-06 0.00766713583886022
-413 -1.6417431835843325e-05 0.007737944779382815
-411 -4.916905771736323e-06 0.007761245397920461
-409 -4.851368825875854e-05 0.007777408322004224
-407 -5.571247337902854e-05 0.00784125031759164
-405 -3.933305558239643e-05 0.007877565531794358
-403 5.749156195355307e-06 0.007861643426765005
-401 2.6134367427956645e-05 0.007934836126048162
-399 -3.3487186386250895e-05 0.007979636327652037
-397 5.43878648687496e-05 0.00795706539651405
-395 4.743578456084135e-05 0.008044828248569058
-393 9.544149670530712e-06 0.008058730248907568
-391 -9.530235523714225e-06 0.008116441483633883
-389 4.308641611529133e-06 0.008160794483407096
-387 4.009584703110201e-05 0.008173501111382006
-385 3.9903098351934155e-05 0.008279821661579265
-383 1.633337662164742e-05 0.008348035673196412
-381 -5.672014661757286e-05 0.008375141513008574
-379 -7.901963136736988e-06 0.008441169836375549
-377 4.401544772909569e-05 0.008462305733984663
-375 -1.7630405013211414e-05 0.008470378019911632
-373 -5.605463127005485e-06 0.008542030777256925
-371 5.766069077792029e-05 0.008587912745976105
-369 1.0094116465297701e-06 0.008608723584453234
-367 1.3878578295440284e-05 0.008671166064658052
-365 -2.139615600624446e-06 0.008746442973400045
-363 3.768400222106777e-05 0.008699698551975282
-361 1.5233064766207271e-05 0.008777082624820623
-359 -2.7049915103727012e-05 0.008854442467506217
-357 -3.651424300727791e-05 0.008924884976126023
-355 -3.335574377473051e-05 0.009036888383956276
-353 3.346780298229251e-05 0.008998178574772784
-351 -1.576749460367055e-05 0.009125131697673624
-349 4.11150360505995e-05 0.009142249684498633
-347 2.359895952585124e-06 0.009195245134654062
-345 -1.1373763171394801e-05 0.00921925830032148
-343 5.622963501514183e-06 0.009260899185559434
-341 3.1558587834642045e-05 0.009336072429031837
-339 3.720191978374195e-05 0.009327572887377168
-337 -3.0812016977794356e-05 0.009457417381516729
-335 -8.70857686572515e-06 0.009493644303939324
-333 -3.213265933204852e-05 0.009540333484423305
-331 -5.8014527449773274e-05 0.0095910087187908
-329 -3.877620021210015e-05 0.009723582472781765
-327 -1.4595380134050148e-05 0.009760721761315016
-325 -7.054682197726133e-05 0.009803516197292122
-323 -2.946992594142792e-05 0.009907059317656616
-321 2.5860009364422062e-05 0.009941410055742802
-319 2.6649798786309245e-05 0.009928016530311612
-317 3.521587228422572e-05 0.010069353674100175
-315 -1.0178431708464583e-05 0.010132399181866631
-313 3.994018699414555e-05 0.010236310948564194
-311 -6.284565367756938e-06 0.010236986821536077
-309 -7.43118188810275e-06 0.010275769327675864
-307 -4.614383269161461e-05 0.01039822977600975
-305 -5.235045650342306e-05 0.010449062125053813
-303 -3.988350122540791e-05 0.010515749263036094
-301 -5.084010060915997e-06 0.010578838207721325
-299 5.699397080153336e-05 0.010644740620015027
-297 1.2056669875914197e-05 0.010667478088772908
-295 1.3537619943324895e-05 0.010838862975895227
-293 2.3091933144431083e-06 0.010851498429406492
-291 1.5866646870092766e-05 0.010968703049316651
-289 3.2309231065533615e-05 0.011047965399368113
-287 1.8728210775896436e-05 0.011157505030196524
-285 4.40402974819692e-05 0.011200228923501731
-283 -1.6600620401064764e-05 0.011246627491587195
-281 2.0302158849349855e-06 0.011308546245190459
-279 -1.311273125737411e-05 0.011404620288681657
-277 -1.1113559364734866e-05 0.011520786172482218
-275 1.757256964558461e-05 0.011593100000344761
-273 -1.7238592745022905e-07 0.01168600861625677
-271 9.462172527703014e-06 0.011741274267058559
-269 7.599594694087311e-06 0.011811952872335135
-267 -1.925808570794243e-05 0.011904555775575873
-265 2.9236492592636775e-06 0.012015810062762006
-263 4.315427830276798e-05 0.012080248408284892
-261 1.3092707106690071e-05 0.012160250246577676
-259 1.5549637092984806e-05 0.012239357206933432
-257 -1.8049805105820227e-05 0.012329558248349365
-255 2.745801174324042e-06 0.012448322790028665
-253 4.9722493977987376e-05 0.0125327737949074
-251 2.0747647221625452e-05 0.012675278543526241
-249 -4.018443872658903e-05 0.012798592408970024
-247 -1.3680708072551965e-05 0.012879943375964655
-245 -4.329499132336736e-05 0.012949122862014094
-243 -4.1799678914583796e-05 0.013125319186931736
-241 -1.4665871695842525e-05 0.013237900633733353
-239 -3.225249386144912e-05 0.013307792832874737
-237 1.2983167996271741e-05 0.013404929119222387
-235 -4.5665112835611355e-05 0.013510337947168848
-233 -4.358438242119521e-05 0.013616502940119917
-231 1.1730932227993023e-05 0.013824206508428452
-229 -2.6874203190065797e-05 0.013947678811984159
-227 -2.8761062519047297e-05 0.013995697102615594
-225 5.8399360684162995e-06 0.01417439003941562
-223 1.2529297540027001e-05 0.014267982524409728
-221 3.080833832032192e-05 0.014418794888868582
-219 -3.1798997726293154e-05 0.014510083788654985
-217 -1.9857576551630544e-05 0.014669826702557518
-215 -3.4388861692870646e-05 0.014769830863802787
-213 -3.973869035375631e-06 0.014956886341107771
-211 4.466949289357998e-06 0.015106103596431072
-209 -6.422370239703814e-05 0.015228966175752385
-207 2.6588019660581482e-05 0.015359672084913527
-205 1.4606894449658007e-05 0.015581557214207759
-203 4.376314788367019e-05 0.01562386414152085
-201 -6.673970528718259e-06 0.01582532013784295
-199 -3.898632713968217e-06 0.015987615171006164
-197 -2.4366691880439842e-05 0.016162431026709036
-195 1.6826864542618516e-05 0.016298346373330063
-193 -1.6269646087103712e-06 0.01656021411783385
-191 -3.2810359850205385e-05 0.01662883426031419
-189 -6.8322620486502945e-06 0.016784820368488593
-187 1.934100907697847e-05 0.017043472154882496
-185 1.3093426082777288e-05 0.01718991505688929
-183 -2.0036404600486025e-05 0.01736909818155766
-181 3.457447741199868e-05 0.01755892079335222
-179 -1.2745464848122892e-07 0.017717484635257953
-177 4.870550256167586e-05 0.01797876694336479
-175 -4.62503648728071e-06 0.018183303991938567
-173 5.021679022107352e-05 0.01839826997761027
-171 4.3206552443329526e-05 0.01860931340781875
-169 -3.076229706103828e-05 0.018754384643247794
-167 1.202185865185845e-06 0.01903170260369546
-165 6.285330897064343e-05 0.019271127138821724
-163 -1.5823664067121697e-05 0.019532817833601078
-161 1.636998052892645e-05 0.01971890081001125
-159 -4.218491069562628e-05 0.020035550198044504
-157 -3.8941815460979895e-05 0.02024696966820624
-155 5.821558500655982e-06 0.02054869350183202
-153 -3.0540497832639766e-05 0.020772743831488777
-151 -3.930132735378962e-05 0.02104343415266719
-149 2.1765884395723616e-05 0.021345321328945597
-147 4.246035835146128e-05 0.021631037590144966
-145 1.601765163896257e-06 0.021959123022247805
-143 3.4863148344048215e-05 0.02223858553356152
-141 -2.275494900067146e-06 0.022546320508748354
-139 -1.2493573180577692e-06 0.022880243071671535
-137 -1.8370052681825572e-05 0.02323056469047635
-135 -1.701836747143655e-05 0.02360451318463142
-133 9.226518454527695e-06 0.023867069152999642
-131 -1.199940203950027e-05 0.024289550177102822
-129 -8.434498681996858e-06 0.02471031231650738
-127 -1.7166960189969016e-05 0.025075105085642695
-125 -6.261351204161868e-05 0.025453207680757095
-123 2.763296207409231e-06 0.025899145739462223
-121 -7.026721634782602e-06 0.026275635088003863
-119 3.3487889145052324e-05 0.02668661342917258
-117 -3.519346934383554e-05 0.027230570976483577
-115 -5.0479191761399846e-06 0.027686398251959864
-113 -3.733578254116346e-05 0.028215444898824976
-111 4.7803316320708596e-06 0.02863506304639046
-109 -1.6387607451624284e-05 0.029137802194677764
-107 -4.7427446884652376e-05 0.029758850282751225
-105 -4.295089983751338e-05 0.030302931852112813
-103 -4.80385120586699e-07 0.030905971804297654
-101 2.7777646571067623e-05 0.03151206625667722
-99 3.5163101981762697e-06 0.03211515788566807
-97 2.0283274605294665e-06 0.0327511808472815
-95 -1.6432355288052818e-05 0.03346436371937372
-93 4.300642648674017e-05 0.03419943205337636
-91 3.17028979065012e-06 0.034981520952449545
-89 -1.8821011989139494e-05 0.03577348758610864
-87 3.579402850558833e-05 0.03655794975603182
-85 4.042669526223572e-05 0.037423773463544044
-83 -2.4191265093518777e-05 0.038335180862098195
-81 3.698114216587807e-06 0.039280463218321855
-79 -2.613555250402731e-06 0.04021857169944143
-77 -2.2754188393662283e-05 0.04131869059628929
-75 -3.198810608862882e-05 0.042340388958976294
-73 -6.990310067489309e-07 0.04355845473621861
-71 6.504898278812322e-06 0.044792811080955196
-69 -2.469138061507184e-05 0.04607469422102271
-67 -3.7707270245957526e-05 0.04742438568312554
-65 -2.5772832411511333e-05 0.048882728036330904
-63 -2.166100232673582e-06 0.05048865771070282
-61 1.2518729797910419e-05 0.05209519986238598
-59 1.0949307028373667e-05 0.053811500423302135
-57 2.0020143160828257e-06 0.055710675849230146
-55 1.2742072275819945e-05 0.057728444461969446
-53 -2.9602979447819303e-05 0.05993408990465961
-51 1.4938483989067697e-05 0.062326863487346604
-49 -3.098281428442266e-06 0.0648417026532037
-47 -2.821070620945507e-06 0.0675526628932699
-45 5.003239911792123e-05 0.07055987486145458
-43 -1.1096883736183466e-05 0.07379935146996348
-41 2.7403951234513858e-05 0.07741472028356516
-39 -6.587299812649076e-06 0.08133946635164609
-37 -5.6441270846069866e-08 0.08571745982274295
-35 4.650010035391352e-06 0.09054474886045935
-33 -1.6358506178276877e-05 0.09596225146479272
-31 -5.931663798171257e-06 0.1021460724839182
-29 3.075797231582935e-05 0.10912587783770974
-27 1.5908104688168996e-05 0.11707521320705712
-25 -3.4241821797996237e-06 0.12632392023354214
-23 3.1690031583725256e-05 0.1370962921864409
-21 3.4362290388517656e-05 0.1498698766032425
-19 -5.665747196475632e-06 0.1652530176294585
-17 -7.519862667570118e-06 0.18413199096848476
-15 -3.091864778609365e-05 0.2076652737168553
-13 -9.860963515334982e-06 0.23810370996234959
-11 2.064322957211708e-05 0.27852858354627075
-9 4.274155123681233e-05 0.3348406791345225
-7 -2.269266121860414e-05 0.4178871040425749
-5 4.4366893006073116e-06 0.5507976943501653
-3 3.5871598118388474e-06 0.7909372759738521
-1 3.890786012241937e-05 1.3265162883359236
1 3.890786012270686e-05 -1.3265162883359238
3 3.5871598118710118e-06 -0.7909372759738521
5 4.436689300622074e-06 -0.5507976943501653
7 -2.2692661218599973e-05 -0.4178871040425749
9 4.274155123681339e-05 -0.3348406791345225
11 2.064322957211408e-05 -0.27852858354627075
13 -9.860963515322819e-06 -0.23810370996234959
15 -3.091864778612979e-05 -0.2076652737168553
17 -7.519862667536271e-06 -0.18413199096848476
19 -5.665747196479437e-06 -0.1652530176294585
21 3.4362290388513725e-05 -0.1498698766032425
23 3.1690031583741424e-05 -0.13709629218644087
25 -3.4241821798163653e-06 -0.12632392023354216
27 1.590810468816975e-05 -0.11707521320705712
29 3.0757972315827655e-05 -0.10912587783770973
31 -5.93166379817071e-06 -0.10214607248391822
33 -1.6358506178279445e-05 -0.09596225146479272
35 4.650010035389644e-06 -0.09054474886045935
37 -5.644127084246913e-08 -0.08571745982274295
39 -6.587299812660778e-06 -0.08133946635164606
41 2.7403951234527543e-05 -0.07741472028356514
43 -1.1096883736177628e-05 -0.07379935146996347
45 5.0032399117925414e-05 -0.07055987486145458
47 -2.8210706209479583e-06 -0.0675526628932699
49 -3.0982814284402047e-06 -0.0648417026532037
51 1.493848398906589e-05 -0.062326863487346604
53 -2.9602979447818842e-05 -0.05993408990465961
55 1.2742072275814664e-05 -0.05772844446196944
57 2.002014316095227e-06 -0.055710675849230146
59 1.094930702837187e-05 -0.05381150042330213
61 1.2518729797912665e-05 -0.05209519986238597
63 -2.166100232666268e-06 -0.050488657710702815
65 -2.5772832411516618e-05 -0.048882728036330904
67 -3.770727024595698e-05 -0.04742438568312554
69 -2.4691380615069713e-05 -0.04607469422102271
71 6.504898278813011e-06 -0.044792811080955196
73 -6.990310067500608e-07 -0.04355845473621862
75 -3.19881060886329e-05 -0.042340388958976294
77 -2.2754188393655564e-05 -0.041318690596289266
79 -2.613555250399914e-06 -0.04021857169944127
81 3.6981142165811215e-06 -0.03928046321832198
83 -2.4191265093520597e-05 -0.03833518086209821
85 4.042669526223353e-05 -0.03742377346354405
87 3.579402850559458e-05 -0.03655794975603182
89 -1.8821011989135926e-05 -0.03577348758610865
91 3.170289790647813e-06 -0.03498152095244955
93 4.3006426486737203e-05 -0.03419943205337636
95 -1.643235528805665e-05 -0.03346436371937372
97 2.02832746053545e-06 -0.0327511808472815
99 3.516310198173532e-06 -0.032115157885668065
101 2.7777646571070127e-05 -0.03151206625667721
103 -4.803851205829263e-07 -0.03090597180429765
105 -4.2950899837508556e-05 -0.030302931852112816
107 -4.7427446884656496e-05 -0.02975885028275123
109 -1.6387607451625368e-05 -0.029137802194677764
111 4.780331632071764e-06 -0.028635063046390453
113 -3.733578254116411e-05 -0.02821544489882498
115 -5.047919176135573e-06 -0.027686398251959867
117 -3.519346934383464e-05 -0.02723057097648358
119 3.348788914503443e-05 -0.026686613429172595
121 -7.026721634769187e-06 -0.026275635088003856
123 2.7632962074048807e-06 -0.02589914573946222
125 -6.261351204161654e-05 -0.02545320768075709
127 -1.7166960189964544e-05 -0.025075105085642688
129 -8.434498681990437e-06 -0.024710312316507384
131 -1.1999402039502731e-05 -0.02428955017710282
133 9.226518454525374e-06 -0.023867069152999642
135 -1.7018367471439222e-05 -0.023604513184631408
137 -1.8370052681810254e-05 -0.023230564690476345
139 -1.2493573180679674e-06 -0.02288024307167154
141 -2.275494900080794e-06 -0.02254632050874835
143 3.486314834406831e-05 -0.022238585533561502
145 1.6017651639100924e-06 -0.02195912302224782
147 4.246035835144897e-05 -0.021631037590144977
149 2.1765884395720292e-05 -0.021345321328945586
151 -3.9301327353788345e-05 -0.02104343415266719
153 -3.054049783264341e-05 -0.02077274383148878
155 5.821558500653552e-06 -0.02054869350183202
157 -3.8941815460959993e-05 -0.02024696966820626
159 -4.218491069564075e-05 -0.02003555019804458
161 1.6369980528885945e-05 -0.019718900810011226
163 -1.5823664067107117e-05 -0.019532817833601078
165 6.285330897064455e-05 -0.019271127138821724
167 1.2021858651892636e-06 -0.019031702603695463
169 -3.0762297061036713e-05 -0.0187543846432478
171 4.3206552443334154e-05 -0.018609313407818746
173 5.021679022107192e-05 -0.01839826997761027
175 -4.625036487286097e-06 -0.018183303991938567
177 4.870550256167603e-05 -0.017978766943364793
179 -1.2745464847768155e-07 -0.017717484635257953
181 3.457447741199948e-05 -0.017558920793352223
183 -2.0036404600478693e-05 -0.017369098181557664
185 1.3093426082771946e-05 -0.01718991505688929
187 1.9341009076978525e-05 -0.0170434721548825
189 -6.832262048648087e-06 -0.016784820368488593
191 -3.2810359850204464e-05 -0.01662883426031419
193 -1.6269646087144556e-06 -0.016560214117833844
195 1.682686454261302e-05 -0.01629834637333006
197 -2.4366691880436634e-05 -0.01616243102670904
199 -3.898632713967651e-06 -0.015987615171006168
201 -6.673970528731083e-06 -0.015825320137842946
203 4.376314788368065e-05 -0.015623864141520855
205 1.460689444966038e-05 -0.015581557214207759
207 2.658801966058387e-05 -0.01535967208491352
209 -6.422370239703227e-05 -0.015228966175752383
211 4.466949289358568e-06 -0.015106103596431072
213 -3.973869035376495e-06 -0.014956886341107775
215 -3.438886169287726e-05 -0.01476983086380279
217 -1.9857576551635085e-05 -0.01466982670255752
219 -3.1798997726288235e-05 -0.014510083788654985
221 3.080833832032842e-05 -0.014418794888868583
223 1.2529297540023268e-05 -0.014267982524409735
225 5.839936068409671e-06 -0.014174390039415622
227 -2.8761062519040493e-05 -0.013995697102615593
229 -2.687420319006035e-05 -0.013947678811984164
231 1.1730932227990123e-05 -0.01382420650842845
233 -4.3584382421198544e-05 -0.013616502940119917
235 -4.5665112835608266e-05 -0.01351033794716885
237 1.2983167996274121e-05 -0.01340492911922238
239 -3.225249386147462e-05 -0.01330779283287472
241 -1.46658716958125e-05 -0.013237900633733366
243 -4.179967891458256e-05 -0.01312531918693172
245 -4.329499132337154e-05 -0.012949122862014096
247 -1.3680708072555061e-05 -0.012879943375964657
249 -4.018443872658744e-05 -0.012798592408970029
251 2.0747647221626035e-05 -0.01267527854352624
253 4.9722493977991625e-05 -0.012532773794907396
255 2.7458011743212854e-06 -0.01244832279002866
257 -1.804980510581802e-05 -0.012329558248349365
259 1.5549637092982448e-05 -0.012239357206933432
261 1.3092707106688921e-05 -0.01216025024657767
263 4.315427830276995e-05 -0.012080248408284892
265 2.923649259259572e-06 -0.01201581006276201
267 -1.9258085707946753e-05 -0.011904555775575872
269 7.599594694085549e-06 -0.011811952872335135
271 9.462172527704053e-06 -0.011741274267058555
273 -1.723859274476761e-07 -0.011686008616256773
275 1.757256964558776e-05 -0.011593100000344757
277 -1.1113559364732654e-05 -0.011520786172482223
279 -1.3112731257357116e-05 -0.011404620288681637
281 2.030215884909539e-06 -0.011308546245190449
283 -1.6600620401072123e-05 -0.011246627491587202
285 4.404029748197813e-05 -0.01120022892350174
287 1.8728210775884428e-05 -0.011157505030196526
289 3.230923106552185e-05 -0.011047965399368115
291 1.5866646870100003e-05 -0.010968703049316636
293 2.3091933144379736e-06 -0.01085149842940649
295 1.3537619943331977e-05 -0.010838862975895227
297 1.2056669875920374e-05 -0.010667478088772908
299 5.699397080153528e-05 -0.01064474062001503
301 -5.084010060917215e-06 -0.01057883820772133
303 -3.988350122540791e-05 -0.010515749263036092
305 -5.235045650343095e-05 -0.01044906212505381
307 -4.6143832691613e-05 -0.010398229776009757
309 -7.4311818881055814e-06 -0.010275769327675866
311 -6.284565367757016e-06 -0.010236986821536075
313 3.994018699414448e-05 -0.010236310948564196
315 -1.017843170845797e-05 -0.01013239918186663
317 3.5215872284217887e-05 -0.01006935367410017
319 2.6649798786277783e-05 -0.00992801653031159
321 2.586000936447665e-05 -0.009941410055742757
323 -2.9469925941419847e-05 -0.009907059317656616
325 -7.054682197725458e-05 -0.009803516197292125
327 -1.4595380134051801e-05 -0.009760721761315013
329 -3.8776200212111006e-05 -0.009723582472781761
331 -5.801452744977465e-05 -0.009591008718790798
333 -3.21326593320452e-05 -0.009540333484423309
335 -8.708576865723006e-06 -0.009493644303939324
337 -3.081201697778664e-05 -0.00945741738151673
339 3.720191978373672e-05 -0.009327572887377164
341 3.155858783463853e-05 -0.009336072429031833
343 5.622963501526246e-06 -0.009260899185559432
345 -1.1373763171392707e-05 -0.009219258300321484
347 2.3598959525865582e-06 -0.009195245134654063
349 4.111503605059682e-05 -0.009142249684498638
351 -1.5767494603675165e-05 -0.009125131697673627
353 3.346780298228484e-05 -0.00899817857477278
355 -3.3355743774731605e-05 -0.009036888383956275
357 -3.6514243007276455e-05 -0.008924884976126023
359 -2.7049915103704728e-05 -0.008854442467506182
361 1.5233064766211015e-05 -0.008777082624820626
363 3.768400222106363e-05 -0.008699698551975285
365 -2.139615600622468e-06 -0.00874644297340004
367 1.3878578295441739e-05 -0.008671166064658056
369 1.0094116465294415e-06 -0.008608723584453236
371 5.766069077792412e-05 -0.00858791274597611
373 -5.605463127004918e-06 -0.008542030777256926
375 -1.7630405013214046e-05 -0.008470378019911625
377 4.401544772909691e-05 -0.008462305733984665
379 -7.901963136737639e-06 -0.008441169836375547
381 -5.672014661757728e-05 -0.008375141513008574
383 1.6333376621646346e-05 -0.00834803567319642
385 3.990309835192679e-05 -0.008279821661579263
387 4.009584703110523e-05 -0.008173501111382006
389 4.308641611533207e-06 -0.008160794483407098
391 -9.530235523713107e-06 -0.008116441483633888
393 9.54414967053223e-06 -0.008058730248907577
395 4.743578456083802e-05 -0.00804482824856906
397 5.4387864868741056e-05 -0.007957065396514041
399 -3.348718638621154e-05 -0.007979636327652037
401 2.6134367427992072e-05 -0.007934836126048192
403 5.7491561953491e-06 -0.007861643426765012
405 -3.933305558240227e-05 -0.007877565531794358
407 -5.571247337901974e-05 -0.007841250317591638
409 -4.851368825875191e-05 -0.00777740832200422
411 -4.9169057717317155e-06 -0.007761245397920462
413 -1.641743183584935e-05 -0.007737944779382813
415 -7.182636357892025e-06 -0.007667135838860223
417 -6.309734900305831e-05 -0.007684209381558538
419 -7.286201863627271e-05 -0.007654863330975814
421 -2.2808042603290273e-05 -0.007615474251221889
423 -8.82013662962703e-06 -0.0075805495416933375
425 -3.7479239476912426e-05 -0.007489232623928421
427 2.9413791619686697e-05 -0.007453694569856853
429 1.927509632070534e-05 -0.007430029938517582
431 1.6398023636124123e-05 -0.0073503399141621305
433 -3.85379860122e-05 -0.007383508431346152
435 -2.6974434298888586e-05 -0.007353875620070915
437 3.1559878020963126e-05 -0.0072885606585685915
439 -5.805104454735415e-05 -0.007232799296226687
441 -3.568496908873162e-05 -0.007234087949837296
443 -7.469434130616932e-05 -0.007187223000488405
445 1.0095959885222558e-06 -0.00712604099297359
447 2.549504614051912e-05 -0.007145080945232536
449 -1.7520908097380266e-05 -0.007133795726687264
451 4.742837230290742e-05 -0.00704857705517077
453 -2.9236075219106994e-05 -0.007040291125831509
455 1.6700116785333389e-06 -0.006965681278548953
457 2.462795794052328e-05 -0.006986425100946713
459 3.7717811264315835e-05 -0.006939360777571609
461 2.3053661556706088e-05 -0.006896233544335248
463 -5.755249287263436e-06 -0.006864745655594137
465 2.450086695611007e-05 -0.006840372122457736
467 2.3872794446505757e-05 -0.006890922460542954
469 2.4792741900092995e-06 -0.006786654081711977
471 2.2984796336991848e-05 -0.006767798604457666
473 -4.548004491065666e-05 -0.0067277384144071245
475 1.9053116869568387e-05 -0.006738403509877497
477 -7.577001998288605e-06 -0.0066751432803211
479 1.1998012950607918e-05 -0.006689732315801338
481 2.514217911335914e-05 -0.006591072872502573
483 -3.0019385269424014e-06 -0.0065262462106487696
485 -4.589956324187235e-05 -0.006601834179350013
487 2.9681248344962168e-05 -0.006547690116977443
489 -6.351598184348188e-06 -0.006473908018876924
491 9.378579741850345e-06 -0.006478833841393237
493 -1.6943219526456912e-05 -0.006425858757348777
495 7.608583426461508e-06 -0.006376716271052261
497 -4.2593426053858484e-05 -0.006420018654167888
499 1.6003209251656583e-05 -0.0064162149932700165
501 -5.932989383010808e-06 -0.0064144909076056965
503 2.6601842346030945e-05 -0.006333811695085391
505 1.7044832828069025e-05 -0.0063535331398588135
507 2.2800024148058077e-05 -0.006263306939949333
509 -4.947230080805569e-06 -0.006250381867695243
511 -4.060532242042295e-05 -0.006194661110465093
513 -6.546554514873121e-05 -0.006218695766334256
515 -7.558779887380534e-06 -0.006192600941671303
517 -5.9108996496755206e-05 -0.006212547093766931
519 2.2959068393142368e-05 -0.006104250167433516
521 2.38246445616889e-05 -0.006065344080358057
523 3.456576471657595e-05 -0.006073369268590944
525 3.201397066145404e-06 -0.0060124020328150675
527 1.3661866473370721e-05 -0.006041776685480043
529 2.8495411946791638e-05 -0.006045273399466318
531 1.519017523810169e-05 -0.005967644715805551
533 -1.6160940349647543e-06 -0.005997361747662144
535 4.144195937644625e-05 -0.005987029587940584
537 1.9112143187279934e-05 -0.005929210896280833
539 1.9839040700651838e-05 -0.0059274634767215876
541 -3.2211084619848055e-05 -0.005882873336947778
543 -2.4723177789959628e-05 -0.0058254243649336354
545 -2.814653797292132e-05 -0.005851180881016952
547 2.7146583825001135e-05 -0.005811095945675022
549 -1.2398602622818961e-05 -0.005824323728379031
551 -2.5341753162643933e-05 -0.005764271794357331
553 -2.5474463738932384e-05 -0.005774964088789471
555 2.2835891274391422e-05 -0.005727862161292993
557 -5.59348269067692e-06 -0.005711638757463433
559 5.783674669547598e-05 -0.005691751220929896
561 6.406414549076072e-06 -0.005711147571236033
563 2.1532673589318468e-05 -0.0056524379065240925
565 2.5648389618490624e-05 -0.005599324214208538
567 5.060814965112876e-06 -0.005583879951894494
569 1.1552550324065056e-05 -0.005548769356846703
571 2.2213640072543157e-05 -0.005545743088385236
573 -8.49150011191303e-06 -0.005528019101805429
575 -7.542957182525182e-06 -0.005536278405267294
577 -6.661653549446461e-05 -0.0055082763978906695
579 -1.9193451380036007e-05 -0.0055088413538382855
581 -4.7831763982658396e-05 -0.0054820270060313364
583 3.588879251962861e-05 -0.005433029706163502
585 -4.08601845315794e-06 -0.0054522061282668245
587 -1.770592389102339e-05 -0.005394737227792279
589 -2.22954501446422e-05 -0.005416343086488717
591 8.866505806375294e-06 -0.00535821809291377
593 2.410231144053066e-05 -0.00534908379684637
595 -3.6693762384381248e-06 -0.005431799086875873
597 -1.2779531686474064e-05 -0.005319321940909765
599 -8.089758700329296e-06 -0.0053025504754639725
601 1.3866517074146623e-05 -0.005337145984706276
603 -1.1485002468093864e-05 -0.005315466201464033
605 -5.449514630576125e-05 -0.0052643664026906
607 -3.966292517614025e-05 -0.005229506185652782
609 -1.9150921112007738e-05 -0.005192084556089906
611 -5.3344525568772465e-05 -0.0052386861309383454
613 -7.920869068909121e-06 -0.005194112602182412
615 -9.476862899185664e-05 -0.0051302793946197975
617 1.779809387934187e-05 -0.005149561632029637
619 -1.0068229208353909e-06 -0.00516055470789161
621 8.471229093455902e-06 -0.005124065359740662
623 -1.5984804105229648e-07 -0.005150749233487208
625 5.661338115185683e-07 -0.005110928198215487
627 -6.220844882189771e-05 -0.005095341203103069
629 -7.884463576817715e-06 -0.005061037080472314
631 4.449550180298984e-05 -0.005041848820265708
633 -3.245213128750866e-05 -0.005058765883623184
635 -4.780333832421784e-06 -0.005047929863788544
637 3.6034963341841005e-05 -0.0049784694762999215
639 -5.9161802523165216e-05 -0.00495539493035924
641 -1.6128279765857167e-05 -0.004926972705498571
643 -2.1619013007650594e-05 -0.004956844575456495
645 1.1097252740363915e-05 -0.004956943850611955
647 -6.981452917702482e-06 -0.004913882310232754
649 3.636683935195923e-05 -0.0049537947193947045
651 3.989803648723037e-05 -0.004935686617428039
653 2.5779777529827535e-05 -0.00491325059247329
655 4.538797509385136e-05 -0.004903365173284257
657 3.6995399552165713e-05 -0.004886802326194915
659 2.4043003402846337e-05 -0.004854985840797834
661 -1.3175754218243481e-05 -0.004792438670170289
663 -2.880208990524916e-05 -0.004801960847477188
665 -4.671448824877591e-05 -0.0048082873381083075
667 -5.231626006319217e-05 -0.004752468002634892
669 -6.2003524633810945e-06 -0.0047356973929380975
671 -3.181263045014221e-05 -0.004786578959652691
673 -2.3589928887108955e-05 -0.004703611880552899
675 -4.395414583936573e-05 -0.004688405495639734
677 -3.3283381938870965e-05 -0.004700507529851606
679 -2.5912256037792735e-05 -0.004738657300370735
681 -1.1736829160283796e-05 -0.004722815626402305
683 -5.541040486268011e-05 -0.004686940063705402
685 -2.2226902201985185e-05 -0.004653221073253091
687 -2.636300029791784e-05 -0.0046391651180523385
689 -4.3259828439401366e-06 -0.004610965486340866
691 1.0337102163906014e-06 -0.004642353155837324
693 -4.491978414099981e-05 -0.0045685638213921525
695 1.5370393004885234e-05 -0.004577392489225329
697 2.7015727919519106e-06 -0.004557379371590939
699 -4.840901959317628e-05 -0.004540348167171275
701 1.2811256726320212e-05 -0.00451966996619457
703 2.861862416323437e-05 -0.004506630368639681
705 -1.0641967955339676e-05 -0.0045373303920500695
707 -4.926181230468507e-05 -0.004514427451796902
709 -4.523738665602144e-06 -0.004483317358201309
711 3.0458363496682985e-05 -0.004474614794445427
713 -3.940036925362378e-05 -0.004452625330870176
715 9.840551724489016e-06 -0.0044620013680906215
717 3.6185338611959916e-05 -0.004459539715933028
719 -3.827977177005451e-05 -0.004464242985458044
721 1.885123578064117e-05 -0.00442558096880143
723 -2.9005439300340677e-05 -0.004376742125136832
725 -2.3618857383446595e-05 -0.004369801347600036
727 2.8050015535280863e-05 -0.004395171640542162
729 -5.394286512934885e-05 -0.004372461008711224
731 -4.703050975917327e-05 -0.004337124160876929
733 1.0525935213282584e-05 -0.004347914159888868
735 -2.116520828320569e-05 -0.004348118951315829
737 1.804784287994102e-05 -0.004333088786657961
739 1.9289353741594493e-05 -0.0043288506974415355
741 -5.299575483160889e-06 -0.004287905571090867
743 1.121026609119032e-05 -0.004316673436667052
745 -2.049397738959216e-05 -0.004322182606457366
747 -3.490864926258023e-06 -0.004219219256943425
749 1.480968466596915e-05 -0.00423970051136797
751 4.6200212638081295e-05 -0.00421376352721292
753 -2.346618558313832e-05 -0.004199514336871548
755 1.2157257364325393e-05 -0.004267644804542179
757 1.2562836815353305e-06 -0.004248810246667128
759 1.0430419385924145e-05 -0.004182558611065137
761 -7.778661773238933e-06 -0.004168460105806084
763 -1.0983747431621268e-05 -0.0041524298691312765
765 1.2380886984450723e-05 -0.0041936669198838076
767 -4.26338640460149e-05 -0.004138885156013462
769 -9.695723315359276e-08 -0.004156578871358813
771 -4.9776090726032595e-05 -0.004131286575227237
773 8.352770528140491e-06 -0.004153646616701913
775 -6.4682202374454375e-06 -0.004134023069470285
777 -4.1333289973308534e-05 -0.004081006534125806
779 4.785796552479044e-06 -0.004064385469509965
781 -1.711348400428163e-05 -0.004092627678368253
783 -6.105404421536946e-05 -0.00406430850687075
785 -1.4543821983837302e-05 -0.00405246834326378
787 -2.7555829633863856e-05 -0.003994865698274213
789 2.353587337871407e-05 -0.004024568851943465
791 -3.291629774992375e-06 -0.004034146895225253
793 -1.0807862060232094e-05 -0.004042528619310817
795 4.899339720504269e-06 -0.004044077244154497
797 2.989531180407395e-05 -0.004025831041487098
799 1.3178930012822187e-05 -0.003968108217060588
801 -8.611431018928257e-06 -0.003997509254376608
803 4.7043481447986963e-07 -0.003956601015716212
805 -1.674337937630316e-05 -0.0038992859003617337
807 3.4400062373576216e-05 -0.003907894700588053
809 2.2224642500297385e-06 -0.003919832436748533
811 7.5376941581007605e-06 -0.003970648338974924
813 -1.1810015417498614e-05 -0.003915338074956506
815 -2.031596680522666e-06 -0.003931657664844312
817 3.2717202652494136e-06 -0.003854238424944257
819 4.4629950733896255e-07 -0.00387441749456181
821 -2.5563288743886676e-05 -0.0038428051139242107
823 2.5874184921765024e-05 -0.003905124923937213
825 6.607336263703966e-06 -0.0038215866710226555
827 2.088135242941916e-05 -0.00386562300664856
829 1.826717407478486e-05 -0.0038182198229676657
831 2.5973444003740665e-05 -0.0038347573856123023
833 -5.17052584978208e-06 -0.0038371440510774103
835 -2.6629126176871037e-05 -0.003856670315981645
837 -2.7946981049627067e-05 -0.003843580320353153
839 -4.100962083967329e-05 -0.0037901660449247963
841 -1.4118041188882382e-06 -0.003755270183409731
843 -2.5376925942268872e-05 -0.003787684917887032
845 -3.4915655507305486e-05 -0.0037352957339628914
847 -1.4352597320531052e-05 -0.0037430873663757656
849 2.130839800545757e-05 -0.003768393124684533
851 -7.383655604116247e-06 -0.003714456517161744
853 -1.0374962878105949e-05 -0.003712634305573613
855 -4.5605102311572525e-05 -0.003686229031821368
857 2.6279021399650817e-05 -0.00374218501725002
859 4.209723213342765e-05 -0.003752602677620358
861 2.0100149313615407e-05 -0.00368137789146236
863 7.40849819366883e-06 -0.0036728618818507724
865 2.3975773352703484e-05 -0.003722586430786003
867 -1.5541338847779792e-06 -0.003726498000020786
869 2.9479062633581102e-05 -0.0037171578991418326
871 -3.116284172752449e-05 -0.0036685391561384786
873 -3.08708081930698e-05 -0.003689212760237813
875 -1.2749535220822827e-05 -0.0037461765107149837
877 -3.32632033754829e-05 -0.0036595151901826816
879 -4.944317552560421e-05 -0.0036347795778535834
881 -1.3255119158485273e-05 -0.0036359818073119837
883 2.1961241290794405e-05 -0.0036158582060766046
885 2.204318965014274e-05 -0.0036051366157462544
887 1.050261412647042e-05 -0.0036330370722725573
889 9.431307209136329e-06 -0.003612542408073078
891 2.0033896309168093e-05 -0.0035852278400112254
893 3.2780156069691683e-05 -0.0035760954756873862
895 4.1742648458181535e-05 -0.0035738784089682928
897 -3.775991814398602e-05 -0.003547766241980949
899 2.06771657972139e-05 -0.0035417517528309977
901 -7.695489227287493e-06 -0.003534829950723876
903 -3.965276833610658e-05 -0.003510671162934505
905 -1.2945079107164401e-05 -0.0035293822538244226
907 -1.9116305535210204e-05 -0.0035099166160979917
909 2.1992270746001026e-05 -0.003514456517111641
911 -5.142957636884262e-06 -0.003514331200447
913 8.961368812836548e-06 -0.0034746777849727155
915 2.6042798994242837e-05 -0.0034929963001039182
917 3.6468687094845786e-05 -0.003449338119966772
919 -3.949714136324482e-05 -0.0034750136334762093
921 1.0935629314973105e-05 -0.0034750570108486715
923 1.6467970104292555e-05 -0.0034712622595674467
925 1.7710502353366e-05 -0.003445636928876765
927 -1.4594548746977314e-05 -0.003440908502712233
929 -4.6974340971378635e-06 -0.003445974829007363
931 -1.188117483375761e-05 -0.0034218632906701926
933 -1.228041816497852e-05 -0.0033980786149557167
935 4.8500956351323396e-05 -0.0034180881624362148
937 2.9886683950555715e-05 -0.003446563640714
939 -2.0053615171040613e-05 -0.003428833822335553
941 -4.254251147762742e-05 -0.0033614564603080903
943 2.774465142073744e-06 -0.0033884650018012104
945 1.6858744487468903e-05 -0.0033443357126373987
947 2.0339098632626158e-05 -0.0033880528379658507
949 3.3466088876812086e-05 -0.003356168908565498
951 6.608129053010939e-05 -0.003373869421645211
953 -4.892742493044849e-05 -0.0033382403664923383
955 1.9377842175951892e-05 -0.003300364203040878
957 -3.6375372583016248e-06 -0.003313403414537626
959 1.5549175811085196e-05 -0.0033539757295011283
961 -6.218190960374914e-06 -0.0033176969999184243
963 -3.999315643534564e-06 -0.0033138746705567834
965 -4.994044172423404e-05 -0.0032511718604653576
967 6.73124468836809e-05 -0.003302731494247195
969 9.616639417813821e-05 -0.003267856735923883
971 3.351192186833254e-05 -0.003290008635653503
973 1.1812791268309455e-05 -0.003293984393910586
975 -1.9777296241269333e-05 -0.003275004403892724
977 5.490578972927506e-06 -0.0032381523648061412
979 1.1667288157082077e-05 -0.0032384013670183624
981 5.529899794078606e-07 -0.003248965956965786
983 -2.028684876519409e-05 -0.0032013975643509383
985 -3.693473209399564e-05 -0.0032265439462336727
987 -2.0338249162572265e-05 -0.0031964471466829274
989 2.4678585327134157e-05 -0.0032011984168363824
991 -3.163283550194192e-05 -0.0032095423861837214
993 -5.340685552254409e-05 -0.00320720635478273
995 1.5434156544877594e-05 -0.0032314814977549284
997 3.441187441618581e-05 -0.0031787578740541094
999 -2.8814907052309113e-05 -0.003225192934375457
1001 1.2385856153672001e-05 -0.003160561819786008
1003 -2.7447090798232092e-05 -0.003196584477569875
1005 4.055291379939412e-06 -0.0031937023655352922
1007 2.8249175618353593e-05 -0.0031695105576122996
1009 -1.130611578273818e-05 -0.0031831094971683763
1011 -5.822801714805955e-06 -0.0031047674092791505
1013 2.8683157512367427e-05 -0.003119541247434086
1015 6.2713923198619166e-06 -0.003191015841849298
1017 1.2705070583186718e-05 -0.003120680609697765
1019 -1.4396347513592612e-05 -0.003099072417412137
1021 -2.173318255292826e-06 -0.0031152450615166286
1023 -3.15441917311182e-07 -0.003071928885238494
1025 -2.534055845851608e-05 -0.0031475661706783895
1027 5.316741397745342e-05 -0.0031375387124947876
1029 6.092310603940463e-06 -0.003093875139208717
1031 1.0492521698778277e-05 -0.003061419358244903
1033 -3.686786887921094e-05 -0.0030626670710169938
1035 -1.6178033408781316e-05 -0.0030707421854602925
1037 2.51671589066703e-05 -0.003053595889186416
1039 -1.7454807799386233e-05 -0.0030824056960790914
1041 -4.637182444082805e-05 -0.0030352092558479163
1043 -2.5164161253391677e-05 -0.003084450232242102
1045 -3.282165490089614e-05 -0.003126977790073153
1047 2.1014680175887282e-05 -0.0030892343649307685
1049 1.9412162030228112e-07 -0.0029974847415728807
1051 -5.797169614796259e-05 -0.0030401656563109965
1053 -7.181739390258134e-06 -0.0030738439322254927
1055 1.6007691846019338e-06 -0.003028180109163351
1057 2.530458028475187e-05 -0.003051113601440361
1059 3.1951649572243934e-05 -0.003013944398955715
1061 2.0566844849340192e-05 -0.0030201547347876528
1063 -6.5663041665065174e-06 -0.0029963352185914897
1065 -1.1292763969098127e-05 -0.00298584109586779
1067 2.4676288170953577e-05 -0.0029550204068087226
1069 1.3908692035052479e-05 -0.002982268977095887
1071 2.9144326580635335e-06 -0.0029637931036192544
1073 -1.59798722767513e-05 -0.0029269635995258607
1075 4.021315379257957e-05 -0.002928202532840654
1077 3.710070801236249e-06 -0.0029250120852726547
1079 -7.0966115330862205e-06 -0.002958256638234232
1081 7.768253929051134e-06 -0.0029604011835369965
1083 2.0188251326733e-05 -0.0029307203200941703
1085 -4.029843435773702e-05 -0.002976848255033775
1087 -1.4135290253625116e-05 -0.0029807083575726294
1089 -3.623878723308277e-05 -0.0029222819721491425
1091 -4.412425158613939e-06 -0.002889666409048047
1093 5.744754670434039e-07 -0.002887640935852316
1095 -2.052145832368133e-05 -0.002932372252011058
1097 -2.198225395533136e-05 -0.002907397437720944
1099 1.6763117795588335e-05 -0.0029614995315791356
1101 -1.0979925439327624e-05 -0.0029320843485882765
1103 2.0883304773388184e-05 -0.002926953255714927
1105 1.4617071333708406e-06 -0.0029196096716548486
1107 -2.5506544483129603e-05 -0.002844822081920858
1109 2.030098560918333e-05 -0.002883788208462871
1111 2.2248765292224314e-05 -0.002895278077180603
1113 -3.83189199457532e-05 -0.002875064296515578
1115 6.200685748522508e-05 -0.002817292610862868
1117 2.839846731375947e-05 -0.0027817742544129324
1119 4.294518254863315e-05 -0.0028215112558137565
1121 2.6757451984870587e-05 -0.0028477256472376382
1123 -2.001483306801811e-05 -0.002819902311820741
1125 2.6484855796676657e-05 -0.002783951797086466
1127 7.960485310637988e-06 -0.002812769213421767
1129 3.836339587475231e-05 -0.0028451511024009946
1131 2.279220832983517e-05 -0.002822364458820523
1133 -3.631267500791015e-05 -0.0028017120445150063
1135 -9.35252398668607e-06 -0.0027880125072808253
1137 1.7694139929955918e-05 -0.00279290781393259
1139 3.86240790111809e-05 -0.0028021006716149556
1141 6.82219235853719e-05 -0.002766974067157533
1143 2.3438178212384677e-05 -0.002834019826846128
1145 -3.2898675286259144e-05 -0.002784696831263388
1147 1.3153627156487026e-05 -0.002763746987244265
1149 -2.2604575359757155e-05 -0.0028107182714227803
1151 3.820406605336892e-05 -0.002803329307989012
1153 9.248001785176821e-06 -0.00277386572881992
1155 2.2597453210597456e-05 -0.0027686209936557127
1157 3.359405172141246e-05 -0.002755481740335492
1159 6.4622222107133e-05 -0.002724470735810974
1161 -3.3393433677981e-05 -0.0027093431035090454
1163 -2.514136183947401e-06 -0.0027181782465310546
1165 1.9126022091860892e-05 -0.0027085237081928867
1167 3.6516140684835486e-05 -0.002691625580659759
1169 4.0549353064247307e-05 -0.002747750044560983
1171 1.975293084593369e-06 -0.0027547306838537036
1173 1.5213166751239752e-05 -0.002691386245543575
1175 -1.2857518983984766e-05 -0.002671256477867896
1177 4.058301542347058e-05 -0.0027133689264575533
1179 6.960508927731323e-05 -0.002714260809458441
1181 -5.5253823562613906e-05 -0.0026716149156343866
1183 -2.6030607509851286e-05 -0.002668524193736009
1185 1.3717764770915688e-05 -0.0026534102333984687
1187 4.059208438330989e-05 -0.0027131216547973073
1189 4.290452997680579e-05 -0.0027209211684209346
1191 -9.440958586902565e-06 -0.002652631629984263
1193 1.9772566297033307e-05 -0.002637022010809206
1195 -2.3595002822922086e-06 -0.002678169993404349
1197 -3.6789310589072476e-05 -0.0027128809321411737
1199 2.2926408643236837e-05 -0.002660419782114602
1201 -1.3507425209720324e-05 -0.0026552200305488085
1203 -2.3243290597753178e-05 -0.002703335703175428
1205 4.7036312170140176e-05 -0.0026474084542284027
1207 -6.774612398783482e-06 -0.0027105822439714693
1209 4.261680476958979e-05 -0.0026727177664879202
1211 1.0341956868144113e-05 -0.00264621242822481
1213 -1.1573467603284184e-05 -0.0026214738306899062
1215 1.2646849030200014e-05 -0.002574872099883996
1217 8.282491791947233e-07 -0.0025947455964982504
1219 -3.9287674157221155e-06 -0.002646110225482679
1221 -5.575085058206606e-06 -0.0026536636359205537
1223 -1.2816735223887774e-07 -0.002615402644095533
1225 2.8432966358623335e-05 -0.002610781972722078
1227 2.9008271828496253e-05 -0.0026349503888686465
1229 -1.6472584134470755e-05 -0.002565506916293672
1231 5.63538132577166e-05 -0.0025568209288581952
1233 -2.734223103954638e-06 -0.0026139205614231
1235 -1.723947198524151e-05 -0.0026061910234487966
1237 -1.862991832365921e-05 -0.0026032900238312185
1239 -2.7309395907888483e-05 -0.0025683480336822564
1241 -6.880111550899787e-05 -0.002592325510192112
1243 -2.5565273334260313e-05 -0.002581188246558809
1245 2.2121486901213156e-05 -0.0025043651285009236
1247 -1.3337064721980916e-05 -0.002573722504920838
1249 -1.200474372418504e-05 -0.002577212490733817
1251 2.7601871802449922e-05 -0.0025986532374420333
1253 7.9243982098366e-06 -0.0025748506949187684
1255 1.0453033570044574e-05 -0.002532969732691811
1257 -1.576663442898799e-05 -0.0025026305519034128
1259 -4.3490209565575944e-05 -0.0025149371403929096
1261 1.887010290206266e-05 -0.00250892033665067
1263 -4.091159796486642e-05 -0.002446456644782027
1265 -2.148116979565173e-05 -0.0024640746845121567
1267 1.0749656912405005e-05 -0.0024690618870071655
1269 -1.0559291456530519e-05 -0.002479275717182726
1271 -3.945724867891934e-06 -0.00248357170871446
1273 6.082750888486736e-06 -0.0025476261778316044
1275 5.087308678104853e-05 -0.0024659567245985106
1277 1.887260908396775e-05 -0.002492641617904005
1279 2.452774778536486e-05 -0.0024944779198347597
1281 4.7754974746454725e-05 -0.0024800107793690306
1283 3.838049143451978e-05 -0.0024894839342024084
1285 -1.1453241837060526e-05 -0.0024232112318113602
1287 8.458010789206726e-07 -0.0024363408657544754
1289 -8.218339877722637e-06 -0.0024672432541478174
1291 -2.7270376910501028e-05 -0.0024749257568212747
1293 -1.8217063337849734e-05 -0.0024835337535114277
1295 3.7844697162069426e-06 -0.002466906819675971
1297 1.1785789109952755e-05 -0.00243311285866883
1299 -2.11400303315491e-05 -0.0024409001051650895
1301 -1.2084019400520217e-05 -0.002461891989908792
1303 1.8118338130767106e-06 -0.002476783911791634
1305 2.4108289774213502e-05 -0.0024649767808366508
1307 -7.279591942299589e-07 -0.002499054976812161
1309 1.8331169714679567e-05 -0.002476383053720041
1311 -1.2208330557465773e-05 -0.0024427497724303334
1313 -1.5894879690376523e-05 -0.0024209639719534556
1315 1.7850370819275026e-05 -0.0024673411455405528
1317 -1.0687019138135449e-05 -0.002444142223356744
1319 -1.4993884462136905e-05 -0.0023902357137765952
1321 9.164028721741395e-06 -0.0023739577533836184
1323 3.434228841900136e-05 -0.002374147363498837
1325 -1.3701166828688828e-05 -0.0023898753932788254
1327 4.233099392942128e-05 -0.0023883759309827985
1329 9.45275963639262e-06 -0.0023846696994311405
1331 -8.660354443658787e-06 -0.0024585661128076848
1333 3.6389047329113607e-06 -0.0023957670148672962
1335 -3.027400090139597e-06 -0.0023681069331608065
1337 -2.341219801770833e-05 -0.002347363723492318
1339 -1.9068198060847116e-05 -0.002382700223992231
1341 4.593069310671323e-06 -0.00238935460176508
1343 2.652568343895493e-07 -0.0023610894316926385
1345 3.064245410460808e-05 -0.0023818780108453984
1347 3.441053255345846e-05 -0.0023973440198711395
1349 6.1768818277009735e-06 -0.002366874211046024
1351 9.297990944688298e-06 -0.002349937141639371
1353 1.3051200048525499e-05 -0.002376025515628222
1355 -1.1156174909655467e-05 -0.0023926769407882856
1357 -1.0216864677052732e-05 -0.002295831805393761
1359 3.138811228329274e-05 -0.002305127443859585
1361 3.363077586498695e-05 -0.0023763068584003707
1363 -1.3915338487397455e-05 -0.0023303310974601096
1365 1.547628361105662e-05 -0.0023375078179149293
1367 9.786233978138297e-06 -0.002340036228845555
1369 -1.3376184136074334e-05 -0.002350748699265432
1371 -2.1740578642008707e-05 -0.002320997443558564
1373 -6.196931338803341e-06 -0.0023370366692634604
1375 1.5924130239184914e-05 -0.00229641797543879
1377 -2.747936100206784e-07 -0.0023144167389541194
1379 2.2387380369447152e-05 -0.0022875199421416676
1381 3.2197119770672557e-06 -0.0023220801177764455
1383 -5.450208406374554e-06 -0.0023446780528867993
1385 -2.382033112714511e-05 -0.002266115635560662
1387 1.060087102803762e-05 -0.002203465622445228
1389 2.75228268509814e-05 -0.0022753312816636197
1391 2.170981174336197e-05 -0.0022896364637612758
1393 3.2524361680406e-05 -0.0022777451116077147
1395 5.541183690071808e-06 -0.0023064369341313307
1397 -3.356050853587709e-05 -0.0022732581855545143
1399 -2.1337654741117317e-05 -0.0022867886121671413
1401 9.5058115063479e-06 -0.002231478719351843
1403 3.605109372595659e-05 -0.0022606674430889727
1405 3.208177196506339e-05 -0.002246049359158812
1407 7.217868096176048e-06 -0.0022507843202428054
1409 1.7343818411838387e-06 -0.00225808913856144
1411 4.365039668778539e-05 -0.002255609670371161
1413 5.187125949307923e-06 -0.0022860401735622185
1415 1.2779928178114525e-05 -0.002195659471683795
1417 4.318757230133552e-06 -0.0022400597418878996
1419 3.550816110655182e-06 -0.002257451544199272
1421 2.8895720357109453e-05 -0.0022263961219046997
1423 9.313563263871638e-06 -0.0022327330443883088
1425 6.649467287277074e-05 -0.0022310844383511587
1427 3.025909940502608e-05 -0.0022533566140566837
1429 3.5842218482953836e-05 -0.0022495936678578834
1431 -1.724609454624075e-05 -0.0022433414179774303
1433 3.168050523226274e-05 -0.0022346696037168607
1435 1.52771052682608e-05 -0.002220503878029919
1437 -6.687595985339848e-06 -0.0022133578100368783
1439 -1.8019854351443925e-05 -0.0022101828634645
1441 4.49818034706367e-05 -0.0022329579424898586
1443 2.737692536095496e-05 -0.002206134654011847
1445 1.4511708888856521e-05 -0.0022374077401929857
1447 -3.049937894570364e-05 -0.0022251472698671814
1449 -3.7288627087122503e-05 -0.002198442234528075
1451 -6.294401640599375e-05 -0.002225016475994614
1453 4.537987598906308e-05 -0.0021916177672405925
1455 4.3613830895598355e-05 -0.0022013216743260932
1457 4.712116974442256e-05 -0.002208102457561785
1459 3.904751192843478e-05 -0.0022429034063834456
1461 1.2058268657144087e-05 -0.0022546487243628186
1463 6.736067483352393e-06 -0.0022501865137868797
1465 3.896121923765008e-05 -0.002174467316191264
1467 -2.304551760801388e-05 -0.0021280889890767625
1469 1.1192519210749904e-05 -0.0021544625779782544
1471 5.402668532133039e-05 -0.0021583259515803523
1473 1.3152810093501471e-05 -0.0021130884537280234
1475 3.6850591173435815e-05 -0.002137957527577223
1477 4.743020060494941e-05 -0.0021890569450004243
1479 2.217299521525798e-05 -0.0022189232626155728
1481 1.706969156885374e-05 -0.0021158581667410276
1483 -1.7181327554033522e-05 -0.002142824982301044
1485 1.6009475438267859e-06 -0.0022150245427516005
1487 3.957721318962067e-05 -0.0021952684223334688
1489 1.101394203820008e-05 -0.0021079285884209797
1491 -7.0643984199064844e-06 -0.002148093023112316
1493 1.6602262460253117e-05 -0.0021545647022346054
1495 -3.770437427818275e-05 -0.002112220394687546
1497 4.271631463701904e-05 -0.0020677703279522626
1499 1.635743996112086e-05 -0.0021583689999803155
1501 2.2170055076998236e-05 -0.0021053006049568702
1503 -1.603992432680936e-05 -0.0021687640198439126
1505 2.028105479195454e-05 -0.002167457008114458
1507 -1.7893813186712452e-05 -0.002136532559350647
1509 -4.504003321462445e-05 -0.0021146271764221026
1511 5.69782887301583e-07 -0.0021393890934127396
1513 2.1001711596899702e-05 -0.0020775608552897084
1515 6.603284455721071e-05 -0.002059666501783143
1517 3.101914905497672e-05 -0.0020436167284524024
1519 5.328609732374912e-06 -0.0020512197496989717
1521 -8.89907295019987e-06 -0.0021222922909639673
1523 6.933509408331997e-06 -0.002087557770553984
1525 -4.362392379574121e-06 -0.00209087989874902
1527 5.7742082451616e-05 -0.0020869119300577586
1529 -2.0548012001066062e-05 -0.0020627501456165244
1531 -3.906386687031516e-06 -0.00208748153361499
1533 -1.7190543985306968e-05 -0.0020725039400807162
1535 -7.553687423040263e-06 -0.002049205044764613
1537 2.1659468472668546e-05 -0.002046598244843294
1539 3.1470936416286494e-05 -0.002095291430647913
1541 -1.3541558773777905e-05 -0.0020691236607241954
1543 4.138728699084311e-07 -0.002057455730751201
1545 -3.4500727600654956e-05 -0.0020604041689607677
1547 -4.188899855120858e-05 -0.002107061920413548
1549 -5.760057483256269e-06 -0.0020348874207833157
1551 8.683990420432518e-08 -0.002047174658391667
1553 -9.456391119132336e-07 -0.00209397703143164
1555 1.0083307798547095e-05 -0.0020521449209314462
1557 -1.4981283257201688e-05 -0.002051268063269246
1559 5.516257739431256e-05 -0.0020457137213314666
1561 3.23815865780055e-05 -0.002095779521654986
1563 3.4790406522921714e-05 -0.002017300760753836
1565 1.1650244075996378e-05 -0.0020435776269878206
1567 -2.2492294654711652e-05 -0.0020420640976190575
1569 -9.951209919182064e-06 -0.002016422462593532
1571 -1.1019380313113286e-05 -0.0019985811392491185
1573 4.377655763545971e-05 -0.002022997880864991
1575 2.0289419077545512e-05 -0.0020103512392667003
1577 -2.9035006344344337e-05 -0.0020888385824117213
1579 7.435750896671665e-05 -0.001985445246413562
1581 3.6424566544619217e-06 -0.0020357018265164555
1583 -2.59816572906186e-05 -0.0020137519477635554
1585 -1.82627892351825e-05 -0.0020164187375091356
1587 -2.9453732434919837e-05 -0.002008633385522245
1589 -1.8060220444131726e-06 -0.0019975839875890286
1591 2.5480824630364065e-05 -0.001993694252194988
1593 3.111568942659118e-06 -0.00194298450001169
1595 3.665533951015084e-05 -0.001967790026127452
1597 -1.0257965357938803e-05 -0.002048968577058214
1599 4.3774119079456e-06 -0.002015001431204125
1601 5.544747826872877e-05 -0.001953383061520944
1603 6.121886065610549e-06 -0.002027864974061854
1605 5.629800556286665e-05 -0.0020205914891914473
1607 -3.044739035692237e-06 -0.0019442905524990068
1609 -2.3931589185909305e-06 -0.0019563237272641402
1611 7.028061975812753e-07 -0.0020310798976057786
1613 4.063561374751672e-06 -0.0019680246216371294
1615 1.665706463839691e-05 -0.0019194145694461462
1617 -5.006067025489125e-05 -0.0019296982875352594
1619 2.4547263016792408e-05 -0.002023914217723712
1621 6.470700949505e-06 -0.0019848763338283235
1623 -1.867904851825318e-05 -0.00197360745107624
1625 -3.093878169889505e-05 -0.002007399070053515
1627 -1.8240995305498184e-05 -0.0020095844145626963
1629 -8.616137881646988e-08 -0.0019572658261721152
1631 -3.122070388427229e-05 -0.0019488705676148582
1633 -3.172254098273283e-05 -0.001959135153225874
1635 1.8330898836824029e-06 -0.0019702254595779095
1637 -2.904184761215803e-05 -0.001974807522191137
1639 0.0 -0.0019420981463318526
1641 0.0 -0.0019397311772321186
1643 0.0 -0.001937369970686492
1645 0.0 -0.0019350145056765391
1647 0.0 -0.001932664761285918
1649 0.0 -0.0019303207166997617
1651 0.0 -0.0019279823512040625
1653 0.0 -0.001925649644185062
1655 0.0 -0.0019233225751286447
1657 0.0 -0.0019210011236197387
1659 0.0 -0.001918685269341716
1661 0.0 -0.0019163749920758017
1663 0.0 -0.0019140702717004852
1665 0.0 -0.001911771088190935
1667 0.0 -0.0019094774216184207
1669 0.0 -0.0019071892521497344
1671 0.0 -0.0019049065600466228
1673 0.0 -0.0019026293256652162
1675 0.0 -0.0019003575294554665
1677 0.0 -0.0018980911519605882
1679 0.0 -0.0018958301738165018
1681 0.0 -0.001893574575751283
1683 0.0 -0.001891324338584615
1685 0.0 -0.0018890794432272445
1687 0.0 -0.0018868398706804429
1689 0.0 -0.0018846056020354691
1691 0.0 -0.0018823766184730378
1693 0.0 -0.001880152901262792
1695 0.0 -0.001877934431762777
1697 0.0 -0.0018757211914189197
1699 0.0 -0.0018735131617645124
1701 0.0 -0.0018713103244196983
1703 0.0 -0.0018691126610909613
1705 0.0 -0.0018669201535706195
1707 0.0 -0.001864732783736325
1709 0.0 -0.0018625505335505598
1711 0.0 -0.0018603733850601444
1713 0.0 -0.0018582013203957421
1715 0.0 -0.001856034321771374
1717 0.0 -0.0018538723714839295
1719 0.0 -0.0018517154519126857
1721 0.0 -0.0018495635455188302
1723 0.0 -0.0018474166348449838
1725 0.0 -0.001845274702514729
1727 0.0 -0.0018431377312321405
1729 0.0 -0.0018410057037813227
1731 0.0 -0.001838878603025943
1733 0.0 -0.001836756411908775
1735 0.0 -0.001834639113451243
1737 0.0 -0.0018325266907529688
1739 0.0 -0.001830419126991321
1741 0.0 -0.0018283164054209687
1743 0.0 -0.0018262185093734405
1745 0.0 -0.0018241254222566802
1747 0.0 -0.001822037127554612
1749 0.0 -0.0018199536088267046
1751 0.0 -0.0018178748497075423
1753 0.0 -0.001815800833906393
1755 0.0 -0.0018137315452067845
1757 0.0 -0.0018116669674660825
1759 0.0 -0.0018096070846150695
1761 0.0 -0.0018075518806575281
1763 0.0 -0.001805501339669828
1765 0.0 -0.0018034554458005137
1767 0.0 -0.0018014141832698965
1769 0.0 -0.001799377536369648
1771 0.0 -0.0017973454894623978
1773 0.0 -0.0017953180269813349
1775 0.0 -0.0017932951334298068
1777 0.0 -0.0017912767933809268
1779 0.0 -0.0017892629914771818
1781 0.0 -0.001787253712430043
1783 0.0 -0.0017852489410195775
1785 0.0 -0.0017832486620940652
1787 0.0 -0.0017812528605696176
1789 0.0 -0.001779261521429797
1791 0.0 -0.001777274629725241
1793 0.0 -0.001775292170573289
1795 0.0 -0.0017733141291576084
1797 0.0 -0.001771340490727828
1799 0.0 -0.0017693712405991702
1801 0.0 -0.0017674063641520859
1803 0.0 -0.0017654458468318952
1805 0.0 -0.001763489674148425
1807 0.0 -0.001761537831675654
1809 0.0 -0.001759590305051358
1811 0.0 -0.001757647079976757
1813 0.0 -0.001755708142216165
1815 0.0 -0.0017537734775966427
1817 0.0 -0.0017518430720076536
1819 0.0 -0.0017499169114007184
1821 0.0 -0.0017479949817890757
1823 0.0 -0.0017460772692473431
1825 0.0 -0.0017441637599111817
1827 0.0 -0.0017422544399769604
1829 0.0 -0.0017403492957014253
1831 0.0 -0.0017384483134013692
1833 0.0 -0.0017365514794533046
1835 0.0 -0.0017346587802931374
1837 0.0 -0.0017327702024158447
1839 0.0 -0.0017308857323751533
1841 0.0 -0.0017290053567832195
1843 0.0 -0.0017271290623103131
1845 0.0 -0.0017252568356845024
1847 0.0 -0.001723388663691341
1849 0.0 -0.001721524533173557
1851 0.0 -0.0017196644310307437
1853 0.0 -0.0017178083442190538
1855 0.0 -0.0017159562597508931
1857 0.0 -0.0017141081646946186
1859 0.0 -0.001712264046174237
1861 0.0 -0.0017104238913691061
1863 0.0 -0.0017085876875136375
1865 0.0 -0.001706755421897001
1867 0.0 -0.0017049270818628318
1869 0.0 -0.001703102654808939
1871 0.0 -0.0017012821281870163
1873 0.0 -0.0016994654895023528
1875 0.0 -0.0016976527263135503
1877 0.0 -0.001695843826232236
1879 0.0 -0.001694038776922782
1881 0.0 -0.0016922375661020238
1883 0.0 -0.001690440181538984
1885 0.0 -0.0016886466110545926
1887 0.0 -0.0016868568425214133
1889 0.0 -0.0016850708638633703
1891 0.0 -0.0016832886630554769
1893 0.0 -0.001681510228123564
1895 0.0 -0.001679735547144014
1897 0.0 -0.0016779646082434932
1899 0.0 -0.001676197399598687
1901 0.0 -0.0016744339094360372
1903 0.0 -0.0016726741260314803
1905 0.0 -0.0016709180377101874
1907 0.0 -0.0016691656328463068
1909 0.0 -0.0016674168998627068
1911 0.0 -0.0016656718272307204
1913 0.0 -0.0016639304034698939
1915 0.0 -0.0016621926171477323
1917 0.0 -0.0016604584568794506
1919 0.0 -0.0016587279113277262
1921 0.0 -0.0016570009692024503
1923 0.0 -0.001655277619260482
1925 0.0 -0.001653557850305406
1927 0.0 -0.0016518416511872895
1929 0.0 -0.00165012901080244
1931 0.0 -0.0016484199180931674
1933 0.0 -0.001646714362047546
1935 0.0 -0.0016450123316991765
1937 0.0 -0.0016433138161269525
1939 0.0 -0.0016416188044548255
1941 0.0 -0.001639927285851575
1943 0.0 -0.001638239249530575
1945 0.0 -0.0016365546847495666
1947 0.0 -0.0016348735808104297
1949 0.0 -0.0016331959270589568
1951 0.0 -0.001631521712884627
1953 0.0 -0.0016298509277203822
1955 0.0 -0.0016281835610424075
1957 0.0 -0.0016265196023699064
1959 0.0 -0.0016248590412648836
1961 0.0 -0.0016232018673319258
1963 0.0 -0.0016215480702179862
1965 0.0 -0.0016198976396121663
1967 0.0 -0.0016182505652455044
1969 0.0 -0.00161660683689076
1971 0.0 -0.0016149664443622052
1973 0.0 -0.0016133293775154114
1975 0.0 -0.0016116956262470414
1977 0.0 -0.001610065180494642
1979 0.0 -0.0016084380302364362
1981 0.0 -0.0016068141654911193
1983 0.0 -0.0016051935763176535
1985 0.0 -0.0016035762528150664
1987 0.0 -0.0016019621851222482
1989 0.0 -0.0016003513634177513
1991 0.0 -0.0015987437779195915
1993 0.0 -0.001597139418885051
1995 0.0 -0.0015955382766104796
1997 0.0 -0.0015939403414310998
1999 0.0 -0.0015923456037208138
2001 0.0 -0.0015907540538920074
2003 0.0 -0.0015891656823953605
2005 0.0 -0.001587580479719654
2007 0.0 -0.0015859984363915827
2009 0.0 -0.0015844195429755633
2011 0.0 -0.001582843790073549
2013 0.0 -0.0015812711683248419
2015 0.0 -0.0015797016684059092
2017 0.0 -0.001578135281030197
2019 0.0 -0.001576571996947948
2021 0.0 -0.0015750118069460203
2023 0.0 -0.001573454701847705
2025 0.0 -0.0015719006725125467
2027 0.0 -0.001570349709836165
2029 0.0 -0.0015688018047500772
2031 0.0 -0.00156725694822152
2033 0.0 -0.0015657151312532746
2035 0.0 -0.0015641763448834922
2037 0.0 -0.0015626405801855213
2039 0.0 -0.0015611078282677326
2041 0.0 -0.0015595780802733494
2043 0.0 -0.0015580513273802774
2045 0.0 -0.0015565275608009324
2047 0.0 -0.0015550067717820747
2049 0.0 -0.0015534889516046397
