-2049 0.0 0.0015534889516046397
-2047 0.0 0.0015550067717820747
-2045 0.0 0.0015565275608009324
-2043 0.0 0.0015580513273802774
-2041 0.0 0.0015595780802733494
-2039 0.0 0.0015611078282677326
-2037 0.0 0.0015626405801855213
-2035 0.0 0.0015641763448834922
-2033 0.0 0.0015657151312532746
-2031 0.0 0.00156725694822152
-2029 0.0 0.0015688018047500772
-2027 0.0 0.001570349709836165
-2025 0.0 0.0015719006725125467
-2023 0.0 0.001573454701847705
-2021 0.0 0.0015750118069460203
-2019 0.0 0.001576571996947948
-2017 0.0 0.001578135281030197
-2015 0.0 0.0015797016684059092
-2013 0.0 0.0015812711683248419
-2011 0.0 0.001582843790073549
-2009 0.0 0.0015844195429755633
-2007 0.0 0.0015859984363915827
-2005 0.0 0.001587580479719654
-2003 0.0 0.0015891656823953605
-2001 0.0 0.0015907540538920074
-1999 0.0 0.0015923456037208138
-1997 0.0 0.0015939403414310998
-1995 0.0 0.0015955382766104796
-1993 0.0 0.001597139418885051
-1991 0.0 0.0015987437779195915
-1989 0.0 0.0016003513634177513
-1987 0.0 0.0016019621851222482
-1985 0.0 0.0016035762528150664
-1983 0.0 0.0016051935763176535
-1981 0.0 0.0016068141654911193
-1979 0.0 0.0016084380302364362
-1977 0.0 0.001610065180494642
-1975 0.0 0.0016116956262470414
-1973 0.0 0.0016133293775154114
-1971 0.0 0.0016149664443622052
-1969 0.0 0.00161660683689076
-1967 0.0 0.0016182505652455044
-1965 0.0 0.0016198976396121663
-1963 0.0 0.0016215480702179862
-1961 0.0 0.0016232018673319258
-1959 0.0 0.0016248590412648836
-1957 0.0 0.0016265196023699064
-1955 0.0 0.0016281835610424075
-1953 0.0 0.0016298509277203822
-1951 0.0 0.001631521712884627
-1949 0.0 0.0016331959270589568
-1947 0.0 0.0016348735808104297
-1945 0.0 0.0016365546847495666
-1943 0.0 0.001638239249530575
-1941 0.0 0.001639927285851575
-1939 0.0 0.0016416188044548255
-1937 0.0 0.0016433138161269525
-1935 0.0 0.0016450123316991765
-1933 0.0 0.001646714362047546
-1931 0.0 0.0016484199180931674
-1929 0.0 0.00165012901080244
-1927 0.0 0.0016518416511872895
-1925 0.0 0.001653557850305406
-1923 0.0 0.001655277619260482
-1921 0.0 0.0016570009692024503
-1919 0.0 0.0016587279113277262
-1917 0.0 0.0016604584568794506
-1915 0.0 0.0016621926171477323
-1913 0.0 0.0016639304034698939
-1911 0.0 0.0016656718272307204
-1909 0.0 0.0016674168998627068
-1907 0.0 0.0016691656328463068
-1905 0.0 0.0016709180377101874
-1903 0.0 0.0016726741260314803
-1901 0.0 0.0016744339094360372
-1899 0.0 0.001676197399598687
-1897 0.0 0.0016779646082434932
-1895 0.0 0.001679735547144014
-1893 0.0 0.001681510228123564
-1891 0.0 0.0016832886630554769
-1889 0.0 0.0016850708638633703
-1887 0.0 0.0016868568425214133
-1885 0.0 0.0016886466110545926
-1883 0.0 0.001690440181538984
-1881 0.0 0.0016922375661020238
-1879 0.0 0.001694038776922782
-1877 0.0 0.001695843826232236
-1875 0.0 0.0016976527263135503
-1873 0.0 0.0016994654895023528
-1871 0.0 0.0017012821281870163
-1869 0.0 0.001703102654808939
-1867 0.0 0.0017049270818628318
-1865 0.0 0.001706755421897001
-1863 0.0 0.0017085876875136375
-1861 0.0 0.0017104238913691061
-1859 0.0 0.001712264046174237
-1857 0.0 0.0017141081646946186
-1855 0.0 0.0017159562597508931
-1853 0.0 0.0017178083442190538
-1851 0.0 0.0017196644310307437
-1849 0.0 0.001721524533173557
-1847 0.0 0.001723388663691341
-1845 0.0 0.0017252568356845024
-1843 0.0 0.0017271290623103131
-1841 0.0 0.0017290053567832195
-1839 0.0 0.0017308857323751533
-1837 0.0 0.0017327702024158447
-1835 0.0 0.0017346587802931374
-1833 0.0 0.0017365514794533046
-1831 0.0 0.0017384483134013692
-1829 0.0 0.0017403492957014253
-1827 0.0 0.0017422544399769604
-1825 0.0 0.0017441637599111817
-1823 0.0 0.0017460772692473431
-1821 0.0 0.0017479949817890757
-1819 0.0 0.0017499169114007184
-1817 0.0 0.0017518430720076536
-1815 0.0 0.0017537734775966427
-1813 0.0 0.001755708142216165
-1811 0.0 0.001757647079976757
-1809 0.0 0.001759590305051358
-1807 0.0 0.001761537831675654
-1805 0.0 0.001763489674148425
-1803 0.0 0.0017654458468318952
-1801 0.0 0.0017674063641520859
-1799 0.0 0.0017693712405991702
-1797 0.0 0.001771340490727828
-1795 0.0 0.0017733141291576084
-1793 0.0 0.001775292170573289
-1791 0.0 0.001777274629725241
-1789 0.0 0.001779261521429797
-1787 0.0 0.0017812528605696176
-1785 0.0 0.0017832486620940652
-1783 0.0 0.0017852489410195775
-1781 0.0 0.001787253712430043
-1779 0.0 0.0017892629914771818
-1777 0.0 0.0017912767933809268
-1775 0.0 0.0017932951334298068
-1773 0.0 0.0017953180269813349
-1771 0.0 0.0017973454894623978
-1769 0.0 0.001799377536369648
-1767 0.0 0.0018014141832698965
-1765 0.0 0.0018034554458005137
-1763 0.0 0.001805501339669828
-1761 0.0 0.0018075518806575281
-1759 0.0 0.0018096070846150695
-1757 0.0 0.0018116669674660825
-1755 0.0 0.0018137315452067845
-1753 0.0 0.001815800833906393
-1751 0.0 0.0018178748497075423
-1749 0.0 0.0018199536088267046
-1747 0.0 0.001822037127554612
-1745 0.0 0.0018241254222566802
-1743 0.0 0.0018262185093734405
-1741 0.0 0.0018283164054209687
-1739 0.0 0.001830419126991321
-1737 0.0 0.0018325266907529688
-1735 0.0 0.001834639113451243
-1733 0.0 0.001836756411908775
-1731 0.0 0.001838878603025943
-1729 0.0 0.0018410057037813227
-1727 0.0 0.0018431377312321405
-1725 0.0 0.001845274702514729
-1723 0.0 0.0018474166348449838
-1721 0.0 0.0018495635455188302
-1719 0.0 0.0018517154519126857
-1717 0.0 0.0018538723714839295
-1715 0.0 0.001856034321771374
-1713 0.0 0.0018582013203957421
-1711 0.0 0.0018603733850601444
-1709 0.0 0.0018625505335505598
-1707 0.0 0.001864732783736325
-1705 0.0 0.0018669201535706195
-1703 0.0 0.0018691126610909613
-1701 0.0 0.0018713103244196983
-1699 0.0 0.0018735131617645124
-1697 0.0 0.0018757211914189197
-1695 0.0 0.001877934431762777
-1693 0.0 0.001880152901262792
-1691 0.0 0.0018823766184730378
-1689 0.0 0.0018846056020354691
-1687 0.0 0.0018868398706804429
-1685 0.0 0.0018890794432272445
-1683 0.0 0.001891324338584615
-1681 0.0 0.001893574575751283
-1679 0.0 0.0018958301738165018
-1677 0.0 0.0018980911519605882
-1675 0.0 0.0019003575294554665
-1673 0.0 0.0019026293256652162
-1671 0.0 0.0019049065600466228
-1669 0.0 0.0019071892521497344
-1667 0.0 0.0019094774216184207
-1665 0.0 0.001911771088190935
-1663 0.0 0.0019140702717004852
-1661 0.0 0.0019163749920758017
-1659 0.0 0.001918685269341716
-1657 0.0 0.0019210011236197387
-1655 0.0 0.0019233225751286447
-1653 0.0 0.001925649644185062
-1651 0.0 0.0019279823512040625
-1649 0.0 0.0019303207166997617
-1647 0.0 0.001932664761285918
-1645 0.0 0.0019350145056765391
-1643 0.0 0.001937369970686492
-1641 0.0 0.0019397311772321186
-1639 0.0 0.0019420981463318526
-1637 -7.541158320739075e-06 0.0019485842134072263
-1635 4.3159169832268235e-06 0.0019295055441572236
-1633 -1.8567674993844273e-05 0.0019407137224912057
-1631 -5.024654644429406e-07 0.001971848808715612
-1629 2.3603819330290026e-05 0.0019176740315365783
-1627 -2.447152467729185e-05 0.001954310938989483
-1625 -5.3667992967653055e-05 0.0019863946093225757
-1623 -1.4567472191893338e-05 0.001958168159145236
-1621 2.2961776121566496e-05 0.0020124418201914527
-1619 1.619046097981549e-05 0.0020650928226864447
-1617 -1.5084551969213637e-05 0.0019558344140851182
-1615 5.2464415392987874e-05 0.0019338517124339726
-1613 7.341838945743552e-06 0.001981453979495469
-1611 1.9758295542944944e-05 0.0020137972361178036
-1609 -1.9084922811020665e-06 0.0019838216162035766
-1607 -1.0097956022481222e-06 0.0019630124509333806
-1605 1.082590619503943e-05 0.0019788796780610845
-1603 -3.191811623841234e-05 0.002026900143391937
-1601 7.892082662343781e-05 0.0019423285990251664
-1599 -2.709072268192129e-05 0.0019915681038074487
-1597 2.5357239519684825e-06 0.0020188072888623933
-1595 1.792615314114948e-05 0.002012492006158357
-1593 2.7159705396650253e-05 0.001973634138087892
-1591 -2.030328226451472e-05 0.0020244338574439288
-1589 4.1732192701607715e-05 0.0020175433248799993
-1587 -4.104459327113381e-06 0.002047877615548492
-1585 -8.075910740278104e-06 0.002041949625828669
-1583 -1.1840614338994815e-05 0.001977229684704997
-1581 4.269291895482936e-06 0.0020403234734928583
-1579 0.00010927080927853376 0.002001689115788324
-1577 -5.9802639878389134e-05 0.0020294581849870062
-1575 2.9216331242541344e-05 0.0019872163966575367
-1573 2.4877991606251848e-05 0.0020169972536242366
-1571 -4.4887083398732465e-05 0.0020293640515677285
-1569 2.1510590576102862e-05 0.0019967626413844634
-1567 -2.6404126532650873e-05 0.0020480494460374914
-1565 2.7034654839898773e-06 0.002005171133365717
-1563 2.5471442699813108e-05 0.002046653680438675
-1561 1.8972151936567752e-05 0.0020418585087996926
-1559 -2.4805865020972573e-05 0.0020497269987903616
-1557 -1.4870083173220732e-05 0.002055226450458458
-1555 -2.4311194435224463e-05 0.0020618856022866913
-1553 4.3347579779513844e-05 0.0020975783132087694
-1551 -5.1470226368799296e-05 0.002048409300174549
-1549 -3.1880257930707134e-05 0.0020716959508152825
-1547 -4.288054253335355e-05 0.0021317972300442505
-1545 -1.2555884333003369e-05 0.00208903795823967
-1543 1.648885187159894e-05 0.002025412003469701
-1541 -2.7381293123350134e-05 0.0021028533045698273
-1539 -1.4457891699336725e-05 0.0020817436085123343
-1537 1.3251592191018117e-06 0.002085506957437346
-1535 3.962380155696986e-05 0.0020766283346163013
-1533 4.542415381835447e-05 0.002062259981315626
-1531 8.564827999274411e-06 0.0020792441528706316
-1529 -2.007399893092102e-05 0.0020989270768205616
-1527 3.8420857708441775e-05 0.002043388076365422
-1525 -5.076083536892066e-06 0.0020809489599178796
-1523 1.9251212797872225e-05 0.00205413507693748
-1521 5.62319871285076e-07 0.002094363484660726
-1519 -3.01787591660418e-05 0.0020702988264519745
-1517 1.4877131369328635e-05 0.0020501718188004024
-1515 4.2220442826517804e-05 0.002108892793759108
-1513 2.2589944071308308e-05 0.002109705027576165
-1511 -2.691147996910074e-05 0.00209321601037754
-1509 2.188609557361374e-05 0.002079018492097786
-1507 -6.909291535708414e-06 0.0021284571769777613
-1505 3.751642914287093e-05 0.0021544575921774826
-1503 1.779203321854087e-05 0.002144030954615058
-1501 2.0098480521089007e-05 0.0021292574492827376
-1499 3.551702234097397e-05 0.0021374101312789224
-1497 5.623460701562043e-05 0.002093263614863278
-1495 -2.362589652230199e-06 0.002140105299351664
-1493 5.638923387725768e-07 0.0021788603220230275
-1491 -1.0990271343828921e-05 0.00213654136370541
-1489 -1.3238581533844558e-05 0.002091880175462799
-1487 -1.1687286456974196e-05 0.0022076790889838036
-1485 2.076113221162341e-05 0.0022251408643036747
-1483 2.889960466668963e-05 0.0021364135057689243
-1481 6.733627635019161e-05 0.002100527276603513
-1479 2.3522066348900437e-05 0.002183866718449731
-1477 2.3072655381916446e-05 0.002132664177100698
-1475 -4.282057328003216e-06 0.0021818880996967186
-1473 2.0061615713222784e-05 0.002148018152596883
-1471 6.198093067513068e-05 0.002148399185671839
-1469 -3.5636011371206964e-05 0.002183953026711332
-1467 -3.4350767892985426e-05 0.0021327798775089674
-1465 3.487862187940392e-05 0.0021670018217601014
-1463 2.2297777623730904e-05 0.0022492820468901593
-1461 3.8920368258911667e-05 0.0022432767153015656
-1459 2.5351026143617573e-05 0.0022339944908425944
-1457 3.3902503431513275e-05 0.002224638234472057
-1455 6.0510885715226756e-05 0.002175085654355716
-1453 1.5857362782162527e-05 0.0021661214433547496
-1451 -6.355653582864626e-05 0.0022408872594594947
-1449 -5.2916667765107064e-05 0.002215909275928039
-1447 -1.0702445103039895e-05 0.002228450375885339
-1445 1.3635578077433377e-05 0.002231122708468583
-1443 -2.0107493749042966e-05 0.002222368917122557
-1441 5.0703785549617805e-05 0.0022193779387937734
-1439 -6.947391995353988e-05 0.0022130254396897746
-1437 -2.4846352296322132e-05 0.0022453187237573636
-1435 -1.5246688151512847e-05 0.0021617245512510594
-1433 5.781510005201061e-05 0.002200223739684063
-1431 1.9502005223194453e-06 0.0022342160683915713
-1429 1.862090896697605e-05 0.0022585908987748145
-1427 2.706432223407326e-06 0.0022545535997326054
-1425 1.8201929185583505e-05 0.002244330857547518
-1423 -2.8415091579108712e-05 0.002191934267553529
-1421 2.8627968498171037e-05 0.0022635547011453623
-1419 4.185125292659111e-07 0.00227688741721515
-1417 2.2575868566563636e-05 0.0022000575740631885
-1415 -1.1075471034894867e-05 0.0021951797657252473
-1413 2.4000583892069295e-05 0.002279312170150019
-1411 1.1874463502209473e-05 0.002270355519249099
-1409 -4.1170405651379234e-06 0.002280539997698124
-1407 4.176925212661367e-05 0.002218619355662758
-1405 3.073577487464184e-05 0.002252179541964113
-1403 6.221254715412354e-05 0.0022411045827212305
-1401 3.604642482862897e-05 0.0022754960870750626
-1399 1.553504454375028e-05 0.002279637104432812
-1397 -6.258306811659869e-05 0.002304611453770389
-1395 -2.8071194160683055e-05 0.002281675970378009
-1393 8.157193558412055e-06 0.002264871036764641
-1391 5.2258951979218735e-05 0.002292905508209439
-1389 3.3243310971076487e-06 0.002279586248022185
-1387 -1.976594873421579e-05 0.0022410463469999995
-1385 1.5650973934141157e-05 0.0022477668721314482
-1383 -2.6693254093156492e-05 0.002307920848631076
-1381 -6.394196636079715e-06 0.002300935155562186
-1379 -2.181153928458987e-05 0.002295494230320818
-1377 -1.61676911606705e-05 0.002314363638576791
-1375 4.575495657679982e-05 0.0023193879326953823
-1373 6.812792794864271e-06 0.00233743122352962
-1371 -6.06573261992757e-05 0.002322213167812131
-1369 4.79774916566305e-06 0.0023761052616433267
-1367 7.513537036681091e-06 0.002362818172117142
-1365 2.5554214723359688e-05 0.0023510703240276925
-1363 1.94515137563611e-05 0.002307688184301751
-1361 -3.4981590129830205e-06 0.0023756814451677184
-1359 2.7918394995667975e-05 0.0022964007644947623
-1357 -3.577838346282206e-05 0.0022983113353665196
-1355 1.9890396612391205e-06 0.0024153833276631368
-1353 -5.226637432579353e-06 0.002337691741539929
-1351 6.52901921835497e-05 0.0023344916856049046
-1349 2.5692095487520347e-05 0.0024227919865839795
-1347 2.6118549154326426e-05 0.0023647383846898923
-1345 -2.8325095781284235e-05 0.002351541721598039
-1343 -1.521875612528193e-05 0.0023458244742981774
-1341 -2.476493603254392e-05 0.002338298792806086
-1339 -3.1305910251520184e-06 0.002381653275873055
-1337 3.585513558568589e-05 0.00236378230105414
-1335 9.63774816472676e-06 0.0023696464119216634
-1333 2.948305522166083e-05 0.002384682124440393
-1331 -2.6550041136081813e-05 0.00240599689836906
-1329 2.446345742462214e-06 0.002381374573639695
-1327 2.434439535959229e-05 0.0024126447473082576
-1325 -3.256506556095183e-05 0.0024131877174353254
-1323 4.352827980448588e-05 0.002403894553763509
-1321 3.648575771626746e-05 0.0023863204324820575
-1319 -1.3661910116924724e-05 0.00245227635263918
-1317 -4.0005650981922983e-05 0.002417361957355725
-1315 5.692167521322494e-05 0.0024355096476782728
-1313 -2.0664426322678214e-05 0.0024413472608669235
-1311 -5.3286087167194515e-05 0.0024280977145189424
-1309 1.4869588078105177e-05 0.0024509886081356407
-1307 7.385850705083134e-06 0.002478933652793477
-1305 3.2601517497002493e-05 0.002476381319764417
-1303 5.6240996405682366e-05 0.0024830280552122484
-1301 -9.288261795849949e-06 0.0024493440505936733
-1299 -1.877673466448305e-05 0.0024547189916746134
-1297 4.547681854834241e-07 0.0024774477444326013
-1295 -1.9730436779900753e-05 0.0024817635141642105
-1293 3.7049606957576264e-06 0.0024955291989457286
-1291 -3.6468134638385676e-05 0.0024769706347602385
-1289 -1.6438253840382745e-05 0.002419612328788772
-1287 -1.526512901378676e-05 0.0024491356977322867
-1285 -1.2100159914889937e-05 0.002434293214167444
-1283 1.1388072840892657e-05 0.002520532336785259
-1281 5.610130808293967e-05 0.00252177542393953
-1279 -2.690167542333802e-05 0.002473318466283032
-1277 -7.355800027826647e-06 0.00249227116262953
-1275 6.070239711363614e-06 0.0024302331114726683
-1273 3.89399556340271e-05 0.0025274980640747602
-1271 3.891003578609384e-06 0.0025079021934365387
-1269 -2.8472826513088616e-05 0.002464038127148052
-1267 2.102176539563454e-05 0.002484705251746761
-1265 -6.18125718799233e-05 0.0024993182447167585
-1263 -4.423179284732107e-05 0.0025043124488646987
-1261 1.7111681417662015e-05 0.002526577085021956
-1259 -5.265938427254601e-05 0.0025337377394712554
-1257 -3.4422908834733992e-06 0.002560396922431993
-1255 1.6231398622490872e-05 0.0025805159653242912
-1253 -4.926129214295295e-06 0.002574428549261257
-1251 -8.211544105427065e-06 0.0025525378342108824
-1249 -1.1414354806439674e-05 0.002580731968781634
-1247 6.202331775984896e-06 0.0025769158328548206
-1245 1.822207081356534e-05 0.0024644943736507894
-1243 -4.127806281986888e-05 0.0024867076780774548
-1241 -3.405630421810876e-05 0.0025790937059540033
-1239 -4.053211468726523e-05 0.002593107283945493
-1237 -3.200982309645802e-06 0.002619726902432629
-1235 -2.5122774782630466e-05 0.002617178251804063
-1233 -1.0590419936081024e-06 0.0026169432685576957
-1231 1.6029409548780172e-05 0.00256985547080209
-1229 5.583379004196952e-07 0.0025937128270234503
-1227 1.9511481075785806e-05 0.002627708631414519
-1225 4.977177746547433e-05 0.002665758542610098
-1223 9.569052027920803e-06 0.0026816535968350007
-1221 3.0034695718282708e-05 0.0026460007612572
-1219 -2.5195367804363194e-05 0.002662004339509994
-1217 -8.418227261356411e-06 0.0026340273214826553
-1215 1.011876021201363e-05 0.0025838064558387453
-1213 -2.21108497805853e-05 0.002651628003599777
-1211 -4.2392210568477e-05 0.002654635940470238
-1209 1.6803236757168322e-05 0.002602659224319097
-1207 -1.5042508418433438e-05 0.002675726973563266
-1205 -1.0634621911754398e-06 0.002653381204371935
-1203 -2.859929517227691e-05 0.00265496823513638
-1201 -4.1186972797505075e-05 0.0026268359590242824
-1199 -2.3692542983194993e-05 0.0026209946871112123
-1197 -1.7087533924928742e-05 0.0027115774897534238
-1195 -4.5613699513432156e-05 0.0026976930407810896
-1193 1.541146362402083e-05 0.002640921157355237
-1191 -2.945016041322124e-05 0.0026285207737130104
-1189 2.571467173680813e-05 0.0027171958029854194
-1187 1.069141656224666e-05 0.0026957465664204567
-1185 1.376881279615131e-05 0.002649856710117621
-1183 -4.847719527616592e-06 0.0026743418336953213
-1181 -2.3551471983310063e-05 0.0026727173287054607
-1179 3.3306166724949624e-05 0.002703733899615118
-1177 9.252079962936346e-06 0.0026951502105138723
-1175 -1.3172594429274136e-05 0.002693115977661719
-1173 -2.037396900158848e-06 0.002686623543293803
-1171 -4.219015316610166e-06 0.002777560266472953
-1169 4.980443565502307e-05 0.002771518205257946
-1167 -1.963714680463521e-05 0.002683565400946109
-1165 -4.968634325718185e-05 0.002732366732780885
-1163 4.601578221299848e-05 0.002724920029098886
-1161 -1.237459747847777e-05 0.0027223000998036284
-1159 4.241415620588459e-05 0.0027404783611689174
-1157 3.517829255272263e-05 0.0027470070194859915
-1155 1.2998564440876681e-05 0.002791428224822644
-1153 3.0036662928462096e-05 0.0027084321323551947
-1151 1.673013783003524e-05 0.0027612678673225094
-1149 3.1649049522001986e-05 0.0027832933849823364
-1147 -3.046449258843522e-07 0.0027921486511927303
-1145 -2.060276441338482e-05 0.002751824276002711
-1143 -7.1864775682855734e-06 0.00278682397975547
-1141 4.740160815797072e-05 0.002768857759581581
-1139 4.175470714812893e-05 0.0028090905668571734
-1137 1.1356875217309878e-05 0.002771889160917074
-1135 -5.4072964932703795e-06 0.0028273887571249484
-1133 -1.9855386965290905e-05 0.0027840454495460213
-1131 3.1573332261406184e-05 0.0028102322870638126
-1129 -1.4714941926342942e-07 0.002858458351313774
-1127 2.3736140131430153e-05 0.002814974422996725
-1125 -5.0600598124984664e-05 0.0028316611206796317
-1123 7.633873732707178e-06 0.0028779294193291565
-1121 2.594581039265675e-05 0.002859344325008197
-1119 -1.2579676673901534e-05 0.0028636214970674243
-1117 -2.0121798407630688e-05 0.002857447305251836
-1115 6.257424783089211e-05 0.002780059956960817
-1113 1.5474419574683314e-05 0.0028605776563978224
-1111 1.245896786266947e-05 0.0028634614858635793
-1109 8.213841302729982e-06 0.0028530930779455082
-1107 8.580214088744904e-06 0.0028481276296822722
-1105 3.809231557953842e-05 0.0029039108090807247
-1103 2.4530139622353522e-05 0.00291529772967316
-1101 -1.323962076643742e-05 0.002916324747096473
-1099 -1.0965284190976327e-05 0.0029968186997980095
-1097 -1.2003456160667526e-05 0.002942346288225824
-1095 -3.0151986718449077e-05 0.002920353698197244
-1093 -1.178871014745435e-05 0.0029090704137482203
-1091 -2.3441241607490506e-05 0.002908323676807383
-1089 -3.97090584407859e-05 0.002946511557241288
-1087 1.1851798941636063e-05 0.002959100687769367
-1085 -8.481309812424429e-05 0.0029651462170118305
-1083 3.018857050159802e-05 0.002932921422302843
-1081 -1.263704886837594e-06 0.002934672818897486
-1079 -1.0900426463237565e-05 0.0029586666344806256
-1077 1.3503611414867714e-05 0.0029528931725149397
-1075 3.176711900217708e-05 0.002941524654870625
-1073 2.5063215931076283e-05 0.002947746719563391
-1071 2.6701939118974457e-05 0.0029899859401230117
-1069 4.598043156869528e-06 0.0029867755357074334
-1067 1.828669909587369e-05 0.002992091960601346
-1065 -2.855336755154955e-05 0.0030188210268059217
-1063 -4.092864007445378e-05 0.0030425775487768906
-1061 -4.5128165518167954e-07 0.003022098398851569
-1059 3.128575448088823e-05 0.00305049682796791
-1057 2.0814468487367902e-05 0.0030383262166164813
-1055 -2.5102079948780924e-05 0.003025798896255793
-1053 -4.7515456748880574e-05 0.0030822490722829904
-1051 -1.843364873047279e-05 0.0030273786924101707
-1049 -3.93855802540898e-05 0.0029789079505807615
-1047 3.096957792656166e-05 0.0030833900649217625
-1045 2.0138877479776294e-06 0.0030685146301402387
-1043 2.6380365507588e-05 0.0030511546464230283
-1041 -2.6911137555724092e-05 0.0030357197913173975
-1039 -2.8530519630502428e-06 0.003082223452388426
-1037 -3.589529048037626e-05 0.0030532796970807667
-1035 2.0066878678599106e-05 0.003043251608366787
-1033 -4.2893566188820665e-05 0.0030850450121770036
-1031 7.182595745927728e-05 0.0031275870944462505
-1029 2.4986024363529438e-05 0.003098660361167083
-1027 5.0509208323431626e-05 0.0031384571119385343
-1025 -1.1992561906448854e-05 0.00314488528010578
-1023 3.336419783507691e-05 0.003088546390285013
-1021 8.085403824890405e-06 0.003116977188576911
-1019 -7.46387825730527e-06 0.003124648301104516
-1017 4.988046260442301e-05 0.0031167428973496152
-1015 -6.951109608627194e-06 0.0031781631741313442
-1013 8.868454810504373e-06 0.0031627695449059513
-1011 2.7264233371608725e-05 0.0031195861869146996
-1009 -1.8040491372276933e-07 0.003157968369881052
-1007 2.3156585930865946e-05 0.003208779695744854
-1005 -1.3377049072673368e-05 0.003191872327037558
-1003 3.562212053861271e-05 0.00317023963820111
-1001 -1.2173340478965743e-05 0.0031814014865193586
-999 -4.6710623451786404e-05 0.003239268739630321
-997 7.260626854389635e-06 0.003201971311044347
-995 -2.319530562449952e-05 0.00326200084580753
-993 -4.377117022080608e-05 0.0032159198404587766
-991 -1.9563595057823273e-05 0.003205488838981147
-989 -2.9275742400859098e-06 0.0031984691426016967
-987 -1.129544144472385e-05 0.003220651300540245
-985 -1.8096660277131518e-05 0.0032261583287322483
-983 -1.9534924265956745e-05 0.003207211373575137
-981 -1.152610852932474e-05 0.003246408583054434
-979 2.3180730837467643e-07 0.0032259289910941615
-977 -2.0213751609607307e-05 0.0032261186473146824
-975 -1.105533498362697e-05 0.0032671757637690317
-973 2.029739898438254e-05 0.003306010446033765
-971 6.678207233565341e-06 0.0033096281078745416
-969 6.936133723995096e-05 0.0032723066101053534
-967 7.50625045236445e-05 0.0032765077182575616
-965 -3.612432940345438e-05 0.0032586148140005696
-963 -5.675270202603813e-06 0.003289250352896832
-961 -8.238872943728475e-07 0.0033294356144640096
-959 2.2842663304158597e-05 0.003306398016958546
-957 -7.376744020397472e-06 0.00330852955611044
-955 1.6021319153670585e-05 0.003313691383703976
-953 2.270881086905136e-05 0.003315451952975959
-951 5.795345446270273e-05 0.003296918184195504
-949 2.4465360246716813e-05 0.003355762513982812
-947 -1.6169781130959158e-05 0.0033640920037026683
-945 -3.2723485222146945e-05 0.003340413408996932
-943 3.18068513800395e-05 0.0033847882125358684
-941 2.0094403717021142e-05 0.0033841607477221453
-939 2.6094045131754302e-05 0.003386293559450395
-937 4.8241333600846154e-05 0.003397414556711621
-935 8.48301156642733e-05 0.003421006075354604
-933 -4.351070528541974e-05 0.0033513432874429966
-931 -5.464397002380093e-05 0.003379643419984521
-929 4.981818447968397e-05 0.0033422129333574645
-927 -2.631089865633268e-05 0.0034306699929198626
-925 -1.4243405349937768e-05 0.0034331050740011174
-923 1.3986009846132898e-06 0.0034438044178616892
-921 3.826311568013276e-05 0.003461152297936005
-919 -4.977275675476189e-05 0.0034764674096906256
-917 2.45083593310259e-05 0.0034533530670108445
-915 -1.4057773260783815e-05 0.0034532270191843565
-913 2.035610828689046e-05 0.003456468145499733
-911 -1.2990616899343785e-05 0.003500789302019295
-909 2.3548376325832522e-05 0.0034802411130105057
-907 -2.1903681428130824e-05 0.003498399560208972
-905 -2.1030075867529253e-06 0.0035010836464550335
-903 -1.5546820028147037e-05 0.0035455244518723616
-901 -2.9360768302434423e-05 0.0035602715402328435
-899 1.430214882259596e-06 0.003520923025720048
-897 -5.974255380724588e-05 0.0035486324712087854
-895 2.774872267445586e-05 0.0035671422968741678
-893 3.238083376449061e-05 0.0035373937534202166
-891 3.13777897964944e-05 0.0035811557980853096
-889 -1.5409905303129324e-05 0.0035817394838253422
-887 2.3354562172345514e-05 0.003609036388787504
-885 1.8557217387359563e-05 0.0035933184750598225
-883 4.9598559760421224e-05 0.003593501544577796
-881 1.109348779258484e-05 0.003612699799852
-879 -2.950312342873761e-06 0.0036585842406383524
-877 -5.548458924287338e-05 0.003590290384956482
-875 -3.2533752734028756e-06 0.0036455416748171978
-873 -3.835009841554248e-05 0.0036268267513568267
-871 -2.5580915463866527e-05 0.003659188777561772
-869 3.4623429186953755e-05 0.003705547061281682
-867 3.5560678960322547e-05 0.0036442484989426256
-865 2.7508497050137873e-06 0.003696059600631901
-863 6.210925572639826e-06 0.0036945141308757966
-861 3.803667560809596e-05 0.0036852846357127806
-859 -9.611006274754845e-06 0.0037478135578827543
-857 2.6247139139590828e-05 0.0037154045216170033
-855 -1.5747199369841928e-05 0.003686631666853331
-853 4.319482130301117e-06 0.0037188280229017725
-851 4.052238393112377e-06 0.003706320635468518
-849 -9.316610397234548e-07 0.003778037106305323
-847 -1.9185760043713553e-05 0.0037344195791874
-845 -8.673540626827387e-06 0.003793842023702039
-843 -5.998270773540041e-05 0.0037917545386447577
-841 -1.095677345189641e-05 0.003772113381066962
-839 -4.245465167426747e-05 0.003806258755874814
-837 -1.2378582092250373e-05 0.0038419681872926934
-835 -2.5390760414085925e-05 0.00386952361743257
-833 2.0208375725724635e-05 0.0038319345716201626
-831 -4.375668614708712e-06 0.0038544750126217496
-829 9.143396167943825e-06 0.0038354196027758428
-827 1.1658999619145155e-06 0.0038603213518639194
-825 -4.7457124668134285e-05 0.0038264788110176045
-823 -2.1321146684455572e-05 0.003905782863459333
-821 -2.8307615334023713e-05 0.003873649952087143
-819 1.9548706409656227e-05 0.0038631812896427753
-817 -1.8511512312200874e-05 0.003864507381554158
-815 -1.5744974507402125e-05 0.0039036358178431187
-813 3.326939364748744e-05 0.0039301498724759985
-811 6.449691673089584e-06 0.003957254516480565
-809 -2.3355025138584244e-05 0.003942178184517182
-807 3.852317101733793e-05 0.003946353335043772
-805 6.1849100678226884e-06 0.003945982888200922
-803 4.748249562217238e-06 0.004002052495436678
-801 -1.4141252929957319e-05 0.00397841285658241
-799 4.2228003994719e-05 0.0040001150138069055
-797 -2.1853096834764226e-05 0.004009570808940829
-795 -1.3327401766296382e-05 0.004050951713567136
-793 -3.346165107386962e-05 0.004008994102094893
-791 -4.5816637066133756e-05 0.00402310137109599
-789 -2.6087405579756817e-05 0.004011312664452419
-787 -2.9900551112877957e-05 0.0040185303397690855
-785 7.072369032818292e-06 0.00409233650504432
-783 -4.659343665986463e-06 0.004072342459750864
-781 -1.6533232928763828e-06 0.004114249168865058
-779 1.3670428169812729e-05 0.004087300295053322
-777 -3.070523553018681e-05 0.004044535109679582
-775 -2.188255957119402e-05 0.004121775781721722
-773 -9.612609764067278e-06 0.004142867589427747
-771 -4.496361451235834e-05 0.004163541654443973
-769 -3.899194254903944e-05 0.004163572362792032
-767 -4.305400281926927e-05 0.00414750315566057
-765 -1.513147662091158e-06 0.004184752274096596
-763 -3.357814708377717e-05 0.004191537075288594
-761 1.3377669068204413e-05 0.004176442512214208
-759 2.6740160149281174e-05 0.0042295262377276075
-757 4.454651544666772e-05 0.004257798646559281
-755 5.550386033012972e-06 0.004281155632884905
-753 2.4386564242052424e-05 0.004221477096114407
-751 3.339271267326848e-05 0.004240034260411434
-749 -1.140991876435607e-05 0.004246216601752771
-747 -4.052055504604813e-05 0.004242406708212231
-745 -6.453292030413109e-05 0.004287384506321501
-743 4.637058943319375e-05 0.004312738311930184
-741 -1.853702673584605e-05 0.004305488311088867
-739 -8.046701435431782e-06 0.004350411371949992
-737 3.4191374132604656e-05 0.0043222024508572324
-735 -4.563510195812412e-05 0.00433074133741671
-733 -5.096619959731349e-05 0.004332965610565043
-731 -5.710193175066472e-05 0.004339902071878551
-729 -6.299204829966689e-05 0.004392706123804914
-727 4.044382682562949e-06 0.004391504131827084
-725 -4.921371035811039e-07 0.004354214070061017
-723 2.1563415395951557e-05 0.00438390167521985
-721 5.79734252251755e-06 0.004427824543182857
-719 -6.901298984235333e-06 0.004470844949874237
-717 1.0144001397486791e-05 0.004434898773895427
-715 7.580229848541035e-06 0.004406883268406176
-713 -7.104424321189341e-05 0.004464692314104249
-711 -7.598265770832763e-06 0.004470622410485107
-709 -2.8506191479949858e-05 0.004480651272611831
-707 -1.8240203566439707e-05 0.0044977747961540615
-705 -1.6693287280698305e-05 0.0044977878961908364
-703 5.728722024136941e-07 0.0044976529327006645
-701 -1.8783021897254156e-06 0.004479812713363864
-699 -2.221761955431096e-05 0.004545502309968286
-697 -5.8131825730344004e-06 0.00456193935080418
-695 4.729000205831801e-05 0.0045896012950924
-693 -5.571928471790197e-05 0.004595857878152501
-691 2.9024194576972056e-06 0.004643694015708653
-689 -4.0021901650511213e-05 0.004640879788546729
-687 5.3870473056975866e-05 0.004648182352057712
-685 -1.9733714133758746e-05 0.004642920240576118
-683 -2.8889917127459874e-05 0.004671836250037001
-681 1.4291589024407126e-05 0.00469995898962618
-679 4.0623971806253125e-06 0.004690777943909717
-677 2.38249819431911e-05 0.004686742821923815
-675 -4.867434797216996e-06 0.004691975034239195
-673 1.1705687528037014e-05 0.0047063298849740415
-671 -2.1191663584345724e-05 0.004740460937159124
-669 1.781997488430316e-05 0.004710603970201969
-667 -2.8699693134160295e-05 0.00473286695492293
-665 6.759914731873737e-06 0.00478710562234005
-663 -2.82166744196728e-05 0.004777372340531872
-661 -3.7649613307915316e-05 0.0048025677615869625
-659 5.07458802940055e-05 0.004830070662042558
-657 5.3986334128210025e-05 0.00487944531907477
-655 5.134143845541031e-05 0.004898749477376166
-653 9.26331766525701e-08 0.004878656095070742
-651 3.3547999840537196e-05 0.004885260422236164
-649 1.9980532483388012e-05 0.004927992158518873
-647 1.3216936617095475e-05 0.004908390705698196
-645 3.0220951685763997e-05 0.004928280222099555
-643 -2.135687999770256e-06 0.0049873964303070685
-641 -2.2355956998644164e-05 0.004938674460736842
-639 -8.22087122538102e-05 0.004955373144795922
-637 3.803108199470351e-05 0.005010803616562759
-635 -2.959429799123219e-06 0.005046198449878937
-633 -4.9129335346494344e-05 0.0050679152550879986
-631 1.0808083791751968e-05 0.005031365327517298
-629 -2.343248960600783e-06 0.005077659606470471
-627 -2.42539070711378e-05 0.005081549607724153
-625 2.617483997187209e-05 0.0050679696346964875
-623 1.5198258895816317e-06 0.005140492226247265
-621 1.520981206311026e-05 0.005091270138988608
-619 2.7563497604017487e-05 0.0051072083547746006
-617 4.853280133027624e-05 0.005165980845920525
-615 -7.293682847377661e-05 0.005147484363020112
-613 -4.1955141859598355e-05 0.005232122252458796
-611 6.504522500664733e-06 0.005210221616611381
-609 -2.2884206063138923e-05 0.005196414210334655
-607 -6.077635107748814e-05 0.005227958021921908
-605 -4.220144165107564e-05 0.005239004585483586
-603 -6.918281376701763e-06 0.005291335072022161
-601 1.7033323930949675e-05 0.005347835996202735
-599 6.613185801541922e-05 0.005317556045136598
-597 2.4812706706421274e-05 0.005339469945371239
-595 1.5704556993287285e-05 0.005420907109625098
-593 5.806019958080351e-05 0.005345905490478073
-591 -2.1058608407475523e-05 0.005383990589326285
-589 -1.762924487467259e-05 0.005417172762718272
-587 -8.812167822378393e-06 0.00544808895080208
-585 -2.4917711413509366e-05 0.005470931356331787
-583 1.7833071851412336e-05 0.0054330940126696425
-581 -4.0815966630410624e-05 0.005491876673852482
-579 -2.259453805261338e-05 0.005511912012298191
-577 -9.549765123976987e-05 0.0055109591338005975
-575 1.3703534068551215e-06 0.005562167424198275
-573 -1.6905965299232032e-05 0.005515553375471984
-571 2.7181977592198547e-05 0.005569083975211169
-569 5.9414881843649803e-05 0.005562472460548149
-567 4.900810112660747e-05 0.005572016545623599
-565 1.0506077956902853e-05 0.005585742830501013
-563 -6.553881784030552e-06 0.005616011569368075
-561 4.0887473382694186e-05 0.00567860957380579
-559 -3.726691444596136e-05 0.005685986867059151
-557 -3.826436875560813e-05 0.005723917707234825
-555 7.486800755138559e-06 0.0057389759689127715
-553 -2.7136825266366104e-05 0.005731279592943204
-551 -9.713918704447029e-06 0.005766067492405161
-549 -6.463495183359336e-07 0.005810790611645948
-547 1.2328247431933891e-05 0.0058189542373612855
-545 2.7001642869974344e-05 0.0058661800128156204
-543 2.7564315621661713e-06 0.005847394794867636
-541 -4.1639330779126846e-05 0.0059189320984687314
-539 1.3165598749129006e-05 0.005960567569364117
-537 1.4282554282531386e-05 0.0058942937638581175
-535 4.176518300360125e-05 0.005967677957155042
-533 2.6987594561422398e-05 0.005973676689060885
-531 2.4666562528175432e-05 0.005983469691891623
-529 3.13356334862869e-05 0.006062171113360656
-527 1.8091763850384894e-05 0.006016649480778703
-525 -1.7993034624053037e-05 0.006055214545618024
-523 1.2263347390864062e-05 0.006092214388585684
-521 3.4593179077341225e-06 0.00608879680274673
-519 3.439028801702169e-05 0.006096154539794673
-517 -6.728535732611935e-05 0.006193946300993127
-515 2.1273948897649255e-06 0.006205720146942843
-513 -5.320525640708345e-05 0.006223161890337836
-511 -4.176423424616417e-05 0.006235033817936166
-509 -3.998205032252654e-05 0.006270123127402346
-507 -3.0858910989490415e-05 0.00623729329275089
-505 -4.728556998625438e-05 0.006343553656861928
-503 1.395274354913634e-05 0.006342088606806081
-501 -2.9239924347328032e-05 0.006398206091316666
-499 2.1212558929580217e-05 0.006378317439880082
-497 -3.6751953825289945e-05 0.00643088532618445
-495 1.1521256191590447e-05 0.006387692940868017
-493 -2.478380928935127e-06 0.006436920470368965
-491 -1.1217838177705254e-05 0.006475070817323853
-489 4.601742227011842e-07 0.006473852071616176
-487 1.6098628688413087e-05 0.006533454184655791
-485 1.2058295228131711e-05 0.006573255656257859
-483 2.5678526191394277e-05 0.006553927486681432
-481 -2.6729659959366467e-05 0.006654522755966881
-479 -7.090770442831311e-06 0.006662852970967139
-477 9.945593059832779e-06 0.006655548230661051
-475 5.812862873555866e-05 0.006728958523749751
-473 7.858779633339526e-06 0.0067447207348151645
-471 4.584359763532032e-07 0.006737714832145307
-469 -1.0847544452702255e-05 0.006826314521492934
-467 9.59663584237026e-06 0.006853221000670072
-465 -9.909817792597858e-06 0.006863849135181826
-463 -2.1004346455401102e-05 0.006856863987578444
-461 2.4273062137101423e-05 0.006930582730416545
-459 4.495294533326766e-05 0.006974272078794363
-457 3.6411132729990126e-05 0.006966172405771835
-455 -4.4968267161622185e-06 0.006969858078244326
-453 -4.1107887893681584e-05 0.007046641355636475
-451 4.354437759665013e-05 0.007061087140320191
-449 2.4039162794377172e-06 0.007151024432617196
-447 1.080297182641425e-05 0.0071525243284760376
-445 3.5707408697556265e-06 0.00713733624101441
-443 -6.34899712189349e-05 0.007194874261701601
-441 -2.5770589558243014e-05 0.007253561844342974
-439 -5.471542248465743e-05 0.007281878107026296
-437 2.1360576608057967e-05 0.007312476423028463
-435 -5.636097724651031e-05 0.007378793056867561
-433 5.970153757808237e-06 0.007360585090309401
-431 3.5456730350098657e-06 0.007393387245174405
-429 4.748306571127601e-05 0.007419883576627707
-427 3.1433806109664624e-05 0.007455226554513187
-425 4.703232385272748e-07 0.007518992330487882
-423 1.2957558343723625e-06 0.007546107734062684
-421 -1.0694822728234592e-05 0.007592121648429251
-419 -4.258139702517145e-05 0.007646014170510083
-417 -1.0976318312572005e-05 0.007678448063636602
-415 -4.8331486588878153e-05 0.007697442157270018
-413 -4.5715376415055055e-05 0.007713119033987539
-411 3.171820486521441e-05 0.007747799496674515
-409 -1.9994528547072302e-05 0.007783019326468911
-407 -5.2968856915261925e-05 0.007836423183430544
-405 -2.491057463797359e-05 0.007877215211032811
-403 8.586356251490475e-06 0.007904290331670248
-401 1.7609523455182168e-05 0.00795518429975585
-399 -6.535268493229626e-05 0.007951444595812396
-397 1.4391223659840866e-05 0.00796890971710358
-395 5.977024952633284e-05 0.008036310043879124
-393 2.5604765909339363e-05 0.008058056796625515
-391 3.31832402464374e-05 0.008140312951073063
-389 2.4842318577820872e-05 0.008168181877527889
-387 7.96178768354354e-05 0.008202357357342545
-385 1.9702868662902394e-05 0.008290242492137034
-383 -3.3671444614577546e-05 0.008328671836144467
-381 -1.670099538546937e-05 0.008368919394232012
-379 2.14722303915709e-05 0.008411052742375181
-377 -1.1635516828821376e-05 0.008448149918214687
-375 -6.351995151968578e-05 0.008459770117127013
-373 -2.810392858782105e-06 0.008612004855373598
-371 4.00986547996685e-05 0.0086059346886146
-369 -2.8735208106145735e-05 0.008639125676877583
-367 2.509112176347147e-06 0.008682492040643837
-365 2.215433140134327e-05 0.008768424062944114
-363 9.4881840902676e-06 0.00873796437897986
-361 3.448951213842965e-05 0.008784656474021907
-359 -3.61656553642926e-05 0.00888231287776416
-357 -1.603808439903728e-05 0.008889198515279683
-355 -3.735029396659861e-05 0.009022468628343638
-353 -2.356357108635017e-05 0.009009411642696731
-351 -4.125801497510947e-05 0.009098111566432828
-349 1.0439394343942984e-05 0.00916413459123629
-347 2.7239389799884365e-05 0.009190911281982656
-345 -1.7821329548546747e-05 0.009199631377126139
-343 -1.68632193207244e-05 0.009290516678505563
-341 -4.0874638488599945e-05 0.009369621931209068
-339 -1.7640495231556573e-06 0.009337836252145825
-337 -2.6472817660413566e-05 0.009434734800851713
-335 7.743163626599276e-06 0.009470484491174365
-333 -1.9655138090332992e-05 0.009524143190764877
-331 -5.5519237276202994e-05 0.009610348030217434
-329 -1.928067790502331e-05 0.009729479024526607
-327 3.499483292478508e-05 0.009763210462097003
-325 -4.3367049792417416e-05 0.009841928163772976
-323 -1.1539481807580702e-05 0.009922646122072247
-321 5.731415497686106e-06 0.009906516362320131
-319 2.6580314279602884e-05 0.009966579383103785
-317 4.7583079136276086e-05 0.01007187407103159
-315 -3.4749280945182776e-05 0.010165153574559244
-313 -7.979032510924753e-07 0.010231266527984291
-311 -5.847007865386687e-07 0.010230451314253377
-309 4.710421987392252e-06 0.010288548663604156
-307 -3.9961323949541196e-05 0.01035572374039664
-305 -5.2338178864790796e-05 0.010446293241906263
-303 -7.302754269894709e-05 0.010527619416910024
-301 7.816562432280185e-06 0.010613401822834533
-299 -5.4634386615737e-05 0.010648472784083683
-297 -2.621237938291667e-05 0.010669509204227339
-295 4.070515315534437e-06 0.010819537090719452
-293 2.1350079751444473e-05 0.010870587409681262
-291 9.094584376545636e-06 0.010963016955822696
-289 -9.923537467358898e-06 0.011050785177704147
-287 2.1400087289071152e-05 0.011126996269283191
-285 1.6058256163523615e-05 0.011239274627427876
-283 4.037919902319414e-06 0.011242702358502266
-281 -1.0749116826144328e-05 0.011331895710593762
-279 -1.0648670685220589e-05 0.011384441258610985
-277 6.287593947123022e-05 0.011471879041440518
-275 3.6961974067356004e-05 0.011578467611106903
-273 2.8852375784644847e-05 0.011656679762610717
-271 -1.7492125963448457e-05 0.011765268459100031
-269 2.283687048261333e-06 0.011836379049918272
-267 -2.215141089556003e-05 0.011926453456047047
-265 2.144359815432856e-06 0.01202953407115408
-263 5.5679629574660776e-05 0.012113609668249061
-261 -2.859221379201948e-07 0.012176669043862411
-259 4.521636135568263e-05 0.012240977503187218
-257 -3.427132060048226e-05 0.012343737693201556
-255 2.7082411979458675e-05 0.012492708938679166
-253 3.353773020425983e-05 0.01253367889127748
-251 -5.870185586496386e-06 0.01270366859364067
-249 1.819152095420316e-05 0.012774113422527057
-247 -3.92556274150206e-05 0.012866923056096907
-245 -3.093898747564008e-05 0.012989168326083603
-243 -4.120019470487777e-05 0.013102586009187133
-241 1.9327490954576486e-06 0.01322567680414983
-239 4.0588729108572545e-06 0.013266754909123855
-237 -1.6481852797818243e-05 0.01339791425830162
-235 -1.1643632232776154e-05 0.013541622559367346
-233 -7.765183439001962e-05 0.013608326381058205
-231 4.6947057961681576e-07 0.013835418879003934
-229 -1.5911758370925164e-05 0.013938373201883947
-227 2.5943769972547715e-05 0.014008666314010973
-225 3.081499263901546e-05 0.014182878754967071
-223 -1.6726859219150524e-06 0.014245179777009126
-221 -2.0658969996558618e-05 0.014405526078337736
-219 -5.699806014541136e-05 0.014562816693184539
-217 -4.849571029472648e-05 0.014678659765270826
-215 -4.642715260714471e-06 0.014809994677142863
-213 -1.4624649570614187e-05 0.014993205147397822
-211 -1.4419089963001897e-05 0.015092474970810657
-209 -2.525645524825737e-05 0.015186325076349746
-207 2.867759153116217e-05 0.015368059855552365
-205 3.7230161618693256e-05 0.015541801259293738
-203 -1.0977764644144169e-05 0.01566360715684092
-201 2.1769733468123424e-05 0.015811804308311268
-199 1.813795110956526e-05 0.015996210935634646
-197 -3.138949469529672e-05 0.01616750066773135
-195 3.046669769237143e-07 0.01633307103193348
-193 -1.2286299351021226e-05 0.01654587184287476
-191 -1.0553372720488232e-05 0.016645180086933074
-189 1.1926518169320401e-05 0.016833099519615532
-187 4.6708978845458306e-06 0.01705391375595565
-185 -1.9450529365590332e-05 0.017237729348567394
-183 -9.571926050702949e-05 0.017393449159450892
-181 7.642767886002155e-06 0.017529440554636073
-179 2.9145425847438245e-05 0.01776292489107667
-177 -2.248081006115051e-05 0.017973630802313276
-175 -1.6805904250805743e-05 0.01818391381608066
-173 -2.92491031081517e-05 0.018369318162741635
-171 -3.1438970337431566e-05 0.018632750641398212
-169 -2.9812675061514167e-05 0.018765024999747446
-167 3.584281793657167e-05 0.019043518367902617
-165 5.837257943866025e-05 0.019242011029663084
-163 -5.2920983302327225e-06 0.01955431016380864
-161 -1.6490928624486768e-05 0.01970462521791587
-159 -1.4719853760641505e-05 0.020009478300168027
-157 2.8480870095841326e-05 0.020245087014827717
-155 -1.584750216961749e-05 0.020506274933988707
-153 -7.065032609271079e-05 0.020771335403132026
-151 -4.136718987455979e-05 0.021033303464632478
-149 5.467667182218212e-07 0.021369993063035792
-147 4.948303253149135e-05 0.021636027925770136
-145 -1.955811913714027e-05 0.021906214419766604
-143 7.401687354118361e-06 0.022196210343136798
-141 -9.208065634297028e-06 0.02255437508703957
-139 -3.320719625751869e-05 0.022861582283308323
-137 -2.5254073945496792e-05 0.02321694156717363
-135 -1.8957227496918563e-06 0.0235900774235669
-133 2.6689436140368586e-07 0.023890835038753038
-131 -4.562837175337998e-05 0.024301056587044855
-129 -3.422669338325979e-05 0.024702951713120393
-127 -2.620063591998541e-07 0.0250862170340225
-125 -3.615416631462927e-05 0.02543225679241781
-123 -2.267820517646097e-05 0.025905231730955908
-121 1.6552820378082443e-05 0.026256722210117614
-119 5.181300297625909e-05 0.026695308558852524
-117 -1.2112436604491945e-05 0.02722673659227244
-115 -2.0467893216011123e-05 0.027677260831389067
-113 -5.55405739589772e-05 0.028236291322848852
-111 -3.165463619946284e-05 0.028692792054240666
-109 -1.4521629710595283e-05 0.029175197442005838
-107 -7.689682705556167e-05 0.02972551646912682
-105 -6.211028686075611e-05 0.0302466322315014
-103 -8.741258724832431e-06 0.030873594081696074
-101 1.0817144911068173e-05 0.03148508759370606
-99 -2.188527113236716e-05 0.03214878726231229
-97 -1.013319754512825e-05 0.0327834329651773
-95 -2.7714015003246203e-05 0.03347120199614197
-93 2.2787939758913337e-05 0.034240810062774074
-91 -8.063733790649863e-06 0.034939617635277975
-89 8.465292871801385e-06 0.03573592220867652
-87 3.47906081661735e-05 0.03655847112209046
-85 -7.470078108162744e-06 0.037403096265309424
-83 -8.06645163196374e-06 0.038324939254100764
-81 8.61177878463355e-06 0.03925304770853773
-79 -2.066319890374448e-06 0.04021686002387199
-77 2.674933542892925e-05 0.04125896875256319
-75 3.2763829830434014e-06 0.04236824514631371
-73 1.9239883502399553e-05 0.043587482195514636
-71 1.1127253764328729e-05 0.04479927503883873
-69 -2.4174022133676012e-05 0.04608848204987642
-67 4.106276068094857e-05 0.04741364841851094
-65 2.5389605037072273e-05 0.04885890709896698
-63 2.2288407797483096e-05 0.05048445770318491
-61 6.906190870884952e-05 0.05206126584665349
-59 4.257074419278588e-05 0.05382236686829906
-57 1.599148879198089e-05 0.05576783144559265
-55 1.089804333345516e-05 0.057802413903143
-53 5.4049245990424614e-06 0.05992010430547228
-51 -1.4434661472961523e-06 0.06229387793913352
-49 -1.608337658652048e-05 0.06485612184324083
-47 -7.433701108399376e-06 0.06753894748515378
-45 5.6394737223471413e-05 0.07055941386405848
-43 -4.344725265576599e-05 0.07383584889664668
-41 2.5164474595409716e-06 0.07740838848579408
-39 -4.5686335742074925e-05 0.08132160684305607
-37 -9.827021974164502e-06 0.08569504526043822
-35 9.343330936947495e-06 0.09057945166018867
-33 -1.9826597142408955e-05 0.09601150293324139
-31 -3.425829565284269e-06 0.10216786463790484
-29 1.2070120637845272e-05 0.10912021430664502
-27 -7.214529719007089e-05 0.11710430950732958
-25 2.636722455536546e-05 0.12630046211556253
-23 -2.3427570511871792e-05 0.13709064736885146
-21 4.2920100469151854e-05 0.14988192200165582
-19 -1.46956656946229e-05 0.165272204428599
-17 -3.446537584112483e-05 0.18411016502094368
-15 -1.7624114488219712e-06 0.2076964350889144
-13 1.8670068494419645e-05 0.2381412843680064
-11 1.643519652198384e-05 0.2785315376468953
-9 1.9474435860450766e-05 0.33480500756355314
-7 -9.222318393327263e-06 0.41790591975422414
-5 -1.7486846100048512e-05 0.5508297061289296
-3 -3.250065568576574e-05 0.7911237328178478
-1 2.165051378663908e-05 1.325104265596908
1 2.1650513786891407e-05 -1.3251042655969079
3 -3.250065568573567e-05 -0.7911237328178478
5 -1.748684610003152e-05 -0.5508297061289297
7 -9.222318393321356e-06 -0.41790591975422414
9 1.947443586044885e-05 -0.33480500756355314
11 1.643519652197904e-05 -0.27853153764689537
13 1.8670068494426865e-05 -0.2381412843680064
15 -1.7624114488532107e-06 -0.20769643508891436
17 -3.446537584109115e-05 -0.18411016502094368
19 -1.4695665694628105e-05 -0.165272204428599
21 4.292010046914806e-05 -0.14988192200165582
23 -2.3427570511856403e-05 -0.13709064736885146
25 2.636722455534557e-05 -0.12630046211556253
27 -7.214529719006392e-05 -0.11710430950732958
29 1.2070120637846272e-05 -0.10912021430664502
31 -3.425829565279233e-06 -0.10216786463790485
33 -1.9826597142406323e-05 -0.09601150293324139
35 9.343330936942607e-06 -0.09057945166018867
37 -9.827021974162828e-06 -0.08569504526043821
39 -4.568633574208451e-05 -0.08132160684305606
41 2.516447459553267e-06 -0.07740838848579405
43 -4.344725265576435e-05 -0.07383584889664667
45 5.6394737223476225e-05 -0.07055941386405849
47 -7.433701108401639e-06 -0.06753894748515378
49 -1.608337658651909e-05 -0.06485612184324081
51 -1.4434661472931132e-06 -0.06229387793913352
53 5.404924599042168e-06 -0.05992010430547228
55 1.089804333344313e-05 -0.057802413903143
57 1.5991488791997864e-05 -0.05576783144559265
59 4.257074419277873e-05 -0.05382236686829907
61 6.906190870884443e-05 -0.0520612658466535
63 2.2288407797493962e-05 -0.0504844577031849
65 2.5389605037061925e-05 -0.04885890709896699
67 4.106276068095178e-05 -0.04741364841851094
69 -2.417402213367463e-05 -0.04608848204987642
71 1.112725376432812e-05 -0.04479927503883873
73 1.92398835023906e-05 -0.04358748219551463
75 3.2763829830397134e-06 -0.04236824514631372
77 2.674933542893021e-05 -0.04125896875256317
79 -2.0663198903529052e-06 -0.040216860023871884
81 8.61177878464345e-06 -0.039253047708537825
83 -8.066451631966268e-06 -0.03832493925410078
85 -7.470078108159536e-06 -0.037403096265309424
87 3.479060816616798e-05 -0.03655847112209045
89 8.465292871800358e-06 -0.03573592220867652
91 -8.063733790648265e-06 -0.03493961763527798
93 2.2787939758910166e-05 -0.034240810062774074
95 -2.7714015003246488e-05 -0.03347120199614197
97 -1.0133197545116639e-05 -0.0327834329651773
99 -2.188527113237426e-05 -0.032148787262312295
101 1.0817144911064697e-05 -0.03148508759370606
103 -8.741258724827676e-06 -0.03087359408169606
105 -6.211028686075767e-05 -0.030246632231501404
107 -7.689682705556367e-05 -0.029725516469126825
109 -1.4521629710593135e-05 -0.029175197442005835
111 -3.165463619946275e-05 -0.028692792054240666
113 -5.554057395897575e-05 -0.02823629132284886
115 -2.0467893216006366e-05 -0.02767726083138907
117 -1.2112436604480807e-05 -0.02722673659227245
119 5.1813002976234805e-05 -0.026695308558852552
121 1.65528203781084e-05 -0.026256722210117617
123 -2.2678205176456e-05 -0.025905231730955904
125 -3.615416631462976e-05 -0.025432256792417802
127 -2.6200635919375887e-07 -0.025086217034022498
129 -3.4226693383255266e-05 -0.0247029517131204
131 -4.562837175338091e-05 -0.02430105658704485
133 2.668943614023069e-07 -0.023890835038753045
135 -1.8957227497025755e-06 -0.023590077423566898
137 -2.5254073945489e-05 -0.023216941567173632
139 -3.320719625752482e-05 -0.022861582283308327
141 -9.208065634307392e-06 -0.022554375087039558
143 7.401687354136878e-06 -0.022196210343136787
145 -1.9558119137127316e-05 -0.021906214419766618
147 4.948303253148319e-05 -0.021636027925770147
149 5.467667182202321e-07 -0.021369993063035785
151 -4.1367189874557163e-05 -0.021033303464632475
153 -7.065032609271707e-05 -0.020771335403132033
155 -1.584750216962042e-05 -0.02050627493398871
157 2.848087009585748e-05 -0.020245087014827728
159 -1.4719853760676328e-05 -0.020009478300168075
161 -1.6490928624525346e-05 -0.019704625217915845
163 -5.292098330218059e-06 -0.019554310163808628
165 5.8372579438657974e-05 -0.019242011029663077
167 3.584281793657763e-05 -0.019043518367902624
169 -2.981267506151633e-05 -0.01876502499974745
171 -3.143897033743201e-05 -0.018632750641398212
173 -2.924910310815434e-05 -0.01836931816274163
175 -1.6805904250806156e-05 -0.018183913816080664
177 -2.2480810061144704e-05 -0.017973630802313283
179 2.914542584744357e-05 -0.017762924891076663
181 7.642767885998667e-06 -0.017529440554636067
183 -9.571926050702399e-05 -0.017393449159450895
185 -1.9450529365595133e-05 -0.01723772934856739
187 4.670897884549278e-06 -0.017053913755955653
189 1.1926518169324039e-05 -0.016833099519615532
191 -1.0553372720489606e-05 -0.016645180086933078
193 -1.228629935102264e-05 -0.016545871842874756
195 3.0466697691632647e-07 -0.01633307103193348
197 -3.1389494695297415e-05 -0.01616750066773135
199 1.813795110957807e-05 -0.015996210935634643
201 2.1769733468115018e-05 -0.01581180430831125
203 -1.0977764644138876e-05 -0.01566360715684092
205 3.723016161869493e-05 -0.01554180125929374
207 2.8677591531158817e-05 -0.015368059855552368
209 -2.5256455248254282e-05 -0.015186325076349752
211 -1.4419089962999593e-05 -0.015092474970810657
213 -1.4624649570618003e-05 -0.014993205147397824
215 -4.64271526072061e-06 -0.014809994677142863
217 -4.8495710294727e-05 -0.014678659765270824
219 -5.699806014541639e-05 -0.014562816693184535
221 -2.065896999656117e-05 -0.014405526078337736
223 -1.6726859219122712e-06 -0.01424517977700913
225 3.0814992639010085e-05 -0.014182878754967078
227 2.5943769972553085e-05 -0.01400866631401097
229 -1.591175837092063e-05 -0.013938373201883947
231 4.694705796164202e-07 -0.013835418879003929
233 -7.76518343900171e-05 -0.013608326381058201
235 -1.1643632232777313e-05 -0.013541622559367344
237 -1.6481852797827168e-05 -0.013397914258301627
239 4.058872910836832e-06 -0.013266754909123839
241 1.9327490954761397e-06 -0.013225676804149843
243 -4.120019470488039e-05 -0.013102586009187131
245 -3.093898747564725e-05 -0.012989168326083602
247 -3.925562741502461e-05 -0.012866923056096907
249 1.8191520954210223e-05 -0.012774113422527057
251 -5.87018558649561e-06 -0.01270366859364067
253 3.353773020425872e-05 -0.012533678891277475
255 2.7082411979462947e-05 -0.012492708938679162
257 -3.427132060048031e-05 -0.012343737693201559
259 4.521636135568261e-05 -0.012240977503187212
261 -2.85922137919197e-07 -0.012176669043862404
263 5.5679629574659394e-05 -0.012113609668249063
265 2.144359815427843e-06 -0.01202953407115408
267 -2.2151410895559448e-05 -0.011926453456047046
269 2.283687048260262e-06 -0.01183637904991827
271 -1.7492125963453147e-05 -0.01176526845910003
273 2.8852375784643577e-05 -0.011656679762610719
275 3.696197406735435e-05 -0.011578467611106901
277 6.28759394712289e-05 -0.01147187904144052
279 -1.06486706851836e-05 -0.011384441258610977
281 -1.0749116826163992e-05 -0.01133189571059376
283 4.037919902306837e-06 -0.01124270235850227
285 1.6058256163531506e-05 -0.01123927462742789
287 2.1400087289062394e-05 -0.011126996269283198
289 -9.923537467366136e-06 -0.01105078517770415
291 9.094584376554106e-06 -0.010963016955822686
293 2.135007975143926e-05 -0.010870587409681259
295 4.070515315537734e-06 -0.010819537090719457
297 -2.6212379382915023e-05 -0.010669509204227342
299 -5.463438661574219e-05 -0.01064847278408368
301 7.816562432270134e-06 -0.010613401822834535
303 -7.302754269894528e-05 -0.010527619416910024
305 -5.2338178864794476e-05 -0.010446293241906261
307 -3.996132394953777e-05 -0.01035572374039664
309 4.71042198739226e-06 -0.010288548663604156
311 -5.847007865388787e-07 -0.010230451314253382
313 -7.979032510909506e-07 -0.0102312665279843
315 -3.474928094517576e-05 -0.01016515357455924
317 4.758307913627158e-05 -0.010071874071031585
319 2.6580314279562847e-05 -0.009966579383103774
321 5.731415497717598e-06 -0.00990651636232008
323 -1.1539481807564842e-05 -0.009922646122072248
325 -4.3367049792414597e-05 -0.00984192816377297
327 3.4994832924786906e-05 -0.009763210462097006
329 -1.9280677905030283e-05 -0.009729479024526606
331 -5.551923727620517e-05 -0.009610348030217427
333 -1.965513809032889e-05 -0.009524143190764877
335 7.74316362659598e-06 -0.009470484491174363
337 -2.647281766041253e-05 -0.009434734800851713
339 -1.7640495231543122e-06 -0.009337836252145825
341 -4.087463848859911e-05 -0.009369621931209063
343 -1.6863219320720443e-05 -0.009290516678505563
345 -1.7821329548551175e-05 -0.009199631377126146
347 2.723938979988193e-05 -0.009190911281982657
349 1.0439394343939311e-05 -0.0091641345912363
351 -4.125801497511204e-05 -0.00909811156643283
353 -2.3563571086354585e-05 -0.009009411642696722
355 -3.735029396660221e-05 -0.009022468628343635
357 -1.603808439903829e-05 -0.008889198515279681
359 -3.6165655364283584e-05 -0.008882312877764139
361 3.4489512138425114e-05 -0.008784656474021924
363 9.48818409026475e-06 -0.008737964378979866
365 2.2154331401343435e-05 -0.008768424062944109
367 2.509112176347498e-06 -0.008682492040643834
369 -2.8735208106146853e-05 -0.008639125676877584
371 4.009865479967222e-05 -0.008605934688614605
373 -2.8103928587835973e-06 -0.008612004855373598
375 -6.351995151968408e-05 -0.008459770117127011
377 -1.1635516828820026e-05 -0.008448149918214689
379 2.1472230391574993e-05 -0.008411052742375181
381 -1.670099538546841e-05 -0.00836891939423201
383 -3.3671444614581734e-05 -0.008328671836144469
385 1.9702868662894462e-05 -0.008290242492137029
387 7.961787683543688e-05 -0.008202357357342543
389 2.4842318577816793e-05 -0.008168181877527892
391 3.3183240246437975e-05 -0.00814031295107306
393 2.560476590933695e-05 -0.008058056796625511
395 5.977024952633006e-05 -0.008036310043879129
397 1.439122365983888e-05 -0.007968909717103567
399 -6.535268493227978e-05 -0.007951444595812379
401 1.76095234551883e-05 -0.007955184299755879
403 8.586356251483319e-06 -0.00790429033167025
405 -2.491057463798411e-05 -0.007877215211032807
407 -5.296885691525775e-05 -0.007836423183430545
409 -1.9994528547070682e-05 -0.0077830193264689105
411 3.171820486522045e-05 -0.007747799496674516
413 -4.571537641506002e-05 -0.007713119033987536
415 -4.833148658887664e-05 -0.007697442157270019
417 -1.097631831256679e-05 -0.007678448063636599
419 -4.2581397025175666e-05 -0.00764601417051009
421 -1.0694822728229161e-05 -0.007592121648429246
423 1.2957558343759768e-06 -0.007546107734062682
425 4.7032323853082643e-07 -0.007518992330487882
427 3.1433806109664726e-05 -0.007455226554513185
429 4.7483065711285045e-05 -0.00741988357662771
431 3.545673035004121e-06 -0.007393387245174412
433 5.970153757801244e-06 -0.007360585090309397
435 -5.636097724650362e-05 -0.007378793056867556
437 2.136057660805255e-05 -0.007312476423028465
439 -5.471542248466414e-05 -0.007281878107026283
441 -2.5770589558243027e-05 -0.0072535618443429865
443 -6.348997121893561e-05 -0.007194874261701607
445 3.570740869756583e-06 -0.0071373362410144066
447 1.0802971826417499e-05 -0.007152524328476032
449 2.403916279447609e-06 -0.007151024432617192
451 4.35443775966502e-05 -0.007061087140320194
453 -4.1107887893684253e-05 -0.007046641355636474
455 -4.4968267161607395e-06 -0.006969858078244323
457 3.641113272998986e-05 -0.006966172405771836
459 4.4952945333265856e-05 -0.006974272078794356
461 2.4273062137100644e-05 -0.006930582730416544
463 -2.1004346455403284e-05 -0.00685686398757845
465 -9.90981779260101e-06 -0.006863849135181825
467 9.596635842368914e-06 -0.006853221000670071
469 -1.0847544452699335e-05 -0.006826314521492936
471 4.584359763513948e-07 -0.006737714832145309
473 7.85877963334233e-06 -0.006744720734815167
475 5.812862873555538e-05 -0.006728958523749751
477 9.945593059846782e-06 -0.006655548230661052
479 -7.090770442840478e-06 -0.006662852970967155
481 -2.6729659959410432e-05 -0.00665452275596687
483 2.567852619139875e-05 -0.006553927486681419
485 1.2058295228128169e-05 -0.0065732556562578546
487 1.6098628688418505e-05 -0.0065334541846557926
489 4.601742227004515e-07 -0.0064738520716161735
491 -1.1217838177704345e-05 -0.006475070817323853
493 -2.4783809289364747e-06 -0.006436920470368968
495 1.1521256191598843e-05 -0.006387692940868021
497 -3.675195382528039e-05 -0.006430885326184457
499 2.121255892958156e-05 -0.0063783174398800825
501 -2.9239924347330427e-05 -0.00639820609131666
503 1.3952743549141133e-05 -0.006342088606806082
505 -4.728556998625084e-05 -0.006343553656861929
507 -3.0858910989485015e-05 -0.006237293292750886
509 -3.9982050322528165e-05 -0.006270123127402348
511 -4.176423424617094e-05 -0.006235033817936166
513 -5.320525640709066e-05 -0.00622316189033784
515 2.1273948897674226e-06 -0.006205720146942846
517 -6.728535732612361e-05 -0.006193946300993122
519 3.439028801702346e-05 -0.006096154539794676
521 3.459317907761851e-06 -0.006088796802746748
523 1.2263347390864435e-05 -0.006092214388585682
525 -1.799303462404952e-05 -0.006055214545618023
527 1.8091763850385098e-05 -0.006016649480778702
529 3.133563348628358e-05 -0.0060621711133606575
531 2.466656252817508e-05 -0.005983469691891623
533 2.6987594561416544e-05 -0.005973676689060883
535 4.176518300359986e-05 -0.005967677957155042
537 1.428255428253105e-05 -0.005894293763858114
539 1.3165598749127844e-05 -0.005960567569364114
541 -4.163933077913167e-05 -0.005918932098468735
543 2.7564315621659493e-06 -0.005847394794867631
545 2.700164286997182e-05 -0.005866180012815624
547 1.2328247431930721e-05 -0.005818954237361281
549 -6.463495183387779e-07 -0.005810790611645947
551 -9.713918704446563e-06 -0.005766067492405157
553 -2.713682526636392e-05 -0.0057312795929432
555 7.486800755136091e-06 -0.005738975968912767
557 -3.8264368755615776e-05 -0.005723917707234822
559 -3.726691444594427e-05 -0.005685986867059148
561 4.0887473382673606e-05 -0.005678609573805787
563 -6.553881784036737e-06 -0.005616011569368069
565 1.050607795690083e-05 -0.005585742830501015
567 4.900810112660785e-05 -0.005572016545623603
569 5.941488184364236e-05 -0.005562472460548149
571 2.718197759220977e-05 -0.005569083975211171
573 -1.6905965299241973e-05 -0.005515553375471979
575 1.3703534068584376e-06 -0.005562167424198264
577 -9.549765123975911e-05 -0.005510959133800609
579 -2.2594538052625604e-05 -0.005511912012298195
581 -4.081596663040519e-05 -0.005491876673852484
583 1.7833071851410025e-05 -0.005433094012669646
585 -2.4917711413505256e-05 -0.005470931356331789
587 -8.812167822382254e-06 -0.005448088950802076
589 -1.7629244874676014e-05 -0.005417172762718272
591 -2.1058608407476974e-05 -0.0053839905893262865
593 5.8060199580803445e-05 -0.005345905490478072
595 1.5704556993291e-05 -0.005420907109625093
597 2.481270670642691e-05 -0.005339469945371237
599 6.613185801541746e-05 -0.005317556045136602
601 1.703332393096227e-05 -0.005347835996202728
603 -6.918281376703293e-06 -0.00529133507202216
605 -4.220144165107822e-05 -0.005239004585483584
607 -6.077635107749131e-05 -0.005227958021921907
609 -2.2884206063144263e-05 -0.005196414210334661
611 6.504522500659466e-06 -0.005210221616611378
613 -4.195514185959851e-05 -0.005232122252458788
615 -7.293682847377492e-05 -0.005147484363020107
617 4.853280133028168e-05 -0.005165980845920529
619 2.7563497604010568e-05 -0.005107208354774601
621 1.5209812063102324e-05 -0.005091270138988602
623 1.5198258895853383e-06 -0.005140492226247264
625 2.6174839971873277e-05 -0.005067969634696488
627 -2.4253907071143985e-05 -0.005081549607724148
629 -2.343248960599428e-06 -0.00507765960647047
631 1.0808083791754031e-05 -0.0050313653275173
633 -4.912933534649135e-05 -0.005067915255088
635 -2.9594297991261242e-06 -0.005046198449878936
637 3.80310819946923e-05 -0.005010803616562766
639 -8.220871225380759e-05 -0.004955373144795918
641 -2.2355956998670463e-05 -0.004938674460736821
643 -2.135687999783808e-06 -0.004987396430307068
645 3.022095168576142e-05 -0.0049282802220995525
647 1.3216936617096664e-05 -0.004908390705698202
649 1.9980532483387985e-05 -0.0049279921585188785
651 3.354799984053722e-05 -0.004885260422236163
653 9.263317664662901e-08 -0.004878656095070743
655 5.134143845541588e-05 -0.004898749477376165
657 5.398633412821305e-05 -0.00487944531907477
659 5.0745880293997564e-05 -0.004830070662042561
661 -3.764961330791947e-05 -0.0048025677615869625
663 -2.8216674419668196e-05 -0.004777372340531874
665 6.759914731877058e-06 -0.00478710562234005
667 -2.8699693134156e-05 -0.004732866954922927
669 1.781997488429782e-05 -0.004710603970201971
671 -2.119166358434821e-05 -0.00474046093715912
673 1.1705687528037859e-05 -0.004706329884974046
675 -4.867434797218821e-06 -0.004691975034239194
677 2.3824981943198025e-05 -0.00468674282192381
679 4.062397180630771e-06 -0.004690777943909727
681 1.4291589024410003e-05 -0.004699958989626183
683 -2.8889917127447365e-05 -0.004671836250036997
685 -1.9733714133757784e-05 -0.00464292024057612
687 5.387047305697873e-05 -0.004648182352057711
689 -4.002190165051349e-05 -0.004640879788546731
691 2.9024194577038138e-06 -0.004643694015708653
693 -5.5719284717904634e-05 -0.0045958578781525
695 4.7290002058323926e-05 -0.004589601295092401
697 -5.813182573044065e-06 -0.004561939350804177
699 -2.221761955429987e-05 -0.004545502309968284
701 -1.878302189731505e-06 -0.004479812713363877
703 5.728722024046207e-07 -0.004497652932700668
705 -1.6693287280708205e-05 -0.004497787896190835
707 -1.824020356643691e-05 -0.004497774796154049
709 -2.8506191479935885e-05 -0.004480651272611835
711 -7.598265770845197e-06 -0.004470622410485105
713 -7.10442432118787e-05 -0.0044646923141042445
715 7.580229848533492e-06 -0.0044068832684061796
717 1.0144001397488585e-05 -0.00443489877389543
719 -6.901298984224826e-06 -0.00447084494987423
721 5.79734252252321e-06 -0.0044278245431828836
723 2.156341539594803e-05 -0.004383901675219848
725 -4.921371035775413e-07 -0.004354214070061015
727 4.044382682559491e-06 -0.004391504131827085
729 -6.299204829966106e-05 -0.004392706123804917
731 -5.710193175066769e-05 -0.004339902071878555
733 -5.096619959731478e-05 -0.00433296561056504
735 -4.5635101958129025e-05 -0.004330741337416705
737 3.4191374132601966e-05 -0.004322202450857238
739 -8.046701435428106e-06 -0.00435041137194999
741 -1.8537026735844382e-05 -0.004305488311088867
743 4.637058943318593e-05 -0.004312738311930184
745 -6.453292030412867e-05 -0.004287384506321502
747 -4.052055504604766e-05 -0.004242406708212232
749 -1.1409918764357852e-05 -0.0042462166017527645
751 3.339271267326711e-05 -0.004240034260411433
753 2.4386564242053942e-05 -0.004221477096114407
755 5.5503860330143715e-06 -0.004281155632884899
757 4.454651544666975e-05 -0.004257798646559284
759 2.674016014927222e-05 -0.004229526237727614
761 1.3377669068200077e-05 -0.004176442512214213
763 -3.357814708377842e-05 -0.004191537075288597
765 -1.5131476620958251e-06 -0.004184752274096593
767 -4.305400281926608e-05 -0.004147503155660567
769 -3.899194254903653e-05 -0.004163572362792033
771 -4.496361451236617e-05 -0.00416354165444398
773 -9.61260976406732e-06 -0.004142867589427749
775 -2.1882559571198962e-05 -0.004121775781721724
777 -3.0705235530187596e-05 -0.00404453510967958
779 1.3670428169811817e-05 -0.0040873002950533215
781 -1.6533232928783851e-06 -0.004114249168865064
783 -4.659343665988727e-06 -0.004072342459750864
785 7.072369032819424e-06 -0.004092336505044317
787 -2.9900551112880736e-05 -0.0040185303397690855
789 -2.6087405579756187e-05 -0.004011312664452418
791 -4.581663706613264e-05 -0.0040231013710959945
793 -3.346165107386778e-05 -0.004008994102094895
795 -1.3327401766298988e-05 -0.00405095171356713
797 -2.1853096834752625e-05 -0.004009570808940829
799 4.222800399476453e-05 -0.004000115013807001
801 -1.4141252929922851e-05 -0.003978412856582347
803 4.748249562216659e-06 -0.004002052495436672
805 6.184910067819572e-06 -0.003945982888200916
807 3.8523171017343635e-05 -0.003946353335043772
809 -2.3355025138583122e-05 -0.003942178184517182
811 6.4496916730860366e-06 -0.003957254516480562
813 3.326939364748482e-05 -0.003930149872475998
815 -1.5744974507402254e-05 -0.003903635817843115
817 -1.8511512312198553e-05 -0.0038645073815541547
819 1.954870640965495e-05 -0.0038631812896427723
821 -2.8307615334025807e-05 -0.00387364995208714
823 -2.1321146684454234e-05 -0.0039057828634593322
825 -4.745712466813186e-05 -0.003826478811017603
827 1.1658999619138404e-06 -0.003860321351863913
829 9.143396167945529e-06 -0.003835419602775844
831 -4.375668614715342e-06 -0.0038544750126217535
833 2.020837572572097e-05 -0.003831934571620159
835 -2.5390760414081324e-05 -0.0038695236174325727
837 -1.2378582092248279e-05 -0.003841968187292692
839 -4.245465167425712e-05 -0.0038062587558748092
841 -1.0956773451891806e-05 -0.003772113381066949
843 -5.998270773539627e-05 -0.0037917545386447517
845 -8.673540626817012e-06 -0.0037938420237020416
847 -1.9185760043716694e-05 -0.003734419579187404
849 -9.316610397181371e-07 -0.0037780371063053223
851 4.052238393123331e-06 -0.0037063206354685132
853 4.3194821303009306e-06 -0.0037188280229017764
855 -1.574719936984755e-05 -0.0036866316668533374
857 2.624713913958946e-05 -0.0037154045216170077
859 -9.611006274752893e-06 -0.003747813557882756
861 3.803667560810084e-05 -0.0036852846357127793
863 6.210925572641645e-06 -0.0036945141308758114
865 2.750849705012066e-06 -0.0036960596006318986
867 3.556067896031823e-05 -0.003644248498942623
869 3.4623429186953985e-05 -0.0037055470612816837
871 -2.5580915463871107e-05 -0.0036591887775617683
873 -3.835009841554161e-05 -0.0036268267513568215
875 -3.25337527340211e-06 -0.003645541674817201
877 -5.548458924286704e-05 -0.003590290384956477
879 -2.9503123428735608e-06 -0.0036585842406383407
881 1.1093487792570215e-05 -0.0036126997998519998
883 4.9598559760421387e-05 -0.003593501544577792
885 1.8557217387357178e-05 -0.0035933184750598307
887 2.3354562172342783e-05 -0.003609036388787501
889 -1.540990530312961e-05 -0.003581739483825343
891 3.137778979649586e-05 -0.003581155798085314
893 3.238083376449236e-05 -0.003537393753420213
895 2.774872267445346e-05 -0.0035671422968741647
897 -5.974255380724729e-05 -0.0035486324712087833
899 1.4302148822518668e-06 -0.003520923025720044
901 -2.936076830243919e-05 -0.0035602715402328383
903 -1.5546820028148673e-05 -0.003545524451872362
905 -2.103007586760142e-06 -0.0035010836464550326
907 -2.1903681428128757e-05 -0.003498399560208968
909 2.3548376325837434e-05 -0.003480241113010506
911 -1.2990616899346631e-05 -0.0035007893020192918
913 2.0356108286885724e-05 -0.003456468145499732
915 -1.4057773260779309e-05 -0.0034532270191843517
917 2.4508359331030944e-05 -0.0034533530670108493
919 -4.9772756754755435e-05 -0.0034764674096906217
921 3.826311568014263e-05 -0.0034611522979359948
923 1.398600984613333e-06 -0.0034438044178616897
925 -1.424340534993702e-05 -0.0034331050740011204
927 -2.631089865633735e-05 -0.003430669992919863
929 4.981818447968121e-05 -0.003342212933357469
931 -5.4643970023801035e-05 -0.003379643419984518
933 -4.3510705285419614e-05 -0.0033513432874429905
935 8.483011566427191e-05 -0.003421006075354611
937 4.8241333600844494e-05 -0.0033974145567116235
939 2.609404513175721e-05 -0.003386293559450395
941 2.009440371702474e-05 -0.0033841607477221414
943 3.180685138003464e-05 -0.0033847882125358658
945 -3.272348522214223e-05 -0.003340413408996927
947 -1.616978113096047e-05 -0.003364092003702661
949 2.446536024671161e-05 -0.003355762513982813
951 5.7953454462704806e-05 -0.0032969181841955002
953 2.2708810869054492e-05 -0.0033154519529759573
955 1.6021319153667285e-05 -0.00331369138370398
957 -7.376744020405562e-06 -0.003308529556110435
959 2.2842663304163175e-05 -0.003306398016958572
961 -8.238872943677899e-07 -0.003329435614463992
963 -5.675270202612623e-06 -0.003289250352896836
965 -3.6124329403455815e-05 -0.003258614814000568
967 7.506250452364294e-05 -0.00327650771825756
969 6.936133723995204e-05 -0.0032723066101053543
971 6.678207233566114e-06 -0.0033096281078745424
973 2.029739898437636e-05 -0.0033060104460337623
975 -1.105533498363007e-05 -0.0032671757637690326
977 -2.021375160959926e-05 -0.0032261186473146928
979 2.3180730836817207e-07 -0.0032259289910941667
981 -1.1526108529317253e-05 -0.003246408583054423
983 -1.9534924265971595e-05 -0.003207211373575137
985 -1.8096660277123945e-05 -0.0032261583287322595
987 -1.1295441444730694e-05 -0.0032206513005402287
989 -2.9275742400932197e-06 -0.003198469142601705
991 -1.9563595057812712e-05 -0.0032054888389811543
993 -4.377117022079556e-05 -0.003215919840458777
995 -2.3195305624508964e-05 -0.0032620008458075223
997 7.260626854391274e-06 -0.0032019713110443583
999 -4.6710623451774844e-05 -0.003239268739630305
1001 -1.2173340478980107e-05 -0.003181401486519353
1003 3.5622120538628855e-05 -0.0031702396382011114
1005 -1.3377049072675472e-05 -0.003191872327037558
1007 2.3156585930869477e-05 -0.003208779695744855
1009 -1.8040491372640564e-07 -0.003157968369881044
1011 2.7264233371605296e-05 -0.003119586186914702
1013 8.868454810507483e-06 -0.0031627695449059495
1015 -6.951109608631194e-06 -0.003178163174131344
1017 4.988046260442533e-05 -0.003116742897349618
1019 -7.4638782573073095e-06 -0.0031246483011045144
1021 8.085403824887041e-06 -0.0031169771885769084
1023 3.336419783508474e-05 -0.003088546390285011
1025 -1.1992561906450726e-05 -0.0031448852801057776
1027 5.050920832343573e-05 -0.003138457111938533
1029 2.4986024363532385e-05 -0.0030986603611670833
1031 7.182595745927938e-05 -0.0031275870944462475
1033 -4.289356618882282e-05 -0.0030850450121770044
1035 2.0066878678600177e-05 -0.0030432516083667817
1037 -3.5895290480380277e-05 -0.003053279697080764
1039 -2.8530519630453114e-06 -0.003082223452388434
1041 -2.6911137555726257e-05 -0.0030357197913173863
1043 2.6380365507589267e-05 -0.0030511546464230253
1045 2.013887747972094e-06 -0.003068514630140241
1047 3.0969577926565695e-05 -0.0030833900649217664
1049 -3.938558025408799e-05 -0.0029789079505807598
1051 -1.843364873047192e-05 -0.003027378692410171
1053 -4.7515456748876895e-05 -0.003082249072282996
1055 -2.510207994878339e-05 -0.0030257988962557924
1057 2.0814468487366787e-05 -0.0030383262166164783
1059 3.12857544808886e-05 -0.0030504968279679106
1061 -4.51281655188488e-07 -0.0030220983988515763
1063 -4.09286400744515e-05 -0.0030425775487768893
1065 -2.8553367551552097e-05 -0.003018821026805919
1067 1.8286699095876465e-05 -0.002992091960601344
1069 4.598043156868188e-06 -0.002986775535707429
1071 2.670193911897133e-05 -0.002989985940123013
1073 2.506321593107513e-05 -0.0029477467195633887
1075 3.176711900217689e-05 -0.0029415246548706265
1077 1.3503611414870653e-05 -0.0029528931725149293
1079 -1.0900426463219648e-05 -0.002958666634480633
1081 -1.2637048868372485e-06 -0.002934672818897492
1083 3.0188570501598155e-05 -0.0029329214223028336
1085 -8.481309812424047e-05 -0.002965146217011828
1087 1.1851798941635728e-05 -0.0029591006877693693
1089 -3.970905844079267e-05 -0.0029465115572412876
1091 -2.3441241607487863e-05 -0.002908323676807386
1093 -1.1788710147451785e-05 -0.0029090704137482203
1095 -3.015198671845292e-05 -0.0029203536981972345
1097 -1.200345616066505e-05 -0.00294234628822582
1099 -1.0965284190979776e-05 -0.002996818699798013
1101 -1.3239620766443116e-05 -0.0029163247470964746
1103 2.453013962235955e-05 -0.0029152977296731616
1105 3.809231557953725e-05 -0.0029039108090807247
1107 8.580214088740787e-06 -0.0028481276296822705
1109 8.213841302732753e-06 -0.002853093077945508
1111 1.2458967862670997e-05 -0.0028634614858635836
1113 1.5474419574682734e-05 -0.0028605776563978237
1115 6.25742478308925e-05 -0.0027800599569608123
1117 -2.0121798407633043e-05 -0.002857447305251834
1119 -1.2579676673901751e-05 -0.0028636214970674386
1121 2.5945810392674153e-05 -0.0028593443250082115
1123 7.633873732712244e-06 -0.0028779294193291578
1125 -5.060059812498922e-05 -0.0028316611206796317
1127 2.3736140131430844e-05 -0.0028149744229967236
1129 -1.471494192571656e-07 -0.002858458351313772
1131 3.157333226140242e-05 -0.0028102322870638217
1133 -1.9855386965300534e-05 -0.0027840454495460234
1135 -5.4072964932685355e-06 -0.002827388757124944
1137 1.1356875217309338e-05 -0.002771889160917081
1139 4.175470714812177e-05 -0.0028090905668571773
1141 4.740160815797412e-05 -0.002768857759581573
1143 -7.186477568282575e-06 -0.0027868239797554733
1145 -2.0602764413386587e-05 -0.0027518242760027167
1147 -3.046449258848138e-07 -0.002792148651192732
1149 3.164904952200429e-05 -0.0027832933849823364
1151 1.673013783002477e-05 -0.0027612678673225063
1153 3.0036662928456926e-05 -0.0027084321323551934
1155 1.299856444088296e-05 -0.00279142822482264
1157 3.517829255270893e-05 -0.002747007019485983
1159 4.241415620588707e-05 -0.002740478361168903
1161 -1.2374597478478151e-05 -0.002722300099803629
1163 4.6015782212990505e-05 -0.002724920029098884
1165 -4.968634325718113e-05 -0.0027323667327808824
1167 -1.9637146804634193e-05 -0.002683565400946111
1169 4.980443565502601e-05 -0.0027715182052579453
1171 -4.219015316607664e-06 -0.002777560266472957
1173 -2.037396900157362e-06 -0.0026866235432938036
1175 -1.31725944292672e-05 -0.0026931159776617157
1177 9.252079962941297e-06 -0.0026951502105138697
1179 3.33061667249437e-05 -0.0027037338996151222
1181 -2.355147198331211e-05 -0.0026727173287054654
1183 -4.847719527613773e-06 -0.002674341833695318
1185 1.3768812796152707e-05 -0.0026498567101176157
1187 1.0691416562252235e-05 -0.00269574656642046
1189 2.5714671736806958e-05 -0.0027171958029854203
1191 -2.9450160413216633e-05 -0.0026285207737130095
1193 1.5411463624021863e-05 -0.0026409211573552418
1195 -4.561369951343234e-05 -0.0026976930407810904
1197 -1.7087533924923697e-05 -0.002711577489753423
1199 -2.3692542983176193e-05 -0.002620994687111203
1201 -4.118697279748716e-05 -0.0026268359590242794
1203 -2.85992951722804e-05 -0.002654968235136385
1205 -1.0634621911839627e-06 -0.0026533812043719345
1207 -1.5042508418429694e-05 -0.0026757269735632654
1209 1.6803236757164724e-05 -0.0026026592243190987
1211 -4.239221056847863e-05 -0.002654635940470234
1213 -2.2110849780583117e-05 -0.0026516280035997755
1215 1.0118760212007504e-05 -0.002583806455838748
1217 -8.418227261360436e-06 -0.0026340273214826566
1219 -2.5195367804359643e-05 -0.002662004339509996
1221 3.003469571828164e-05 -0.0026460007612571965
1223 9.569052027922394e-06 -0.0026816535968349976
1225 4.977177746547558e-05 -0.0026657585426101017
1227 1.9511481075782468e-05 -0.0026277086314145134
1229 5.583379004175771e-07 -0.0025937128270234495
1231 1.6029409548781246e-05 -0.002569855470802098
1233 -1.0590419936081046e-06 -0.0026169432685576952
1235 -2.5122774782627982e-05 -0.002617178251804068
1237 -3.200982309653288e-06 -0.0026197269024326375
1239 -4.053211468726996e-05 -0.0025931072839454825
1241 -3.405630421810945e-05 -0.0025790937059540077
1243 -4.127806281987039e-05 -0.002486707678077459
1245 1.822207081356978e-05 -0.0024644943736507915
1247 6.202331775984838e-06 -0.0025769158328548215
1249 -1.1414354806446475e-05 -0.002580731968781636
1251 -8.211544105417744e-06 -0.002552537834210886
1253 -4.9261292143002194e-06 -0.002574428549261255
1255 1.6231398622491346e-05 -0.0025805159653242943
1257 -3.442290883471673e-06 -0.002560396922431991
1259 -5.265938427255005e-05 -0.002533737739471258
1261 1.7111681417664725e-05 -0.0025265770850219534
1263 -4.4231792847321843e-05 -0.002504312448864698
1265 -6.181257187993385e-05 -0.0024993182447167585
1267 2.1021765395640403e-05 -0.002484705251746751
1269 -2.8472826513091374e-05 -0.002464038127148064
1271 3.891003578608063e-06 -0.00250790219343653
1273 3.893995563403304e-05 -0.002527498064074756
1275 6.070239711359823e-06 -0.0024302331114727034
1277 -7.355800027848962e-06 -0.00249227116262947
1279 -2.6901675423313862e-05 -0.0024733184662830863
1281 5.61013080829695e-05 -0.002521775423939527
1283 1.1388072840862916e-05 -0.0025205323367853073
1285 -1.2100159914899144e-05 -0.002434293214167406
1287 -1.5265129013774833e-05 -0.002449135697732293
1289 -1.6438253840385012e-05 -0.002419612328788776
1291 -3.646813463839001e-05 -0.002476970634760226
1293 3.7049606957646297e-06 -0.0024955291989457364
1295 -1.9730436779910128e-05 -0.002481763514164211
1297 4.5476818548578903e-07 -0.0024774477444325996
1299 -1.8776734664475086e-05 -0.0024547189916746216
1301 -9.288261795857995e-06 -0.002449344050593676
1303 5.624099640568435e-05 -0.002483028055212244
1305 3.2601517497001816e-05 -0.0024763813197644182
1307 7.3858507050796915e-06 -0.0024789336527934742
1309 1.4869588078111828e-05 -0.002450988608135636
1311 -5.328608716719866e-05 -0.002428097714518944
1313 -2.066442632267395e-05 -0.0024413472608669153
1315 5.6921675213226205e-05 -0.0024355096476782715
1317 -4.00056509819322e-05 -0.0024173619573557214
1319 -1.366191011693904e-05 -0.0024522763526391785
1321 3.6485757716261846e-05 -0.002386320432482064
1323 4.352827980448028e-05 -0.002403894553763507
1325 -3.2565065560947605e-05 -0.0024131877174353236
1327 2.4344395359596264e-05 -0.0024126447473082568
1329 2.446345742469485e-06 -0.002381374573639695
1331 -2.6550041136080777e-05 -0.0024059968983690637
1333 2.9483055221655772e-05 -0.002384682124440394
1335 9.637748164737024e-06 -0.0023696464119216574
1337 3.585513558568938e-05 -0.0023637823010541404
1339 -3.130591025151902e-06 -0.002381653275873059
1341 -2.4764936032540162e-05 -0.002338298792806088
1343 -1.521875612529306e-05 -0.002345824474298185
1345 -2.8325095781291905e-05 -0.0023515417215980287
1347 2.6118549154328947e-05 -0.0023647383846898957
1349 2.569209548752191e-05 -0.0024227919865839774
1351 6.529019218354893e-05 -0.0023344916856049033
1353 -5.226637432578116e-06 -0.002337691741539928
1355 1.9890396612384225e-06 -0.0024153833276631385
1357 -3.577838346281992e-05 -0.002298311335366514
1359 2.7918394995672695e-05 -0.002296400764494775
1361 -3.49815901297718e-06 -0.002375681445167719
1363 1.9451513756360615e-05 -0.002307688184301748
1365 2.55542147233595e-05 -0.0023510703240276994
1367 7.513537036677526e-06 -0.0023628181721171374
1369 4.7977491656608434e-06 -0.0023761052616433236
1371 -6.065732619926956e-05 -0.0023222131678121353
1373 6.812792794863783e-06 -0.002337431223529617
1375 4.575495657680276e-05 -0.0023193879326953806
1377 -1.6167691160667994e-05 -0.0023143636385767985
1379 -2.181153928459119e-05 -0.002295494230320819
1381 -6.394196636075315e-06 -0.00230093515556219
1383 -2.6693254093155177e-05 -0.0023079208486310827
1385 1.5650973934143126e-05 -0.002247766872131447
1387 -1.976594873421785e-05 -0.0022410463470000012
1389 3.3243310971072616e-06 -0.002279586248022184
1391 5.225895197922132e-05 -0.00229290550820944
1393 8.157193558408034e-06 -0.0022648710367646407
1395 -2.8071194160683705e-05 -0.0022816759703780097
1397 -6.258306811659944e-05 -0.002304611453770391
1399 1.5535044543746505e-05 -0.0022796371044328167
1401 3.604642482862893e-05 -0.002275496087075065
1403 6.221254715413073e-05 -0.0022411045827212327
1405 3.0735774874640475e-05 -0.0022521795419641138
1407 4.176925212661799e-05 -0.0022186193556627608
1409 -4.117040565131193e-06 -0.0022805399976981223
1411 1.1874463502203768e-05 -0.002270355519249099
1413 2.400058389207621e-05 -0.0022793121701500216
1415 -1.1075471034906251e-05 -0.0021951797657252473
1417 2.2575868566559103e-05 -0.0022000575740631855
1419 4.1851252926759075e-07 -0.002276887417215147
1421 2.862796849816711e-05 -0.002263554701145352
1423 -2.8415091579104995e-05 -0.002191934267553524
1425 1.8201929185593625e-05 -0.002244330857547522
1427 2.7064322234085966e-06 -0.0022545535997326067
1429 1.8620908966975223e-05 -0.0022585908987748115
1431 1.9502005223184814e-06 -0.002234216068391577
1433 5.781510005201109e-05 -0.00220022373968407
1435 -1.5246688151509025e-05 -0.002161724551251058
1437 -2.4846352296328302e-05 -0.0022453187237573705
1439 -6.947391995354775e-05 -0.0022130254396897702
1441 5.0703785549598046e-05 -0.0022193779387937474
1443 -2.0107493749049817e-05 -0.0022223689171225565
1445 1.3635578077436123e-05 -0.0022311227084685858
1447 -1.070244510304224e-05 -0.0022284503758853405
1449 -5.291666776510188e-05 -0.002215909275928039
1451 -6.355653582864525e-05 -0.002240887259459496
1453 1.585736278216316e-05 -0.0021661214433547514
1455 6.051088571522787e-05 -0.002175085654355716
1457 3.390250343151905e-05 -0.002224638234472064
1459 2.5351026143615052e-05 -0.0022339944908425966
1461 3.892036825890882e-05 -0.002243276715301564
1463 2.229777762373203e-05 -0.0022492820468901654
1465 3.4878621879405834e-05 -0.0021670018217601044
1467 -3.435076789298532e-05 -0.002132779877508972
1469 -3.5636011371203955e-05 -0.0021839530267113326
1471 6.198093067512609e-05 -0.002148399185671835
1473 2.0061615713220002e-05 -0.0021480181525968824
1475 -4.282057328003192e-06 -0.002181888099696715
1477 2.3072655381915007e-05 -0.0021326641771007003
1479 2.352206634890388e-05 -0.00218386671844974
1481 6.733627635019336e-05 -0.0021005272766035188
1483 2.889960466668515e-05 -0.0021364135057689248
1485 2.0761132211625294e-05 -0.0022251408643036673
1487 -1.1687286456969109e-05 -0.0022076790889838083
1489 -1.3238581533836854e-05 -0.002091880175462801
1491 -1.0990271343828632e-05 -0.0021365413637054113
1493 5.638923387756261e-07 -0.00217886032202303
1495 -2.362589652237677e-06 -0.0021401052993516674
1497 5.623460701561414e-05 -0.00209326361486328
1499 3.55170223409714e-05 -0.0021374101312789193
1501 2.00984805210906e-05 -0.002129257449282734
1503 1.7792033218537033e-05 -0.0021440309546150657
1505 3.7516429142867724e-05 -0.0021544575921774805
1507 -6.909291535706286e-06 -0.0021284571769777595
1509 2.1886095573610312e-05 -0.002079018492097787
1511 -2.6911479969102474e-05 -0.00209321601037754
1513 2.2589944071307664e-05 -0.002109705027576163
1515 4.222044282651706e-05 -0.0021088927937591034
1517 1.4877131369325974e-05 -0.0020501718188004046
1519 -3.0178759166053922e-05 -0.0020702988264519836
1521 5.623198712731828e-07 -0.0020943634846607427
1523 1.9251212797874163e-05 -0.002054135076937477
1525 -5.076083536891096e-06 -0.002080948959917876
1527 3.842085770844279e-05 -0.002043388076365422
1529 -2.0073998930917336e-05 -0.0020989270768205608
1531 8.564827999273632e-06 -0.00207924415287063
1533 4.542415381835303e-05 -0.002062259981315628
1535 3.962380155697179e-05 -0.0020766283346162987
1537 1.3251592191020124e-06 -0.002085506957437347
1539 -1.4457891699332043e-05 -0.002081743608512337
1541 -2.7381293123347156e-05 -0.0021028533045698242
1543 1.6488851871596774e-05 -0.0020254120034697005
1545 -1.2555884332998954e-05 -0.002089037958239673
1547 -4.2880542533351634e-05 -0.0021317972300442505
1549 -3.188025793070801e-05 -0.002071695950815282
1551 -5.147022636880258e-05 -0.0020484093001745525
1553 4.334757977951383e-05 -0.0020975783132087624
1555 -2.4311194435218023e-05 -0.002061885602286683
1557 -1.4870083173224608e-05 -0.0020552264504584586
1559 -2.4805865020986017e-05 -0.0020497269987903763
1561 1.8972151936560102e-05 -0.0020418585087996987
1563 2.54714426998123e-05 -0.002046653680438673
1565 2.7034654839906676e-06 -0.0020051711333657187
1567 -2.640412653265559e-05 -0.0020480494460374914
1569 2.15105905760987e-05 -0.0019967626413844625
1571 -4.4887083398731835e-05 -0.0020293640515677332
1573 2.4877991606253644e-05 -0.002016997253624231
1575 2.921633124253584e-05 -0.0019872163966575393
1577 -5.9802639878389764e-05 -0.0020294581849870028
1579 0.00010927080927852553 -0.0020016891157883187
1581 4.269291895479308e-06 -0.0020403234734928588
1583 -1.1840614338993666e-05 -0.001977229684704992
1585 -8.075910740275438e-06 -0.002041949625828668
1587 -4.1044593271135894e-06 -0.0020478776155484976
1589 4.173219270160683e-05 -0.0020175433248800006
1591 -2.030328226451603e-05 -0.0020244338574439275
1593 2.7159705396652956e-05 -0.0019736341380878868
1595 1.792615314115259e-05 -0.0020124920061583497
1597 2.5357239519698107e-06 -0.002018807288862385
1599 -2.7090722681920186e-05 -0.001991568103807387
1601 7.892082662347218e-05 -0.0019423285990251883
1603 -3.191811623841023e-05 -0.0020269001433919132
1605 1.0825906195042208e-05 -0.0019788796780610854
1607 -1.009795602249563e-06 -0.001963012450933384
1609 -1.9084922811096356e-06 -0.001983821616203579
1611 1.975829554294445e-05 -0.0020137972361178027
1613 7.341838945747079e-06 -0.0019814539794954654
1615 5.2464415392988295e-05 -0.0019338517124339696
1617 -1.508455196921328e-05 -0.0019558344140851247
1619 1.6190460979810292e-05 -0.00206509282268645
1621 2.2961776121567228e-05 -0.0020124418201914506
1623 -1.456747219188661e-05 -0.0019581681591452345
1625 -5.366799296764466e-05 -0.001986394609322583
1627 -2.4471524677285536e-05 -0.0019543109389894954
1629 2.360381933028642e-05 -0.0019176740315365911
1631 -5.024654644571063e-07 -0.0019718488087156183
1633 -1.856767499385742e-05 -0.0019407137224911927
1635 4.315916983223762e-06 -0.0019295055441572095
1637 -7.541158320731045e-06 -0.0019485842134072118
1639 0.0 -0.0019420981463318526
1641 0.0 -0.0019397311772321186
1643 0.0 -0.001937369970686492
1645 0.0 -0.0019350145056765391
1647 0.0 -0.001932664761285918
1649 0.0 -0.0019303207166997617
1651 0.0 -0.0019279823512040625
1653 0.0 -0.001925649644185062
1655 0.0 -0.0019233225751286447
1657 0.0 -0.0019210011236197387
1659 0.0 -0.001918685269341716
1661 0.0 -0.0019163749920758017
1663 0.0 -0.0019140702717004852
1665 0.0 -0.001911771088190935
1667 0.0 -0.0019094774216184207
1669 0.0 -0.0019071892521497344
1671 0.0 -0.0019049065600466228
1673 0.0 -0.0019026293256652162
1675 0.0 -0.0019003575294554665
1677 0.0 -0.0018980911519605882
1679 0.0 -0.0018958301738165018
1681 0.0 -0.001893574575751283
1683 0.0 -0.001891324338584615
1685 0.0 -0.0018890794432272445
1687 0.0 -0.0018868398706804429
1689 0.0 -0.0018846056020354691
1691 0.0 -0.0018823766184730378
1693 0.0 -0.001880152901262792
1695 0.0 -0.001877934431762777
1697 0.0 -0.0018757211914189197
1699 0.0 -0.0018735131617645124
1701 0.0 -0.0018713103244196983
1703 0.0 -0.0018691126610909613
1705 0.0 -0.0018669201535706195
1707 0.0 -0.001864732783736325
1709 0.0 -0.0018625505335505598
1711 0.0 -0.0018603733850601444
1713 0.0 -0.0018582013203957421
1715 0.0 -0.001856034321771374
1717 0.0 -0.0018538723714839295
1719 0.0 -0.0018517154519126857
1721 0.0 -0.0018495635455188302
1723 0.0 -0.0018474166348449838
1725 0.0 -0.001845274702514729
1727 0.0 -0.0018431377312321405
1729 0.0 -0.0018410057037813227
1731 0.0 -0.001838878603025943
1733 0.0 -0.001836756411908775
1735 0.0 -0.001834639113451243
1737 0.0 -0.0018325266907529688
1739 0.0 -0.001830419126991321
1741 0.0 -0.0018283164054209687
1743 0.0 -0.0018262185093734405
1745 0.0 -0.0018241254222566802
1747 0.0 -0.001822037127554612
1749 0.0 -0.0018199536088267046
1751 0.0 -0.0018178748497075423
1753 0.0 -0.001815800833906393
1755 0.0 -0.0018137315452067845
1757 0.0 -0.0018116669674660825
1759 0.0 -0.0018096070846150695
1761 0.0 -0.0018075518806575281
1763 0.0 -0.001805501339669828
1765 0.0 -0.0018034554458005137
1767 0.0 -0.0018014141832698965
1769 0.0 -0.001799377536369648
1771 0.0 -0.0017973454894623978
1773 0.0 -0.0017953180269813349
1775 0.0 -0.0017932951334298068
1777 0.0 -0.0017912767933809268
1779 0.0 -0.0017892629914771818
1781 0.0 -0.001787253712430043
1783 0.0 -0.0017852489410195775
1785 0.0 -0.0017832486620940652
1787 0.0 -0.0017812528605696176
1789 0.0 -0.001779261521429797
1791 0.0 -0.001777274629725241
1793 0.0 -0.001775292170573289
1795 0.0 -0.0017733141291576084
1797 0.0 -0.001771340490727828
1799 0.0 -0.0017693712405991702
1801 0.0 -0.0017674063641520859
1803 0.0 -0.0017654458468318952
1805 0.0 -0.001763489674148425
1807 0.0 -0.001761537831675654
1809 0.0 -0.001759590305051358
1811 0.0 -0.001757647079976757
1813 0.0 -0.001755708142216165
1815 0.0 -0.0017537734775966427
1817 0.0 -0.0017518430720076536
1819 0.0 -0.0017499169114007184
1821 0.0 -0.0017479949817890757
1823 0.0 -0.0017460772692473431
1825 0.0 -0.0017441637599111817
1827 0.0 -0.0017422544399769604
1829 0.0 -0.0017403492957014253
1831 0.0 -0.0017384483134013692
1833 0.0 -0.0017365514794533046
1835 0.0 -0.0017346587802931374
1837 0.0 -0.0017327702024158447
1839 0.0 -0.0017308857323751533
1841 0.0 -0.0017290053567832195
1843 0.0 -0.0017271290623103131
1845 0.0 -0.0017252568356845024
1847 0.0 -0.001723388663691341
1849 0.0 -0.001721524533173557
1851 0.0 -0.0017196644310307437
1853 0.0 -0.0017178083442190538
1855 0.0 -0.0017159562597508931
1857 0.0 -0.0017141081646946186
1859 0.0 -0.001712264046174237
1861 0.0 -0.0017104238913691061
1863 0.0 -0.0017085876875136375
1865 0.0 -0.001706755421897001
1867 0.0 -0.0017049270818628318
1869 0.0 -0.001703102654808939
1871 0.0 -0.0017012821281870163
1873 0.0 -0.0016994654895023528
1875 0.0 -0.0016976527263135503
1877 0.0 -0.001695843826232236
1879 0.0 -0.001694038776922782
1881 0.0 -0.0016922375661020238
1883 0.0 -0.001690440181538984
1885 0.0 -0.0016886466110545926
1887 0.0 -0.0016868568425214133
1889 0.0 -0.0016850708638633703
1891 0.0 -0.0016832886630554769
1893 0.0 -0.001681510228123564
1895 0.0 -0.001679735547144014
1897 0.0 -0.0016779646082434932
1899 0.0 -0.001676197399598687
1901 0.0 -0.0016744339094360372
1903 0.0 -0.0016726741260314803
1905 0.0 -0.0016709180377101874
1907 0.0 -0.0016691656328463068
1909 0.0 -0.0016674168998627068
1911 0.0 -0.0016656718272307204
1913 0.0 -0.0016639304034698939
1915 0.0 -0.0016621926171477323
1917 0.0 -0.0016604584568794506
1919 0.0 -0.0016587279113277262
1921 0.0 -0.0016570009692024503
1923 0.0 -0.001655277619260482
1925 0.0 -0.001653557850305406
1927 0.0 -0.0016518416511872895
1929 0.0 -0.00165012901080244
1931 0.0 -0.0016484199180931674
1933 0.0 -0.001646714362047546
1935 0.0 -0.0016450123316991765
1937 0.0 -0.0016433138161269525
1939 0.0 -0.0016416188044548255
1941 0.0 -0.001639927285851575
1943 0.0 -0.001638239249530575
1945 0.0 -0.0016365546847495666
1947 0.0 -0.0016348735808104297
1949 0.0 -0.0016331959270589568
1951 0.0 -0.001631521712884627
1953 0.0 -0.0016298509277203822
1955 0.0 -0.0016281835610424075
1957 0.0 -0.0016265196023699064
1959 0.0 -0.0016248590412648836
1961 0.0 -0.0016232018673319258
1963 0.0 -0.0016215480702179862
1965 0.0 -0.0016198976396121663
1967 0.0 -0.0016182505652455044
1969 0.0 -0.00161660683689076
1971 0.0 -0.0016149664443622052
1973 0.0 -0.0016133293775154114
1975 0.0 -0.0016116956262470414
1977 0.0 -0.001610065180494642
1979 0.0 -0.0016084380302364362
1981 0.0 -0.0016068141654911193
1983 0.0 -0.0016051935763176535
1985 0.0 -0.0016035762528150664
1987 0.0 -0.0016019621851222482
1989 0.0 -0.0016003513634177513
1991 0.0 -0.0015987437779195915
1993 0.0 -0.001597139418885051
1995 0.0 -0.0015955382766104796
1997 0.0 -0.0015939403414310998
1999 0.0 -0.0015923456037208138
2001 0.0 -0.0015907540538920074
2003 0.0 -0.0015891656823953605
2005 0.0 -0.001587580479719654
2007 0.0 -0.0015859984363915827
2009 0.0 -0.0015844195429755633
2011 0.0 -0.001582843790073549
2013 0.0 -0.0015812711683248419
2015 0.0 -0.0015797016684059092
2017 0.0 -0.001578135281030197
2019 0.0 -0.001576571996947948
2021 0.0 -0.0015750118069460203
2023 0.0 -0.001573454701847705
2025 0.0 -0.0015719006725125467
2027 0.0 -0.001570349709836165
2029 0.0 -0.0015688018047500772
2031 0.0 -0.00156725694822152
2033 0.0 -0.0015657151312532746
2035 0.0 -0.0015641763448834922
2037 0.0 -0.0015626405801855213
2039 0.0 -0.0015611078282677326
2041 0.0 -0.0015595780802733494
2043 0.0 -0.0015580513273802774
2045 0.0 -0.0015565275608009324
2047 0.0 -0.0015550067717820747
2049 0.0 -0.0015534889516046397
