-2049 0.0 0.0015534889516046397
-2047 0.0 0.0015550067717820747
-2045 0.0 0.0015565275608009324
-2043 0.0 0.0015580513273802774
-2041 0.0 0.0015595780802733494
-2039 0.0 0.0015611078282677326
-2037 0.0 0.0015626405801855213
-2035 0.0 0.0015641763448834922
-2033 0.0 0.0015657151312532746
-2031 0.0 0.00156725694822152
-2029 0.0 0.0015688018047500772
-2027 0.0 0.001570349709836165
-2025 0.0 0.0015719006725125467
-2023 0.0 0.001573454701847705
-2021 0.0 0.0015750118069460203
-2019 0.0 0.001576571996947948
-2017 0.0 0.001578135281030197
-2015 0.0 0.0015797016684059092
-2013 0.0 0.0015812711683248419
-2011 0.0 0.001582843790073549
-2009 0.0 0.0015844195429755633
-2007 0.0 0.0015859984363915827
-2005 0.0 0.001587580479719654
-2003 0.0 0.0015891656823953605
-2001 0.0 0.0015907540538920074
-1999 0.0 0.0015923456037208138
-1997 0.0 0.0015939403414310998
-1995 0.0 0.0015955382766104796
-1993 0.0 0.001597139418885051
-1991 0.0 0.0015987437779195915
-1989 0.0 0.0016003513634177513
-1987 0.0 0.0016019621851222482
-1985 0.0 0.0016035762528150664
-1983 0.0 0.0016051935763176535
-1981 0.0 0.0016068141654911193
-1979 0.0 0.0016084380302364362
-1977 0.0 0.001610065180494642
-1975 0.0 0.0016116956262470414
-1973 0.0 0.0016133293775154114
-1971 0.0 0.0016149664443622052
-1969 0.0 0.00161660683689076
-1967 0.0 0.0016182505652455044
-1965 0.0 0.0016198976396121663
-1963 0.0 0.0016215480702179862
-1961 0.0 0.0016232018673319258
-1959 0.0 0.0016248590412648836
-1957 0.0 0.0016265196023699064
-1955 0.0 0.0016281835610424075
-1953 0.0 0.0016298509277203822
-1951 0.0 0.001631521712884627
-1949 0.0 0.0016331959270589568
-1947 0.0 0.0016348735808104297
-1945 0.0 0.0016365546847495666
-1943 0.0 0.001638239249530575
-1941 0.0 0.001639927285851575
-1939 0.0 0.0016416188044548255
-1937 0.0 0.0016433138161269525
-1935 0.0 0.0016450123316991765
-1933 0.0 0.001646714362047546
-1931 0.0 0.0016484199180931674
-1929 0.0 0.00165012901080244
-1927 0.0 0.0016518416511872895
-1925 0.0 0.001653557850305406
-1923 0.0 0.001655277619260482
-1921 0.0 0.0016570009692024503
-1919 0.0 0.0016587279113277262
-1917 0.0 0.0016604584568794506
-1915 0.0 0.0016621926171477323
-1913 0.0 0.0016639304034698939
-1911 0.0 0.0016656718272307204
-1909 0.0 0.0016674168998627068
-1907 0.0 0.0016691656328463068
-1905 0.0 0.0016709180377101874
-1903 0.0 0.0016726741260314803
-1901 0.0 0.0016744339094360372
-1899 0.0 0.001676197399598687
-1897 0.0 0.0016779646082434932
-1895 0.0 0.001679735547144014
-1893 0.0 0.001681510228123564
-1891 0.0 0.0016832886630554769
-1889 0.0 0.0016850708638633703
-1887 0.0 0.0016868568425214133
-1885 0.0 0.0016886466110545926
-1883 0.0 0.001690440181538984
-1881 0.0 0.0016922375661020238
-1879 0.0 0.001694038776922782
-1877 0.0 0.001695843826232236
-1875 0.0 0.0016976527263135503
-1873 0.0 0.0016994654895023528
-1871 0.0 0.0017012821281870163
-1869 0.0 0.001703102654808939
-1867 0.0 0.0017049270818628318
-1865 0.0 0.001706755421897001
-1863 0.0 0.0017085876875136375
-1861 0.0 0.0017104238913691061
-1859 0.0 0.001712264046174237
-1857 0.0 0.0017141081646946186
-1855 0.0 0.0017159562597508931
-1853 0.0 0.0017178083442190538
-1851 0.0 0.0017196644310307437
-1849 0.0 0.001721524533173557
-1847 0.0 0.001723388663691341
-1845 0.0 0.0017252568356845024
-1843 0.0 0.0017271290623103131
-1841 0.0 0.0017290053567832195
-1839 0.0 0.0017308857323751533
-1837 0.0 0.0017327702024158447
-1835 0.0 0.0017346587802931374
-1833 0.0 0.0017365514794533046
-1831 0.0 0.0017384483134013692
-1829 0.0 0.0017403492957014253
-1827 0.0 0.0017422544399769604
-1825 0.0 0.0017441637599111817
-1823 0.0 0.0017460772692473431
-1821 0.0 0.0017479949817890757
-1819 0.0 0.0017499169114007184
-1817 0.0 0.0017518430720076536
-1815 0.0 0.0017537734775966427
-1813 0.0 0.001755708142216165
-1811 0.0 0.001757647079976757
-1809 0.0 0.001759590305051358
-1807 0.0 0.001761537831675654
-1805 0.0 0.001763489674148425
-1803 0.0 0.0017654458468318952
-1801 0.0 0.0017674063641520859
-1799 0.0 0.0017693712405991702
-1797 0.0 0.001771340490727828
-1795 0.0 0.0017733141291576084
-1793 0.0 0.001775292170573289
-1791 0.0 0.001777274629725241
-1789 0.0 0.001779261521429797
-1787 0.0 0.0017812528605696176
-1785 0.0 0.0017832486620940652
-1783 0.0 0.0017852489410195775
-1781 0.0 0.001787253712430043
-1779 0.0 0.0017892629914771818
-1777 0.0 0.0017912767933809268
-1775 0.0 0.0017932951334298068
-1773 0.0 0.0017953180269813349
-1771 0.0 0.0017973454894623978
-1769 0.0 0.001799377536369648
-1767 0.0 0.0018014141832698965
-1765 0.0 0.0018034554458005137
-1763 0.0 0.001805501339669828
-1761 0.0 0.0018075518806575281
-1759 0.0 0.0018096070846150695
-1757 0.0 0.0018116669674660825
-1755 0.0 0.0018137315452067845
-1753 0.0 0.001815800833906393
-1751 0.0 0.0018178748497075423
-1749 0.0 0.0018199536088267046
-1747 0.0 0.001822037127554612
-1745 0.0 0.0018241254222566802
-1743 0.0 0.0018262185093734405
-1741 0.0 0.0018283164054209687
-1739 0.0 0.001830419126991321
-1737 0.0 0.0018325266907529688
-1735 0.0 0.001834639113451243
-1733 0.0 0.001836756411908775
-1731 0.0 0.001838878603025943
-1729 0.0 0.0018410057037813227
-1727 0.0 0.0018431377312321405
-1725 0.0 0.001845274702514729
-1723 0.0 0.0018474166348449838
-1721 0.0 0.0018495635455188302
-1719 0.0 0.0018517154519126857
-1717 0.0 0.0018538723714839295
-1715 0.0 0.001856034321771374
-1713 0.0 0.0018582013203957421
-1711 0.0 0.0018603733850601444
-1709 0.0 0.0018625505335505598
-1707 0.0 0.001864732783736325
-1705 0.0 0.0018669201535706195
-1703 0.0 0.0018691126610909613
-1701 0.0 0.0018713103244196983
-1699 0.0 0.0018735131617645124
-1697 0.0 0.0018757211914189197
-1695 0.0 0.001877934431762777
-1693 0.0 0.001880152901262792
-1691 0.0 0.0018823766184730378
-1689 0.0 0.0018846056020354691
-1687 0.0 0.0018868398706804429
-1685 0.0 0.0018890794432272445
-1683 0.0 0.001891324338584615
-1681 0.0 0.001893574575751283
-1679 0.0 0.0018958301738165018
-1677 0.0 0.0018980911519605882
-1675 0.0 0.0019003575294554665
-1673 0.0 0.0019026293256652162
-1671 0.0 0.0019049065600466228
-1669 0.0 0.0019071892521497344
-1667 0.0 0.0019094774216184207
-1665 0.0 0.001911771088190935
-1663 0.0 0.0019140702717004852
-1661 0.0 0.0019163749920758017
-1659 0.0 0.001918685269341716
-1657 0.0 0.0019210011236197387
-1655 0.0 0.0019233225751286447
-1653 0.0 0.001925649644185062
-1651 0.0 0.0019279823512040625
-1649 0.0 0.0019303207166997617
-1647 0.0 0.001932664761285918
-1645 0.0 0.0019350145056765391
-1643 0.0 0.001937369970686492
-1641 0.0 0.0019397311772321186
-1639 0.0 0.0019420981463318526
-1637 -2.126453920978011e-06 0.001961968465251047
-1635 -1.4307777250735695e-05 0.0019571818874552778
-1633 -1.1121337918854054e-05 0.001955255714707203
-1631 1.0578954405254205e-05 0.0019772600422482884
-1629 -6.834340185622838e-06 0.0019393397910450868
-1627 8.897320864845884e-06 0.002000817953900975
-1625 -4.009347323910301e-05 0.0019882700995052607
-1623 -9.88585957929963e-06 0.0019642801112398954
-1621 1.1902949190592572e-05 0.0019645549403710097
-1619 -4.990715023953842e-07 0.0020221244514016627
-1617 -4.143378109376415e-05 0.0019277042055141109
-1615 2.9015539838345852e-05 0.0019086209346976515
-1613 -3.7795338442046876e-06 0.0019856089789581093
-1611 5.425513490015063e-06 0.002010697384567082
-1609 5.166518574954256e-06 0.0019546984661965253
-1607 3.685766095880532e-06 0.0019640420210185815
-1605 6.773301217784646e-05 0.0020102911620868825
-1603 1.006694997588191e-06 0.0020073273758795074
-1601 7.733917908035542e-05 0.0019474346726011263
-1599 8.745643389593933e-06 0.0020176375524422197
-1597 -7.486102657956422e-06 0.0020366754920044467
-1595 3.069302993467812e-05 0.0019548250936609474
-1593 1.965447601968872e-05 0.0019453650423988111
-1591 1.4999204511618503e-05 0.0019958914907948627
-1589 6.702071554672748e-07 0.001999183486951056
-1587 -3.074469305703384e-05 0.0020330686190706193
-1585 -2.5605741063146665e-05 0.002044484989819255
-1583 -4.546959122826175e-05 0.0019968393890500225
-1581 -1.168434360427173e-06 0.002025981831387451
-1579 7.427915603145318e-05 0.002006331943744098
-1577 -3.1071645374705284e-05 0.0020790816965138674
-1575 9.355368755681495e-06 0.0020045809440005498
-1573 2.848886896011298e-05 0.002019833228551493
-1571 -7.612377559661683e-06 0.0020353510670159205
-1569 -4.247438572981244e-06 0.0020374743593931646
-1567 -2.439537143131625e-05 0.0020364109615633144
-1565 1.037902388841888e-05 0.0020477994599107986
-1563 2.846062068637935e-05 0.0020352611149542597
-1561 2.2747806851850738e-05 0.0021097697690458297
-1559 5.619395736549451e-05 0.00206065231345117
-1557 -3.206779152779604e-06 0.002056862271516027
-1555 -7.911490763382145e-06 0.0020465135450405273
-1553 2.9814083581103074e-06 0.002080355554747182
-1551 -1.5894817988400587e-05 0.00205473602659748
-1549 7.9006536236671e-07 0.0020638262777706233
-1547 -3.715779336711991e-05 0.002105900398111936
-1545 -4.47464917972957e-05 0.002042520575779514
-1543 -3.132918139997891e-06 0.002046226376613319
-1541 -6.535978195350063e-06 0.0020681664497677723
-1539 3.803569566847742e-05 0.0020835964088780864
-1537 3.0813166063373425e-05 0.0020638780054534193
-1535 2.214039371323053e-05 0.002035553808657918
-1533 -1.0412931874052104e-05 0.002084887308518032
-1531 -3.485969552244241e-06 0.002098177109242306
-1529 -1.7729740448579755e-05 0.0020648033994733464
-1527 5.175289977159977e-05 0.0020541487980119864
-1525 1.2597778735535923e-05 0.0020706903134254653
-1523 2.0387760606517687e-05 0.0020878076458147577
-1521 -1.346423051854409e-05 0.002115285299031953
-1519 3.834388876631629e-06 0.002063197533911128
-1517 4.090953681788444e-05 0.00203226173656915
-1515 3.9261041187211474e-05 0.0020564484429465347
-1513 2.0365712926790823e-05 0.0020771533433775234
-1511 -8.586019679125925e-06 0.00213761456788161
-1509 -2.5247719921315447e-05 0.0020929920844229262
-1507 -2.239009314394184e-05 0.0021217939262930616
-1505 4.262091796029728e-05 0.0021507558366578934
-1503 2.297368245692337e-06 0.00216668287599392
-1501 2.655473896176857e-05 0.0021266169050260615
-1499 5.536196198440668e-07 0.002151466081007173
-1497 4.2148965357140055e-05 0.0020723003537167577
-1495 -3.842953929268621e-05 0.002129034692373111
-1493 1.3341732626826167e-05 0.002154803739698028
-1491 -1.2122153833943402e-05 0.0021491474774642614
-1489 -1.0251572630713206e-05 0.0021108397780110442
-1487 4.465637567960086e-05 0.0021912677046955725
-1485 -1.4489365815493555e-05 0.002225612449563169
-1483 -2.22590347148418e-05 0.00215260364287209
-1481 4.4583667785883736e-05 0.0021083242923146893
-1479 1.8755126999810617e-05 0.0021931908642493564
-1477 4.4929492895843935e-05 0.002185308604357262
-1475 3.2786181895443065e-05 0.002152401917752125
-1473 1.7880084045765273e-05 0.002142010071358573
-1471 4.154407809611758e-05 0.002182229481767961
-1469 -3.910737924563744e-06 0.0021685296009644906
-1467 -1.561073451309129e-05 0.002142377147391081
-1465 1.983951203293667e-05 0.0021931061979934786
-1463 1.9135205942319078e-05 0.0022229170789409055
-1461 2.1219183426882066e-05 0.0022328361712113894
-1459 1.894276680492669e-05 0.002266234079091338
-1457 5.631895107971347e-05 0.0022143716107498
-1455 4.8414687506520966e-05 0.0021947394967169877
-1453 1.6664215205436545e-05 0.002169945721200837
-1451 -5.3750619796867575e-05 0.002227750124233908
-1449 -2.5885431711504876e-05 0.00219795753319965
-1447 -1.2670738066763763e-05 0.0022349263855553215
-1445 -1.0210934514141071e-06 0.0022157023291515497
-1443 9.400021661009747e-06 0.00221353904744502
-1441 4.832499551481107e-05 0.0022309625809170588
-1439 -2.0425984333629886e-05 0.0022021345331227544
-1437 -1.92284513316285e-05 0.0022121343614293055
-1435 9.758458289959107e-07 0.0022089484600852256
-1433 1.3513378602742282e-05 0.00225835615990542
-1431 -2.7999019034844563e-05 0.002246828922734209
-1429 1.8875382347492003e-05 0.002246291236154418
-1427 2.5319004992953627e-05 0.002240208980874044
-1425 4.704179811622213e-05 0.0022333551671169334
-1423 -9.77323098377524e-07 0.002228878125843232
-1421 1.353770823024405e-05 0.0022353827094032425
-1419 -7.923311701553806e-06 0.0022605220450202823
-1417 1.446305269807108e-05 0.002241169368142904
-1415 1.813939822931479e-05 0.0022079651012916405
-1413 1.1870835862123216e-05 0.002276821741963279
-1411 7.375105970566326e-05 0.0022507915732977984
-1409 -1.3072123374237887e-05 0.002276420129496057
-1407 1.6677832957531203e-05 0.0022510809327533584
-1405 2.87267547474636e-05 0.0022567942308875395
-1403 3.586600039107418e-05 0.0022663860943599084
-1401 -5.275957229556592e-06 0.002217592363906335
-1399 -8.41407671883989e-06 0.002284401832165797
-1397 -2.278183971772955e-05 0.0022868366056912567
-1395 -3.3851793504532465e-06 0.002329503634753486
-1393 4.123282087226209e-05 0.0022761874179094174
-1391 8.63341978943266e-06 0.0022979581363287045
-1389 1.7877777883644453e-05 0.002267696470385141
-1387 1.0303271006826107e-05 0.0022228244661272045
-1385 -1.9200551174961794e-05 0.0022670428230150918
-1383 -1.8664378807854472e-05 0.0023412882292855827
-1381 1.062783774350054e-05 0.0023306053135573324
-1379 9.925412963477786e-06 0.0022917519396267357
-1377 5.385603857662285e-06 0.0023118242410309635
-1375 4.213859901752128e-05 0.0023186042331807817
-1373 -2.1325166804548974e-05 0.002345653442665415
-1371 -3.2724541344293564e-05 0.0023232341603315154
-1369 -1.9487952934442674e-05 0.002352470989661976
-1367 1.0515529872478898e-05 0.002342520423907731
-1365 1.1115172952989534e-05 0.002333023353588821
-1363 -4.098174023669204e-06 0.002323365770128284
-1361 2.377263459315951e-05 0.0023729504439522647
-1359 3.642645250052499e-05 0.0022864199648647424
-1357 -1.783199602447641e-05 0.002279901941150829
-1355 -1.42446996053449e-05 0.0023900372263054694
-1353 -1.0281608197804807e-06 0.0023527414615020265
-1351 9.226632765630078e-07 0.0023610949408219067
-1349 -1.6400329451627988e-06 0.0023822363520982293
-1347 3.482379567931084e-05 0.0023809952338832295
-1345 2.6549060797866253e-05 0.002382947091146613
-1343 -4.452888725628252e-06 0.0023621741651985075
-1341 -1.0265083003372026e-05 0.0023943760993028916
-1339 -3.25722262290846e-05 0.002380263762067046
-1337 -4.420202034609228e-05 0.0023486423444931044
-1335 -2.1724406073469627e-05 0.002359815889851617
-1333 6.750057782783727e-06 0.0024062820857587625
-1331 -3.999118585375847e-05 0.0024216306406839995
-1329 2.2794145964205363e-06 0.0023981779789051883
-1327 3.9522356774143125e-05 0.002379370704408371
-1325 -3.312450228341748e-05 0.0023769478839594594
-1323 1.2235653784240408e-05 0.0024021006915487535
-1321 1.1698055313753464e-05 0.0023581612924234814
-1319 -3.921201756956033e-05 0.002374635932440892
-1317 -1.6686367733106572e-05 0.002419930450555743
-1315 7.259420364066831e-06 0.002455871664671167
-1313 -2.2991815255601384e-05 0.0024339590087001117
-1311 -1.9353700626971183e-05 0.0024385803179713507
-1309 2.8943374424408132e-05 0.0024719964967699344
-1307 5.114554787369177e-06 0.0025060464904459946
-1305 2.7397090126103634e-05 0.002465117998542168
-1303 -2.0993834415979312e-05 0.0024761362933864877
-1301 1.5868766890031142e-06 0.002462095914924976
-1299 -4.145046503502362e-05 0.0024555638351642134
-1297 1.6138758805243202e-05 0.002423932662578732
-1295 4.383782707933838e-06 0.00245253538917144
-1293 1.0788874369455887e-05 0.0024933332541731868
-1291 -4.58109518652482e-05 0.002492386875573597
-1289 -7.988493905640008e-06 0.0024748275541374752
-1287 -2.4397261648583147e-06 0.002437234740881264
-1285 -1.9039282937733554e-05 0.002414204917608972
-1283 4.10063227490461e-05 0.0025047973873937946
-1281 4.058676992100348e-05 0.0024860857141617565
-1279 1.6532276586745657e-05 0.002499095974563981
-1277 5.885702555992539e-06 0.002503457843187831
-1275 5.7668209544817734e-05 0.002475083898572096
-1273 1.6780066643198154e-06 0.002527456009774575
-1271 -2.735320060578705e-05 0.002499867621717393
-1269 -2.237815126966817e-05 0.0024673176433579144
-1267 1.9520094330373465e-05 0.002473541655465552
-1265 -3.0698540343245696e-05 0.0024537254406548467
-1263 -2.5040280992398824e-05 0.002493526619666546
-1261 2.1436137820100377e-05 0.002524715049295528
-1259 -2.0043246203625932e-05 0.0025142967937700224
-1257 -1.815759544982948e-05 0.0025415786571481537
-1255 5.06296370359437e-06 0.0025351119261526043
-1253 2.6100013372023328e-05 0.0025696110410370018
-1251 2.5504384597296723e-05 0.00257733462270197
-1249 1.0372931999980242e-05 0.0025785790181593396
-1247 -1.0156181990466031e-05 0.002571128077262018
-1245 2.8324849330757622e-05 0.0025195835237152974
-1243 -1.8042667372174174e-05 0.002573149978684552
-1241 -6.447441657617258e-05 0.0026030743914072048
-1239 -2.8154224478492122e-05 0.0025730797130636843
-1237 -3.0362394331023433e-05 0.002589071304679987
-1235 -1.6133182432396083e-05 0.0026230121687315293
-1233 1.773506181912937e-05 0.002615149480774263
-1231 5.8792285213205527e-05 0.002561043424526255
-1229 -4.1494852138378746e-05 0.0025544074771139246
-1227 2.1903940098350766e-05 0.0026536932205940174
-1225 2.3277721503463763e-05 0.002629173514408025
-1223 -1.6133494180717384e-06 0.0026364780681215833
-1221 -2.975999760297855e-06 0.0026742943110479945
-1219 -1.2387974627490686e-05 0.002650436924887692
-1217 1.171532561533592e-05 0.002602280238652617
-1215 2.274071814600945e-05 0.002578886250800754
-1213 -1.0002501990067639e-05 0.002623581006604626
-1211 -1.0333379370752231e-05 0.002639084735016159
-1209 3.5878104127102954e-05 0.002648684353211717
-1207 -3.9445146792159577e-05 0.002700449462123815
-1205 2.828529835508612e-05 0.0026243563841165606
-1203 -3.2404187465672126e-05 0.002718637032441095
-1201 -2.8396219587408333e-05 0.002674646520806733
-1199 3.6708518543103165e-05 0.002645413081572503
-1197 -3.732983051949813e-05 0.0027154500441771254
-1195 2.8858897621815256e-06 0.0026730641267352444
-1193 2.1493458892869273e-05 0.0026526869700591016
-1191 -1.0187406610211691e-06 0.0026671014420728617
-1189 6.509595337015128e-05 0.0027116015140629854
-1187 5.477648569174301e-05 0.0027133158559055092
-1185 2.421280312166361e-05 0.0026513261999459047
-1183 -1.1775784623873147e-05 0.002669556667706125
-1181 -3.055818875934791e-05 0.0026783372798892093
-1179 7.13730195469889e-05 0.0026964518135503936
-1177 5.13371096879627e-05 0.002720950705954096
-1175 -2.1178824699446276e-05 0.0026734609268026887
-1173 1.3444302495483674e-05 0.0026894891245203218
-1171 3.4523356320913335e-06 0.00276653716183813
-1169 4.413703987170198e-05 0.002741085709309686
-1167 3.1384309531993776e-05 0.0026648857760344126
-1165 -1.0134505325256613e-05 0.002715071065739676
-1163 -5.193465435002052e-06 0.00270266943148703
-1161 -7.638609508864414e-06 0.0027132157608045606
-1159 4.8415349414554165e-05 0.002726143142077222
-1157 2.9432882942903157e-05 0.0027658164577181064
-1155 4.02273318048869e-05 0.002767284276795537
-1153 5.92522876560478e-06 0.0027748518341658723
-1151 1.8000913375560898e-05 0.0028007060999092966
-1149 -8.996371624719956e-06 0.0028074638548483874
-1147 1.7944329994971642e-05 0.0027592856247814876
-1145 -2.653559766320258e-05 0.002786520249471978
-1143 7.012634156533097e-06 0.002823997501298537
-1141 5.16900001957998e-05 0.002772398377005905
-1139 2.0051706974750746e-05 0.002806676777150998
-1137 1.2411862384070036e-05 0.0027915311908798
-1135 -3.7391413003879138e-06 0.0027886875871607868
-1133 -3.4670538994714236e-05 0.002791207245424266
-1131 4.151672904029115e-05 0.0028249704720017576
-1129 3.141072078302413e-05 0.002848013513674641
-1127 1.3897409113605209e-05 0.0028240042964251836
-1125 -1.2069326337565363e-05 0.002795833082069182
-1123 -1.8700125506560908e-05 0.002807342012720901
-1121 2.9153025321461704e-05 0.0028372940972332056
-1119 5.127460722682374e-05 0.0028365251068047303
-1117 4.864734730920932e-06 0.0028073641712417414
-1115 6.337268389058686e-05 0.0028155875657885705
-1113 -2.0594151288274964e-05 0.0028823364995249367
-1111 3.332692083293795e-05 0.002869121176459
-1109 -1.2212821185325205e-06 0.002888681246315389
-1107 -2.245899517517606e-05 0.0028704117824369132
-1105 9.037181294221936e-06 0.00292276214331489
-1103 1.811121399094953e-06 0.0029228195544665917
-1101 1.336482793735421e-05 0.002929914697205988
-1099 1.2708741460619139e-05 0.0029776142954868797
-1097 -4.941692748345583e-06 0.0028982933489585805
-1095 -1.5503683053953697e-05 0.0029312969997717835
-1093 -6.0103879870177596e-06 0.0028931186266111636
-1091 -1.1800908761765704e-05 0.0029051246570859397
-1089 -5.4353947691380055e-05 0.0029273094635993346
-1087 -1.7633916510532688e-05 0.002956364441661303
-1085 -4.0604474121504284e-05 0.002966693886219017
-1083 3.6159027820875617e-06 0.0029455022761564944
-1081 2.2580498708209773e-05 0.0029552983255892117
-1079 1.2929142574667265e-06 0.0029475705473766623
-1077 5.653859384842499e-06 0.0029311966996130455
-1075 2.846782447121754e-05 0.0029001842896422786
-1073 -1.6750663673156905e-05 0.002912533325758174
-1071 -2.3257475830347825e-06 0.002969292064024779
-1069 8.782463418023157e-07 0.0030041311023409414
-1067 6.057326444563129e-06 0.002987783032046754
-1065 1.396083055905359e-06 0.0029692274114337313
-1063 2.1606547982196582e-05 0.0030102999800675724
-1061 1.7588671268536353e-05 0.0030187229941547535
-1059 1.4682313954423454e-05 0.0030261811871063445
-1057 2.511435524729098e-05 0.0030428834916923007
-1055 -1.2687989081846335e-05 0.0030436075796284397
-1053 -2.937838484094351e-05 0.003062885368736371
-1051 -4.429016225062957e-05 0.0030543943216840832
-1049 -3.9433853004438875e-07 0.003004897211819707
-1047 2.147937525063445e-05 0.0030861740273734044
-1045 -2.6195902890413472e-05 0.003138701262515095
-1043 -2.0398793768947415e-05 0.0030835065364130266
-1041 -4.024293379452968e-05 0.003044761698684836
-1039 -3.3400527785338205e-05 0.0030573272462373242
-1037 1.4248927204222671e-05 0.0030624226818962174
-1035 1.252211920703913e-05 0.003048854314636259
-1033 -4.351046891768886e-05 0.0030644357815635646
-1031 3.3960757740966944e-05 0.0030527915512882074
-1029 -1.856349145507135e-06 0.003082535852442069
-1027 5.0245735422033266e-05 0.0031255881787237857
-1025 -3.6645238528408904e-05 0.0031391310971398976
-1023 1.76363191702091e-05 0.0030707351923456804
-1021 -1.4581193537063042e-06 0.003109532794800147
-1019 -7.615210967734265e-06 0.003122981943016945
-1017 1.9502801902053865e-05 0.0031180983703026203
-1015 1.9336233471143296e-06 0.003192850924139118
-1013 3.592241384852968e-05 0.00312113015076838
-1011 7.00374805077795e-07 0.0030968629712132484
-1009 2.260669031702947e-06 0.0031704991299999936
-1007 1.722554440044762e-05 0.0031665061763892634
-1005 -1.7937056791030986e-06 0.0031694157333832704
-1003 -1.838025936662382e-05 0.003188963254207277
-1001 1.3146208685218502e-05 0.00313774094572688
-999 -2.171546622915067e-05 0.003211219337101576
-997 2.050615955231087e-05 0.003178452008227812
-995 9.40750194739077e-06 0.0032219046090052788
-993 -6.059395598954248e-05 0.0032083135485054637
-991 -4.759816673621286e-06 0.003207712703427823
-989 3.2750661877823426e-05 0.00320797876175922
-987 -2.485056655375848e-05 0.003177023882168298
-985 -2.7828062503801283e-05 0.003224433116560748
-983 -1.0047199329381514e-05 0.003203090938774145
-981 -1.708677478149001e-05 0.003242829954320049
-979 2.6140334196233455e-05 0.003244525160364673
-977 8.093344130141786e-06 0.0032388352661442384
-975 -3.4040601053157975e-05 0.0032882864048945156
-973 6.250395633473108e-06 0.0032803409311703427
-971 1.3724223575982795e-05 0.0032776994648891235
-969 8.858635530885498e-05 0.0032663302203496504
-967 6.892086370619086e-05 0.003286340141043544
-965 -1.2671253672343732e-05 0.003254919971919566
-963 1.2174182691488269e-05 0.003296142088794904
-961 -1.93697055469827e-05 0.0033500070362061226
-959 -1.6825945029137372e-06 0.003348121107362349
-957 -2.6559826188982165e-05 0.0032948431907560845
-955 2.8034439609667045e-05 0.003332533256582921
-953 -6.405949902578195e-05 0.003352244760116209
-951 3.222985769547058e-05 0.0033588210105749833
-949 1.7313161986572866e-05 0.0033660239405624405
-947 9.64735468916834e-06 0.003393734814639491
-945 1.892274293948446e-05 0.003363125606984191
-943 -2.708888153770497e-05 0.0034173509043706656
-941 -3.038383059066118e-05 0.0033827215237791737
-939 -1.2314680308234147e-05 0.0034265722676444297
-937 4.056470413595993e-05 0.003448429432333147
-935 5.143667200751515e-05 0.0034357813589814892
-933 -9.22512535959998e-06 0.0034035058298056884
-931 -9.858184964093381e-06 0.0034165948139295364
-929 -1.1611039012563394e-05 0.0034333954222302726
-927 -2.6069852376908463e-05 0.003433440434828756
-925 -1.8046285623849336e-05 0.0034624891338797437
-923 1.694852301471168e-05 0.0034612328077496513
-921 8.086052635355313e-06 0.0034722331477335614
-919 -3.9715485706912185e-05 0.0034819312539604405
-917 4.588677560897771e-05 0.0034324860551975507
-915 4.2634215861453195e-05 0.0035110241546793576
-913 5.0058747713256264e-06 0.003505534072961087
-911 -1.2837359354460586e-05 0.0035052308907294705
-909 2.9602233350970063e-05 0.003512506266416872
-907 -3.0825682795742943e-05 0.003511912957342001
-905 -2.0411205612280093e-05 0.0035326611743011624
-903 -5.561571075943817e-05 0.0035191806447191095
-901 9.188493602922224e-06 0.0035218714744864005
-899 1.6881839028544653e-05 0.0035512192362906316
-897 -6.560042768728824e-05 0.0035580813766310443
-895 2.5856227442350677e-05 0.003576926925041127
-893 7.273359911428042e-06 0.0035765310867446657
-891 3.2855737903603383e-07 0.003571378647066868
-889 -1.7603866473545736e-06 0.003602366030551248
-887 2.7515033357473667e-05 0.003623628708936905
-885 3.461334239837226e-05 0.0035918590310854734
-883 8.993323114361122e-06 0.0036182648352871107
-881 1.5004978543231537e-05 0.0036474059807420616
-879 -2.5966352318440188e-05 0.003657403143215746
-877 -2.4075913956248745e-05 0.0036470374886945927
-875 -2.890181724742273e-05 0.0037339132531180527
-873 -2.5994520204717392e-05 0.0037091566175354537
-871 -3.820826881284138e-05 0.003659904462743519
-869 1.4337366055653764e-05 0.0037442253922095755
-867 -9.170231742178655e-06 0.0037198279879593244
-865 1.627673650843452e-05 0.00373570785234204
-863 1.0512871126698534e-06 0.0036444735521653127
-861 1.0305430291201349e-05 0.003701929683829492
-859 2.9614271018827007e-05 0.0037590100355827816
-857 3.809873771885263e-05 0.0037383760002207833
-855 -2.5381862896883853e-05 0.0036816969114190153
-853 -1.8653995807901612e-05 0.0037319404578527223
-851 -1.4468185813844772e-05 0.0037202881378614115
-849 1.0189348896789335e-05 0.0037893640060004323
-847 -3.784344822840005e-05 0.0037545497231939104
-845 -5.564868284546399e-05 0.003717598212032376
-843 -2.0959060756188167e-05 0.003784136768493527
-841 -3.957750687515977e-06 0.0037614125402083507
-839 -4.400668322053044e-05 0.0037723852140145848
-837 -2.1794127498143355e-05 0.0038290280288786607
-835 -1.8873442471111173e-05 0.003855476387094827
-833 1.4385415015569364e-06 0.003840072558512484
-831 3.935566790735543e-05 0.003819917946472254
-829 1.3246752767882569e-05 0.0038270245829048867
-827 3.0499755155046717e-05 0.003906614556069675
-825 7.946410410340042e-06 0.003830067854564113
-823 1.812447522343984e-05 0.003898648587239372
-821 -1.0593496747608649e-05 0.0038399377324298714
-819 -1.7630883520068764e-05 0.00385346234991486
-817 7.479192142935029e-06 0.003848036083347169
-815 -1.7505012808339295e-05 0.003917633043397117
-813 -1.1431634802525281e-05 0.003909296605351102
-811 3.341483572068859e-05 0.003952652886116977
-809 -1.6337115307502038e-06 0.003915409681379555
-807 3.7107766010842785e-05 0.003928680674004439
-805 -8.583734528858709e-06 0.003898486419911342
-803 -2.007624451347806e-06 0.003965438517538066
-801 -6.527667266752798e-06 0.004001117775910617
-799 2.340918187339196e-05 0.003972912451826857
-797 1.1536759871031846e-05 0.004034974586299282
-795 1.5905690233975334e-06 0.00405914372349536
-793 -1.6971789822095944e-05 0.004044421495442934
-791 -3.2076097884471084e-06 0.004023092030097836
-789 2.673256864515542e-05 0.004030651177270051
-787 -4.0628345177728256e-05 0.00400565454684047
-785 -2.6826252137448493e-05 0.004063952192696782
-783 -4.808813840795123e-05 0.004069846798989183
-781 -9.002176316955847e-07 0.00411192405647385
-779 -3.7252416525620413e-06 0.004082720480266257
-777 -6.0187243550990124e-05 0.00407514179044068
-775 -7.44753203546592e-06 0.004145865623902031
-773 -2.6978741243286377e-05 0.004166403301010244
-771 -3.871589958829852e-05 0.004148929259278074
-769 1.2361483140250557e-06 0.004186326887693828
-767 -5.518339782740461e-05 0.00413054621366738
-765 2.181027861808967e-05 0.004206172711097126
-763 -2.73057836189082e-05 0.0041568847794196204
-761 1.764093455372896e-05 0.004191650466218034
-759 -2.482546932893839e-06 0.0041824356792338055
-757 1.4557713349983872e-05 0.00423044464681525
-755 2.9751906341241377e-05 0.004284648385497032
-753 -1.3430938459841323e-05 0.004196491520693016
-751 2.6606319021581656e-05 0.0042474532615000985
-749 6.673849454833898e-06 0.004216501296862393
-747 3.7526687836254445e-08 0.004244737999141788
-745 -1.4225715113878887e-05 0.004318643171347664
-743 3.3494621386274156e-05 0.004318310289722556
-741 -1.6067057247736615e-05 0.004260611033779572
-739 6.137530367796307e-06 0.004324681113646741
-737 1.6856200385028424e-05 0.004323746827757095
-735 -5.213974268991327e-05 0.004340205170975101
-733 1.2427932136409895e-05 0.004350238607219396
-731 -5.926802064496834e-05 0.004337504199343708
-729 -4.32297105577885e-05 0.00434468348246145
-727 2.2201905545921122e-05 0.004365800474830047
-725 -2.272810224429606e-05 0.004370911070967118
-723 -2.104571456650767e-05 0.004361390774580223
-721 -4.879838420743831e-06 0.004432623793771081
-719 -4.207427207350666e-05 0.004463604697142061
-717 1.5664280322217984e-05 0.004451006296464213
-715 -5.03980006541099e-06 0.004457207045467087
-713 -4.1930305447822905e-05 0.004448264526630721
-711 3.11655750140057e-05 0.004480572028925982
-709 -1.731590110780522e-05 0.00447166916280983
-707 -6.707763629630213e-05 0.004516345842473303
-705 -1.8275058484487883e-05 0.004536767507231803
-703 2.648453660102424e-05 0.004497203185344511
-701 2.958751260148912e-05 0.004519887220759756
-699 -4.957416638995849e-05 0.004531917031846683
-697 -1.7549584852884585e-05 0.004554206959989545
-695 2.8627984776360496e-05 0.004600141875205262
-693 -3.303000497625852e-05 0.004578246913885839
-691 1.3322907665021884e-05 0.004662771264560132
-689 -6.77188497976013e-06 0.004617891337878288
-687 -5.585480339858984e-06 0.004643209017610017
-685 -2.7893985464417675e-05 0.004654856814676006
-683 -3.929319244764504e-05 0.0046800116823777155
-681 -1.3604089590089234e-05 0.004740981172864109
-679 -3.382592362741834e-05 0.004747797638850978
-677 5.271864132795882e-07 0.004695365205341941
-675 -2.9348402781391886e-05 0.004703551268856326
-673 -2.662253187558351e-05 0.004725513633649417
-671 -2.5940210131123113e-05 0.004769778937543408
-669 2.306805544810272e-06 0.004730482520912124
-667 -7.413667557170297e-05 0.004767174492729431
-665 -3.288405426953912e-05 0.004789778884733111
-663 7.325879004599033e-06 0.004818946665350837
-661 -1.1143539796014766e-05 0.004784197786960922
-659 2.5996968353939176e-05 0.004864127598514611
-657 4.454772218175206e-05 0.004874871869047058
-655 4.785013467655296e-05 0.004892866314724505
-653 3.765650341672028e-05 0.004914968971463094
-651 5.278493884736861e-05 0.004937322686975839
-649 2.7412675535386555e-05 0.004943424094212622
-647 -3.4588438574054137e-07 0.004913017311656304
-645 1.871222076949806e-05 0.004956284764203723
-643 -1.5570418727135215e-05 0.00496643913126377
-641 9.504792098383811e-06 0.004924731038563843
-639 -5.1102079332935023e-05 0.0049425340154670315
-637 2.0133587528043542e-05 0.004981757347865915
-635 -1.0108613099425128e-05 0.005042165323913001
-633 -2.3799039185077943e-05 0.005049151938292701
-631 4.409442397452495e-05 0.005061180397811636
-629 9.748494312466409e-06 0.005071911981815018
-627 -4.201895537730444e-05 0.005077778514639178
-625 1.263600362196346e-06 0.005106546856926406
-623 -1.4216132312744402e-05 0.005152482149444949
-621 2.1597022879218007e-05 0.005123962017650493
-619 1.8894271110611848e-05 0.005154580567333717
-617 2.0405871338956918e-05 0.005154710174887612
-615 -7.407069171729214e-05 0.005146833580178228
-613 -1.1381647345827096e-05 0.005212294252819878
-611 -3.867200821402848e-05 0.005234852551889362
-609 -3.681072894487797e-05 0.005202422175501654
-607 -4.10857778222674e-05 0.005236461161471732
-605 -3.257674764521322e-05 0.005255365847023583
-603 -1.0325420470762314e-05 0.005301574023280659
-601 1.171726855362382e-05 0.005349051902611702
-599 1.7099438325992222e-05 0.005297756826272868
-597 2.89188590285987e-06 0.005277577588515469
-595 -3.387590860704285e-06 0.005403905403192793
-593 2.600543872749393e-05 0.005312416237723541
-591 -1.8081538754906188e-06 0.005352429927473907
-589 -2.53842878931994e-05 0.005418531072156761
-587 -4.905360172864289e-06 0.005413948220436798
-585 1.1777132626762777e-05 0.005470811374055065
-583 2.381963385876855e-05 0.005411806797673519
-581 -4.3474865956714305e-05 0.005486203921641782
-579 -2.9493261673179646e-05 0.0055055535417081235
-577 -5.275839860367341e-05 0.005527825438384033
-575 -2.9690584884500053e-05 0.005519861823255519
-573 -5.270237071279503e-06 0.0055342919807640995
-571 1.8065656519707373e-05 0.005552198926921695
-569 2.5839883374053588e-05 0.0055434149009285305
-567 8.54893374463288e-06 0.0056083125346497445
-565 2.999969996189708e-05 0.005589900519365386
-563 1.9288044629851713e-05 0.005655571027673062
-561 2.7563176413486877e-05 0.005700035568753665
-559 4.712504384693972e-05 0.005697381463853586
-557 6.616913902883893e-06 0.005727302931800508
-555 1.837315023732197e-05 0.005742573011398517
-553 -1.4371299200798982e-05 0.005789057772538832
-551 -2.8119036849914064e-05 0.005750892079226485
-549 -2.6682441802681082e-05 0.005839907683571719
-547 4.6489442768465604e-05 0.005842150702656044
-545 -1.5448204210116758e-06 0.005845495142887688
-543 -1.754545261470604e-05 0.005818483134167928
-541 -1.0518761697635131e-05 0.00588231657032991
-539 3.459724295950158e-05 0.00593253838552137
-537 -6.432116846546418e-09 0.005927036808150118
-535 2.3795579020214606e-05 0.005992847267191594
-533 -1.037462799273242e-05 0.006002900386671557
-531 1.6838972186311106e-05 0.0059817995573255445
-529 2.599597173139302e-05 0.006002787008301313
-527 -5.073312301634792e-06 0.006031378703806182
-525 1.2963558306746183e-05 0.00600361206178695
-523 1.6380264064417413e-05 0.006072907224367939
-521 2.304408484531144e-05 0.006070021016878536
-519 4.6275175398532246e-05 0.006105955527644126
-517 -6.105022846505545e-05 0.006217435182973016
-515 -1.467435110329869e-05 0.00620439926801664
-513 -6.742685389211828e-05 0.006237371624929199
-511 -3.5152528867472865e-05 0.0062015975917457875
-509 1.6546028350483647e-05 0.0062297342841613704
-507 1.3422018559145755e-05 0.006270044838783703
-505 1.5230451579517081e-05 0.00633151142100882
-503 3.8005212920138666e-05 0.00632442196460552
-501 4.029039638912527e-06 0.006430244690943833
-499 -8.808607502133408e-06 0.006407725677452818
-497 -3.446787503220408e-05 0.0064219724234576316
-495 1.0523387904756755e-06 0.006366009284619924
-493 -1.2173274908837678e-05 0.006440626113352806
-491 4.925800236409724e-06 0.006481852818939254
-489 2.923156922288832e-06 0.006478268477526445
-487 3.293971816324164e-05 0.006556073410525727
-485 -2.3397091030198495e-05 0.006607685284631517
-483 -9.278747639795144e-06 0.00651500234732601
-481 2.853902110666041e-05 0.006583538585617071
-479 1.4576284330046955e-05 0.006683847778577529
-477 1.698737259705669e-05 0.006667495085501848
-475 2.135479536974987e-05 0.0067246944719059005
-473 -3.0529141492055945e-05 0.006732009875285561
-471 3.312687561300956e-05 0.00675334834636932
-469 1.9207370448998514e-05 0.0067877877614798705
-467 2.6858273162819295e-05 0.006870429102542426
-465 3.167372658112739e-05 0.006829250737215687
-463 -2.1063601393421893e-05 0.006859711597404632
-461 1.777034207307981e-05 0.0068936154139637934
-459 3.9077815188885604e-05 0.006947291893566094
-457 4.2777582809890396e-05 0.006988893654198294
-455 1.5690683345826675e-05 0.0069655733927286075
-453 -2.9477201051073206e-05 0.0070459583223741
-451 3.8867644816990295e-05 0.0070530225323562085
-449 -2.5685377747522643e-05 0.007109876662593842
-447 -2.3960664113315266e-06 0.007149692785886049
-445 -2.1150699467609205e-05 0.007145919476511428
-443 -6.695747112714895e-05 0.007193753880590868
-441 -3.421738746910737e-05 0.007232332684684149
-439 -5.405455752088419e-05 0.007238608764509125
-437 2.7703930495236874e-05 0.00729177237954789
-435 -2.0440564161105026e-05 0.007351927279992453
-433 -3.140716687912594e-05 0.007381761231213545
-431 2.7646329629656638e-05 0.007369811256624487
-429 2.7796403061140944e-05 0.007432351355474455
-427 2.5876785148217567e-05 0.00746143156457191
-425 -3.2067183505908483e-05 0.007467285638669423
-423 -3.929856725373616e-06 0.007572936387728448
-421 -2.737390168389952e-05 0.007610216690618766
-419 -7.03581789433777e-05 0.0076312693149541595
-417 -5.2662655586317416e-05 0.007696867455145451
-415 -1.727060133059492e-05 0.007674599499378893
-413 -7.917651160051361e-06 0.0077276241334409525
-411 9.088705961235113e-07 0.007753485969031967
-409 -4.3561429169127304e-05 0.007779285581614602
-407 -6.40502962358716e-05 0.007815653716666949
-405 -4.194889025133383e-05 0.007859229537972042
-403 4.848152500504492e-06 0.007860248136759866
-401 4.9467021025707535e-06 0.007937049124723096
-399 -1.6112122808916212e-05 0.007969326533034969
-397 5.8364635085314916e-05 0.007979675748180391
-395 4.1878525236576374e-05 0.008052437410052746
-393 -3.940911764617531e-06 0.008060488810934885
-391 -1.294327783924714e-05 0.008124648668186699
-389 -1.499995160232822e-05 0.008178298723763642
-387 4.5616309027667264e-05 0.008148264065622314
-385 3.3648889308226594e-05 0.00826686233545172
-383 2.499175299626546e-05 0.008357426296713396
-381 -4.801080690223276e-05 0.008380045788951187
-379 -8.439817877668723e-06 0.008407525699846522
-377 5.366567747265397e-05 0.008466720324384742
-375 -1.8049831987607073e-05 0.008476528329702603
-373 -2.660528727088485e-06 0.008560002608538834
-371 6.055303828640608e-05 0.00861212854411329
-369 1.9323025289864866e-05 0.008613574228100633
-367 9.96320280648659e-06 0.008687767013085304
-365 8.337599260413991e-06 0.008740484766837042
-363 5.092077276518007e-05 0.008705910109453928
-361 3.5029501570044646e-05 0.008756612522029836
-359 -3.600068131503402e-05 0.008866173814166798
-357 -2.95603997119783e-05 0.00893613990776608
-355 -2.1929603432709616e-05 0.009024965954055364
-353 -1.6788861812274121e-06 0.00898975118074708
-351 -1.4910219823078282e-05 0.009092192243774982
-349 3.115479807601685e-05 0.009145180473009357
-347 1.0098440889883576e-05 0.00919131685460827
-345 -1.5843570258495014e-05 0.009229145382532111
-343 -1.0702215367065389e-05 0.009281049505919757
-341 2.9159466933330952e-05 0.009325518856755333
-339 4.178477685907544e-05 0.009330090599792026
-337 -3.517358752897542e-05 0.009464704237868842
-335 -7.866960144126923e-06 0.009504316560143172
-333 -5.456080603927587e-05 0.009552994610823621
-331 -5.597899218112178e-05 0.009592617478184063
-329 -4.545469195296322e-05 0.00971500967273319
-327 -2.015833219266911e-05 0.009765544055754003
-325 -8.828451470425423e-05 0.009810076048444385
-323 -3.073152133143309e-05 0.009912473898767326
-321 2.687602948808427e-05 0.009908554991133064
-319 3.1591998439699316e-05 0.009946322907020836
-317 2.2947063951347573e-05 0.010063261425735145
-315 7.69991670626519e-06 0.01014905603936101
-313 3.365441257552873e-05 0.010227452016012004
-311 1.2437203904211356e-06 0.010221175972980105
-309 1.8874141659233425e-07 0.01026555661001248
-307 -4.839496043529474e-05 0.010383991973078767
-305 -2.1622741646405043e-05 0.01045172745530837
-303 -4.0551626035491254e-05 0.010529618859200422
-301 1.0537662173518164e-05 0.010579216274983979
-299 5.8108171946311214e-05 0.010632566648488273
-297 -1.319499703040125e-06 0.010699780067027608
-295 6.856779116075477e-06 0.010851184102832515
-293 -2.3971500826290597e-06 0.010863389598289601
-291 9.878080447153184e-06 0.010955814382835024
-289 3.6568364651500184e-05 0.011056260075779348
-287 4.3085353672216254e-05 0.011123520298985232
-285 3.166780684770241e-05 0.011211173592304212
-283 -1.0751920753425672e-05 0.011243779463072109
-281 -4.1185378382605447e-07 0.011310527343625826
-279 -3.474827527323945e-05 0.01142403587479816
-277 3.048549968864014e-07 0.01149953591739146
-275 2.082768978345984e-05 0.011585178299559297
-273 7.346933298105629e-06 0.011660027114856343
-271 -7.577456780427486e-06 0.011724681911725501
-269 1.8200914822105705e-05 0.011815229963100181
-267 -4.5471778493355865e-05 0.011918600449332154
-265 1.6697831924273464e-06 0.012014131067890906
-263 3.1620064779647486e-05 0.01208298469480519
-261 8.704463323282677e-07 0.012164800389797215
-259 9.115001554567766e-06 0.012262284637033192
-257 -3.105057963697792e-05 0.012343416657143126
-255 8.6342430352992e-06 0.012475167353811694
-253 6.043038405457646e-05 0.012520596782368346
-251 2.750079144570974e-05 0.012663262440231407
-249 -2.683774299780369e-05 0.0127721984997717
-247 -1.8823330787170046e-06 0.012867740870650528
-245 -5.169899604206168e-05 0.01297202808352115
-243 -1.9056838637305876e-05 0.01311820721375547
-241 1.095625670894699e-05 0.013232961058920804
-239 -2.950606243823537e-05 0.013304134905148542
-237 2.6250054997397906e-05 0.013405516841711033
-235 -2.7545434135069617e-05 0.013502209978144311
-233 -4.03112075479628e-05 0.013614594957624775
-231 2.824181358820244e-05 0.01383067794045043
-229 -3.780381336622126e-05 0.013922357705319173
-227 -1.6263278749147642e-05 0.01400711898656939
-225 4.0818084048058506e-05 0.014159301074539386
-223 -1.250956474521066e-05 0.014263719388513786
-221 2.8411001974113987e-05 0.014405675367612697
-219 -1.6742149310093677e-05 0.014504231172826542
-217 -2.2349948002042886e-05 0.014676252003506989
-215 -2.9727060791682366e-05 0.014786880950487722
-213 -1.2556514849230697e-05 0.014977410582809325
-211 9.563874260959227e-06 0.01509620343440365
-209 -6.781079068483698e-05 0.015224041465568603
-207 3.0242048640812277e-05 0.015364266496217237
-205 2.706796783708592e-05 0.015580964263769589
-203 3.345158288749176e-05 0.015642112820821015
-201 1.767337995293141e-06 0.015800467032827226
-199 7.035576226254603e-07 0.015989960724484227
-197 -6.663559146193641e-06 0.016148957338065584
-195 2.6339742975805597e-05 0.016279966475894612
-193 -4.7208703515418433e-07 0.016536100167200737
-191 -2.7088265723672763e-05 0.016646270900809605
-189 -1.9614319010727677e-05 0.016799854356558973
-187 1.5123407822833969e-05 0.017052255685073743
-185 1.540535041930718e-05 0.017205564133842628
-183 -3.3979644594532774e-05 0.01739594346231433
-181 5.570217850533658e-05 0.017548555417117372
-179 -1.729359643012357e-05 0.017717438498976206
-177 3.0348193367582195e-05 0.01798221708226419
-175 1.293888983286615e-05 0.018194835415422213
-173 6.330345651381425e-05 0.018387304813633137
-171 3.8796366761871645e-05 0.01861526154842769
-169 -3.901123587862307e-06 0.018758737568013197
-167 1.0286608311468657e-05 0.01902046318190725
-165 4.142276486988279e-05 0.01927111544324983
-163 -2.685403338146665e-05 0.019525007049951228
-161 2.077755444522435e-05 0.019730051351444497
-159 -3.9817698946383364e-05 0.02003735903580876
-157 -3.5485862285187545e-05 0.020234651006667017
-155 1.7986815064265453e-05 0.02054111194449592
-153 -2.2952648693239132e-05 0.020774914822421452
-151 -2.4154755480255756e-05 0.021052764952440253
-149 3.866778581682034e-05 0.021326520869341937
-147 5.397838393123071e-05 0.021615114672073173
-145 1.0976651208357452e-05 0.021957201421894543
-143 1.9612116605306134e-05 0.022235197363849768
-141 1.9268182777348723e-05 0.022547406612983663
-139 2.1676479471236786e-05 0.022879762629196065
-137 -1.540379191362026e-05 0.02324473488013477
-135 -1.4839737218927489e-05 0.023616426994143905
-133 -1.0865059130601276e-05 0.02388263868875999
-131 -1.2775807615513506e-05 0.024283919477359504
-129 1.7750339131895937e-05 0.024717179610972525
-127 2.7312604047477323e-06 0.025071794353293018
-125 -5.029844810872069e-05 0.025439679517174248
-123 1.817618455907432e-05 0.02588989237756365
-121 -5.932607303635298e-06 0.026270433792935147
-119 3.2140750846802784e-05 0.026665090823824237
-117 -6.78959492611634e-06 0.027208676625873496
-115 -1.3315929060341135e-05 0.027680950412723844
-113 -3.7164453353920985e-05 0.028215430441458245
-111 1.3622441204087077e-05 0.02866705330188543
-109 -3.236293302861168e-05 0.029140328854221586
-107 -5.51987732950105e-05 0.029739310566911894
-105 -4.625810423741046e-05 0.030315657312499963
-103 1.7531385724879038e-05 0.030881769809235328
-101 1.386171951833156e-05 0.031510439119345764
-99 -1.0250077306969178e-05 0.032133631847381335
-97 6.467143712159546e-06 0.03275092637758037
-95 -1.2256452647053968e-05 0.033468724827253465
-93 4.7213596852408056e-05 0.03422207414176431
-91 -1.6198712650648647e-06 0.03496453467450648
-89 -3.3878444596906474e-05 0.03575979095120249
-87 3.15295220625209e-05 0.03654995577829284
-85 3.1095933761628504e-05 0.03741182104828595
-83 -3.085207573587544e-05 0.03832918388492692
-81 2.4561397834565486e-05 0.039278085954818055
-79 -1.3834347596524352e-05 0.040220813232290514
-77 -4.068354577048918e-06 0.0413090681479035
-75 -3.66724202485547e-05 0.04236398606172221
-73 -9.931645945299348e-06 0.04356045948054747
-71 4.416978168425219e-06 0.04478606028599356
-69 -3.009703994129029e-05 0.04605974143927394
-67 -3.539048226740721e-05 0.04742977425878449
-65 -2.433399894046731e-05 0.048885107659341634
-63 -1.537833663022884e-06 0.050475677322628476
-61 2.798228599470143e-05 0.05209548200310722
-59 1.933654065767786e-05 0.053832665858054705
-57 -6.902867306116826e-06 0.055720321703881165
-55 -2.1561653211899087e-06 0.05775425031279993
-53 -2.1522121584522332e-05 0.05993874304025368
-51 2.549569487560184e-06 0.062320558273001994
-49 -3.578920131633225e-07 0.06483359183317261
-47 -8.161626187085849e-06 0.06753821816636081
-45 2.111662881292467e-05 0.07054540534511543
-43 -3.7754901929008785e-07 0.07381051110717438
-41 1.9026799626446197e-05 0.0774189197871068
-39 7.900185559001357e-07 0.08134066872278253
-37 -1.822842175763567e-06 0.08570153804079311
-35 4.1870706716198766e-07 0.09056336864448254
-33 -1.7599226538589366e-05 0.0959922817808738
-31 2.181463535426357e-06 0.10214941329729628
-29 2.121526969316644e-05 0.10912911405059067
-27 2.6816383061165106e-05 0.1170729458409059
-25 -1.588694631092524e-05 0.12631347211913602
-23 5.804262706306437e-05 0.13710075225973029
-21 4.154877102443153e-05 0.14987279086819405
-19 -9.951928443611063e-06 0.1652513555387648
-17 7.1512741665833975e-06 0.18411624716305874
-15 -1.8524325560929524e-05 0.2076806576903517
-13 1.0263890267036423e-05 0.23808265449405533
-11 1.1338694333278944e-05 0.27853511628415717
-9 5.8152269906793647e-05 0.33483385806101085
-7 -5.190726596647086e-06 0.417899756723502
-5 -1.818296352148516e-05 0.5507686877858293
-3 7.24570136499936e-06 0.7909334801799855
-1 3.7171249320286476e-05 1.3265550290029418
1 3.7171249320549544e-05 -1.3265550290029418
3 7.245701365031864e-06 -0.7909334801799855
5 -1.8182963521473436e-05 -0.5507686877858293
7 -5.190726596645192e-06 -0.417899756723502
9 5.815226990678806e-05 -0.33483385806101085
11 1.1338694333276906e-05 -0.27853511628415717
13 1.0263890267048735e-05 -0.23808265449405533
15 -1.852432556095754e-05 -0.2076806576903517
17 7.151274166626648e-06 -0.18411624716305877
19 -9.9519284436152e-06 -0.1652513555387648
21 4.154877102442313e-05 -0.14987279086819405
23 5.8042627063083056e-05 -0.13710075225973026
25 -1.5886946310942845e-05 -0.12631347211913604
27 2.681638306117287e-05 -0.11707294584090588
29 2.121526969316452e-05 -0.10912911405059067
31 2.181463535430095e-06 -0.1021494132972963
33 -1.7599226538582007e-05 -0.0959922817808738
35 4.1870706715794774e-07 -0.09056336864448254
37 -1.8228421757665055e-06 -0.0857015380407931
39 7.90018555894447e-07 -0.0813406687227825
41 1.902679962645357e-05 -0.07741891978710677
43 -3.7754901929180987e-07 -0.07381051110717436
45 2.11166288129289e-05 -0.07054540534511543
47 -8.161626187090687e-06 -0.06753821816636081
49 -3.578920131652605e-07 -0.06483359183317261
51 2.549569487564825e-06 -0.062320558273001994
53 -2.152212158452051e-05 -0.05993874304025368
55 -2.1561653212057008e-06 -0.057754250312799925
57 -6.902867306108118e-06 -0.055720321703881165
59 1.933654065767502e-05 -0.05383266585805471
61 2.798228599469909e-05 -0.05209548200310722
63 -1.5378336630156538e-06 -0.05047567732262847
65 -2.4333998940477956e-05 -0.04888510765934164
67 -3.5390482267401895e-05 -0.047429774258784495
69 -3.0097039941285224e-05 -0.046059741439273945
71 4.416978168428566e-06 -0.04478606028599356
73 -9.931645945300734e-06 -0.04356045948054748
75 -3.667242024856021e-05 -0.04236398606172221
77 -4.068354577043039e-06 -0.04130906814790348
79 -1.3834347596508719e-05 -0.04022081323229041
81 2.456139783455473e-05 -0.03927808595481817
83 -3.08520757358793e-05 -0.03832918388492693
85 3.10959337616247e-05 -0.03741182104828595
87 3.152952206252526e-05 -0.03654995577829284
89 -3.3878444596903485e-05 -0.0357597909512025
91 -1.6198712650659083e-06 -0.03496453467450648
93 4.721359685240655e-05 -0.0342220741417643
95 -1.2256452647061832e-05 -0.033468724827253465
97 6.467143712167454e-06 -0.03275092637758037
99 -1.0250077306971065e-05 -0.032133631847381335
101 1.3861719518332476e-05 -0.031510439119345764
103 1.753138572488334e-05 -0.03088176980923532
105 -4.6258104237414534e-05 -0.030315657312499973
107 -5.519877329501084e-05 -0.029739310566911894
109 -3.236293302861141e-05 -0.029140328854221586
111 1.3622441204083592e-05 -0.028667053301885428
113 -3.716445335392517e-05 -0.02821543044145824
115 -1.3315929060341136e-05 -0.02768095041272385
117 -6.789594926112723e-06 -0.027208676625873507
119 3.214075084679818e-05 -0.026665090823824258
121 -5.932607303606411e-06 -0.026270433792935134
123 1.8176184559070904e-05 -0.025889892377563655
125 -5.029844810872146e-05 -0.025439679517174244
127 2.731260404750292e-06 -0.02507179435329301
129 1.7750339131900555e-05 -0.024717179610972532
131 -1.2775807615511707e-05 -0.024283919477359504
133 -1.0865059130600373e-05 -0.02388263868876
135 -1.4839737218933972e-05 -0.023616426994143905
137 -1.5403791913610904e-05 -0.02324473488013477
139 2.167647947122645e-05 -0.02287976262919607
141 1.9268182777335563e-05 -0.022547406612983652
143 1.9612116605322662e-05 -0.02223519736384975
145 1.0976651208368369e-05 -0.021957201421894553
147 5.3978383931221725e-05 -0.02161511467207318
149 3.866778581681693e-05 -0.02132652086934193
151 -2.4154755480252785e-05 -0.02105276495244025
153 -2.2952648693240213e-05 -0.020774914822421456
155 1.7986815064257823e-05 -0.020541111944495923
157 -3.5485862285170875e-05 -0.020234651006667034
159 -3.9817698946425316e-05 -0.020037359035808826
161 2.077755444519246e-05 -0.019730051351444473
163 -2.6854033381453455e-05 -0.019525007049951224
165 4.142276486987476e-05 -0.019271115443249824
167 1.0286608311471744e-05 -0.01902046318190725
169 -3.901123587865557e-06 -0.0187587375680132
171 3.879636676187009e-05 -0.01861526154842769
173 6.330345651381041e-05 -0.018387304813633137
175 1.2938889832858822e-05 -0.018194835415422207
177 3.0348193367580914e-05 -0.01798221708226419
179 -1.729359643011981e-05 -0.01771743849897621
181 5.5702178505330915e-05 -0.017548555417117372
183 -3.397964459452859e-05 -0.017395943462314333
185 1.540535041930082e-05 -0.017205564133842624
187 1.5123407822836219e-05 -0.017052255685073743
189 -1.961431901072412e-05 -0.016799854356558976
191 -2.708826572367499e-05 -0.01664627090080961
193 -4.720870351592428e-07 -0.016536100167200734
195 2.6339742975801653e-05 -0.016279966475894615
197 -6.6635591461942635e-06 -0.01614895733806558
199 7.035576226302397e-07 -0.015989960724484237
201 1.7673379952860912e-06 -0.01580046703282722
203 3.345158288749179e-05 -0.01564211282082101
205 2.706796783708817e-05 -0.015580964263769587
207 3.0242048640810712e-05 -0.015364266496217232
209 -6.781079068483292e-05 -0.015224041465568607
211 9.5638742609623e-06 -0.015096203434403646
213 -1.2556514849234214e-05 -0.014977410582809327
215 -2.9727060791686523e-05 -0.014786880950487725
217 -2.2349948002037987e-05 -0.01467625200350699
219 -1.6742149310090005e-05 -0.01450423117282654
221 2.8411001974116935e-05 -0.014405675367612699
223 -1.2509564745209678e-05 -0.014263719388513788
225 4.0818084048051845e-05 -0.014159301074539388
227 -1.626327874914433e-05 -0.014007118986569388
229 -3.780381336622384e-05 -0.013922357705319174
231 2.8241813588206282e-05 -0.01383067794045043
233 -4.031120754795668e-05 -0.013614594957624777
235 -2.7545434135070556e-05 -0.013502209978144311
237 2.625005499739583e-05 -0.013405516841711032
239 -2.950606243826476e-05 -0.013304134905148516
241 1.0956256708962452e-05 -0.013232961058920797
243 -1.9056838637301604e-05 -0.013118207213755466
245 -5.1698996042065265e-05 -0.012972028083521157
247 -1.882333078723609e-06 -0.012867740870650532
249 -2.6837742997803654e-05 -0.012772198499771707
251 2.750079144570906e-05 -0.012663262440231408
253 6.043038405457276e-05 -0.01252059678236834
255 8.634243035301542e-06 -0.012475167353811689
257 -3.105057963697275e-05 -0.01234341665714313
259 9.115001554567805e-06 -0.012262284637033192
261 8.704463323280458e-07 -0.01216480038979721
263 3.1620064779654025e-05 -0.012082984694805184
265 1.669783192425754e-06 -0.0120141310678909
267 -4.547177849335766e-05 -0.011918600449332153
269 1.8200914822109716e-05 -0.011815229963100181
271 -7.577456780425515e-06 -0.011724681911725501
273 7.346933298104648e-06 -0.011660027114856343
275 2.0827689783462298e-05 -0.011585178299559296
277 3.048549968871756e-07 -0.01149953591739145
279 -3.474827527321444e-05 -0.011424035874798155
281 -4.118537838557184e-07 -0.011310527343625825
283 -1.0751920753437151e-05 -0.011243779463072104
285 3.166780684771422e-05 -0.011211173592304224
287 4.30853536722038e-05 -0.011123520298985232
289 3.6568364651490027e-05 -0.01105626007577935
291 9.878080447164271e-06 -0.01095581438283501
293 -2.3971500826312374e-06 -0.010863389598289596
295 6.8567791160797035e-06 -0.010851184102832518
297 -1.3194997030387188e-06 -0.01069978006702761
299 5.810817194631717e-05 -0.010632566648488273
301 1.0537662173519097e-05 -0.010579216274983982
303 -4.0551626035490915e-05 -0.010529618859200425
305 -2.1622741646411734e-05 -0.01045172745530837
307 -4.839496043529111e-05 -0.010383991973078766
309 1.8874141658930018e-07 -0.010265556610012482
311 1.243720390423398e-06 -0.010221175972980109
313 3.3654412575532494e-05 -0.01022745201601201
315 7.699916706268253e-06 -0.010149056039361008
317 2.294706395134452e-05 -0.010063261425735145
319 3.159199843966446e-05 -0.009946322907020825
321 2.6876029488129357e-05 -0.009908554991133018
323 -3.073152133142088e-05 -0.009912473898767338
325 -8.828451470424919e-05 -0.00981007604844439
327 -2.0158332192665325e-05 -0.009765544055754001
329 -4.54546919529719e-05 -0.009715009672733185
331 -5.5978992181120966e-05 -0.009592617478184058
333 -5.45608060392743e-05 -0.009552994610823621
335 -7.86696014412906e-06 -0.009504316560143175
337 -3.5173587528980704e-05 -0.009464704237868844
339 4.178477685907516e-05 -0.009330090599792031
341 2.9159466933331833e-05 -0.009325518856755333
343 -1.0702215367059774e-05 -0.00928104950591976
345 -1.5843570258492517e-05 -0.00922914538253212
347 1.0098440889882934e-05 -0.009191316854608278
349 3.115479807601575e-05 -0.009145180473009362
351 -1.4910219823083548e-05 -0.009092192243774987
353 -1.6788861812288385e-06 -0.008989751180747074
355 -2.192960343271111e-05 -0.009024965954055358
357 -2.956039971198305e-05 -0.008936139907766066
359 -3.6000681315013095e-05 -0.008866173814166788
361 3.5029501570052255e-05 -0.008756612522029852
363 5.0920772765171155e-05 -0.008705910109453924
365 8.33759926041764e-06 -0.008740484766837038
367 9.963202806484706e-06 -0.008687767013085296
369 1.9323025289860163e-05 -0.008613574228100636
371 6.055303828640917e-05 -0.008612128544113293
373 -2.6605287270868555e-06 -0.008560002608538831
375 -1.804983198761107e-05 -0.008476528329702603
377 5.366567747265564e-05 -0.008466720324384745
379 -8.439817877666405e-06 -0.00840752569984652
381 -4.801080690223023e-05 -0.008380045788951185
383 2.4991752996267578e-05 -0.008357426296713402
385 3.3648889308221736e-05 -0.00826686233545172
387 4.561630902767233e-05 -0.00814826406562231
389 -1.4999951602326899e-05 -0.008178298723763642
391 -1.2943277839249801e-05 -0.008124648668186693
393 -3.940911764618654e-06 -0.008060488810934885
395 4.18785252365734e-05 -0.008052437410052744
397 5.8364635085316095e-05 -0.007979675748180377
399 -1.6112122808886864e-05 -0.007969326533034967
401 4.946702102586088e-06 -0.007937049124723131
403 4.848152500504749e-06 -0.007860248136759874
405 -4.1948890251340154e-05 -0.007859229537972036
407 -6.405029623586487e-05 -0.007815653716666947
409 -4.3561429169126295e-05 -0.0077792855816146015
411 9.088705961284546e-07 -0.007753485969031962
413 -7.917651160057555e-06 -0.00772762413344095
415 -1.727060133059224e-05 -0.007674599499378899
417 -5.2662655586308254e-05 -0.007696867455145452
419 -7.035817894338328e-05 -0.00763126931495417
421 -2.7373901683894905e-05 -0.007610216690618768
423 -3.929856725364082e-06 -0.007572936387728447
425 -3.206718350590137e-05 -0.007467285638669426
427 2.587678514821728e-05 -0.00746143156457191
429 2.7796403061144793e-05 -0.007432351355474458
431 2.7646329629649015e-05 -0.007369811256624491
433 -3.140716687913515e-05 -0.00738176123121354
435 -2.0440564161104705e-05 -0.007351927279992449
437 2.770393049522914e-05 -0.007291772379547889
439 -5.405455752088864e-05 -0.0072386087645091215
441 -3.42173874691002e-05 -0.007232332684684162
443 -6.695747112715567e-05 -0.007193753880590869
445 -2.1150699467608253e-05 -0.007145919476511422
447 -2.3960664113351e-06 -0.007149692785886048
449 -2.568537774752376e-05 -0.007109876662593845
451 3.8867644816993074e-05 -0.007053022532356209
453 -2.9477201051074554e-05 -0.007045958322374096
455 1.5690683345829304e-05 -0.006965573392728609
457 4.2777582809894516e-05 -0.006988893654198298
459 3.9077815188884256e-05 -0.006947291893566091
461 1.777034207307883e-05 -0.0068936154139637995
463 -2.1063601393417113e-05 -0.006859711597404638
465 3.1673726581130446e-05 -0.006829250737215689
467 2.6858273162815907e-05 -0.006870429102542427
469 1.9207370449001984e-05 -0.006787787761479868
471 3.3126875613010274e-05 -0.00675334834636932
473 -3.052914149205523e-05 -0.006732009875285558
475 2.1354795369751058e-05 -0.006724694471905897
477 1.6987372597065907e-05 -0.006667495085501849
479 1.457628433004849e-05 -0.0066838477785775485
481 2.8539021106608485e-05 -0.0065835385856170756
483 -9.278747639797077e-06 -0.006515002347326005
485 -2.3397091030199708e-05 -0.006607685284631516
487 3.2939718163240727e-05 -0.006556073410525724
489 2.9231569222838717e-06 -0.006478268477526443
491 4.925800236411496e-06 -0.006481852818939252
493 -1.2173274908840018e-05 -0.006440626113352808
495 1.0523387904755221e-06 -0.006366009284619928
497 -3.446787503219889e-05 -0.006421972423457636
499 -8.80860750213346e-06 -0.006407725677452817
501 4.02903963890778e-06 -0.006430244690943829
503 3.800521292014317e-05 -0.006324421964605525
505 1.5230451579515472e-05 -0.006331511421008827
507 1.3422018559148069e-05 -0.006270044838783704
509 1.6546028350484273e-05 -0.006229734284161373
511 -3.5152528867479336e-05 -0.00620159759174579
513 -6.742685389212431e-05 -0.006237371624929204
515 -1.467435110329278e-05 -0.006204399268016645
517 -6.10502284650574e-05 -0.00621743518297301
519 4.627517539851589e-05 -0.006105955527644121
521 2.3044084845326238e-05 -0.006070021016878549
523 1.6380264064411707e-05 -0.006072907224367937
525 1.2963558306747053e-05 -0.006003612061786949
527 -5.0733123016369085e-06 -0.006031378703806185
529 2.5995971731386652e-05 -0.006002787008301315
531 1.6838972186313925e-05 -0.0059817995573255445
533 -1.0374627992732944e-05 -0.006002900386671555
535 2.379557902021153e-05 -0.005992847267191593
537 -6.432116844645676e-09 -0.005927036808150111
539 3.459724295950638e-05 -0.005932538385521372
541 -1.0518761697632112e-05 -0.005882316570329917
543 -1.7545452614705185e-05 -0.005818483134167915
545 -1.5448204210128718e-06 -0.0058454951428876896
547 4.648944276846672e-05 -0.005842150702656041
549 -2.6682441802684937e-05 -0.00583990768357172
551 -2.8119036849907555e-05 -0.005750892079226486
553 -1.437129920079322e-05 -0.005789057772538835
555 1.8373150237320718e-05 -0.005742573011398512
557 6.616913902880006e-06 -0.005727302931800513
559 4.712504384694116e-05 -0.005697381463853588
561 2.7563176413468442e-05 -0.005700035568753665
563 1.9288044629853113e-05 -0.005655571027673064
565 2.9999699961896104e-05 -0.005589900519365387
567 8.548933744639545e-06 -0.005608312534649746
569 2.5839883374052538e-05 -0.005543414900928528
571 1.806565651971906e-05 -0.0055521989269216995
573 -5.2702370712883566e-06 -0.005534291980764099
575 -2.9690584884495246e-05 -0.005519861823255508
577 -5.275839860366621e-05 -0.0055278254383840375
579 -2.949326167318534e-05 -0.005505553541708132
581 -4.347486595670262e-05 -0.005486203921641785
583 2.381963385876184e-05 -0.005411806797673517
585 1.1777132626767667e-05 -0.005470811374055065
587 -4.905360172870235e-06 -0.005413948220436795
589 -2.538428789320017e-05 -0.005418531072156762
591 -1.8081538754884115e-06 -0.005352429927473911
593 2.600543872749621e-05 -0.005312416237723539
595 -3.3875908607043188e-06 -0.005403905403192789
597 2.891885902867649e-06 -0.005277577588515472
599 1.7099438325976928e-05 -0.005297756826272876
601 1.1717268553620788e-05 -0.005349051902611705
603 -1.0325420470757642e-05 -0.00530157402328066
605 -3.2576747645216077e-05 -0.005255365847023581
607 -4.108577782226807e-05 -0.005236461161471729
609 -3.68107289448787e-05 -0.005202422175501654
611 -3.867200821403236e-05 -0.005234852551889358
613 -1.1381647345827455e-05 -0.005212294252819873
615 -7.407069171729282e-05 -0.005146833580178228
617 2.0405871338960584e-05 -0.005154710174887616
619 1.889427111060952e-05 -0.005154580567333715
621 2.159702287921675e-05 -0.005123962017650487
623 -1.4216132312743936e-05 -0.005152482149444953
625 1.2636003621940725e-06 -0.005106546856926418
627 -4.2018955377303775e-05 -0.005077778514639178
629 9.74849431246816e-06 -0.0050719119818150174
631 4.409442397452578e-05 -0.005061180397811632
633 -2.379903918507279e-05 -0.005049151938292694
635 -1.0108613099429642e-05 -0.005042165323913001
637 2.0133587528039104e-05 -0.0049817573478659165
639 -5.110207933295595e-05 -0.0049425340154670575
641 9.504792098377323e-06 -0.004924731038563836
643 -1.557041872714321e-05 -0.004966439131263762
645 1.871222076949309e-05 -0.004956284764203724
647 -3.458843857401136e-07 -0.0049130173116563045
649 2.7412675535383055e-05 -0.004943424094212621
651 5.278493884737192e-05 -0.004937322686975837
653 3.7656503416722e-05 -0.004914968971463094
655 4.7850134676549485e-05 -0.004892866314724504
657 4.454772218175699e-05 -0.004874871869047055
659 2.5996968353929245e-05 -0.004864127598514615
661 -1.1143539796024365e-05 -0.004784197786960925
663 7.325879004603227e-06 -0.0048189466653508345
665 -3.288405426954184e-05 -0.004789778884733113
667 -7.41366755716976e-05 -0.004767174492729426
669 2.3068055448090074e-06 -0.004730482520912123
671 -2.5940210131123716e-05 -0.00476977893754341
673 -2.6622531875580366e-05 -0.004725513633649423
675 -2.9348402781389355e-05 -0.004703551268856328
677 5.271864132839318e-07 -0.0046953652053419335
679 -3.382592362741687e-05 -0.004747797638850992
681 -1.3604089590098944e-05 -0.004740981172864113
683 -3.92931924476412e-05 -0.004680011682377703
685 -2.7893985464415856e-05 -0.004654856814676004
687 -5.585480339861614e-06 -0.004643209017610014
689 -6.7718849797623315e-06 -0.004617891337878285
691 1.332290766502178e-05 -0.00466277126456013
693 -3.303000497626483e-05 -0.004578246913885839
695 2.8627984776373378e-05 -0.004600141875205264
697 -1.7549584852899723e-05 -0.0045542069599895435
699 -4.957416638994246e-05 -0.004531917031846679
701 2.9587512601491947e-05 -0.004519887220759767
703 2.6484536601006565e-05 -0.004497203185344513
705 -1.827505848450044e-05 -0.0045367675072318
707 -6.707763629630282e-05 -0.004516345842473292
709 -1.7315901107788023e-05 -0.0044716691628098335
711 3.116557501399472e-05 -0.004480572028925983
713 -4.193030544780759e-05 -0.0044482645266307195
715 -5.03980006541597e-06 -0.004457207045467086
717 1.5664280322218794e-05 -0.004451006296464226
719 -4.207427207349928e-05 -0.004463604697142045
721 -4.879838420762921e-06 -0.004432623793771103
723 -2.1045714566509803e-05 -0.00436139077458023
725 -2.2728102244293168e-05 -0.004370911070967117
727 2.2201905545918605e-05 -0.00436580047483004
729 -4.3229710557784665e-05 -0.004344683482461448
731 -5.9268020644969094e-05 -0.00433750419934371
733 1.242793213640906e-05 -0.00435023860721939
735 -5.2139742689917294e-05 -0.004340205170975096
737 1.6856200385036502e-05 -0.004323746827757105
739 6.137530367801099e-06 -0.004324681113646739
741 -1.606705724772817e-05 -0.004260611033779571
743 3.349462138627859e-05 -0.00431831028972256
745 -1.4225715113876356e-05 -0.004318643171347664
747 3.7526687836020664e-08 -0.004244737999141793
749 6.673849454833173e-06 -0.0042165012968623915
751 2.6606319021581663e-05 -0.004247453261500103
753 -1.3430938459841113e-05 -0.004196491520693017
755 2.975190634124312e-05 -0.00428464838549703
757 1.4557713349987095e-05 -0.004230444646815253
759 -2.4825469328916842e-06 -0.004182435679233803
761 1.7640934553728547e-05 -0.004191650466218028
763 -2.7305783618912066e-05 -0.004156884779419621
765 2.181027861808673e-05 -0.004206172711097126
767 -5.518339782740096e-05 -0.0041305462136673795
769 1.2361483140289402e-06 -0.004186326887693829
771 -3.8715899588301066e-05 -0.004148929259278077
773 -2.6978741243281315e-05 -0.004166403301010246
775 -7.447532035470147e-06 -0.00414586562390203
777 -6.018724355098916e-05 -0.004075141790440679
779 -3.725241652561157e-06 -0.004082720480266255
781 -9.002176316943311e-07 -0.004111924056473848
783 -4.80881384079549e-05 -0.004069846798989184
785 -2.6826252137445898e-05 -0.004063952192696782
787 -4.0628345177728995e-05 -0.004005654546840469
789 2.673256864515681e-05 -0.0040306511772700525
791 -3.207609788449903e-06 -0.004023092030097841
793 -1.6971789822093935e-05 -0.004044421495442934
795 1.5905690233969337e-06 -0.004059143723495357
797 1.1536759871040716e-05 -0.004034974586299282
799 2.3409181873327853e-05 -0.003972912451826965
801 -6.527667266837105e-06 -0.0040011177759105765
803 -2.0076244513500126e-06 -0.003965438517538063
805 -8.583734528861131e-06 -0.0038984864199113384
807 3.7107766010842426e-05 -0.003928680674004436
809 -1.633711530752326e-06 -0.00391540968137955
811 3.341483572068755e-05 -0.003952652886116972
813 -1.1431634802523599e-05 -0.003909296605351104
815 -1.7505012808338753e-05 -0.003917633043397117
817 7.479192142939245e-06 -0.003848036083347175
819 -1.7630883520069157e-05 -0.003853462349914859
821 -1.0593496747605857e-05 -0.00383993773242987
823 1.812447522344502e-05 -0.003898648587239379
825 7.946410410344e-06 -0.003830067854564113
827 3.0499755155046456e-05 -0.003906614556069668
829 1.3246752767882918e-05 -0.003827024582904888
831 3.9355667907349326e-05 -0.0038199179464722564
833 1.4385415015523844e-06 -0.0038400725585124836
835 -1.8873442471110648e-05 -0.003855476387094829
837 -2.1794127498144927e-05 -0.0038290280288786603
839 -4.400668322052658e-05 -0.003772385214014591
841 -3.957750687512704e-06 -0.003761412540208335
843 -2.0959060756189353e-05 -0.0037841367684935227
845 -5.564868284545308e-05 -0.0037175982120323785
847 -3.784344822840424e-05 -0.003754549723193909
849 1.0189348896789377e-05 -0.0037893640060004284
851 -1.4468185813837029e-05 -0.003720288137861409
853 -1.865399580790061e-05 -0.0037319404578527293
855 -2.5381862896890842e-05 -0.0036816969114190153
857 3.809873771884882e-05 -0.0037383760002207794
859 2.961427101883369e-05 -0.003759010035582779
861 1.0305430291207759e-05 -0.0037019296838294844
863 1.0512871126661417e-06 -0.00364447355216532
865 1.6276736508434083e-05 -0.0037357078523420403
867 -9.17023174217659e-06 -0.003719827987959322
869 1.4337366055653673e-05 -0.003744225392209578
871 -3.8208268812843754e-05 -0.0036599044627435217
873 -2.599452020471984e-05 -0.0037091566175354545
875 -2.8901817247422262e-05 -0.0037339132531180545
877 -2.407591395624651e-05 -0.003647037488694601
879 -2.5966352318443908e-05 -0.003657403143215749
881 1.5004978543224244e-05 -0.0036474059807420586
883 8.993323114364317e-06 -0.0036182648352871202
885 3.4613342398374006e-05 -0.0035918590310854725
887 2.7515033357467572e-05 -0.003623628708936907
889 -1.760386647358082e-06 -0.0036023660305512517
891 3.285573790375229e-07 -0.0035713786470668698
893 7.273359911424587e-06 -0.003576531086744662
895 2.585622744235165e-05 -0.0035769269250411277
897 -6.560042768728803e-05 -0.003558081376631042
899 1.688183902854183e-05 -0.003551219236290633
901 9.188493602924194e-06 -0.003521871474486397
903 -5.561571075944141e-05 -0.003519180644719111
905 -2.041120561227981e-05 -0.003532661174301162
907 -3.082568279574445e-05 -0.0035119129573419994
909 2.9602233350967908e-05 -0.0035125062664168732
911 -1.2837359354465483e-05 -0.003505230890729476
913 5.005874771321197e-06 -0.0035055340729610866
915 4.2634215861450776e-05 -0.003511024154679358
917 4.588677560898658e-05 -0.003432486055197543
919 -3.9715485706922925e-05 -0.003481931253960447
921 8.086052635361642e-06 -0.003472233147733557
923 1.6948523014714434e-05 -0.003461232807749639
925 -1.8046285623848107e-05 -0.0034624891338797524
927 -2.6069852376909537e-05 -0.003433440434828753
929 -1.1611039012560246e-05 -0.003433395422230274
931 -9.858184964092766e-06 -0.0034165948139295334
933 -9.225125359604859e-06 -0.0034035058298056836
935 5.143667200751397e-05 -0.003435781358981497
937 4.0564704135960856e-05 -0.003448429432333151
939 -1.231468030823859e-05 -0.0034265722676444328
941 -3.0383830590657976e-05 -0.0033827215237791745
943 -2.7088881537709965e-05 -0.0034173509043706673
945 1.892274293948876e-05 -0.003363125606984195
947 9.64735468916986e-06 -0.003393734814639489
949 1.731316198656913e-05 -0.003366023940562443
951 3.2229857695471475e-05 -0.003358821010574987
953 -6.405949902578133e-05 -0.003352244760116211
955 2.803443960966586e-05 -0.003332533256582926
957 -2.6559826188979434e-05 -0.0032948431907560776
959 -1.6825945029473712e-06 -0.0033481211073623602
961 -1.9369705546999416e-05 -0.0033500070362061174
963 1.217418269149247e-05 -0.003296142088794908
965 -1.267125367234228e-05 -0.0032549199719195693
967 6.892086370619056e-05 -0.003286340141043539
969 8.858635530886445e-05 -0.0032663302203496548
971 1.3724223575985975e-05 -0.0032776994648891244
973 6.250395633468186e-06 -0.0032803409311703375
975 -3.404060105315807e-05 -0.003288286404894514
977 8.093344130153156e-06 -0.0032388352661442397
979 2.614033419622359e-05 -0.0032445251603646775
981 -1.7086774781484475e-05 -0.003242829954320041
983 -1.0047199329393298e-05 -0.0032030909387741387
985 -2.7828062503791973e-05 -0.00322443311656076
987 -2.485056655376562e-05 -0.0031770238821682835
989 3.275066187781785e-05 -0.0032079787617592275
991 -4.759816673608506e-06 -0.0032077127034278266
993 -6.0593955989529964e-05 -0.003208313548505462
995 9.40750194738063e-06 -0.003221904609005273
997 2.0506159552304403e-05 -0.0031784520082278334
999 -2.1715466229148988e-05 -0.0032112193371015606
1001 1.3146208685201167e-05 -0.003137740945726889
1003 -1.838025936661509e-05 -0.0031889632542072876
1005 -1.7937056791031206e-06 -0.0031694157333832696
1007 1.72255444004501e-05 -0.0031665061763892664
1009 2.2606690316968915e-06 -0.003170499129999987
1011 7.003748050723799e-07 -0.0030968629712132528
1013 3.592241384853361e-05 -0.003121130150768383
1015 1.933623347111211e-06 -0.003192850924139111
1017 1.95028019020536e-05 -0.0031180983703026216
1019 -7.615210967735215e-06 -0.00312298194301694
1021 -1.4581193537080847e-06 -0.0031095327948001445
1023 1.7636319170211075e-05 -0.0030707351923456843
1025 -3.6645238528415145e-05 -0.0031391310971398932
1027 5.0245735422037034e-05 -0.003125588178723787
1029 -1.8563491455113853e-06 -0.0030825358524420674
1031 3.396075774096474e-05 -0.003052791551288208
1033 -4.351046891769135e-05 -0.003064435781563565
1035 1.2522119207039666e-05 -0.003048854314636253
1037 1.4248927204222804e-05 -0.0030624226818962265
1039 -3.340052778534056e-05 -0.003057327246237307
1041 -4.024293379452327e-05 -0.003044761698684832
1043 -2.0398793768942503e-05 -0.0030835065364130288
1045 -2.6195902890419662e-05 -0.003138701262515093
1047 2.1479375250641194e-05 -0.0030861740273734053
1049 -3.9433853004123736e-07 -0.0030048972118197053
1051 -4.4290162250633486e-05 -0.003054394321684085
1053 -2.9378384840940242e-05 -0.0030628853687363704
1055 -1.2687989081847924e-05 -0.003043607579628439
1057 2.511435524729226e-05 -0.003042883491692299
1059 1.4682313954426183e-05 -0.0030261811871063397
1061 1.7588671268536923e-05 -0.0030187229941547517
1063 2.1606547982203748e-05 -0.0030102999800675732
1065 1.396083055908542e-06 -0.002969227411433729
1067 6.057326444563912e-06 -0.0029877830320467515
1069 8.782463418025804e-07 -0.003004131102340945
1071 -2.3257475830348384e-06 -0.0029692920640247843
1073 -1.675066367315774e-05 -0.002912533325758174
1075 2.8467824471220093e-05 -0.002900184289642276
1077 5.6538593848454865e-06 -0.002931196699613053
1079 1.2929142574749893e-06 -0.0029475705473766558
1081 2.2580498708197515e-05 -0.0029552983255892095
1083 3.6159027820870272e-06 -0.0029455022761564987
1085 -4.060447412150311e-05 -0.002966693886219011
1087 -1.7633916510534392e-05 -0.002956364441661306
1089 -5.435394769138228e-05 -0.0029273094635993324
1091 -1.18009087617636e-05 -0.002905124657085942
1093 -6.010387987019935e-06 -0.0028931186266111654
1095 -1.5503683053955767e-05 -0.0029312969997717787
1097 -4.9416927483384625e-06 -0.0028982933489585753
1099 1.27087414606139e-05 -0.002977614295486886
1101 1.33648279373493e-05 -0.002929914697205993
1103 1.8111213990981785e-06 -0.002922819554466587
1105 9.03718129422307e-06 -0.0029227621433148905
1107 -2.2458995175183445e-05 -0.0028704117824369115
1109 -1.2212821185311093e-06 -0.0028886812463153853
1111 3.3326920832943465e-05 -0.002869121176459
1113 -2.059415128826987e-05 -0.0028823364995249315
1115 6.337268389058369e-05 -0.0028155875657885692
1117 4.864734730925239e-06 -0.002807364171241748
1119 5.127460722681825e-05 -0.002836525106804738
1121 2.9153025321465567e-05 -0.00283729409723322
1123 -1.8700125506552613e-05 -0.002807342012720908
1125 -1.2069326337563037e-05 -0.002795833082069183
1127 1.3897409113606415e-05 -0.002824004296425174
1129 3.141072078303031e-05 -0.0028480135136746327
1131 4.1516729040290865e-05 -0.0028249704720017636
1133 -3.4670538994719745e-05 -0.0027912072454242694
1135 -3.739141300381185e-06 -0.0027886875871607777
1137 1.2411862384084225e-05 -0.0027915311908798036
1139 2.0051706974735856e-05 -0.0028066767771510004
1141 5.169000019579429e-05 -0.0027723983770058993
1143 7.0126341565463195e-06 -0.0028239975012985274
1145 -2.6535597663207508e-05 -0.002786520249471978
1147 1.794432999497161e-05 -0.002759285624781489
1149 -8.996371624718242e-06 -0.0028074638548483887
1151 1.800091337555524e-05 -0.002800706099909297
1153 5.925228765606437e-06 -0.002774851834165874
1155 4.022733180488961e-05 -0.0027672842767955345
1157 2.943288294289199e-05 -0.0027658164577181025
1159 4.841534941456481e-05 -0.0027261431420772158
1161 -7.638609508857594e-06 -0.0027132157608045697
1163 -5.193465435006987e-06 -0.0027026694314870327
1165 -1.0134505325257319e-05 -0.002715071065739676
1167 3.1384309531994684e-05 -0.002664885776034411
1169 4.413703987170282e-05 -0.002741085709309684
1171 3.452335632092677e-06 -0.0027665371618381313
1173 1.3444302495484889e-05 -0.0026894891245203213
1175 -2.117882469944423e-05 -0.0026734609268026883
1177 5.133710968796194e-05 -0.0027209507059540996
1179 7.137301954699167e-05 -0.002696451813550394
1181 -3.055818875934885e-05 -0.0026783372798892128
1183 -1.177578462387652e-05 -0.0026695566677061243
1185 2.4212803121663484e-05 -0.002651326199945901
1187 5.477648569174921e-05 -0.002713315855905509
1189 6.509595337014967e-05 -0.0027116015140629776
1191 -1.0187406610215952e-06 -0.00266710144207286
1193 2.1493458892865743e-05 -0.002652686970059107
1195 2.8858897621827284e-06 -0.0026730641267352444
1197 -3.732983051949288e-05 -0.002715450044177118
1199 3.670851854311775e-05 -0.002645413081572507
1201 -2.8396219587390924e-05 -0.002674646520806746
1203 -3.240418746567174e-05 -0.002718637032441091
1205 2.8285298355081984e-05 -0.0026243563841165584
1207 -3.9445146792155606e-05 -0.0027004494621238146
1209 3.587810412710431e-05 -0.0026486843532117156
1211 -1.0333379370753576e-05 -0.0026390847350161568
1213 -1.0002501990066753e-05 -0.002623581006604629
1215 2.2740718146009107e-05 -0.0025788862508007455
1217 1.1715325615340404e-05 -0.0026022802386526105
1219 -1.2387974627486398e-05 -0.0026504369248877007
1221 -2.9759997602994566e-06 -0.0026742943110479958
1223 -1.6133494180682876e-06 -0.0026364780681215846
1225 2.3277721503464003e-05 -0.0026291735144080325
1227 2.1903940098348956e-05 -0.0026536932205940148
1229 -4.149485213837999e-05 -0.002554407477113926
1231 5.8792285213204456e-05 -0.0025610434245262603
1233 1.7735061819128645e-05 -0.0026151494807742605
1235 -1.613318243239703e-05 -0.0026230121687315314
1237 -3.0362394331026554e-05 -0.0025890713046799827
1239 -2.815422447850397e-05 -0.002573079713063689
1241 -6.447441657618419e-05 -0.0026030743914072225
1243 -1.8042667372175942e-05 -0.0025731499786845417
1245 2.8324849330758842e-05 -0.0025195835237152983
1247 -1.0156181990467305e-05 -0.0025711280772620173
1249 1.0372931999971512e-05 -0.0025785790181593426
1251 2.5504384597307274e-05 -0.002577334622701973
1253 2.6100013372017233e-05 -0.0025696110410370018
1255 5.062963703595315e-06 -0.0025351119261526017
1257 -1.815759544982284e-05 -0.0025415786571481567
1259 -2.0043246203632505e-05 -0.002514296793770025
1261 2.1436137820101126e-05 -0.0025247150492955263
1263 -2.5040280992393708e-05 -0.00249352661966655
1265 -3.069854034325981e-05 -0.002453725440654844
1267 1.9520094330379204e-05 -0.0024735416554655465
1269 -2.2378151269671954e-05 -0.0024673176433579243
1271 -2.7353200605788576e-05 -0.0024998676217173775
1273 1.6780066643204896e-06 -0.0025274560097745657
1275 5.766820954481415e-05 -0.0024750838985721337
1277 5.8857025559902775e-06 -0.0025034578431877732
1279 1.653227658678619e-05 -0.0024990959745640148
1281 4.058676992103236e-05 -0.0024860857141617266
1283 4.1006322749034875e-05 -0.0025047973873938423
1285 -1.9039282937743393e-05 -0.0024142049176089433
1287 -2.439726164848652e-06 -0.0024372347408812725
1289 -7.988493905640374e-06 -0.002474827554137484
1291 -4.5810951865258784e-05 -0.002492386875573589
1293 1.078887436946123e-05 -0.002493333254173197
1295 4.3837827079200145e-06 -0.0024525353891714386
1297 1.6138758805247166e-05 -0.0024239326625787308
1299 -4.1450465035024063e-05 -0.002455563835164215
1301 1.5868766889906441e-06 -0.0024620959149249753
1303 -2.099383441597032e-05 -0.0024761362933864886
1305 2.7397090126103014e-05 -0.002465117998542168
1307 5.114554787367461e-06 -0.0025060464904459972
1309 2.8943374424418025e-05 -0.0024719964967699383
1311 -1.9353700626970952e-05 -0.002438580317971353
1313 -2.2991815255599195e-05 -0.0024339590087001034
1315 7.259420364065925e-06 -0.00245587166467117
1317 -1.6686367733116353e-05 -0.0024199304505557484
1319 -3.9212017569576094e-05 -0.002374635932440884
1321 1.1698055313749275e-05 -0.0023581612924234866
1323 1.2235653784235753e-05 -0.002402100691548754
1325 -3.312450228341652e-05 -0.0023769478839594585
1327 3.95223567741412e-05 -0.0023793707044083693
1329 2.27941459641972e-06 -0.002398177978905183
1331 -3.9991185853757965e-05 -0.0024216306406840025
1333 6.750057782784008e-06 -0.0024062820857587643
1335 -2.1724406073469342e-05 -0.002359815889851612
1337 -4.420202034608716e-05 -0.0023486423444931057
1339 -3.2572226229085594e-05 -0.0023802637620670497
1341 -1.0265083003371736e-05 -0.002394376099302895
1343 -4.4528887256336525e-06 -0.0023621741651985136
1345 2.6549060797856983e-05 -0.002382947091146611
1347 3.482379567931615e-05 -0.0023809952338832304
1349 -1.6400329451611827e-06 -0.0023822363520982263
1351 9.226632765600733e-07 -0.0023610949408219076
1353 -1.028160819783824e-06 -0.002352741461502031
1355 -1.4244699605343317e-05 -0.0023900372263054638
1357 -1.78319960244894e-05 -0.002279901941150822
1359 3.642645250055385e-05 -0.0022864199648647437
1361 2.3772634593162705e-05 -0.002372950443952264
1363 -4.098174023683324e-06 -0.0023233657701282827
1365 1.1115172952990604e-05 -0.0023330233535888267
1367 1.051552987248065e-05 -0.0023425204239077334
1369 -1.948795293444318e-05 -0.002352470989661976
1371 -3.2724541344290135e-05 -0.0023232341603315193
1373 -2.132516680455151e-05 -0.0023456534426654096
1375 4.2138599017521934e-05 -0.0023186042331807756
1377 5.385603857663409e-06 -0.0023118242410309626
1379 9.925412963481039e-06 -0.00229175193962673
1381 1.062783774350303e-05 -0.002330605313557334
1383 -1.8664378807851097e-05 -0.0023412882292855844
1385 -1.9200551174961086e-05 -0.0022670428230150896
1387 1.0303271006824222e-05 -0.002222824466127208
1389 1.787777788364586e-05 -0.002267696470385143
1391 8.633419789436363e-06 -0.002297958136328704
1393 4.123282087225657e-05 -0.0022761874179094165
1395 -3.385179350453897e-06 -0.002329503634753487
1397 -2.2781839717731334e-05 -0.002286836605691259
1399 -8.414076718841992e-06 -0.0022844018321658026
1401 -5.275957229558815e-06 -0.0022175923639063387
1403 3.586600039107421e-05 -0.0022663860943599097
1405 2.872675474745922e-05 -0.0022567942308875364
1407 1.667783295753246e-05 -0.0022510809327533606
1409 -1.307212337423389e-05 -0.0022764201294960553
1411 7.375105970565654e-05 -0.002250791573297796
1413 1.1870835862127183e-05 -0.0022768217419632843
1415 1.81393982293108e-05 -0.0022079651012916397
1417 1.4463052698076412e-05 -0.002241169368142899
1419 -7.923311701552487e-06 -0.0022605220450202814
1421 1.3537708230239057e-05 -0.0022353827094032347
1423 -9.773230983737453e-07 -0.002228878125843225
1425 4.704179811622827e-05 -0.0022333551671169394
1427 2.5319004992952374e-05 -0.002240208980874045
1429 1.8875382347489676e-05 -0.0022462912361544134
1431 -2.7999019034844323e-05 -0.0022468289227342095
1433 1.3513378602737148e-05 -0.0022583561599054235
1435 9.758458290031748e-07 -0.0022089484600852217
1437 -1.922845133163124e-05 -0.002212134361429304
1439 -2.0425984333610747e-05 -0.00220213453312276
1441 4.8324995514832746e-05 -0.0022309625809170445
1443 9.40002166100357e-06 -0.0022135390474450176
1445 -1.0210934514100617e-06 -0.0022157023291515454
1447 -1.2670738066770926e-05 -0.0022349263855553293
1449 -2.5885431711499418e-05 -0.0021979575331996528
1451 -5.37506197968667e-05 -0.002227750124233907
1453 1.6664215205434255e-05 -0.002169945721200837
1455 4.841468750652372e-05 -0.0021947394967169877
1457 5.631895107971583e-05 -0.002214371610749797
1459 1.894276680492908e-05 -0.0022662340790913418
1461 2.1219183426884594e-05 -0.002232836171211388
1463 1.913520594231714e-05 -0.0022229170789408986
1465 1.9839512032937626e-05 -0.002193106197993474
1467 -1.5610734513093622e-05 -0.002142377147391084
1469 -3.9107379245616434e-06 -0.002168529600964489
1471 4.154407809611181e-05 -0.00218222948176796
1473 1.788008404577095e-05 -0.0021420100713585768
1475 3.27861818954445e-05 -0.00215240191775212
1477 4.492949289584507e-05 -0.002185308604357269
1479 1.8755126999822746e-05 -0.0021931908642493724
1481 4.458366778588811e-05 -0.0021083242923147054
1483 -2.2259034714842076e-05 -0.0021526036428720944
1485 -1.4489365815493345e-05 -0.002225612449563165
1487 4.465637567960823e-05 -0.002191267704695574
1489 -1.0251572630706496e-05 -0.0021108397780110403
1491 -1.2122153833945897e-05 -0.0021491474774642644
1493 1.3341732626826247e-05 -0.0021548037396980375
1495 -3.842953929268764e-05 -0.0021290346923731112
1497 4.2148965357143545e-05 -0.002072300353716758
1499 5.536196198427167e-07 -0.002151466081007177
1501 2.655473896177493e-05 -0.002126616905026068
1503 2.297368245691369e-06 -0.0021666828759939263
1505 4.262091796029637e-05 -0.002150755836657889
1507 -2.2390093143938452e-05 -0.002121793926293062
1509 -2.5247719921314793e-05 -0.0020929920844229275
1511 -8.586019679123317e-06 -0.002137614567881611
1513 2.0365712926793205e-05 -0.0020771533433775234
1515 3.926104118721574e-05 -0.00205644844294653
1517 4.090953681788761e-05 -0.002032261736569158
1519 3.8343888766172625e-06 -0.0020631975339111285
1521 -1.3464230518578213e-05 -0.00211528529903195
1523 2.0387760606523328e-05 -0.0020878076458147616
1525 1.2597778735534019e-05 -0.0020706903134254592
1527 5.175289977159378e-05 -0.0020541487980119877
1529 -1.7729740448578203e-05 -0.0020648033994733446
1531 -3.4859695522418853e-06 -0.002098177109242302
1533 -1.041293187405175e-05 -0.002084887308518032
1535 2.2140393713230578e-05 -0.002035553808657914
1537 3.081316606337069e-05 -0.002063878005453421
1539 3.8035695668478435e-05 -0.0020835964088780864
1541 -6.535978195353946e-06 -0.0020681664497677675
1543 -3.1329181400009684e-06 -0.0020462263766133225
1545 -4.474649179729768e-05 -0.002042520575779517
1547 -3.7157793367121385e-05 -0.0021059003981119388
1549 7.900653623673092e-07 -0.0020638262777706233
1551 -1.5894817988407058e-05 -0.0020547360265974848
1553 2.9814083581071225e-06 -0.002080355554747183
1555 -7.911490763372707e-06 -0.0020465135450405177
1557 -3.206779152789628e-06 -0.0020568622715160354
1559 5.619395736549388e-05 -0.0020606523134511787
1561 2.274780685185056e-05 -0.002109769769045819
1563 2.8460620686375996e-05 -0.0020352611149542592
1565 1.037902388841915e-05 -0.0020477994599107955
1567 -2.4395371431311007e-05 -0.002036410961563314
1569 -4.247438572979248e-06 -0.002037474359393161
1571 -7.6123775596673465e-06 -0.002035351067015921
1573 2.8488868960115278e-05 -0.002019833228551487
1575 9.355368755688165e-06 -0.0020045809440005485
1577 -3.107164537469402e-05 -0.00207908169651386
1579 7.427915603144396e-05 -0.002006331943744098
1581 -1.1684343604285773e-06 -0.0020259818313874563
1583 -4.54695912282574e-05 -0.0019968393890500164
1585 -2.560574106314516e-05 -0.002044484989819253
1587 -3.0744693057031905e-05 -0.002033068619070623
1589 6.702071554649929e-07 -0.0019991834869510566
1591 1.4999204511616294e-05 -0.001995891490794861
1593 1.9654476019684694e-05 -0.0019453650423988042
1595 3.0693029934681665e-05 -0.001954825093660941
1597 -7.486102657970216e-06 -0.002036675492004448
1599 8.745643389577892e-06 -0.0020176375524422006
1601 7.733917908035886e-05 -0.0019474346726010882
1603 1.0066949975731376e-06 -0.0020073273758795056
1605 6.773301217784814e-05 -0.002010291162086883
1607 3.6857660958810056e-06 -0.0019640420210185797
1609 5.166518574951163e-06 -0.001954698466196522
1611 5.425513490013374e-06 -0.002010697384567083
1613 -3.7795338441999594e-06 -0.0019856089789581054
1615 2.90155398383466e-05 -0.0019086209346976496
1617 -4.143378109375952e-05 -0.001927704205514116
1619 -4.990715024000835e-07 -0.002022124451401669
1621 1.190294919058975e-05 -0.0019645549403710036
1623 -9.885859579295149e-06 -0.0019642801112398885
1625 -4.009347323909545e-05 -0.0019882700995052633
1627 8.897320864851439e-06 -0.002000817953900988
1629 -6.834340185625138e-06 -0.0019393397910451038
1631 1.0578954405236526e-05 -0.001977260042248293
1633 -1.1121337918871495e-05 -0.0019552557147071875
1635 -1.4307777250737911e-05 -0.0019571818874552635
1637 -2.1264539209757375e-06 -0.00196196846525104
1639 0.0 -0.0019420981463318526
1641 0.0 -0.0019397311772321186
1643 0.0 -0.001937369970686492
1645 0.0 -0.0019350145056765391
1647 0.0 -0.001932664761285918
1649 0.0 -0.0019303207166997617
1651 0.0 -0.0019279823512040625
1653 0.0 -0.001925649644185062
1655 0.0 -0.0019233225751286447
1657 0.0 -0.0019210011236197387
1659 0.0 -0.001918685269341716
1661 0.0 -0.0019163749920758017
1663 0.0 -0.0019140702717004852
1665 0.0 -0.001911771088190935
1667 0.0 -0.0019094774216184207
1669 0.0 -0.0019071892521497344
1671 0.0 -0.0019049065600466228
1673 0.0 -0.0019026293256652162
1675 0.0 -0.0019003575294554665
1677 0.0 -0.0018980911519605882
1679 0.0 -0.0018958301738165018
1681 0.0 -0.001893574575751283
1683 0.0 -0.001891324338584615
1685 0.0 -0.0018890794432272445
1687 0.0 -0.0018868398706804429
1689 0.0 -0.0018846056020354691
1691 0.0 -0.0018823766184730378
1693 0.0 -0.001880152901262792
1695 0.0 -0.001877934431762777
1697 0.0 -0.0018757211914189197
1699 0.0 -0.0018735131617645124
1701 0.0 -0.0018713103244196983
1703 0.0 -0.0018691126610909613
1705 0.0 -0.0018669201535706195
1707 0.0 -0.001864732783736325
1709 0.0 -0.0018625505335505598
1711 0.0 -0.0018603733850601444
1713 0.0 -0.0018582013203957421
1715 0.0 -0.001856034321771374
1717 0.0 -0.0018538723714839295
1719 0.0 -0.0018517154519126857
1721 0.0 -0.0018495635455188302
1723 0.0 -0.0018474166348449838
1725 0.0 -0.001845274702514729
1727 0.0 -0.0018431377312321405
1729 0.0 -0.0018410057037813227
1731 0.0 -0.001838878603025943
1733 0.0 -0.001836756411908775
1735 0.0 -0.001834639113451243
1737 0.0 -0.0018325266907529688
1739 0.0 -0.001830419126991321
1741 0.0 -0.0018283164054209687
1743 0.0 -0.0018262185093734405
1745 0.0 -0.0018241254222566802
1747 0.0 -0.001822037127554612
1749 0.0 -0.0018199536088267046
1751 0.0 -0.0018178748497075423
1753 0.0 -0.001815800833906393
1755 0.0 -0.0018137315452067845
1757 0.0 -0.0018116669674660825
1759 0.0 -0.0018096070846150695
1761 0.0 -0.0018075518806575281
1763 0.0 -0.001805501339669828
1765 0.0 -0.0018034554458005137
1767 0.0 -0.0018014141832698965
1769 0.0 -0.001799377536369648
1771 0.0 -0.0017973454894623978
1773 0.0 -0.0017953180269813349
1775 0.0 -0.0017932951334298068
1777 0.0 -0.0017912767933809268
1779 0.0 -0.0017892629914771818
1781 0.0 -0.001787253712430043
1783 0.0 -0.0017852489410195775
1785 0.0 -0.0017832486620940652
1787 0.0 -0.0017812528605696176
1789 0.0 -0.001779261521429797
1791 0.0 -0.001777274629725241
1793 0.0 -0.001775292170573289
1795 0.0 -0.0017733141291576084
1797 0.0 -0.001771340490727828
1799 0.0 -0.0017693712405991702
1801 0.0 -0.0017674063641520859
1803 0.0 -0.0017654458468318952
1805 0.0 -0.001763489674148425
1807 0.0 -0.001761537831675654
1809 0.0 -0.001759590305051358
1811 0.0 -0.001757647079976757
1813 0.0 -0.001755708142216165
1815 0.0 -0.0017537734775966427
1817 0.0 -0.0017518430720076536
1819 0.0 -0.0017499169114007184
1821 0.0 -0.0017479949817890757
1823 0.0 -0.0017460772692473431
1825 0.0 -0.0017441637599111817
1827 0.0 -0.0017422544399769604
1829 0.0 -0.0017403492957014253
1831 0.0 -0.0017384483134013692
1833 0.0 -0.0017365514794533046
1835 0.0 -0.0017346587802931374
1837 0.0 -0.0017327702024158447
1839 0.0 -0.0017308857323751533
1841 0.0 -0.0017290053567832195
1843 0.0 -0.0017271290623103131
1845 0.0 -0.0017252568356845024
1847 0.0 -0.001723388663691341
1849 0.0 -0.001721524533173557
1851 0.0 -0.0017196644310307437
1853 0.0 -0.0017178083442190538
1855 0.0 -0.0017159562597508931
1857 0.0 -0.0017141081646946186
1859 0.0 -0.001712264046174237
1861 0.0 -0.0017104238913691061
1863 0.0 -0.0017085876875136375
1865 0.0 -0.001706755421897001
1867 0.0 -0.0017049270818628318
1869 0.0 -0.001703102654808939
1871 0.0 -0.0017012821281870163
1873 0.0 -0.0016994654895023528
1875 0.0 -0.0016976527263135503
1877 0.0 -0.001695843826232236
1879 0.0 -0.001694038776922782
1881 0.0 -0.0016922375661020238
1883 0.0 -0.001690440181538984
1885 0.0 -0.0016886466110545926
1887 0.0 -0.0016868568425214133
1889 0.0 -0.0016850708638633703
1891 0.0 -0.0016832886630554769
1893 0.0 -0.001681510228123564
1895 0.0 -0.001679735547144014
1897 0.0 -0.0016779646082434932
1899 0.0 -0.001676197399598687
1901 0.0 -0.0016744339094360372
1903 0.0 -0.0016726741260314803
1905 0.0 -0.0016709180377101874
1907 0.0 -0.0016691656328463068
1909 0.0 -0.0016674168998627068
1911 0.0 -0.0016656718272307204
1913 0.0 -0.0016639304034698939
1915 0.0 -0.0016621926171477323
1917 0.0 -0.0016604584568794506
1919 0.0 -0.0016587279113277262
1921 0.0 -0.0016570009692024503
1923 0.0 -0.001655277619260482
1925 0.0 -0.001653557850305406
1927 0.0 -0.0016518416511872895
1929 0.0 -0.00165012901080244
1931 0.0 -0.0016484199180931674
1933 0.0 -0.001646714362047546
1935 0.0 -0.0016450123316991765
1937 0.0 -0.0016433138161269525
1939 0.0 -0.0016416188044548255
1941 0.0 -0.001639927285851575
1943 0.0 -0.001638239249530575
1945 0.0 -0.0016365546847495666
1947 0.0 -0.0016348735808104297
1949 0.0 -0.0016331959270589568
1951 0.0 -0.001631521712884627
1953 0.0 -0.0016298509277203822
1955 0.0 -0.0016281835610424075
1957 0.0 -0.0016265196023699064
1959 0.0 -0.0016248590412648836
1961 0.0 -0.0016232018673319258
1963 0.0 -0.0016215480702179862
1965 0.0 -0.0016198976396121663
1967 0.0 -0.0016182505652455044
1969 0.0 -0.00161660683689076
1971 0.0 -0.0016149664443622052
1973 0.0 -0.0016133293775154114
1975 0.0 -0.0016116956262470414
1977 0.0 -0.001610065180494642
1979 0.0 -0.0016084380302364362
1981 0.0 -0.0016068141654911193
1983 0.0 -0.0016051935763176535
1985 0.0 -0.0016035762528150664
1987 0.0 -0.0016019621851222482
1989 0.0 -0.0016003513634177513
1991 0.0 -0.0015987437779195915
1993 0.0 -0.001597139418885051
1995 0.0 -0.0015955382766104796
1997 0.0 -0.0015939403414310998
1999 0.0 -0.0015923456037208138
2001 0.0 -0.0015907540538920074
2003 0.0 -0.0015891656823953605
2005 0.0 -0.001587580479719654
2007 0.0 -0.0015859984363915827
2009 0.0 -0.0015844195429755633
2011 0.0 -0.001582843790073549
2013 0.0 -0.0015812711683248419
2015 0.0 -0.0015797016684059092
2017 0.0 -0.001578135281030197
2019 0.0 -0.001576571996947948
2021 0.0 -0.0015750118069460203
2023 0.0 -0.001573454701847705
2025 0.0 -0.0015719006725125467
2027 0.0 -0.001570349709836165
2029 0.0 -0.0015688018047500772
2031 0.0 -0.00156725694822152
2033 0.0 -0.0015657151312532746
2035 0.0 -0.0015641763448834922
2037 0.0 -0.0015626405801855213
2039 0.0 -0.0015611078282677326
2041 0.0 -0.0015595780802733494
2043 0.0 -0.0015580513273802774
2045 0.0 -0.0015565275608009324
2047 0.0 -0.0015550067717820747
2049 0.0 -0.0015534889516046397
