-2049 0.0 0.0031069479111636156
-2047 0.0 0.0031099834635313073
-2045 0.0 0.0031130249532225207
-2043 0.0 0.0031160723976881854
-2041 0.0 0.0031191258144360745
-2039 0.0 0.003122185221059226
-2037 0.0 0.003125250635150678
-2035 0.0 0.0031283220744455775
-2033 0.0 0.003131399556764336
-2031 0.0 0.0031344830998989437
-2029 0.0 0.0031375727217834992
-2027 0.0 0.0031406684404373664
-2025 0.0 0.0031437702739083306
-2023 0.0 0.0031468782403578643
-2021 0.0 0.003149992357919018
-2019 0.0 0.003153112644980638
-2017 0.0 0.0031562391197894613
-2015 0.0 0.0031593718008195992
-2013 0.0 0.0031625107065735847
-2011 0.0 0.003165655855610794
-2009 0.0 0.0031688072665474465
-2007 0.0 0.0031719649581702924
-2005 0.0 0.00317512894923766
-2003 0.0 0.0031782992585931424
-2001 0.0 0.0031814759052224417
-1999 0.0 0.0031846589081396814
-1997 0.0 0.0031878482864158286
-1995 0.0 0.003191044059235537
-1993 0.0 0.003194246245868726
-1991 0.0 0.003197454865613736
-1989 0.0 0.003200669937911016
-1987 0.0 0.0032038914822010156
-1985 0.0 0.0032071195180947143
-1983 0.0 0.00321035406517467
-1981 0.0 0.003213595143222392
-1979 0.0 0.0032168427719909687
-1977 0.0 0.0032200969713755967
-1975 0.0 0.0032233577613567377
-1973 0.0 0.003226625161943275
-1971 0.0 0.003229899193257779
-1969 0.0 0.003233179875536507
-1967 0.0 0.0032364672290441376
-1965 0.0 0.0032397612741590365
-1963 0.0 0.0032430620313164127
-1961 0.0 0.003246369521093584
-1959 0.0 0.0032496837640678677
-1957 0.0 0.0032530047809302687
-1955 0.0 0.0032563325925423214
-1953 0.0 0.0032596672197087173
-1951 0.0 0.003263008683404678
-1949 0.0 0.00326635700469069
-1947 0.0 0.003269712204684083
-1945 0.0 0.003273074304615875
-1943 0.0 0.0032764433258023473
-1941 0.0 0.0032798192896166256
-1939 0.0 0.0032832022175171005
-1937 0.0 0.003286592131132693
-1935 0.0 0.003289989052063902
-1933 0.0 0.0032933930021386004
-1931 0.0 0.003296804003099396
-1929 0.0 0.003300222076944692
-1927 0.0 0.0033036472457013133
-1925 0.0 0.003307079531424506
-1923 0.0 0.003310518956368469
-1921 0.0 0.003313965542815822
-1919 0.0 0.0033174193131628726
-1917 0.0 0.003320880289862771
-1915 0.0 0.0033243484955391978
-1913 0.0 0.0033278239528442555
-1911 0.0 0.0033313066845153116
-1909 0.0 0.003334796713460264
-1907 0.0 0.003338294062643854
-1905 0.0 0.0033417987550592443
-1903 0.0 0.0033453108139269716
-1901 0.0 0.003348830262439151
-1899 0.0 0.003352357123986849
-1897 0.0 0.003355891421989554
-1895 0.0 0.003359433180008864
-1893 0.0 0.0033629824216632187
-1891 0.0 0.0033665391707131676
-1889 0.0 0.0033701034510045247
-1887 0.0 0.003373675286496791
-1885 0.0 0.0033772547012063114
-1883 0.0 0.0033808417193199602
-1881 0.0 0.003384436365053034
-1879 0.0 0.0033880386627629377
-1877 0.0 0.0033916486369207632
-1875 0.0 0.003395266312111289
-1873 0.0 0.0033988917129761376
-1871 0.0 0.003402524864299039
-1869 0.0 0.0034061657909489895
-1867 0.0 0.0034098145179086714
-1865 0.0 0.003413471070302876
-1863 0.0 0.0034171354733132375
-1861 0.0 0.0034208077522350777
-1859 0.0 0.0034244879325058264
-1857 0.0 0.0034281760396481786
-1855 0.0 0.003431872099326938
-1853 0.0 0.0034355761372069082
-1851 0.0 0.0034392881792655317
-1849 0.0 0.0034430082513949856
-1847 0.0 0.0034467363796863992
-1845 0.0 0.0034504725903730105
-1843 0.0 0.0034542169097449005
-1841 0.0 0.003457969364234259
-1839 0.0 0.003461729980358541
-1837 0.0 0.00346549878477731
-1835 0.0 0.0034692758043206595
-1833 0.0 0.0034730610657902616
-1831 0.0 0.0034768545962720054
-1829 0.0 0.00348065642285178
-1827 0.0 0.003484466572757583
-1825 0.0 0.0034882850733879422
-1823 0.0 0.003492111952226651
-1821 0.0 0.003495947236814345
-1819 0.0 0.003499790954947457
-1817 0.0 0.00350364313445084
-1815 0.0 0.0035075038032914563
-1813 0.0 0.0035113729895783763
-1811 0.0 0.003515250721505936
-1809 0.0 0.0035191370274105793
-1807 0.0 0.003523031935799281
-1805 0.0 0.0035269354752358595
-1803 0.0 0.0035308476744262407
-1801 0.0 0.0035347685622753033
-1799 0.0 0.0035386981677163476
-1797 0.0 0.003542636519853204
-1795 0.0 0.0035465836479033896
-1793 0.0 0.0035505395813117957
-1791 0.0 0.0035545043494948914
-1789 0.0 0.0035584779821249413
-1787 0.0 0.0035624605089310535
-1785 0.0 0.003566451959841288
-1783 0.0 0.00357045236486897
-1781 0.0 0.0035744617541695334
-1779 0.0 0.003578480158068942
-1777 0.0 0.0035825076069784245
-1775 0.0 0.003586544131479741
-1773 0.0 0.003590589762268337
-1771 0.0 0.003594644530238611
-1769 0.0 0.0035987084663418045
-1767 0.0 0.0036027816016996894
-1765 0.0 0.0036068639676045677
-1763 0.0 0.0036109555954624284
-1761 0.0 0.0036150565168497906
-1759 0.0 0.0036191667634284386
-1757 0.0 0.0036232863670591087
-1755 0.0 0.0036274153597446457
-1753 0.0 0.0036315537736015813
-1751 0.0 0.0036357016408885556
-1749 0.0 0.0036398589940915826
-1747 0.0 0.003644025865725098
-1745 0.0 0.0036482022885593324
-1743 0.0 0.003652388295449782
-1741 0.0 0.0036565839194508953
-1739 0.0 0.003660789193702385
-1737 0.0 0.0036650041515713383
-1735 0.0 0.003669228826510107
-1733 0.0 0.0036734632522268384
-1731 0.0 0.00367770746242968
-1729 0.0 0.0036819614911109966
-1727 0.0 0.0036862253724052607
-1725 0.0 0.0036904991405606324
-1723 0.0 0.00369478282996738
-1721 0.0 0.0036990764752715677
-1719 0.0 0.0037033801111761022
-1717 0.0 0.0037076937726112646
-1715 0.0 0.003712017494677866
-1713 0.0 0.003716351312561983
-1711 0.0 0.0037206952617054867
-1709 0.0 0.0037250493776355142
-1707 0.0 0.003729413696106576
-1705 0.0 0.003733788253015291
-1703 0.0 0.0037381730844572303
-1701 0.0 0.0037425682266416516
-1699 0.0 0.0037469737159767647
-1697 0.0 0.0037513895890697313
-1695 0.0 0.003755815882669822
-1693 0.0 0.0037602526336968367
-1691 0.0 0.003764699879241107
-1689 0.0 0.003769157656591915
-1687 0.0 0.003773626003209074
-1685 0.0 0.0037781049567229275
-1683 0.0 0.0037825945549627704
-1681 0.0 0.003787094835871585
-1679 0.0 0.0037916058376765704
-1677 0.0 0.0037961275987186127
-1675 0.0 0.003800660157509128
-1673 0.0 0.0038052035528153283
-1671 0.0 0.00380975782348969
-1669 0.0 0.0038143230086689073
-1667 0.0 0.0038188991476317824
-1665 0.0 0.00382348627985607
-1663 0.0 0.0038280844449332108
-1661 0.0 0.0038326936828241287
-1659 0.0 0.003837314033489747
-1657 0.0 0.0038419455371752065
-1655 0.0 0.003846588234381443
-1653 0.0 0.0038512421656378137
-1651 0.0 0.003855907371843159
-1649 0.0 0.003860583893981584
-1647 0.0 0.0038652717732929887
-1645 0.0 0.003869971051187804
-1643 0.0 0.003874681769275412
-1641 0.0 0.0038794039694209914
-1639 0.0 0.0038841376936318284
-1637 0.0 0.003888882984142583
-1635 0.0 0.0038936398834152897
-1633 0.0 0.0038984084340540903
-1631 0.0 0.0039031886789757664
-1629 0.0 0.003907980661210786
-1627 0.0 0.003912784424059623
-1625 0.0 0.003917600011007494
-1623 0.0 0.003922427465766987
-1621 0.0 0.003927266832263854
-1619 0.0 0.003932118154651221
-1617 0.0 0.003936981477266954
-1615 0.0 0.003941856844704716
-1613 0.0 0.003946744301771332
-1611 0.0 0.003951643893472578
-1609 0.0 0.003956555665070027
-1607 0.0 0.003961479662038414
-1605 0.0 0.0039664159300656365
-1603 0.0 0.003971364515095388
-1601 0.0 0.003976325463256103
-1599 0.0 0.003981298820960433
-1597 0.0 0.003986284634834192
-1595 0.0 0.003991282951716357
-1593 0.0 0.003996293818701702
-1591 0.0 0.00400131728309816
-1589 0.0 0.004006353392497886
-1587 0.0 0.004011402194691982
-1585 0.0 0.004016463737727349
-1583 0.0 0.004021538069892472
-1581 0.0 0.0040266252397174185
-1579 0.0 0.0040317252959738425
-1577 0.0 0.004036838287703404
-1575 0.0 0.004041964264175135
-1573 0.0 0.004047103274913866
-1571 0.0 0.004052255369686009
-1569 0.0 0.004057420598542194
-1567 0.0 0.004062599011760426
-1565 0.0 0.004067790659874504
-1563 0.0 0.004072995593702444
-1561 0.0 0.004078213864289637
-1559 0.0 0.004083445522994111
-1557 0.0 0.004088690621358637
-1555 0.0 0.004093949211281256
-1553 0.0 0.00409922134484475
-1551 0.0 0.004104507074458752
-1549 0.0 0.004109806452774478
-1547 0.0 0.0041151195327415735
-1545 0.0 0.004120446367551267
-1543 0.0 0.004125787010693216
-1541 0.0 0.004131141515927084
-1539 0.0 0.00413650993728254
-1537 0.0 0.004141892329101893
-1535 0.0 0.0041472887459690355
-1533 0.0 0.004152699242766289
-1531 0.0 0.004158123874688613
-1529 0.0 0.004163562697200973
-1527 0.0 0.004169015766038342
-1525 0.0 0.004174483137276752
-1523 0.0 0.004179964867233821
-1521 0.0 0.004185461012554015
-1519 0.0 0.004190971630166018
-1517 0.0 0.004196496777325365
-1515 0.0 0.004202036511557594
-1513 0.0 0.004207590890715096
-1511 0.0 0.004213159972934477
-1509 0.0 0.0042187438166791935
-1507 0.0 0.00422434248071113
-1505 0.0 0.004229956024119019
-1503 0.0 0.004235584506304235
-1501 0.0 0.004241227986952367
-1499 0.0 0.004246886526118487
-1497 0.0 0.004252560184127674
-1495 0.0 0.004258249021688698
-1493 0.0 0.004263953099766127
-1491 0.0 0.004269672479694009
-1489 0.0 0.004275407223147454
-1487 0.0 0.004281157392085788
-1485 0.0 0.004286923048852032
-1483 0.0 0.004292704256087632
-1481 0.0 0.004298501076789307
-1479 0.0 0.004304313574309049
-1477 0.0 0.0043101418122972746
-1475 0.0 0.004315985854802307
-1473 0.0 0.004321845766199317
-1471 0.0 0.004327721611176116
-1469 0.0 0.004333613454846841
-1467 0.0 0.004339521362624055
-1465 0.0 0.004345445400289805
-1463 0.0 0.00435138563400983
-1461 0.0 0.004357342130248298
-1459 0.0 0.0043633149559383355
-1457 0.0 0.004369304178283073
-1455 0.0 0.0043753098648835476
-1453 0.0 0.004381332083752909
-1451 0.0 0.004387370903231158
-1449 0.0 0.004393426392056199
-1447 0.0 0.004399498619335418
-1445 0.0 0.004405587654574106
-1443 0.0 0.004411693567647035
-1441 0.0 0.004417816428826882
-1439 0.0 0.004423956308784227
-1437 0.0 0.0044301132785591335
-1435 0.0 0.0044362874096037785
-1433 0.0 0.0044424787737824545
-1431 0.0 0.004448687443328936
-1429 0.0 0.004454913490903323
-1427 0.0 0.004461156989563619
-1425 0.0 0.0044674180127799445
-1423 0.0 0.004473696634462954
-1421 0.0 0.004479992928878573
-1419 0.0 0.0044863069707759
-1417 0.0 0.004492638835287721
-1415 0.0 0.004498988597958942
-1413 0.0 0.004505356334817634
-1411 0.0 0.004511742122275564
-1409 0.0 0.004518146037170823
-1407 0.0 0.004524568156838882
-1405 0.0 0.004531008558998906
-1403 0.0 0.004537467321824806
-1401 0.0 0.0045439445239452425
-1399 0.0 0.00455044024442941
-1397 0.0 0.004556954562829674
-1395 0.0 0.004563487559096302
-1393 0.0 0.004570039313705365
-1391 0.0 0.004576609907545048
-1389 0.0 0.004583199421986706
-1387 0.0 0.004589807938870649
-1385 0.0 0.0045964355405203605
-1383 0.0 0.004603082309714068
-1381 0.0 0.004609748329741592
-1379 0.0 0.0046164336843474985
-1377 0.0 0.004623138457745313
-1375 0.0 0.004629862734702783
-1373 0.0 0.004636606600428195
-1371 0.0 0.004643370140627212
-1369 0.0 0.004650153441545513
-1367 0.0 0.004656956589897732
-1365 0.0 0.0046637796729100955
-1363 0.0 0.004670622778334632
-1361 0.0 0.00467748599443496
-1359 0.0 0.004684369409986289
-1357 0.0 0.004691273114318051
-1355 0.0 0.0046981971972144265
-1353 0.0 0.0047051417490848735
-1351 0.0 0.004712106860793597
-1349 0.0 0.004719092623801657
-1347 0.0 0.004726099130067496
-1345 0.0 0.004733126472132199
-1343 0.0 0.004740174743076864
-1341 0.0 0.004747244036508391
-1339 0.0 0.004754334446658959
-1337 0.0 0.004761446068258124
-1335 0.0 0.0047685789966323
-1333 0.0 0.004775733327690546
-1331 0.0 0.004782909157867721
-1329 0.0 0.004790106584266596
-1327 0.0 0.004797325704501532
-1325 0.0 0.004804566616797956
-1323 0.0 0.004811829419978153
-1321 0.0 0.004819114213461262
-1319 0.0 0.004826421097263278
-1317 0.0 0.004833750172039686
-1315 0.0 0.004841101539000192
-1313 0.0 0.0048484753000224146
-1311 0.0 0.0048558715575808264
-1309 0.0 0.00486329041478939
-1307 0.0 0.004870731975373133
-1305 0.0 0.004878196343710783
-1303 0.0 0.004885683624820558
-1301 0.0 0.004893193924360162
-1299 0.0 0.004900727348640999
-1297 0.0 0.004908284004628172
-1295 0.0 0.004915863999940484
-1293 0.0 0.00492346744289307
-1291 0.0 0.0049310944424263425
-1289 0.0 0.004938745108191256
-1287 0.0 0.0049464195505066755
-1285 0.0 0.0049541178803735875
-1283 0.0 0.004961840209503521
-1281 0.0 0.004969586650290125
-1279 0.0 0.004977357315837594
-1277 0.0 0.00498515231993224
-1275 0.0 0.004992971777141975
-1273 0.0 0.005000815802674197
-1271 0.0 0.005008684512489481
-1269 0.0 0.0050165780233157875
-1267 0.0 0.005024496452577409
-1265 0.0 0.005032439918451814
-1263 0.0 0.005040408539869645
-1261 0.0 0.005048402436486299
-1259 0.0 0.005056421728795613
-1257 0.0 0.0050644665379593334
-1255 0.0 0.005072536985963438
-1253 0.0 0.005080633195589712
-1251 0.0 0.005088755290358904
-1249 0.0 0.005096903394630203
-1247 0.0 0.005105077633515975
-1245 0.0 0.005113278132967025
-1243 0.0 0.005121505019715755
-1241 0.0 0.005129758421333008
-1239 0.0 0.005138038466199646
-1237 0.0 0.005146345283563392
-1235 0.0 0.005154679003439355
-1233 0.0 0.005163039756752141
-1231 0.0 0.005171427675250584
-1229 0.0 0.005179842891521957
-1227 0.0 0.00518828553904882
-1225 0.0 0.005196755752180593
-1223 0.0 0.005205253666133558
-1221 0.0 0.005213779417005071
-1219 0.0 0.005222333141816193
-1217 0.0 0.005230914978454848
-1215 0.0 0.005239525065718453
-1213 0.0 0.005248163543356554
-1211 0.0 0.005256830551999769
-1209 0.0 0.005265526233216633
-1207 0.0 0.005274250729556229
-1205 0.0 0.005283004184434503
-1203 0.0 0.005291786742304794
-1201 0.0 0.005300598548529933
-1199 0.0 0.005309439749467515
-1197 0.0 0.0053183104924130475
-1195 0.0 0.0053272109257136435
-1193 0.0 0.005336141198654332
-1191 0.0 0.005345101461557533
-1189 0.0 0.005354091865712007
-1187 0.0 0.005363112563500749
-1185 0.0 0.005372163708273092
-1183 0.0 0.005381245454415762
-1181 0.0 0.0053903579573955085
-1179 0.0 0.005399501373730686
-1177 0.0 0.005408675860977041
-1175 0.0 0.005417881577756134
-1173 0.0 0.005427118683826393
-1171 0.0 0.005436387339983639
-1169 0.0 0.005445687708132141
-1167 0.0 0.005455019951313034
-1165 0.0 0.005464384233675901
-1163 0.0 0.0054737807204645605
-1161 0.0 0.0054832095781165435
-1159 0.0 0.005492670974192038
-1157 0.0 0.005502165077388099
-1155 0.0 0.005511692057623918
-1153 0.0 0.005521252085927131
-1151 0.0 0.005530845334575929
-1149 0.0 0.0055404719770137945
-1147 0.0 0.0055501321879063426
-1145 0.0 0.005559826143141322
-1143 0.0 0.005569554019828615
-1141 0.0 0.005579315996314449
-1139 0.0 0.005589112252209816
-1137 0.0 0.005598942968404685
-1135 0.0 0.005608808327025372
-1133 0.0 0.005618708511505588
-1131 0.0 0.005628643706586445
-1129 0.0 0.0056386140983022415
-1127 0.0 0.005648619874008887
-1125 0.0 0.005658661222383898
-1123 0.0 0.0056687383334832475
-1121 0.0 0.005678851398670304
-1119 0.0 0.005689000610743733
-1117 0.0 0.0056991861638096
-1115 0.0 0.005709408253409265
-1113 0.0 0.005719667076476753
-1111 0.0 0.005729962831367175
-1109 0.0 0.005740295717885147
-1107 0.0 0.00575066593722795
-1105 0.0 0.005761073692099217
-1103 0.0 0.005771519186652085
-1101 0.0 0.005782002626517624
-1099 0.0 0.00579252421883325
-1097 0.0 0.005803084172256945
-1095 0.0 0.005813682696938827
-1093 0.0 0.00582432000460642
-1091 0.0 0.005834996308507812
-1089 0.0 0.005845711823468491
-1087 0.0 0.005856466765905566
-1085 0.0 0.005867261353799336
-1083 0.0 0.0058780958067785605
-1081 0.0 0.005888970346092037
-1079 0.0 0.005899885194580179
-1077 0.0 0.005910840576817122
-1075 0.0 0.005921836718982831
-1073 0.0 0.005932873848962572
-1071 0.0 0.005943952196346913
-1069 0.0 0.005955071992474359
-1067 0.0 0.005966233470360294
-1065 0.0 0.005977436864796459
-1063 0.0 0.005988682412365165
-1061 0.0 0.005999970351382444
-1059 0.0 0.006011300922025953
-1057 0.0 0.00602267436620707
-1055 0.0 0.006034090927769853
-1053 0.0 0.006045550852348924
-1051 0.0 0.00605705438744053
-1049 0.0 0.006068601782459382
-1047 0.0 0.006080193288738656
-1045 0.0 0.00609182915947315
-1043 0.0 0.006103509649847183
-1041 0.0 0.006115235017020382
-1039 0.0 0.006127005520085049
-1037 0.0 0.00613882142015143
-1035 0.0 0.006150682980361921
-1033 0.0 0.006162590465891071
-1031 0.0 0.0061745441439597926
-1029 0.0 0.006186544283849571
-1027 0.0 0.0061985911570019425
-1025 0.0 0.006210685036904806
-1023 0.0 0.0062228261992203215
-1021 0.0 0.0062350149217706985
-1019 0.0 0.0062472514845381966
-1017 0.0 0.00625953616975039
-1015 0.0 0.006271869261809115
-1013 0.0 0.006284251047375733
-1011 0.0 0.006296681815413763
-1009 0.0 0.00630916185713204
-1007 0.0 0.0063216914660699786
-1005 0.0 0.006334270938111786
-1003 0.0 0.006346900571486458
-1001 0.0 0.006359580666810416
-999 0.0 0.006372311527130137
-997 0.0 0.00638509345786531
-995 0.0 0.006397926766965156
-993 0.0 0.006410811764808955
-991 0.0 0.006423748764277093
-989 0.0 0.006436738080822124
-987 0.0 0.006449780032426133
-985 0.0 0.00646287493962916
-983 0.0 0.006476023125642882
-981 0.0 0.006489224916251146
-979 0.0 0.006502480639923647
-977 0.0 0.0065157906278301425
-975 0.0 0.006529155213854665
-973 0.0 0.00654257473460973
-971 0.0 0.00655604952949318
-969 0.0 0.006569579940688186
-967 0.0 0.006583166313234301
-965 0.0 0.006596808995013248
-963 0.0 0.006610508336805765
-961 0.0 0.006624264692305815
-959 0.0 0.006638078418134796
-957 0.0 0.006651949873955232
-955 0.0 0.006665879422385501
-953 0.0 0.006679867429099318
-951 0.0 0.00669391426285415
-949 0.0 0.006708020295533856
-947 0.0 0.006722185902120259
-945 0.0 0.006736411460806835
-943 0.0 0.006750697352970292
-941 0.0 0.006765043963241624
-939 0.0 0.006779451679534532
-937 0.0 0.006793920893045424
-935 0.0 0.0068084519983528935
-933 0.0 0.006823045393389293
-931 0.0 0.006837701479526004
-929 0.0 0.006852420661573433
-927 0.0 0.006867203347852069
-925 0.0 0.0068820499501924814
-923 0.0 0.006896960884006376
-921 0.0 0.006911936568315014
-919 0.0 0.006926977425791847
-917 0.0 0.006942083882776728
-915 0.0 0.006957256369346965
-913 0.0 0.00697249531935995
-911 0.0 0.006987801170453167
-909 0.0 0.007003174364143661
-907 0.0 0.007018615345813828
-905 0.0 0.007034124564825106
-903 0.0 0.007049702474461128
-901 0.0 0.007065349532084042
-899 0.0 0.007081066199091879
-897 0.0 0.007096852941003817
-895 0.0 0.0071127102275028165
-893 0.0 0.007128638532478249
-891 0.0 0.0071446383340685315
-889 0.0 0.007160710114717972
-887 0.0 0.007176854361233609
-885 0.0 0.007193071564785214
-883 0.0 0.007209362221018978
-881 0.0 0.007225726830085932
-879 0.0 0.0072421658966845825
-877 0.0 0.007258679930089329
-875 0.0 0.007275269444249943
-873 0.0 0.007291934957848412
-871 0.0 0.007308676994284724
-869 0.0 0.007325496081804772
-867 0.0 0.0073423927535145594
-865 0.0 0.007359367547465467
-863 0.0 0.0073764210066684655
-861 0.0 0.007393553679207798
-859 0.0 0.007410766118240986
-857 0.0 0.007428058882112509
-855 0.0 0.007445432534396446
-853 0.0 0.007462887643910676
-851 0.0 0.007480424784858997
-849 0.0 0.007498044536816906
-847 0.0 0.007515747484887925
-845 0.0 0.0075335342196609645
-843 0.0 0.007551405337352435
-841 0.0 0.0075693614398204545
-839 0.0 0.007587403134735382
-837 0.0 0.007605531035466129
-835 0.0 0.007623745761335954
-833 0.0 0.007642047937594043
-831 0.0 0.007660438195500774
-829 0.0 0.00767891717241298
-827 0.0 0.007697485511840796
-825 0.0 0.0077161438635329205
-823 0.0 0.007734892883576094
-821 0.0 0.007753733234423521
-819 0.0 0.007772665584980132
-817 0.0 0.0077916906107731165
-815 0.0 0.007810808993852447
-813 0.0 0.007830021423075095
-811 0.0 0.007849328594033977
-809 0.0 0.00786873120920717
-807 0.0 0.007888229978057382
-805 0.0 0.007907825617067488
-803 0.0 0.00792751884986842
-801 0.0 0.007947310407324437
-799 0.0 0.00796720102759707
-797 0.0 0.007987191456265919
-795 0.0 0.00800728244641391
-793 0.0 0.008027474758712572
-791 0.0 0.008047769161528606
-789 0.0 0.00806816643100916
-787 0.0 0.008088667351188406
-785 0.0 0.008109272714115434
-783 0.0 0.008129983319882683
-781 0.0 0.008150799976810674
-779 0.0 0.008171723501511963
-777 0.0 0.008192754718990614
-775 0.0 0.008213894462777205
-773 0.0 0.008235143575021198
-771 0.0 0.008256502906604624
-769 0.0 0.008277973317269982
-767 0.0 0.008299555675705506
-765 0.0 0.008321250859701479
-763 0.0 0.0083430597562284
-761 0.0 0.008364983261593295
-759 0.0 0.008387022281539203
-757 0.0 0.008409177731373063
-755 0.0 0.008431450536114937
-753 0.0 0.008453841630590375
-751 0.0 0.008476351959586736
-749 0.0 0.008498982477973982
-747 0.0 0.008521734150868099
-745 0.0 0.008544607953702155
-743 0.0 0.008567604872453671
-741 0.0 0.008590725903701468
-739 0.0 0.008613972054838825
-737 0.0 0.008637344344180065
-735 0.0 0.008660843801109763
-733 0.0 0.00868447146624618
-731 0.0 0.008708228391604678
-729 0.0 0.00873211564073273
-727 0.0 0.00875613428887334
-725 0.0 0.008780285423135581
-723 0.0 0.008804570142643797
-721 0.0 0.00882898955871525
-719 0.0 0.00885354479505196
-717 0.0 0.008878236987847288
-715 0.0 0.008903067286034627
-713 0.0 0.0089280368514153
-711 0.0 0.008953146858871719
-709 0.0 0.008978398496530815
-707 0.0 0.009003792965948776
-705 0.0 0.009029331482331315
-703 0.0 0.009055015274689993
-701 0.0 0.00908084558606248
-699 0.0 0.009106823673711517
-697 0.0 0.009132950809309648
-695 0.0 0.009159228279187914
-693 0.0 0.00918565738449928
-691 0.0 0.009212239441446002
-689 0.0 0.009238975781542536
-687 0.0 0.009265867751764745
-685 0.0 0.009292916714827015
-683 0.0 0.009320124049402523
-681 0.0 0.009347491150350606
-679 0.0 0.009375019428951248
-677 0.0 0.009402710313167972
-675 0.0 0.009430565247868117
-673 0.0 0.00945858569508573
-671 0.0 0.009486773134291582
-669 0.0 0.009515129062627636
-667 0.0 0.00954365499518417
-665 0.0 0.009572352465283984
-663 0.0 0.009601223024723993
-661 0.0 0.009630268244087858
-659 0.0 0.009659489713016
-657 0.0 0.009688889040482707
-655 0.0 0.009718467855115875
-653 0.0 0.009748227805488341
-651 0.0 0.009778170560423405
-649 0.0 0.00980829780928616
-647 0.0 0.009838611262345864
-645 0.0 0.009869112651060163
-643 0.0 0.009899803728423251
-641 0.0 0.009930686269292721
-639 0.0 0.009961762070737734
-637 0.0 0.009993032952380076
-635 0.0 0.010024500756770749
-633 0.0 0.010056167349716816
-631 0.0 0.01008803462067931
-629 0.0 0.010120104483135606
-627 0.0 0.010152378874970225
-625 0.0 0.010184859758837206
-623 0.0 0.01021754912262196
-621 0.0 0.010250448979761018
-619 0.0 0.010283561369732297
-617 0.0 0.010316888358417486
-615 0.0 0.010350432038578106
-613 0.0 0.01038419453026762
-611 0.0 0.010418177981271981
-609 0.0 0.010452384567578576
-607 0.0 0.010486816493866513
-605 0.0 0.010521475993904517
-603 0.0 0.01055636533111226
-601 0.0 0.010591486799015115
-599 0.0 0.01062684272174863
-597 0.0 0.010662435454577235
-595 0.0 0.01069826738441293
-593 0.0 0.010734340930348196
-591 0.0 0.010770658544217326
-589 0.0 0.010807222711115116
-587 0.0 0.01084403595000083
-585 0.0 0.01088110081425242
-583 0.0 0.010918419892270492
-581 0.0 0.010955995808075158
-579 0.0 0.01099383122191
-577 0.0 0.011031928830895765
-575 0.0 0.011070291369641438
-573 0.0 0.011108921610926359
-571 0.0 0.01114782236633971
-569 0.0 0.011186996486983958
-567 0.0 0.01122644686417118
-565 0.0 0.01126617643010519
-563 0.0 0.011306188158641817
-561 0.0 0.011346485066027867
-559 0.0 0.011387070211640093
-557 0.0 0.011427946698752578
-555 0.0 0.011469117675353857
-553 0.0 0.011510586334964046
-551 0.0 0.011552355917402224
-549 0.0 0.011594429709688825
-547 0.0 0.011636811046884077
-545 0.0 0.011679503312969075
-543 0.0 0.011722509941726855
-541 0.0 0.011765834417722942
-539 0.0 0.011809480277172213
-537 0.0 0.01185345110894076
-535 0.0 0.011897750555533548
-533 0.0 0.011942382314074962
-531 0.0 0.011987350137367514
-529 0.0 0.012032657834907923
-527 0.0 0.012078309273981347
-525 0.0 0.012124308380776938
-523 0.0 0.012170659141482076
-521 0.0 0.01221736560344766
-519 0.0 0.012264431876374715
-517 0.0 0.01231186213349389
-515 0.0 0.012359660612830226
-513 0.0 0.012407831618425291
-511 0.0 0.01245637952168721
-509 0.0 0.01250530876264122
-507 0.0 0.01255462385134365
-505 0.0 0.012604329369210632
-503 0.0 0.012654429970503145
-501 0.0 0.012704930383712565
-499 0.0 0.012755835413088334
-497 0.0 0.012807149940151419
-495 0.0 0.012858878925250394
-493 0.0 0.012911027409145959
-491 0.0 0.012963600514687812
-489 0.0 0.013016603448434694
-487 0.0 0.013070041502423635
-485 0.0 0.013123920055903682
-483 0.0 0.013178244577126463
-481 0.0 0.013233020625250447
-479 0.0 0.013288253852159926
-477 0.0 0.013343950004468752
-475 0.0 0.013400114925481432
-473 0.0 0.013456754557246597
-471 0.0 0.013513874942653104
-469 0.0 0.013571482227554554
-467 0.0 0.013629582663007511
-465 0.0 0.013688182607502597
-463 0.0 0.013747288529309287
-461 0.0 0.013806907008820701
-459 0.0 0.013867044741026291
-457 0.0 0.013927708537984529
-455 0.0 0.013988905331430601
-453 0.0 0.014050642175384098
-451 0.0 0.014112926248856184
-449 0.0 0.014175764858670448
-447 0.0 0.014239165442255342
-445 0.0 0.014303135570642667
-443 0.0 0.014367682951430538
-441 0.0 0.014432815431895563
-439 0.0 0.014498541002168963
-437 0.0 0.014564867798490866
-435 0.0 0.014631804106599589
-433 0.0 0.014699358365128035
-431 0.0 0.014767539169184829
-429 0.0 0.014836355273992297
-427 0.0 0.014905815598623917
-425 0.0 0.01497592922983415
-423 0.0 0.015046705426058793
-421 0.0 0.015118153621457964
-419 0.0 0.015190283430129625
-417 0.0 0.015263104650372838
-415 0.0 0.015336627269185499
-413 0.0 0.01541086146674786
-411 0.0 0.01548581762120449
-409 0.0 0.015561506313417794
-407 0.0 0.015637938331991563
-405 0.0 0.01571512467837266
-403 0.0 0.015793076572133913
-401 0.0 0.01587180545639555
-399 0.0 0.015951323003434936
-397 0.0 0.01603164112042421
-395 0.0 0.01611277195539884
-393 0.0 0.016194727903350525
-391 0.0 0.016277521612547474
-389 0.0 0.016361165991039428
-387 0.0 0.016445674213343864
-385 0.0 0.01653105972736668
-383 0.0 0.016617336261525395
-381 0.0 0.01670451783210325
-379 0.0 0.01679261875082716
-377 0.0 0.01688165363269789
-375 0.0 0.01697163740404406
-373 0.0 0.017062585310888778
-371 0.0 0.017154512927522347
-369 0.0 0.017247436165387597
-367 0.0 0.017341371282267204
-365 0.0 0.017436334891733907
-363 0.0 0.01753234397294534
-361 0.0 0.01762941588075151
-359 0.0 0.017727568356139756
-357 0.0 0.01782681953703147
-355 0.0 0.017927187969437597
-353 0.0 0.01802869261900142
-351 0.0 0.01813135288293566
-349 0.0 0.0182351886023433
-347 0.0 0.018340220075014457
-345 0.0 0.018446468068614053
-343 0.0 0.018553953834356207
-341 0.0 0.018662699121168913
-339 0.0 0.018772726190331213
-337 0.0 0.01888405783065039
-335 0.0 0.01899671737417208
-333 0.0 0.01911072871245878
-331 0.0 0.019226116313468822
-329 0.0 0.019342905239017938
-327 0.0 0.01946112116291232
-325 0.0 0.019580790389731817
-323 0.0 0.01970193987430946
-321 0.0 0.019824597241957065
-319 0.0 0.019948790809419137
-317 0.0 0.020074549606636793
-315 0.0 0.020201903399332366
-313 0.0 0.020330882712467968
-311 0.0 0.02046151885458869
-309 0.0 0.02059384394312147
-307 0.0 0.020727890930654524
-305 0.0 0.020863693632254154
-303 0.0 0.021001286753850934
-301 0.0 0.021140705921755654
-299 0.0 0.02128198771337253
-297 0.0 0.02142516968910968
-295 0.0 0.021570290425646732
-293 0.0 0.021717389550492072
-291 0.0 0.021866507777996702
-289 0.0 0.022017686946878
-287 0.0 0.022170970059246287
-285 0.0 0.022326401321336675
-283 0.0 0.022484026185917827
-281 0.0 0.02264389139650902
-279 0.0 0.022806045033526345
-277 0.0 0.022970536562372246
-275 0.0 0.023137416883649564
-273 0.0 0.023306738385578285
-271 0.0 0.023478554998678902
-269 0.0 0.023652922252949793
-267 0.0 0.023829897337552808
-265 0.0 0.024009539163223792
-263 0.0 0.024191908427496855
-261 0.0 0.024377067682930686
-259 0.0 0.02456508140846836
-257 0.0 0.02475601608413669
-255 0.0 0.024949940269223703
-253 0.0 0.025146924684161576
-251 0.0 0.02534704229629625
-249 0.0 0.02555036840978886
-247 0.0 0.025756980759840786
-245 0.0 0.025966959611551488
-243 0.0 0.02618038786357957
-241 0.0 0.026397351156994375
-239 0.0 0.026617937989527718
-237 0.0 0.02684223983561651
-235 0.0 0.027070351272517
-233 0.0 0.02730237011287784
-231 0.0 0.027538397544205395
-229 0.0 0.027778538275544662
-227 0.0 0.028022900691908603
-225 0.0 0.02827159701689297
-223 0.0 0.02852474348398104
-221 0.0 0.028782460517117414
-219 0.0 0.02904487292108726
-217 0.0 0.029312110082400977
-215 0.0 0.029584306181298814
-213 0.0 0.02986160041563579
-211 0.0 0.03014413723741427
-209 0.0 0.030432066602809726
-207 0.0 0.030725544236627655
-205 0.0 0.03102473191209043
-203 0.0 0.03132979774708744
-201 0.0 0.03164091651798984
-199 0.0 0.03195826999223961
-197 0.0 0.03228204728107009
-195 0.0 0.03261244521377549
-193 0.0 0.03294966873506411
-191 0.0 0.033293931327207815
-189 0.0 0.0336454554587764
-187 0.0 0.03400447306195176
-185 0.0 0.0343712260405411
-183 0.0 0.03474596681104458
-181 0.0 0.03512895887928913
-179 0.0 0.03552047745538722
-177 0.0 0.0359208101100279
-175 0.0 0.036330257475365
-173 0.0 0.03674913399407842
-171 0.0 0.03717776872051637
-169 0.0 0.0376165061781748
-167 0.0 0.03806570727818759
-165 0.0 0.03852575030394512
-163 0.0 0.03899703196747417
-161 0.0 0.039479968543700394
-159 0.0 0.03997499708940744
-157 0.0 0.040482576754349964
-155 0.0 0.04100319019268994
-153 0.0 0.04153734508388318
-151 0.0 0.042085575772965456
-149 0.0 0.042648445041351124
-147 0.0 0.04322654602034426
-145 0.0 0.04382050426099404
-143 0.0 0.0444309799753313
-141 0.0 0.04505867046574963
-139 0.0 0.04570431276118825
-137 0.0 0.04636868648088921
-135 0.0 0.047052616948951353
-133 0.0 0.04775697858559802
-131 0.0 0.0484826986042215
-129 0.0 0.0492307610467666
-127 0.0 0.050002211194060564
-125 0.0 0.05079816039223495
-123 0.0 0.05161979134167183
-121 0.0 0.05246836390085008
-119 0.0 0.05334522146438303
-117 0.0 0.05425179798241331
-115 0.0 0.05518962569766295
-113 0.0 0.056160343686919134
-111 0.0 0.05716570730593418
-109 0.0 0.05820759865080127
-107 0.0 0.05928803816530959
-105 0.0 0.06040919754287444
-103 0.0 0.06157341409399564
-101 0.0 0.06278320677641602
-99 0.0 0.06404129411587078
-97 0.0 0.06535061428159672
-95 0.0 0.06671434762362072
-93 0.0 0.06813594202957596
-91 0.0 0.06961914151920556
-89 0.0 0.07116801856667809
-87 0.0 0.07278701072705474
-85 0.0 0.07448096224670309
-83 0.0 0.07625517146221394
-81 0.0 0.07811544494329592
-79 0.0 0.08006815951839741
-77 0.0 0.08212033354528447
-75 0.0 0.08427970906249627
-73 0.0 0.08655484679410375
-71 0.0 0.0889552363959707
-69 0.0 0.09149142484767658
-67 0.0 0.09417516653773639
-65 0.0 0.09701959939636229
-63 0.0 0.10003945244627577
-61 0.0 0.10325129142960066
-59 0.0 0.10667381080920446
-57 0.0 0.11032818254495158
-55 0.0 0.11423847475553206
-53 0.0 0.11843215689270714
-51 0.0 0.12294071264610729
-49 0.0 0.12780038783194891
-47 0.0 0.1330531085060671
-45 0.0 0.13874761518524537
-43 0.0 0.1449408733431654
-41 0.0 0.1516998396455551
-39 0.0 0.15910368964084265
-37 0.0 0.16724664856102
-35 0.0 0.17624161636673863
-33 0.0 0.18622484660323435
-31 0.0 0.197362033536848
-29 0.0 0.2098562936252506
-27 0.0 0.223958708903083
-25 0.0 0.23998234704999533
-23 0.0 0.25832100041429884
-21 0.0 0.2794742967609576
-19 0.0 0.30408128990306227
-17 0.0 0.3329649911751671
-15 0.0 0.3671901452953985
-13 0.0 0.4081349213826535
-11 0.0 0.4575720780498761
-9 0.0 0.5177431076226136
-7 0.0 0.5913858814550785
-5 0.0 0.6816437726857696
-3 0.0 0.7917638897380803
-1 0.0 0.9245396933456445
1 0.0 -0.9245396933456445
3 0.0 -0.7917638897380803
5 0.0 -0.6816437726857696
7 0.0 -0.5913858814550785
9 0.0 -0.5177431076226136
11 0.0 -0.4575720780498761
13 0.0 -0.4081349213826535
15 0.0 -0.3671901452953985
17 0.0 -0.3329649911751671
19 0.0 -0.30408128990306227
21 0.0 -0.2794742967609576
23 0.0 -0.25832100041429884
25 0.0 -0.23998234704999533
27 0.0 -0.223958708903083
29 0.0 -0.2098562936252506
31 0.0 -0.197362033536848
33 0.0 -0.18622484660323435
35 0.0 -0.17624161636673863
37 0.0 -0.16724664856102
39 0.0 -0.15910368964084265
41 0.0 -0.1516998396455551
43 0.0 -0.1449408733431654
45 0.0 -0.13874761518524537
47 0.0 -0.1330531085060671
49 0.0 -0.12780038783194891
51 0.0 -0.12294071264610729
53 0.0 -0.11843215689270714
55 0.0 -0.11423847475553206
57 0.0 -0.11032818254495158
59 0.0 -0.10667381080920446
61 0.0 -0.10325129142960066
63 0.0 -0.10003945244627577
65 0.0 -0.09701959939636229
67 0.0 -0.09417516653773639
69 0.0 -0.09149142484767658
71 0.0 -0.0889552363959707
73 0.0 -0.08655484679410375
75 0.0 -0.08427970906249627
77 0.0 -0.08212033354528447
79 0.0 -0.08006815951839741
81 0.0 -0.07811544494329592
83 0.0 -0.07625517146221394
85 0.0 -0.07448096224670309
87 0.0 -0.07278701072705474
89 0.0 -0.07116801856667809
91 0.0 -0.06961914151920556
93 0.0 -0.06813594202957596
95 0.0 -0.06671434762362072
97 0.0 -0.06535061428159672
99 0.0 -0.06404129411587078
101 0.0 -0.06278320677641602
103 0.0 -0.06157341409399564
105 0.0 -0.06040919754287444
107 0.0 -0.05928803816530959
109 0.0 -0.05820759865080127
111 0.0 -0.05716570730593418
113 0.0 -0.056160343686919134
115 0.0 -0.05518962569766295
117 0.0 -0.05425179798241331
119 0.0 -0.05334522146438303
121 0.0 -0.05246836390085008
123 0.0 -0.05161979134167183
125 0.0 -0.05079816039223495
127 0.0 -0.050002211194060564
129 0.0 -0.0492307610467666
131 0.0 -0.0484826986042215
133 0.0 -0.04775697858559802
135 0.0 -0.047052616948951353
137 0.0 -0.04636868648088921
139 0.0 -0.04570431276118825
141 0.0 -0.04505867046574963
143 0.0 -0.0444309799753313
145 0.0 -0.04382050426099404
147 0.0 -0.04322654602034426
149 0.0 -0.042648445041351124
151 0.0 -0.042085575772965456
153 0.0 -0.04153734508388318
155 0.0 -0.04100319019268994
157 0.0 -0.040482576754349964
159 0.0 -0.03997499708940744
161 0.0 -0.039479968543700394
163 0.0 -0.03899703196747417
165 0.0 -0.03852575030394512
167 0.0 -0.03806570727818759
169 0.0 -0.0376165061781748
171 0.0 -0.03717776872051637
173 0.0 -0.03674913399407842
175 0.0 -0.036330257475365
177 0.0 -0.0359208101100279
179 0.0 -0.03552047745538722
181 0.0 -0.03512895887928913
183 0.0 -0.03474596681104458
185 0.0 -0.0343712260405411
187 0.0 -0.03400447306195176
189 0.0 -0.0336454554587764
191 0.0 -0.033293931327207815
193 0.0 -0.03294966873506411
195 0.0 -0.03261244521377549
197 0.0 -0.03228204728107009
199 0.0 -0.03195826999223961
201 0.0 -0.03164091651798984
203 0.0 -0.03132979774708744
205 0.0 -0.03102473191209043
207 0.0 -0.030725544236627655
209 0.0 -0.030432066602809726
211 0.0 -0.03014413723741427
213 0.0 -0.02986160041563579
215 0.0 -0.029584306181298814
217 0.0 -0.029312110082400977
219 0.0 -0.02904487292108726
221 0.0 -0.028782460517117414
223 0.0 -0.02852474348398104
225 0.0 -0.02827159701689297
227 0.0 -0.028022900691908603
229 0.0 -0.027778538275544662
231 0.0 -0.027538397544205395
233 0.0 -0.02730237011287784
235 0.0 -0.027070351272517
237 0.0 -0.02684223983561651
239 0.0 -0.026617937989527718
241 0.0 -0.026397351156994375
243 0.0 -0.02618038786357957
245 0.0 -0.025966959611551488
247 0.0 -0.025756980759840786
249 0.0 -0.02555036840978886
251 0.0 -0.02534704229629625
253 0.0 -0.025146924684161576
255 0.0 -0.024949940269223703
257 0.0 -0.02475601608413669
259 0.0 -0.02456508140846836
261 0.0 -0.024377067682930686
263 0.0 -0.024191908427496855
265 0.0 -0.024009539163223792
267 0.0 -0.023829897337552808
269 0.0 -0.023652922252949793
271 0.0 -0.023478554998678902
273 0.0 -0.023306738385578285
275 0.0 -0.023137416883649564
277 0.0 -0.022970536562372246
279 0.0 -0.022806045033526345
281 0.0 -0.02264389139650902
283 0.0 -0.022484026185917827
285 0.0 -0.022326401321336675
287 0.0 -0.022170970059246287
289 0.0 -0.022017686946878
291 0.0 -0.021866507777996702
293 0.0 -0.021717389550492072
295 0.0 -0.021570290425646732
297 0.0 -0.02142516968910968
299 0.0 -0.02128198771337253
301 0.0 -0.021140705921755654
303 0.0 -0.021001286753850934
305 0.0 -0.020863693632254154
307 0.0 -0.020727890930654524
309 0.0 -0.02059384394312147
311 0.0 -0.02046151885458869
313 0.0 -0.020330882712467968
315 0.0 -0.020201903399332366
317 0.0 -0.020074549606636793
319 0.0 -0.019948790809419137
321 0.0 -0.019824597241957065
323 0.0 -0.01970193987430946
325 0.0 -0.019580790389731817
327 0.0 -0.01946112116291232
329 0.0 -0.019342905239017938
331 0.0 -0.019226116313468822
333 0.0 -0.01911072871245878
335 0.0 -0.01899671737417208
337 0.0 -0.01888405783065039
339 0.0 -0.018772726190331213
341 0.0 -0.018662699121168913
343 0.0 -0.018553953834356207
345 0.0 -0.018446468068614053
347 0.0 -0.018340220075014457
349 0.0 -0.0182351886023433
351 0.0 -0.01813135288293566
353 0.0 -0.01802869261900142
355 0.0 -0.017927187969437597
357 0.0 -0.01782681953703147
359 0.0 -0.017727568356139756
361 0.0 -0.01762941588075151
363 0.0 -0.01753234397294534
365 0.0 -0.017436334891733907
367 0.0 -0.017341371282267204
369 0.0 -0.017247436165387597
371 0.0 -0.017154512927522347
373 0.0 -0.017062585310888778
375 0.0 -0.01697163740404406
377 0.0 -0.01688165363269789
379 0.0 -0.01679261875082716
381 0.0 -0.01670451783210325
383 0.0 -0.016617336261525395
385 0.0 -0.01653105972736668
387 0.0 -0.016445674213343864
389 0.0 -0.016361165991039428
391 0.0 -0.016277521612547474
393 0.0 -0.016194727903350525
395 0.0 -0.01611277195539884
397 0.0 -0.01603164112042421
399 0.0 -0.015951323003434936
401 0.0 -0.01587180545639555
403 0.0 -0.015793076572133913
405 0.0 -0.01571512467837266
407 0.0 -0.015637938331991563
409 0.0 -0.015561506313417794
411 0.0 -0.01548581762120449
413 0.0 -0.01541086146674786
415 0.0 -0.015336627269185499
417 0.0 -0.015263104650372838
419 0.0 -0.015190283430129625
421 0.0 -0.015118153621457964
423 0.0 -0.015046705426058793
425 0.0 -0.01497592922983415
427 0.0 -0.014905815598623917
429 0.0 -0.014836355273992297
431 0.0 -0.014767539169184829
433 0.0 -0.014699358365128035
435 0.0 -0.014631804106599589
437 0.0 -0.014564867798490866
439 0.0 -0.014498541002168963
441 0.0 -0.014432815431895563
443 0.0 -0.014367682951430538
445 0.0 -0.014303135570642667
447 0.0 -0.014239165442255342
449 0.0 -0.014175764858670448
451 0.0 -0.014112926248856184
453 0.0 -0.014050642175384098
455 0.0 -0.013988905331430601
457 0.0 -0.013927708537984529
459 0.0 -0.013867044741026291
461 0.0 -0.013806907008820701
463 0.0 -0.013747288529309287
465 0.0 -0.013688182607502597
467 0.0 -0.013629582663007511
469 0.0 -0.013571482227554554
471 0.0 -0.013513874942653104
473 0.0 -0.013456754557246597
475 0.0 -0.013400114925481432
477 0.0 -0.013343950004468752
479 0.0 -0.013288253852159926
481 0.0 -0.013233020625250447
483 0.0 -0.013178244577126463
485 0.0 -0.013123920055903682
487 0.0 -0.013070041502423635
489 0.0 -0.013016603448434694
491 0.0 -0.012963600514687812
493 0.0 -0.012911027409145959
495 0.0 -0.012858878925250394
497 0.0 -0.012807149940151419
499 0.0 -0.012755835413088334
501 0.0 -0.012704930383712565
503 0.0 -0.012654429970503145
505 0.0 -0.012604329369210632
507 0.0 -0.01255462385134365
509 0.0 -0.01250530876264122
511 0.0 -0.01245637952168721
513 0.0 -0.012407831618425291
515 0.0 -0.012359660612830226
517 0.0 -0.01231186213349389
519 0.0 -0.012264431876374715
521 0.0 -0.01221736560344766
523 0.0 -0.012170659141482076
525 0.0 -0.012124308380776938
527 0.0 -0.012078309273981347
529 0.0 -0.012032657834907923
531 0.0 -0.011987350137367514
533 0.0 -0.011942382314074962
535 0.0 -0.011897750555533548
537 0.0 -0.01185345110894076
539 0.0 -0.011809480277172213
541 0.0 -0.011765834417722942
543 0.0 -0.011722509941726855
545 0.0 -0.011679503312969075
547 0.0 -0.011636811046884077
549 0.0 -0.011594429709688825
551 0.0 -0.011552355917402224
553 0.0 -0.011510586334964046
555 0.0 -0.011469117675353857
557 0.0 -0.011427946698752578
559 0.0 -0.011387070211640093
561 0.0 -0.011346485066027867
563 0.0 -0.011306188158641817
565 0.0 -0.01126617643010519
567 0.0 -0.01122644686417118
569 0.0 -0.011186996486983958
571 0.0 -0.01114782236633971
573 0.0 -0.011108921610926359
575 0.0 -0.011070291369641438
577 0.0 -0.011031928830895765
579 0.0 -0.01099383122191
581 0.0 -0.010955995808075158
583 0.0 -0.010918419892270492
585 0.0 -0.01088110081425242
587 0.0 -0.01084403595000083
589 0.0 -0.010807222711115116
591 0.0 -0.010770658544217326
593 0.0 -0.010734340930348196
595 0.0 -0.01069826738441293
597 0.0 -0.010662435454577235
599 0.0 -0.01062684272174863
601 0.0 -0.010591486799015115
603 0.0 -0.01055636533111226
605 0.0 -0.010521475993904517
607 0.0 -0.010486816493866513
609 0.0 -0.010452384567578576
611 0.0 -0.010418177981271981
613 0.0 -0.01038419453026762
615 0.0 -0.010350432038578106
617 0.0 -0.010316888358417486
619 0.0 -0.010283561369732297
621 0.0 -0.010250448979761018
623 0.0 -0.01021754912262196
625 0.0 -0.010184859758837206
627 0.0 -0.010152378874970225
629 0.0 -0.010120104483135606
631 0.0 -0.01008803462067931
633 0.0 -0.010056167349716816
635 0.0 -0.010024500756770749
637 0.0 -0.009993032952380076
639 0.0 -0.009961762070737734
641 0.0 -0.009930686269292721
643 0.0 -0.009899803728423251
645 0.0 -0.009869112651060163
647 0.0 -0.009838611262345864
649 0.0 -0.00980829780928616
651 0.0 -0.009778170560423405
653 0.0 -0.009748227805488341
655 0.0 -0.009718467855115875
657 0.0 -0.009688889040482707
659 0.0 -0.009659489713016
661 0.0 -0.009630268244087858
663 0.0 -0.009601223024723993
665 0.0 -0.009572352465283984
667 0.0 -0.00954365499518417
669 0.0 -0.009515129062627636
671 0.0 -0.009486773134291582
673 0.0 -0.00945858569508573
675 0.0 -0.009430565247868117
677 0.0 -0.009402710313167972
679 0.0 -0.009375019428951248
681 0.0 -0.009347491150350606
683 0.0 -0.009320124049402523
685 0.0 -0.009292916714827015
687 0.0 -0.009265867751764745
689 0.0 -0.009238975781542536
691 0.0 -0.009212239441446002
693 0.0 -0.00918565738449928
695 0.0 -0.009159228279187914
697 0.0 -0.009132950809309648
699 0.0 -0.009106823673711517
701 0.0 -0.00908084558606248
703 0.0 -0.009055015274689993
705 0.0 -0.009029331482331315
707 0.0 -0.009003792965948776
709 0.0 -0.008978398496530815
711 0.0 -0.008953146858871719
713 0.0 -0.0089280368514153
715 0.0 -0.008903067286034627
717 0.0 -0.008878236987847288
719 0.0 -0.00885354479505196
721 0.0 -0.00882898955871525
723 0.0 -0.008804570142643797
725 0.0 -0.008780285423135581
727 0.0 -0.00875613428887334
729 0.0 -0.00873211564073273
731 0.0 -0.008708228391604678
733 0.0 -0.00868447146624618
735 0.0 -0.008660843801109763
737 0.0 -0.008637344344180065
739 0.0 -0.008613972054838825
741 0.0 -0.008590725903701468
743 0.0 -0.008567604872453671
745 0.0 -0.008544607953702155
747 0.0 -0.008521734150868099
749 0.0 -0.008498982477973982
751 0.0 -0.008476351959586736
753 0.0 -0.008453841630590375
755 0.0 -0.008431450536114937
757 0.0 -0.008409177731373063
759 0.0 -0.008387022281539203
761 0.0 -0.008364983261593295
763 0.0 -0.0083430597562284
765 0.0 -0.008321250859701479
767 0.0 -0.008299555675705506
769 0.0 -0.008277973317269982
771 0.0 -0.008256502906604624
773 0.0 -0.008235143575021198
775 0.0 -0.008213894462777205
777 0.0 -0.008192754718990614
779 0.0 -0.008171723501511963
781 0.0 -0.008150799976810674
783 0.0 -0.008129983319882683
785 0.0 -0.008109272714115434
787 0.0 -0.008088667351188406
789 0.0 -0.00806816643100916
791 0.0 -0.008047769161528606
793 0.0 -0.008027474758712572
795 0.0 -0.00800728244641391
797 0.0 -0.007987191456265919
799 0.0 -0.00796720102759707
801 0.0 -0.007947310407324437
803 0.0 -0.00792751884986842
805 0.0 -0.007907825617067488
807 0.0 -0.007888229978057382
809 0.0 -0.00786873120920717
811 0.0 -0.007849328594033977
813 0.0 -0.007830021423075095
815 0.0 -0.007810808993852447
817 0.0 -0.0077916906107731165
819 0.0 -0.007772665584980132
821 0.0 -0.007753733234423521
823 0.0 -0.007734892883576094
825 0.0 -0.0077161438635329205
827 0.0 -0.007697485511840796
829 0.0 -0.00767891717241298
831 0.0 -0.007660438195500774
833 0.0 -0.007642047937594043
835 0.0 -0.007623745761335954
837 0.0 -0.007605531035466129
839 0.0 -0.007587403134735382
841 0.0 -0.0075693614398204545
843 0.0 -0.007551405337352435
845 0.0 -0.0075335342196609645
847 0.0 -0.007515747484887925
849 0.0 -0.007498044536816906
851 0.0 -0.007480424784858997
853 0.0 -0.007462887643910676
855 0.0 -0.007445432534396446
857 0.0 -0.007428058882112509
859 0.0 -0.007410766118240986
861 0.0 -0.007393553679207798
863 0.0 -0.0073764210066684655
865 0.0 -0.007359367547465467
867 0.0 -0.0073423927535145594
869 0.0 -0.007325496081804772
871 0.0 -0.007308676994284724
873 0.0 -0.007291934957848412
875 0.0 -0.007275269444249943
877 0.0 -0.007258679930089329
879 0.0 -0.0072421658966845825
881 0.0 -0.007225726830085932
883 0.0 -0.007209362221018978
885 0.0 -0.007193071564785214
887 0.0 -0.007176854361233609
889 0.0 -0.007160710114717972
891 0.0 -0.0071446383340685315
893 0.0 -0.007128638532478249
895 0.0 -0.0071127102275028165
897 0.0 -0.007096852941003817
899 0.0 -0.007081066199091879
901 0.0 -0.007065349532084042
903 0.0 -0.007049702474461128
905 0.0 -0.007034124564825106
907 0.0 -0.007018615345813828
909 0.0 -0.007003174364143661
911 0.0 -0.006987801170453167
913 0.0 -0.00697249531935995
915 0.0 -0.006957256369346965
917 0.0 -0.006942083882776728
919 0.0 -0.006926977425791847
921 0.0 -0.006911936568315014
923 0.0 -0.006896960884006376
925 0.0 -0.0068820499501924814
927 0.0 -0.006867203347852069
929 0.0 -0.006852420661573433
931 0.0 -0.006837701479526004
933 0.0 -0.006823045393389293
935 0.0 -0.0068084519983528935
937 0.0 -0.006793920893045424
939 0.0 -0.006779451679534532
941 0.0 -0.006765043963241624
943 0.0 -0.006750697352970292
945 0.0 -0.006736411460806835
947 0.0 -0.006722185902120259
949 0.0 -0.006708020295533856
951 0.0 -0.00669391426285415
953 0.0 -0.006679867429099318
955 0.0 -0.006665879422385501
957 0.0 -0.006651949873955232
959 0.0 -0.006638078418134796
961 0.0 -0.006624264692305815
963 0.0 -0.006610508336805765
965 0.0 -0.006596808995013248
967 0.0 -0.006583166313234301
969 0.0 -0.006569579940688186
971 0.0 -0.00655604952949318
973 0.0 -0.00654257473460973
975 0.0 -0.006529155213854665
977 0.0 -0.0065157906278301425
979 0.0 -0.006502480639923647
981 0.0 -0.006489224916251146
983 0.0 -0.006476023125642882
985 0.0 -0.00646287493962916
987 0.0 -0.006449780032426133
989 0.0 -0.006436738080822124
991 0.0 -0.006423748764277093
993 0.0 -0.006410811764808955
995 0.0 -0.006397926766965156
997 0.0 -0.00638509345786531
999 0.0 -0.006372311527130137
1001 0.0 -0.006359580666810416
1003 0.0 -0.006346900571486458
1005 0.0 -0.006334270938111786
1007 0.0 -0.0063216914660699786
1009 0.0 -0.00630916185713204
1011 0.0 -0.006296681815413763
1013 0.0 -0.006284251047375733
1015 0.0 -0.006271869261809115
1017 0.0 -0.00625953616975039
1019 0.0 -0.0062472514845381966
1021 0.0 -0.0062350149217706985
1023 0.0 -0.0062228261992203215
1025 0.0 -0.006210685036904806
1027 0.0 -0.0061985911570019425
1029 0.0 -0.006186544283849571
1031 0.0 -0.0061745441439597926
1033 0.0 -0.006162590465891071
1035 0.0 -0.006150682980361921
1037 0.0 -0.00613882142015143
1039 0.0 -0.006127005520085049
1041 0.0 -0.006115235017020382
1043 0.0 -0.006103509649847183
1045 0.0 -0.00609182915947315
1047 0.0 -0.006080193288738656
1049 0.0 -0.006068601782459382
1051 0.0 -0.00605705438744053
1053 0.0 -0.006045550852348924
1055 0.0 -0.006034090927769853
1057 0.0 -0.00602267436620707
1059 0.0 -0.006011300922025953
1061 0.0 -0.005999970351382444
1063 0.0 -0.005988682412365165
1065 0.0 -0.005977436864796459
1067 0.0 -0.005966233470360294
1069 0.0 -0.005955071992474359
1071 0.0 -0.005943952196346913
1073 0.0 -0.005932873848962572
1075 0.0 -0.005921836718982831
1077 0.0 -0.005910840576817122
1079 0.0 -0.005899885194580179
1081 0.0 -0.005888970346092037
1083 0.0 -0.0058780958067785605
1085 0.0 -0.005867261353799336
1087 0.0 -0.005856466765905566
1089 0.0 -0.005845711823468491
1091 0.0 -0.005834996308507812
1093 0.0 -0.00582432000460642
1095 0.0 -0.005813682696938827
1097 0.0 -0.005803084172256945
1099 0.0 -0.00579252421883325
1101 0.0 -0.005782002626517624
1103 0.0 -0.005771519186652085
1105 0.0 -0.005761073692099217
1107 0.0 -0.00575066593722795
1109 0.0 -0.005740295717885147
1111 0.0 -0.005729962831367175
1113 0.0 -0.005719667076476753
1115 0.0 -0.005709408253409265
1117 0.0 -0.0056991861638096
1119 0.0 -0.005689000610743733
1121 0.0 -0.005678851398670304
1123 0.0 -0.0056687383334832475
1125 0.0 -0.005658661222383898
1127 0.0 -0.005648619874008887
1129 0.0 -0.0056386140983022415
1131 0.0 -0.005628643706586445
1133 0.0 -0.005618708511505588
1135 0.0 -0.005608808327025372
1137 0.0 -0.005598942968404685
1139 0.0 -0.005589112252209816
1141 0.0 -0.005579315996314449
1143 0.0 -0.005569554019828615
1145 0.0 -0.005559826143141322
1147 0.0 -0.0055501321879063426
1149 0.0 -0.0055404719770137945
1151 0.0 -0.005530845334575929
1153 0.0 -0.005521252085927131
1155 0.0 -0.005511692057623918
1157 0.0 -0.005502165077388099
1159 0.0 -0.005492670974192038
1161 0.0 -0.0054832095781165435
1163 0.0 -0.0054737807204645605
1165 0.0 -0.005464384233675901
1167 0.0 -0.005455019951313034
1169 0.0 -0.005445687708132141
1171 0.0 -0.005436387339983639
1173 0.0 -0.005427118683826393
1175 0.0 -0.005417881577756134
1177 0.0 -0.005408675860977041
1179 0.0 -0.005399501373730686
1181 0.0 -0.0053903579573955085
1183 0.0 -0.005381245454415762
1185 0.0 -0.005372163708273092
1187 0.0 -0.005363112563500749
1189 0.0 -0.005354091865712007
1191 0.0 -0.005345101461557533
1193 0.0 -0.005336141198654332
1195 0.0 -0.0053272109257136435
1197 0.0 -0.0053183104924130475
1199 0.0 -0.005309439749467515
1201 0.0 -0.005300598548529933
1203 0.0 -0.005291786742304794
1205 0.0 -0.005283004184434503
1207 0.0 -0.005274250729556229
1209 0.0 -0.005265526233216633
1211 0.0 -0.005256830551999769
1213 0.0 -0.005248163543356554
1215 0.0 -0.005239525065718453
1217 0.0 -0.005230914978454848
1219 0.0 -0.005222333141816193
1221 0.0 -0.005213779417005071
1223 0.0 -0.005205253666133558
1225 0.0 -0.005196755752180593
1227 0.0 -0.00518828553904882
1229 0.0 -0.005179842891521957
1231 0.0 -0.005171427675250584
1233 0.0 -0.005163039756752141
1235 0.0 -0.005154679003439355
1237 0.0 -0.005146345283563392
1239 0.0 -0.005138038466199646
1241 0.0 -0.005129758421333008
1243 0.0 -0.005121505019715755
1245 0.0 -0.005113278132967025
1247 0.0 -0.005105077633515975
1249 0.0 -0.005096903394630203
1251 0.0 -0.005088755290358904
1253 0.0 -0.005080633195589712
1255 0.0 -0.005072536985963438
1257 0.0 -0.0050644665379593334
1259 0.0 -0.005056421728795613
1261 0.0 -0.005048402436486299
1263 0.0 -0.005040408539869645
1265 0.0 -0.005032439918451814
1267 0.0 -0.005024496452577409
1269 0.0 -0.0050165780233157875
1271 0.0 -0.005008684512489481
1273 0.0 -0.005000815802674197
1275 0.0 -0.004992971777141975
1277 0.0 -0.00498515231993224
1279 0.0 -0.004977357315837594
1281 0.0 -0.004969586650290125
1283 0.0 -0.004961840209503521
1285 0.0 -0.0049541178803735875
1287 0.0 -0.0049464195505066755
1289 0.0 -0.004938745108191256
1291 0.0 -0.0049310944424263425
1293 0.0 -0.00492346744289307
1295 0.0 -0.004915863999940484
1297 0.0 -0.004908284004628172
1299 0.0 -0.004900727348640999
1301 0.0 -0.004893193924360162
1303 0.0 -0.004885683624820558
1305 0.0 -0.004878196343710783
1307 0.0 -0.004870731975373133
1309 0.0 -0.00486329041478939
1311 0.0 -0.0048558715575808264
1313 0.0 -0.0048484753000224146
1315 0.0 -0.004841101539000192
1317 0.0 -0.004833750172039686
1319 0.0 -0.004826421097263278
1321 0.0 -0.004819114213461262
1323 0.0 -0.004811829419978153
1325 0.0 -0.004804566616797956
1327 0.0 -0.004797325704501532
1329 0.0 -0.004790106584266596
1331 0.0 -0.004782909157867721
1333 0.0 -0.004775733327690546
1335 0.0 -0.0047685789966323
1337 0.0 -0.004761446068258124
1339 0.0 -0.004754334446658959
1341 0.0 -0.004747244036508391
1343 0.0 -0.004740174743076864
1345 0.0 -0.004733126472132199
1347 0.0 -0.004726099130067496
1349 0.0 -0.004719092623801657
1351 0.0 -0.004712106860793597
1353 0.0 -0.0047051417490848735
1355 0.0 -0.0046981971972144265
1357 0.0 -0.004691273114318051
1359 0.0 -0.004684369409986289
1361 0.0 -0.00467748599443496
1363 0.0 -0.004670622778334632
1365 0.0 -0.0046637796729100955
1367 0.0 -0.004656956589897732
1369 0.0 -0.004650153441545513
1371 0.0 -0.004643370140627212
1373 0.0 -0.004636606600428195
1375 0.0 -0.004629862734702783
1377 0.0 -0.004623138457745313
1379 0.0 -0.0046164336843474985
1381 0.0 -0.004609748329741592
1383 0.0 -0.004603082309714068
1385 0.0 -0.0045964355405203605
1387 0.0 -0.004589807938870649
1389 0.0 -0.004583199421986706
1391 0.0 -0.004576609907545048
1393 0.0 -0.004570039313705365
1395 0.0 -0.004563487559096302
1397 0.0 -0.004556954562829674
1399 0.0 -0.00455044024442941
1401 0.0 -0.0045439445239452425
1403 0.0 -0.004537467321824806
1405 0.0 -0.004531008558998906
1407 0.0 -0.004524568156838882
1409 0.0 -0.004518146037170823
1411 0.0 -0.004511742122275564
1413 0.0 -0.004505356334817634
1415 0.0 -0.004498988597958942
1417 0.0 -0.004492638835287721
1419 0.0 -0.0044863069707759
1421 0.0 -0.004479992928878573
1423 0.0 -0.004473696634462954
1425 0.0 -0.0044674180127799445
1427 0.0 -0.004461156989563619
1429 0.0 -0.004454913490903323
1431 0.0 -0.004448687443328936
1433 0.0 -0.0044424787737824545
1435 0.0 -0.0044362874096037785
1437 0.0 -0.0044301132785591335
1439 0.0 -0.004423956308784227
1441 0.0 -0.004417816428826882
1443 0.0 -0.004411693567647035
1445 0.0 -0.004405587654574106
1447 0.0 -0.004399498619335418
1449 0.0 -0.004393426392056199
1451 0.0 -0.004387370903231158
1453 0.0 -0.004381332083752909
1455 0.0 -0.0043753098648835476
1457 0.0 -0.004369304178283073
1459 0.0 -0.0043633149559383355
1461 0.0 -0.004357342130248298
1463 0.0 -0.00435138563400983
1465 0.0 -0.004345445400289805
1467 0.0 -0.004339521362624055
1469 0.0 -0.004333613454846841
1471 0.0 -0.004327721611176116
1473 0.0 -0.004321845766199317
1475 0.0 -0.004315985854802307
1477 0.0 -0.0043101418122972746
1479 0.0 -0.004304313574309049
1481 0.0 -0.004298501076789307
1483 0.0 -0.004292704256087632
1485 0.0 -0.004286923048852032
1487 0.0 -0.004281157392085788
1489 0.0 -0.004275407223147454
1491 0.0 -0.004269672479694009
1493 0.0 -0.004263953099766127
1495 0.0 -0.004258249021688698
1497 0.0 -0.004252560184127674
1499 0.0 -0.004246886526118487
1501 0.0 -0.004241227986952367
1503 0.0 -0.004235584506304235
1505 0.0 -0.004229956024119019
1507 0.0 -0.00422434248071113
1509 0.0 -0.0042187438166791935
1511 0.0 -0.004213159972934477
1513 0.0 -0.004207590890715096
1515 0.0 -0.004202036511557594
1517 0.0 -0.004196496777325365
1519 0.0 -0.004190971630166018
1521 0.0 -0.004185461012554015
1523 0.0 -0.004179964867233821
1525 0.0 -0.004174483137276752
1527 0.0 -0.004169015766038342
1529 0.0 -0.004163562697200973
1531 0.0 -0.004158123874688613
1533 0.0 -0.004152699242766289
1535 0.0 -0.0041472887459690355
1537 0.0 -0.004141892329101893
1539 0.0 -0.00413650993728254
1541 0.0 -0.004131141515927084
1543 0.0 -0.004125787010693216
1545 0.0 -0.004120446367551267
1547 0.0 -0.0041151195327415735
1549 0.0 -0.004109806452774478
1551 0.0 -0.004104507074458752
1553 0.0 -0.00409922134484475
1555 0.0 -0.004093949211281256
1557 0.0 -0.004088690621358637
1559 0.0 -0.004083445522994111
1561 0.0 -0.004078213864289637
1563 0.0 -0.004072995593702444
1565 0.0 -0.004067790659874504
1567 0.0 -0.004062599011760426
1569 0.0 -0.004057420598542194
1571 0.0 -0.004052255369686009
1573 0.0 -0.004047103274913866
1575 0.0 -0.004041964264175135
1577 0.0 -0.004036838287703404
1579 0.0 -0.0040317252959738425
1581 0.0 -0.0040266252397174185
1583 0.0 -0.004021538069892472
1585 0.0 -0.004016463737727349
1587 0.0 -0.004011402194691982
1589 0.0 -0.004006353392497886
1591 0.0 -0.00400131728309816
1593 0.0 -0.003996293818701702
1595 0.0 -0.003991282951716357
1597 0.0 -0.003986284634834192
1599 0.0 -0.003981298820960433
1601 0.0 -0.003976325463256103
1603 0.0 -0.003971364515095388
1605 0.0 -0.0039664159300656365
1607 0.0 -0.003961479662038414
1609 0.0 -0.003956555665070027
1611 0.0 -0.003951643893472578
1613 0.0 -0.003946744301771332
1615 0.0 -0.003941856844704716
1617 0.0 -0.003936981477266954
1619 0.0 -0.003932118154651221
1621 0.0 -0.003927266832263854
1623 0.0 -0.003922427465766987
1625 0.0 -0.003917600011007494
1627 0.0 -0.003912784424059623
1629 0.0 -0.003907980661210786
1631 0.0 -0.0039031886789757664
1633 0.0 -0.0038984084340540903
1635 0.0 -0.0038936398834152897
1637 0.0 -0.003888882984142583
1639 0.0 -0.0038841376936318284
1641 0.0 -0.0038794039694209914
1643 0.0 -0.003874681769275412
1645 0.0 -0.003869971051187804
1647 0.0 -0.0038652717732929887
1649 0.0 -0.003860583893981584
1651 0.0 -0.003855907371843159
1653 0.0 -0.0038512421656378137
1655 0.0 -0.003846588234381443
1657 0.0 -0.0038419455371752065
1659 0.0 -0.003837314033489747
1661 0.0 -0.0038326936828241287
1663 0.0 -0.0038280844449332108
1665 0.0 -0.00382348627985607
1667 0.0 -0.0038188991476317824
1669 0.0 -0.0038143230086689073
1671 0.0 -0.00380975782348969
1673 0.0 -0.0038052035528153283
1675 0.0 -0.003800660157509128
1677 0.0 -0.0037961275987186127
1679 0.0 -0.0037916058376765704
1681 0.0 -0.003787094835871585
1683 0.0 -0.0037825945549627704
1685 0.0 -0.0037781049567229275
1687 0.0 -0.003773626003209074
1689 0.0 -0.003769157656591915
1691 0.0 -0.003764699879241107
1693 0.0 -0.0037602526336968367
1695 0.0 -0.003755815882669822
1697 0.0 -0.0037513895890697313
1699 0.0 -0.0037469737159767647
1701 0.0 -0.0037425682266416516
1703 0.0 -0.0037381730844572303
1705 0.0 -0.003733788253015291
1707 0.0 -0.003729413696106576
1709 0.0 -0.0037250493776355142
1711 0.0 -0.0037206952617054867
1713 0.0 -0.003716351312561983
1715 0.0 -0.003712017494677866
1717 0.0 -0.0037076937726112646
1719 0.0 -0.0037033801111761022
1721 0.0 -0.0036990764752715677
1723 0.0 -0.00369478282996738
1725 0.0 -0.0036904991405606324
1727 0.0 -0.0036862253724052607
1729 0.0 -0.0036819614911109966
1731 0.0 -0.00367770746242968
1733 0.0 -0.0036734632522268384
1735 0.0 -0.003669228826510107
1737 0.0 -0.0036650041515713383
1739 0.0 -0.003660789193702385
1741 0.0 -0.0036565839194508953
1743 0.0 -0.003652388295449782
1745 0.0 -0.0036482022885593324
1747 0.0 -0.003644025865725098
1749 0.0 -0.0036398589940915826
1751 0.0 -0.0036357016408885556
1753 0.0 -0.0036315537736015813
1755 0.0 -0.0036274153597446457
1757 0.0 -0.0036232863670591087
1759 0.0 -0.0036191667634284386
1761 0.0 -0.0036150565168497906
1763 0.0 -0.0036109555954624284
1765 0.0 -0.0036068639676045677
1767 0.0 -0.0036027816016996894
1769 0.0 -0.0035987084663418045
1771 0.0 -0.003594644530238611
1773 0.0 -0.003590589762268337
1775 0.0 -0.003586544131479741
1777 0.0 -0.0035825076069784245
1779 0.0 -0.003578480158068942
1781 0.0 -0.0035744617541695334
1783 0.0 -0.00357045236486897
1785 0.0 -0.003566451959841288
1787 0.0 -0.0035624605089310535
1789 0.0 -0.0035584779821249413
1791 0.0 -0.0035545043494948914
1793 0.0 -0.0035505395813117957
1795 0.0 -0.0035465836479033896
1797 0.0 -0.003542636519853204
1799 0.0 -0.0035386981677163476
1801 0.0 -0.0035347685622753033
1803 0.0 -0.0035308476744262407
1805 0.0 -0.0035269354752358595
1807 0.0 -0.003523031935799281
1809 0.0 -0.0035191370274105793
1811 0.0 -0.003515250721505936
1813 0.0 -0.0035113729895783763
1815 0.0 -0.0035075038032914563
1817 0.0 -0.00350364313445084
1819 0.0 -0.003499790954947457
1821 0.0 -0.003495947236814345
1823 0.0 -0.003492111952226651
1825 0.0 -0.0034882850733879422
1827 0.0 -0.003484466572757583
1829 0.0 -0.00348065642285178
1831 0.0 -0.0034768545962720054
1833 0.0 -0.0034730610657902616
1835 0.0 -0.0034692758043206595
1837 0.0 -0.00346549878477731
1839 0.0 -0.003461729980358541
1841 0.0 -0.003457969364234259
1843 0.0 -0.0034542169097449005
1845 0.0 -0.0034504725903730105
1847 0.0 -0.0034467363796863992
1849 0.0 -0.0034430082513949856
1851 0.0 -0.0034392881792655317
1853 0.0 -0.0034355761372069082
1855 0.0 -0.003431872099326938
1857 0.0 -0.0034281760396481786
1859 0.0 -0.0034244879325058264
1861 0.0 -0.0034208077522350777
1863 0.0 -0.0034171354733132375
1865 0.0 -0.003413471070302876
1867 0.0 -0.0034098145179086714
1869 0.0 -0.0034061657909489895
1871 0.0 -0.003402524864299039
1873 0.0 -0.0033988917129761376
1875 0.0 -0.003395266312111289
1877 0.0 -0.0033916486369207632
1879 0.0 -0.0033880386627629377
1881 0.0 -0.003384436365053034
1883 0.0 -0.0033808417193199602
1885 0.0 -0.0033772547012063114
1887 0.0 -0.003373675286496791
1889 0.0 -0.0033701034510045247
1891 0.0 -0.0033665391707131676
1893 0.0 -0.0033629824216632187
1895 0.0 -0.003359433180008864
1897 0.0 -0.003355891421989554
1899 0.0 -0.003352357123986849
1901 0.0 -0.003348830262439151
1903 0.0 -0.0033453108139269716
1905 0.0 -0.0033417987550592443
1907 0.0 -0.003338294062643854
1909 0.0 -0.003334796713460264
1911 0.0 -0.0033313066845153116
1913 0.0 -0.0033278239528442555
1915 0.0 -0.0033243484955391978
1917 0.0 -0.003320880289862771
1919 0.0 -0.0033174193131628726
1921 0.0 -0.003313965542815822
1923 0.0 -0.003310518956368469
1925 0.0 -0.003307079531424506
1927 0.0 -0.0033036472457013133
1929 0.0 -0.003300222076944692
1931 0.0 -0.003296804003099396
1933 0.0 -0.0032933930021386004
1935 0.0 -0.003289989052063902
1937 0.0 -0.003286592131132693
1939 0.0 -0.0032832022175171005
1941 0.0 -0.0032798192896166256
1943 0.0 -0.0032764433258023473
1945 0.0 -0.003273074304615875
1947 0.0 -0.003269712204684083
1949 0.0 -0.00326635700469069
1951 0.0 -0.003263008683404678
1953 0.0 -0.0032596672197087173
1955 0.0 -0.0032563325925423214
1957 0.0 -0.0032530047809302687
1959 0.0 -0.0032496837640678677
1961 0.0 -0.003246369521093584
1963 0.0 -0.0032430620313164127
1965 0.0 -0.0032397612741590365
1967 0.0 -0.0032364672290441376
1969 0.0 -0.003233179875536507
1971 0.0 -0.003229899193257779
1973 0.0 -0.003226625161943275
1975 0.0 -0.0032233577613567377
1977 0.0 -0.0032200969713755967
1979 0.0 -0.0032168427719909687
1981 0.0 -0.003213595143222392
1983 0.0 -0.00321035406517467
1985 0.0 -0.0032071195180947143
1987 0.0 -0.0032038914822010156
1989 0.0 -0.003200669937911016
1991 0.0 -0.003197454865613736
1993 0.0 -0.003194246245868726
1995 0.0 -0.003191044059235537
1997 0.0 -0.0031878482864158286
1999 0.0 -0.0031846589081396814
2001 0.0 -0.0031814759052224417
2003 0.0 -0.0031782992585931424
2005 0.0 -0.00317512894923766
2007 0.0 -0.0031719649581702924
2009 0.0 -0.0031688072665474465
2011 0.0 -0.003165655855610794
2013 0.0 -0.0031625107065735847
2015 0.0 -0.0031593718008195992
2017 0.0 -0.0031562391197894613
2019 0.0 -0.003153112644980638
2021 0.0 -0.003149992357919018
2023 0.0 -0.0031468782403578643
2025 0.0 -0.0031437702739083306
2027 0.0 -0.0031406684404373664
2029 0.0 -0.0031375727217834992
2031 0.0 -0.0031344830998989437
2033 0.0 -0.003131399556764336
2035 0.0 -0.0031283220744455775
2037 0.0 -0.003125250635150678
2039 0.0 -0.003122185221059226
2041 0.0 -0.0031191258144360745
2043 0.0 -0.0031160723976881854
2045 0.0 -0.0031130249532225207
2047 0.0 -0.0031099834635313073
2049 0.0 -0.0031069479111636156
