-2049 0.0 0.006213955806418559
-2047 0.0 0.006220027087128299
-2045 0.0 0.00622611024320373
-2043 0.0 0.0062322053095211095
-2041 0.0 0.006238312321093398
-2039 0.0 0.00624443131307093
-2037 0.0 0.006250562320742085
-2035 0.0 0.006256705379533969
-2033 0.0 0.006262860525013098
-2031 0.0 0.00626902779288608
-2029 0.0 0.006275207219000309
-2027 0.0 0.00628139883934466
-2025 0.0 0.006287602690050187
-2023 0.0 0.00629381880739082
-2021 0.0 0.006300047227784081
-2019 0.0 0.006306287987791792
-2017 0.0 0.006312541124120788
-2015 0.0 0.006318806673623637
-2013 0.0 0.0063250846732993676
-2011 0.0 0.006331375160294196
-2009 0.0 0.006337678171902253
-2007 0.0 0.006343993745566331
-2005 0.0 0.006350321918878616
-2003 0.0 0.006356662729581442
-2001 0.0 0.0063630162155680296
-1999 0.0 0.006369382414883255
-1997 0.0 0.006375761365724399
-1995 0.0 0.006382153106441918
-1993 0.0 0.006388557675540204
-1991 0.0 0.006394975111678366
-1989 0.0 0.006401405453671005
-1987 0.0 0.006407848740488993
-1985 0.0 0.006414305011260266
-1983 0.0 0.006420774305270614
-1981 0.0 0.006427256661964477
-1979 0.0 0.006433752120945745
-1977 0.0 0.006440260721978568
-1975 0.0 0.006446782504988166
-1973 0.0 0.006453317510061646
-1971 0.0 0.006459865777448821
-1969 0.0 0.00646642734756304
-1967 0.0 0.0064730022609820175
-1965 0.0 0.006479590558448665
-1963 0.0 0.006486192280871945
-1961 0.0 0.006492807469327703
-1959 0.0 0.0064994361650595345
-1957 0.0 0.006506078409479626
-1955 0.0 0.00651273424416963
-1953 0.0 0.006519403710881529
-1951 0.0 0.006526086851538508
-1949 0.0 0.006532783708235827
-1947 0.0 0.006539494323241719
-1945 0.0 0.006546218738998267
-1943 0.0 0.0065529569981223
-1941 0.0 0.0065597091434063
-1939 0.0 0.006566475217819302
-1937 0.0 0.00657325526450781
-1935 0.0 0.006580049326796706
-1933 0.0 0.006586857448190184
-1931 0.0 0.0065936796723726696
-1929 0.0 0.00660051604320976
-1927 0.0 0.006607366604749158
-1925 0.0 0.006614231401221624
-1923 0.0 0.006621110477041928
-1921 0.0 0.006628003876809801
-1919 0.0 0.006634911645310905
-1917 0.0 0.006641833827517802
-1915 0.0 0.006648770468590929
-1913 0.0 0.0066557216138795755
-1911 0.0 0.006662687308922882
-1909 0.0 0.006669667599450827
-1907 0.0 0.006676662531385227
-1905 0.0 0.0066836721508407495
-1903 0.0 0.006690696504125921
-1901 0.0 0.006697735637744149
-1899 0.0 0.006704789598394748
-1897 0.0 0.006711858432973973
-1895 0.0 0.006718942188576056
-1893 0.0 0.006726040912494256
-1891 0.0 0.0067331546522219074
-1889 0.0 0.006740283455453481
-1887 0.0 0.006747427370085653
-1885 0.0 0.00675458644421837
-1883 0.0 0.006761760726155936
-1881 0.0 0.006768950264408095
-1879 0.0 0.006776155107691128
-1877 0.0 0.006783375304928944
-1875 0.0 0.006790610905254201
-1873 0.0 0.006797861958009411
-1871 0.0 0.006805128512748065
-1869 0.0 0.006812410619235756
-1867 0.0 0.006819708327451327
-1865 0.0 0.006827021687588004
-1863 0.0 0.00683435075005455
-1861 0.0 0.0068416955654764244
-1859 0.0 0.006849056184696948
-1857 0.0 0.0068564326587784745
-1855 0.0 0.0068638250390035726
-1853 0.0 0.006871233376876215
-1851 0.0 0.006878657724122975
-1849 0.0 0.006886098132694228
-1847 0.0 0.006893554654765364
-1845 0.0 0.0069010273427380095
-1843 0.0 0.006908516249241253
-1841 0.0 0.006916021427132878
-1839 0.0 0.006923542929500613
-1837 0.0 0.006931080809663379
-1835 0.0 0.00693863512117255
-1833 0.0 0.006946205917813218
-1831 0.0 0.006953793253605477
-1829 0.0 0.006961397182805701
-1827 0.0 0.006969017759907842
-1825 0.0 0.006976655039644727
-1823 0.0 0.0069843090769893725
-1821 0.0 0.006991979927156303
-1819 0.0 0.0069996676456028735
-1817 0.0 0.0070073722880306145
-1815 0.0 0.007015093910386571
-1813 0.0 0.00702283256886466
-1811 0.0 0.007030588319907028
-1809 0.0 0.007038361220205432
-1807 0.0 0.007046151326702616
-1805 0.0 0.0070539586965937
-1803 0.0 0.007061783387327581
-1801 0.0 0.0070696254566083435
-1799 0.0 0.007077484962396681
-1797 0.0 0.007085361962911312
-1795 0.0 0.007093256516630434
-1793 0.0 0.007101168682293156
-1791 0.0 0.007109098518900964
-1789 0.0 0.007117046085719188
-1787 0.0 0.0071250114422784705
-1785 0.0 0.007132994648376261
-1783 0.0 0.00714099576407831
-1781 0.0 0.007149014849720172
-1779 0.0 0.007157051965908727
-1777 0.0 0.007165107173523707
-1775 0.0 0.007173180533719227
-1773 0.0 0.0071812721079253395
-1771 0.0 0.007189381957849591
-1769 0.0 0.007197510145478592
-1767 0.0 0.007205656733079586
-1765 0.0 0.007213821783202055
-1763 0.0 0.007222005358679312
-1761 0.0 0.007230207522630113
-1759 0.0 0.007238428338460278
-1757 0.0 0.00724666786986433
-1755 0.0 0.007254926180827138
-1753 0.0 0.007263203335625572
-1751 0.0 0.007271499398830169
-1749 0.0 0.007279814435306818
-1747 0.0 0.007288148510218448
-1745 0.0 0.007296501689026721
-1743 0.0 0.007304874037493762
-1741 0.0 0.007313265621683875
-1739 0.0 0.007321676507965284
-1737 0.0 0.007330106763011875
-1735 0.0 0.007338556453804972
-1733 0.0 0.0073470256476351
-1731 0.0 0.007355514412103772
-1729 0.0 0.007364022815125291
-1727 0.0 0.007372550924928562
-1725 0.0 0.007381098810058916
-1723 0.0 0.007389666539379935
-1721 0.0 0.007398254182075321
-1719 0.0 0.007406861807650743
-1717 0.0 0.007415489485935718
-1715 0.0 0.007424137287085496
-1713 0.0 0.0074328052815829685
-1711 0.0 0.0074414935402405775
-1709 0.0 0.007450202134202239
-1707 0.0 0.0074589311349453
-1705 0.0 0.007467680614282478
-1703 0.0 0.007476450644363845
-1701 0.0 0.007485241297678793
-1699 0.0 0.00749405264705805
-1697 0.0 0.007502884765675679
-1695 0.0 0.007511737727051108
-1693 0.0 0.007520611605051168
-1691 0.0 0.007529506473892151
-1689 0.0 0.0075384224081418766
-1687 0.0 0.007547359482721771
-1685 0.0 0.007556317772908978
-1683 0.0 0.00756529735433846
-1681 0.0 0.007574298303005132
-1679 0.0 0.007583320695266007
-1677 0.0 0.007592364607842353
-1675 0.0 0.007601430117821866
-1673 0.0 0.007610517302660865
-1671 0.0 0.007619626240186491
-1669 0.0 0.007628757008598937
-1667 0.0 0.007637909686473683
-1665 0.0 0.00764708435276374
-1663 0.0 0.007656281086801941
-1661 0.0 0.007665499968303207
-1659 0.0 0.007674741077366864
-1657 0.0 0.007684004494478955
-1655 0.0 0.007693290300514579
-1653 0.0 0.007702598576740248
-1651 0.0 0.00771192940481625
-1649 0.0 0.007721282866799047
-1647 0.0 0.007730659045143672
-1645 0.0 0.007740058022706157
-1643 0.0 0.007749479882745968
-1641 0.0 0.0077589247089284745
-1639 0.0 0.0077683925853274105
-1637 -5.576034465764825e-05 0.007783488570805127
-1635 -4.54612387462461e-05 0.007797591179138439
-1633 -5.250118964417458e-06 0.007845370537660021
-1631 6.266699798341237e-06 0.007759623048362192
-1629 -2.050241371490204e-06 0.007788878409261813
-1627 1.5137456440565917e-05 0.00777010127561251
-1625 1.1999561288457873e-05 0.007784925828726438
-1623 -1.897267429134726e-05 0.007816129636858533
-1621 2.3996402944377594e-05 0.007798607325987456
-1619 3.6565374255596836e-05 0.007822834024983991
-1617 4.2288274882793745e-05 0.007821447518380363
-1615 1.137832556359702e-05 0.0077714013358161525
-1613 -1.907550806621107e-06 0.007845416868490818
-1611 4.127971045281452e-06 0.007903785381501025
-1609 4.9339908995968695e-05 0.007950919830609941
-1607 6.579123034560761e-05 0.007901429761956052
-1605 1.2509538616430874e-05 0.007862466418969611
-1603 1.8247421904718332e-05 0.007832595188038229
-1601 4.177722572870589e-05 0.007820452277257866
-1599 9.274674789033386e-06 0.007956161251371083
-1597 -8.870084209820711e-06 0.007991932099387849
-1595 8.128427610400089e-05 0.007993096914917444
-1593 1.5170192931261155e-05 0.00806375791208391
-1591 1.38444355071322e-06 0.007985138092445224
-1589 -7.201516717009738e-05 0.007944532677007357
-1587 3.4342469848197088e-06 0.007971020799781976
-1585 1.2029745967731657e-05 0.008048355634262129
-1583 2.8961588649574884e-05 0.008136782533440978
-1581 3.889337433028851e-05 0.00813027814747588
-1579 4.069874986263582e-05 0.008069002561901581
-1577 3.959044350002997e-05 0.00805544145476845
-1575 3.8084982939509913e-05 0.00812411558462071
-1573 -4.490798274335817e-05 0.008098860797125554
-1571 3.977656780339278e-05 0.008094972173395614
-1569 1.4648880569800805e-05 0.008090933878066416
-1567 7.884607395792169e-05 0.00808350677526196
-1565 4.86228010498811e-05 0.008084095563295986
-1563 2.0112627919777467e-05 0.008210903619554868
-1561 5.768928177120014e-05 0.008173484169623794
-1559 4.052548097481392e-05 0.008179613005116158
-1557 7.410062433384645e-05 0.008217244372546745
-1555 4.715711772235511e-05 0.008235412120790759
-1553 4.5557790197439476e-05 0.008265392106018165
-1551 3.6667631900462734e-05 0.008234344027694707
-1549 1.2103879639244307e-05 0.008202952725299705
-1547 7.257542410311912e-05 0.008215621360881742
-1545 -1.2790374442571772e-05 0.008209925053524327
-1543 7.179823012901293e-06 0.008148336918292977
-1541 9.685373043573043e-06 0.008242682557584787
-1539 -4.850816244827696e-05 0.00827302470945301
-1537 -2.2785470928744862e-05 0.008343382656911981
-1535 -7.426638344503597e-05 0.0083636711801845
-1533 -3.832459660823867e-05 0.008316936822970473
-1531 -1.183377248391495e-05 0.008309701836454046
-1529 -3.416814033988079e-05 0.008336352000117961
-1527 -3.3408111100519405e-05 0.008357084110551761
-1525 2.9098657291204908e-05 0.008347513449180222
-1523 2.2363473844204477e-05 0.00837106494748466
-1521 1.5191933723758943e-05 0.00833819170848637
-1519 -2.1426750841693217e-05 0.008372976629221122
-1517 -5.4404574411867534e-05 0.008376187075569565
-1515 -3.117366207230743e-05 0.008399860095137034
-1513 -2.8926184405853164e-05 0.00845412984505717
-1511 -1.2499046053354737e-05 0.008387926793152324
-1509 -3.226734676400916e-05 0.008454332649521749
-1507 -3.1017851455495416e-05 0.008454146178851459
-1505 -5.127824393503302e-06 0.008426772187314352
-1503 -2.7098094085970474e-05 0.008426244156215235
-1501 -2.0913468934132642e-05 0.008465761683780455
-1499 8.376053689103971e-05 0.008509200784244627
-1497 2.7682666676252842e-05 0.008547156455489464
-1495 3.9887166093868374e-05 0.00850038731526272
-1493 1.9506662607285696e-05 0.008513211446539107
-1491 -1.672452390769135e-05 0.008531835668292222
-1489 -7.950484535360053e-05 0.008561161444274103
-1487 -3.0719754815320966e-05 0.008527314746239523
-1485 6.4348920536427115e-06 0.008493121437172716
-1483 -3.3690272289104205e-05 0.008540433662442368
-1481 -4.1461315103311636e-05 0.008537448970660362
-1479 -1.450040579694825e-06 0.008528941180750212
-1477 4.889421721435053e-05 0.008566884199781147
-1475 2.2654673767397272e-05 0.008601215312456376
-1473 -2.4307506776756826e-05 0.008632571613653214
-1471 -3.383814263715618e-05 0.008637358441663865
-1469 -6.964905898992266e-05 0.008599897287395325
-1467 -3.135031888310039e-05 0.008615457800805769
-1465 -4.6876762418576273e-05 0.00861255314784037
-1463 -1.3212952002211594e-05 0.008723344733954677
-1461 -2.1957372730540358e-05 0.0086934631436263
-1459 3.645959178992729e-06 0.008764411506154224
-1457 1.5572130283879794e-05 0.008706755934705794
-1455 6.202213132945492e-05 0.008737317063880519
-1453 -9.841773998662128e-07 0.008727327634705753
-1451 3.937643859615712e-05 0.008780195760666031
-1449 -1.1118197585417697e-05 0.008793142707837003
-1447 -2.781073860665313e-05 0.008771670996251328
-1445 -1.8787128385115464e-05 0.00878339283164137
-1443 -1.0326630668432578e-05 0.008812346656526287
-1441 -3.7475025817574854e-05 0.008886326188221098
-1439 2.9116310715193582e-05 0.008884042121284968
-1437 2.338508628896935e-05 0.0088887266902169
-1435 1.9011404712780983e-05 0.008954818699718127
-1433 6.664813502017152e-05 0.008897481726728497
-1431 5.856650691750347e-05 0.008852302257954626
-1429 3.453485156450747e-05 0.008898215578109237
-1427 1.863009421837538e-05 0.008892506062505658
-1425 3.44191535260579e-05 0.008891908367708203
-1423 6.831169824832807e-05 0.008938119093175942
-1421 3.2000383704071695e-05 0.008911965597216735
-1419 5.698628013388799e-05 0.008886439418627498
-1417 -5.363351338978123e-06 0.008944778893984859
-1415 -2.9817036765046325e-06 0.009006994335318628
-1413 -4.968010431353997e-05 0.008994803809134644
-1411 -2.542086333997852e-05 0.009013257707526697
-1409 -4.651086915154479e-05 0.009091328508087476
-1407 -5.360350065713134e-05 0.009107605176126332
-1405 2.2261362283577374e-05 0.009151252026550958
-1403 2.1205359403467278e-05 0.009120988887886941
-1401 -1.056120447727713e-05 0.009100863905378393
-1399 5.788966553169272e-05 0.009091096889174054
-1397 8.084815644007629e-05 0.009125138456572859
-1395 3.959074606211785e-05 0.009101937459479363
-1393 -4.000480849702316e-06 0.009101505092888285
-1391 -3.8707180772372786e-05 0.009103599116238995
-1389 -5.545972349075832e-05 0.009144811968389953
-1387 5.44335325356016e-05 0.009177846326853896
-1385 4.656711719862532e-05 0.009181119420803654
-1383 1.3592773109866264e-06 0.009220981211401481
-1381 -2.0043112165095623e-05 0.009249410287607465
-1379 1.406614861663211e-05 0.00925707422935598
-1377 3.470703486992038e-05 0.00929806336850021
-1375 -2.0175798985859874e-05 0.009253848424231085
-1373 7.745904359844566e-06 0.009265468855568924
-1371 7.900543627421878e-05 0.009334950654029785
-1369 -4.869803911623212e-05 0.009340588496270582
-1367 -6.633456177388741e-05 0.009364305703350926
-1365 -5.046408481434738e-05 0.009362005662837933
-1363 -2.919425084901439e-05 0.009401995605339738
-1361 -2.7616532319146724e-05 0.009441513452123376
-1359 3.9015961360022125e-05 0.00947930048568271
-1357 1.8596468150926194e-05 0.009451129435319307
-1355 1.6478360532704162e-05 0.009367908903434512
-1353 3.559111247134856e-05 0.009373255704171444
-1351 -8.795617712404405e-06 0.009404223217436804
-1349 5.508945776364254e-05 0.009343912450615274
-1347 2.3960925901015205e-05 0.009374188012169932
-1345 1.0481136800211773e-05 0.009382844107650773
-1343 -4.365795108455224e-06 0.009381932788304556
-1341 -8.788676746788851e-06 0.009462711199229111
-1339 -1.5653583706801588e-06 0.009462132278318148
-1337 1.0591470877508677e-05 0.009488628324811817
-1335 -2.0830786577032697e-05 0.009551077831358126
-1333 1.6599995799464366e-05 0.009610864992273422
-1331 3.3899246957975224e-05 0.009637254457533585
-1329 7.281908064507206e-05 0.009571169432854292
-1327 8.990965382848621e-05 0.009558912752685111
-1325 -1.134766375520027e-05 0.009580832058039244
-1323 -1.7276147142655382e-05 0.00959749979691008
-1321 -9.072675841794394e-05 0.009666047575162718
-1319 -4.699747913256314e-05 0.009665611209339259
-1317 -4.968921746213324e-06 0.009696605514434603
-1315 -9.377518104383155e-06 0.009686215463636237
-1313 1.266263086723983e-05 0.00967414819479303
-1311 2.6554704208695877e-05 0.009691573146575271
-1309 -2.916902530564575e-06 0.009729053241954647
-1307 -1.9154646694855984e-05 0.009738858937367114
-1305 4.2449939571610876e-05 0.00974793339872368
-1303 3.452630174333743e-05 0.009688234390899147
-1301 1.3200380406912316e-05 0.009726958859465925
-1299 -6.730991433717074e-06 0.009844625706676359
-1297 -1.4960505033276744e-06 0.009859985434482403
-1295 -4.111294718078213e-05 0.009815957345781131
-1293 7.5785846355804e-06 0.009864470317335651
-1291 -3.7887459412697803e-05 0.009949444413114362
-1289 -8.708794435503048e-05 0.009908854929746651
-1287 -5.318128295708571e-05 0.009957821477103269
-1285 3.3610682844377344e-06 0.010025532679969402
-1283 -4.9205692390413274e-06 0.009988150787858599
-1281 3.0057929704896836e-05 0.009998121350792876
-1279 1.0303017648655569e-05 0.009999686916185852
-1277 3.8555582110021555e-05 0.010029760258363656
-1275 1.7526695641691753e-05 0.010014771696931487
-1273 2.5406527781646858e-06 0.010011233202964586
-1271 9.827487150034246e-06 0.010036646657976038
-1269 2.8566640371951843e-05 0.010053968379499963
-1267 0.00011002551738092549 0.010085143365842262
-1265 7.486880692704766e-05 0.010086816940486876
-1263 2.0593712488223108e-05 0.010068269304133747
-1261 -1.8638450201202886e-05 0.010096225801383342
-1259 -7.680559105465584e-06 0.01009058599239009
-1257 7.883720820360917e-06 0.010155184667388812
-1255 1.0678547047017696e-05 0.010210633320186777
-1253 -3.084133641762037e-05 0.010131185432492858
-1251 -7.901966334323236e-05 0.010199553215129418
-1249 9.825662119765618e-06 0.010156449255765728
-1247 1.915296075674265e-05 0.01020210318710589
-1245 2.8894995083295113e-05 0.010269345962266065
-1243 2.1653613028071096e-05 0.010251705867387353
-1241 -5.1801771944223036e-05 0.010237407015141016
-1239 -5.1207031611236814e-05 0.01028209403459381
-1237 1.709562934411454e-06 0.010316011923811475
-1235 2.1116453671058842e-05 0.010376856773519344
-1233 -2.8753321522668184e-05 0.010412400766647727
-1231 3.8146596470753645e-05 0.01038499041974113
-1229 5.209902718931375e-07 0.010359402761601974
-1227 6.83228897001235e-05 0.01043826321547836
-1225 3.233904739445362e-05 0.01042931112949334
-1223 4.836581643406157e-05 0.010405495837661788
-1221 2.7935530087162478e-05 0.010366964022525247
-1219 -4.367813704822502e-05 0.010354786810899422
-1217 -3.7739641749880564e-05 0.010422594076094211
-1215 2.4559337089219032e-05 0.010435073319041316
-1213 -5.687047017140413e-07 0.010515279425734894
-1211 -7.330391362230244e-06 0.010570094475557191
-1209 3.648451846872188e-05 0.010579116098162877
-1207 2.202584728674528e-05 0.010523898045279242
-1205 -1.7141260271554652e-06 0.010655917312314009
-1203 -8.152254316603024e-06 0.010640623704403062
-1201 -8.014376034510414e-06 0.0106257556179762
-1199 1.0879794320833916e-07 0.010594926264328829
-1197 -5.2656851803057185e-05 0.010648992233891375
-1195 6.0541174497102344e-05 0.010648708109950203
-1193 2.585810870399321e-05 0.01067437022218192
-1191 3.756390872123435e-06 0.010737035265960215
-1189 3.180033173911226e-06 0.010718248278119718
-1187 5.6921934260986844e-05 0.010717599697010234
-1185 9.326359342885513e-05 0.010808097716210316
-1183 6.471427547828644e-05 0.010828021571681078
-1181 6.340542329544571e-05 0.010783795916491291
-1179 4.439577129111656e-05 0.01082154340395749
-1177 3.236199495243504e-05 0.010820496045924081
-1175 3.3585576358237244e-06 0.010809943812636842
-1173 -1.3045820706337391e-05 0.010892112350475833
-1171 5.151802168665968e-05 0.010892440989284187
-1169 1.3546867150581889e-05 0.010876561554096515
-1167 -5.412720702577007e-05 0.010901086214744856
-1165 -4.3500192077466834e-05 0.010878144014374442
-1163 -7.746153310186933e-05 0.010948334325842583
-1161 -7.623565782960606e-06 0.010964774132909605
-1159 3.7056409384858254e-05 0.01102001517512861
-1157 3.306403769501102e-05 0.011021980798780945
-1155 1.4801608536275533e-05 0.011021633889524755
-1153 -4.257949624505306e-05 0.011049222254867272
-1151 4.0245225919213416e-05 0.011064953352234147
-1149 -5.92198961806743e-05 0.011067000739091056
-1147 -9.011100066030111e-05 0.011090809959946615
-1145 -6.253745596411903e-05 0.011179985192927835
-1143 -4.063302319581445e-05 0.011219002162900015
-1141 -9.236165696285305e-05 0.011218257828762327
-1139 -5.3825864248301716e-05 0.011216264608467487
-1137 9.094833113941486e-07 0.011272171265607716
-1135 2.0641603287616326e-05 0.011305548258441205
-1133 2.9335576162193252e-05 0.011348827656872507
-1131 3.8440708104228415e-05 0.011302088414807236
-1129 -1.0842519077926674e-05 0.011370870758918232
-1127 -1.2545469445781662e-05 0.011301864449821624
-1125 -3.047630350933073e-05 0.011343178374939419
-1123 -8.507458824429478e-05 0.011402055743531463
-1121 -5.025587530420061e-05 0.01140078097206336
-1119 -7.258665211032943e-05 0.011447785026127998
-1117 -6.402644819752484e-05 0.011437012383536185
-1115 -6.780890943311615e-05 0.011441557651344582
-1113 -3.474596320689393e-05 0.011426703673355925
-1111 -7.548866366772431e-05 0.011488302458166596
-1109 -3.6507663459846017e-05 0.011498389192592435
-1107 -1.340994441579533e-05 0.01151768400523542
-1105 -3.386975389020774e-06 0.011494987166368207
-1103 -2.1436134917836363e-05 0.011545362992451562
-1101 4.373710933483053e-05 0.01159596449290896
-1099 1.158063474859298e-05 0.011635557102602993
-1097 9.616783202906864e-05 0.011589229581656042
-1095 7.799868719796023e-05 0.01163389821825351
-1093 -3.191864781049322e-06 0.01159600543850399
-1091 8.030605739306694e-05 0.0116381835085589
-1089 3.836225921297692e-05 0.011685156510362121
-1087 -2.7864250578733672e-05 0.011771746938192523
-1085 -3.167450671649085e-05 0.011685036602007688
-1083 2.741407353354736e-05 0.011684615250827037
-1081 -1.2514762878352001e-05 0.011796627670021478
-1079 -4.7948228088442904e-05 0.0118302961653791
-1077 -2.5837405610290604e-05 0.011842216138127559
-1075 -1.4026424796526916e-05 0.011902599708595949
-1073 9.635558460738017e-07 0.011828376832431034
-1071 5.60598012744285e-05 0.011838905788171131
-1069 3.741387107885508e-05 0.011867010984069159
-1067 -1.766329357925124e-05 0.011926432256980778
-1065 -1.0557493397195192e-06 0.011910263863393
-1063 2.5785469553608836e-05 0.012023040146821389
-1061 7.020539575196487e-05 0.01204543091872272
-1059 6.670919731312751e-05 0.01200738269719254
-1057 5.001724629202015e-05 0.01210110219946946
-1055 2.732879747473464e-05 0.012108309677270909
-1053 -5.593079181612302e-05 0.012162207697975519
-1051 -5.7740427297713854e-05 0.012134458654667297
-1049 3.1664411000001584e-05 0.012181679301154371
-1047 9.362054651006351e-05 0.012190824153730323
-1045 7.595643183561734e-05 0.012266288219537113
-1043 4.839476308411063e-05 0.012234597950537964
-1041 5.992023216172956e-05 0.012253303275846094
-1039 8.106319628328493e-05 0.012287160616244523
-1037 5.5297582395396485e-05 0.012291498924392442
-1035 6.950470056439437e-05 0.012313991056245026
-1033 7.067865944013565e-05 0.012337299611424471
-1031 -1.1399715768824423e-05 0.012351578637854271
-1029 1.807262414371276e-05 0.012415131809687582
-1027 3.0989208248990315e-05 0.01244154310113026
-1025 -1.2288558370560863e-06 0.012437001628400541
-1023 -1.707400069933711e-05 0.012449772026908317
-1021 -3.741580914161136e-05 0.012468663856664142
-1019 -1.0468122430231177e-05 0.012511246118767928
-1017 -3.023446830583368e-05 0.012506502345464895
-1015 1.8100637284214308e-05 0.01254553279892369
-1013 5.071687777307979e-05 0.012528489327695786
-1011 6.0731268736894166e-05 0.012521510695770762
-1009 -2.0039854273601486e-05 0.012548363628846392
-1007 -2.8405435698366972e-05 0.01256203886775582
-1005 -8.442261531796712e-06 0.012701980507369032
-1003 7.3679832665818545e-06 0.012704290462194958
-1001 1.6562440952515033e-05 0.012685505932543634
-999 2.7980631307746036e-05 0.012795721067700125
-997 8.23943222482458e-06 0.012828466938707669
-995 2.8776266662433702e-05 0.01285433617536409
-993 -5.413040929893164e-06 0.012909736678709297
-991 5.73666336070304e-05 0.012907097543874372
-989 4.118617145529942e-06 0.012895263303969198
-987 -3.21158163089435e-05 0.012935414865499237
-985 -2.3159562801499875e-05 0.012926951762793536
-983 -3.710298672067391e-05 0.012959796623794746
-981 1.1879855923387189e-06 0.013001159725678548
-979 -1.9776475768006502e-05 0.013013870832886071
-977 -3.327309975422278e-05 0.01304276090145006
-975 -3.453444564827623e-06 0.013066011556964748
-973 -1.4945276396233012e-05 0.013098075708974621
-971 -2.0473233299654605e-05 0.013096753587799801
-969 -3.5767697668343695e-05 0.013205139886793872
-967 -2.050072737846315e-05 0.013246257146415903
-965 -9.303742011102408e-06 0.013285194915343657
-963 -7.065447684925857e-05 0.013247786772158033
-961 -5.553269779592838e-05 0.013318147943337456
-959 -5.867881077831461e-05 0.013303263670739298
-957 -1.9643810708142214e-05 0.013306324040977695
-955 -2.6928993470409268e-05 0.013318971949683327
-953 1.2930130448782415e-05 0.013386069825394382
-951 1.47667881102809e-05 0.013335028195151309
-949 -1.8353962154922987e-06 0.013417503149631868
-947 -5.920004430721507e-07 0.013483793574796005
-945 1.6401030290083302e-07 0.013501763054732973
-943 4.095947271842766e-06 0.013518207034392866
-941 -2.0197996667562706e-05 0.013533016056445328
-939 -1.6232486678886186e-05 0.013555497389712363
-937 -6.284133197499028e-05 0.01361650804229748
-935 2.6663100649733026e-05 0.013617217378310885
-933 6.036980262179467e-07 0.013667336939644972
-931 -1.0245851570997184e-06 0.013640503596600479
-929 2.5676149067699546e-05 0.01374157685459038
-927 -9.475166766176392e-06 0.013813765931730792
-925 4.4409843490576e-05 0.01381918120435748
-923 2.992930080483222e-05 0.01386338974444406
-921 5.418251706859164e-05 0.013844516837689592
-919 7.180187819217714e-05 0.01380793972844828
-917 5.164610012721061e-05 0.013903755942354813
-915 2.123863601675502e-05 0.01395260262972958
-913 2.3717363122488696e-05 0.013934787040598416
-911 3.933178401518759e-05 0.013942738675269654
-909 5.086188342708794e-05 0.01394905256559006
-907 2.759904772616155e-05 0.014049172406133856
-905 -1.699836784218491e-05 0.014083391964809422
-903 -3.639942817343322e-05 0.014111090646870255
-901 -1.1759913582510492e-05 0.014136519115078437
-899 5.625453469427388e-05 0.014150680454895448
-897 2.7764810832305643e-05 0.014181791400645453
-895 -2.5574953922380265e-05 0.014189499678063981
-893 -7.467113273222712e-05 0.014268013402257093
-891 -9.60289133026225e-05 0.014296009844358627
-889 -9.255024389546292e-05 0.014282296164165868
-887 -6.11393290743002e-05 0.014293538222308133
-885 -1.909880639778371e-05 0.014292182284413294
-883 -7.727544135280737e-06 0.014303924347395766
-881 5.370245374612841e-05 0.014353342648045655
-879 -4.849245663729868e-05 0.014376985589384408
-877 6.257897663769751e-05 0.014396824347560622
-875 3.545801960021465e-05 0.01447126601978919
-873 7.666999675952052e-06 0.014487116315007504
-871 -4.019004710399943e-05 0.01455368153355392
-869 -3.1050293780803594e-05 0.014597015889792281
-867 -1.9897269827568135e-05 0.014724806779449803
-865 -6.510811710198561e-05 0.014719310729106507
-863 -0.00012895500634457232 0.014736898682750337
-861 -3.996684715193411e-05 0.014771374659142198
-859 -1.65296481971089e-05 0.014814684617843549
-857 9.723153297249101e-06 0.014847187026220295
-855 5.765009949551841e-07 0.01489692663711257
-853 4.9523898615659755e-05 0.014926865336873055
-851 8.233194667114137e-05 0.014903413933499128
-849 -7.541467117863851e-05 0.015043056179834724
-847 -2.0835446887819755e-05 0.015056246562197563
-845 7.041034448882588e-07 0.015086397730965592
-843 9.849128025540934e-06 0.015086489668207524
-841 1.566986528612092e-07 0.015140324716745963
-839 2.8470763715419325e-05 0.015155216140718008
-837 -5.113895397266609e-06 0.01520461107178523
-835 -4.780426008960196e-05 0.015239915593901927
-833 -8.031529567046342e-06 0.015228950354719124
-831 6.36804010022899e-05 0.015322881424837799
-829 5.299467141307082e-05 0.015342174757093485
-827 5.359032449286095e-05 0.015400789866032934
-825 -2.4194653346844985e-05 0.015436973207290391
-823 -4.656082097290013e-05 0.015465290866271098
-821 -3.5282799593245624e-05 0.015530826071648485
-819 4.406380646418663e-05 0.01552298511979288
-817 -2.1503567022641538e-05 0.015557991463087305
-815 9.151955833332975e-06 0.015620344054939011
-813 1.004495759166358e-05 0.015659249025921855
-811 6.628442962822367e-05 0.01571469695655968
-809 8.128280350949055e-05 0.015711459085527263
-807 6.393482400141466e-05 0.015752879603711717
-805 1.744227526813754e-05 0.015766752411444797
-803 1.1168986974032191e-05 0.015915422562235493
-801 2.951203018564005e-05 0.015885779951219453
-799 1.090365523624255e-06 0.015909858269676516
-797 2.3652712368629905e-06 0.01592187030630013
-795 5.153487410089711e-05 0.015908966163210376
-793 1.7642206513892587e-05 0.016113128470215964
-791 3.2706611315753696e-06 0.01610149844681103
-789 -1.1682052179079689e-05 0.01615190057594407
-787 -1.7100473587184153e-05 0.01615147536795441
-785 8.135455548218261e-05 0.016197462846246496
-783 9.93606354272247e-06 0.016243565202515197
-781 -4.60523117188164e-05 0.01625280233566628
-779 -6.722329651746465e-05 0.016303517899875896
-777 -1.893848021666852e-05 0.0164150205538431
-775 -1.4967113008032476e-05 0.0164464257639111
-773 1.0957508034576285e-05 0.016535382235741226
-771 1.2776430142768891e-05 0.01655614438125096
-769 -5.425737221603173e-05 0.01659873505379112
-767 4.622153486910383e-05 0.016576263957986226
-765 9.268842432283126e-06 0.016630757123627552
-763 2.9148784634371974e-05 0.01668681601997694
-761 -6.251171350629169e-06 0.016734635153068503
-759 2.9674506031242477e-05 0.016790194687711212
-757 6.715374457981297e-05 0.01687054688395356
-755 7.78731561962631e-06 0.01683485682503282
-753 3.140661230665336e-05 0.01688320567229632
-751 1.3239242871719047e-05 0.01698010627892004
-749 -1.0290883774281186e-05 0.017004466391185004
-747 -9.013364773888428e-05 0.017045376897403458
-745 -1.844812288019568e-05 0.01710653616806692
-743 -4.243941159441437e-05 0.017140428491564733
-741 -1.4934255070231348e-05 0.01719692316844137
-739 -3.073081051243126e-05 0.017225133329895777
-737 1.1740442617430662e-05 0.017291974519711425
-735 7.343598769827927e-05 0.017352595172695443
-733 7.30494946199083e-05 0.017338825415978174
-731 4.916493787714844e-05 0.01741787206582633
-729 4.748072311895764e-05 0.017563005603297054
-727 3.493949144563889e-05 0.017536975506256224
-725 3.2595692120923e-05 0.017564623658732247
-723 3.380975800246282e-05 0.017631900737183525
-721 8.752577606437971e-05 0.0176628792104734
-719 6.772702932147546e-05 0.017782441643980965
-717 2.0258234113601502e-05 0.017751275805504854
-715 5.505951583887454e-05 0.01774427029017082
-713 -3.370961808422236e-05 0.017886978052989482
-711 -7.546650839914666e-05 0.017883088197917472
-709 -6.869278670554726e-05 0.01796577877637931
-707 -3.903228911752153e-05 0.017972968298588764
-705 -6.286791943321346e-05 0.0180418110234325
-703 -5.110750572751553e-05 0.018103134931837725
-701 -3.0098285817069006e-05 0.018202435596298798
-699 -4.062106792979129e-05 0.018231488224342948
-697 -4.215490853695406e-05 0.01827671135147665
-695 5.664176551575699e-05 0.018288952844474796
-693 5.329633043356883e-06 0.018368955958176763
-691 5.123505429664646e-05 0.018411643839465947
-689 4.999924543860112e-05 0.018459711642809597
-687 2.589121632256214e-05 0.018533937995726876
-685 2.8386722767145493e-05 0.01852859736213663
-683 2.9402912265884197e-05 0.018616483060690713
-681 4.310541362233596e-05 0.018692843319337595
-679 8.831555724057164e-05 0.018716048895268282
-677 3.755955200530778e-05 0.018774393259855703
-675 4.2867675901237894e-05 0.018839224360702976
-673 2.1256793956500555e-05 0.0189595529072375
-671 -4.304603844025186e-05 0.018940852430816283
-669 1.555639095701072e-05 0.019064256986171712
-667 4.404412629112587e-05 0.019080879987711668
-665 5.552340845067628e-05 0.019067136494651766
-663 5.4708616619991855e-05 0.01911798999244039
-661 2.765314423588995e-05 0.01920666575652256
-659 3.446740678069984e-05 0.019372599395270407
-657 4.239118027772951e-05 0.019434786972953682
-655 4.296214353508327e-05 0.0194490826248929
-653 -9.534919481796966e-08 0.01951750166270826
-651 -4.949466476925228e-05 0.019538397614321985
-649 -4.696988488460006e-05 0.019573227064663523
-647 1.1175396505731969e-05 0.019662887670532838
-645 1.406174698673973e-05 0.01970516951772739
-643 3.0711517522884753e-05 0.019737407704423823
-641 4.1007092051487054e-05 0.019885223216912017
-639 5.755844716684653e-05 0.01993963829735683
-637 9.936217959988973e-05 0.01996971843368873
-635 3.297193658902291e-05 0.020120985037875714
-633 3.4657200284787606e-05 0.020159434945743963
-631 3.2540937597436448e-06 0.02011222612812186
-629 4.738607632890069e-05 0.020167784689004164
-627 -5.073631390833831e-05 0.020320636583368384
-625 6.697484890693846e-06 0.020371237132513594
-623 2.333634356945055e-05 0.020447276187807565
-621 3.4564915742776235e-06 0.020549490338666203
-619 -3.0003599581784985e-06 0.020635751877181807
-617 1.1018807810701447e-05 0.020653339095118857
-615 -3.483314715044105e-05 0.020776700376682066
-613 -3.837515182423957e-06 0.020785971552109248
-611 -3.2972582954698615e-05 0.020840970922735878
-609 -7.980455136427795e-07 0.020877239052747385
-607 -2.4727664671038344e-05 0.021002419741078377
-605 -2.26156327935811e-05 0.021024890287680002
-603 -4.146250890602209e-05 0.02117258347109777
-601 -4.277129378339772e-05 0.021250381026391835
-599 -5.413720860848068e-05 0.02127766654813705
-597 -3.230331210243925e-05 0.02131058096786897
-595 -3.374664419185258e-05 0.021396934408745783
-593 -4.8418488548840654e-05 0.021456184628933405
-591 -1.3047458596395065e-05 0.021563701929970352
-589 -2.893683853960556e-05 0.021585362500685323
-587 -1.731685481548727e-05 0.021696130828585895
-585 -7.246265336519793e-05 0.021776173341573796
-583 -4.6417778516425906e-05 0.021771181985621668
-581 -6.176596863317179e-06 0.02201255145081218
-579 -8.350647764836124e-05 0.022041429669232938
-577 -6.682457649263765e-05 0.022129430783796894
-575 1.5860593255114522e-05 0.022180238640035856
-573 5.825344631905961e-05 0.0222410946328512
-571 -7.620558898147674e-05 0.022323150922027805
-569 -6.2324723260150296e-06 0.02237974322302231
-567 -3.39705808279258e-05 0.02250657444302027
-565 1.823747586265719e-06 0.022559657669827596
-563 2.5328307252629398e-05 0.022654274945280477
-561 1.9914695505507834e-05 0.022720928495920938
-559 5.8173164195245406e-05 0.022780916445496662
-557 9.180239232603368e-05 0.022934108595735598
-555 3.714970691753839e-05 0.02297754881780305
-553 -2.9123089658719805e-05 0.023017336776757567
-551 2.353031957211033e-06 0.023094425616199205
-549 4.9765941288955054e-05 0.023138309015022906
-547 6.421747676534262e-05 0.023275634956439854
-545 2.6888270055293063e-05 0.02335312672426476
-543 9.173608121504211e-06 0.02349307152355388
-541 4.60764048950575e-06 0.023532350112972892
-539 -4.1874953635941765e-05 0.023636542747979425
-537 -7.786097112225206e-05 0.023771288640142656
-535 1.702614831463124e-05 0.023887387537312663
-533 1.0228233924463004e-05 0.02396567054664307
-531 6.6658848030751e-05 0.023967786361923375
-529 4.6437629033658924e-05 0.0240505853603813
-527 -5.9392599622022665e-05 0.024127541080156942
-525 -2.6228879145557104e-05 0.024206406248174415
-523 2.957981886631373e-05 0.02428983354365261
-521 -1.0779148257412592e-05 0.024380241014103257
-519 4.393557421360814e-06 0.0244534453839793
-517 -8.147637189398333e-05 0.024622989859870957
-515 5.4995325180208747e-05 0.02471867315523018
-513 4.691247654902644e-05 0.02485573415425898
-511 1.39310284296055e-05 0.024914389331401648
-509 4.852542597298018e-05 0.025024670026894638
-507 1.0164126681237514e-05 0.025099166128102597
-505 -2.2684748233306438e-05 0.025223716243800612
-503 -2.601013218016623e-05 0.025354984157102762
-501 -4.4100810207817166e-05 0.02539263943693522
-499 -7.336841336081699e-05 0.025493447013961768
-497 -7.046756504224184e-05 0.02558831789414071
-495 -8.11485738867885e-05 0.02569550992328873
-493 -5.9449960950023594e-05 0.02574546405876663
-491 -6.586790384782968e-05 0.025853735575382016
-489 -4.4755020916100436e-05 0.026024650839079025
-487 -4.244601931786035e-05 0.02613570798551414
-485 -3.91541780320786e-05 0.026273636011131283
-483 6.586724540968953e-05 0.02642015140868492
-481 2.2253815368496003e-05 0.02652593507227636
-479 4.2080506671804254e-05 0.02661912533554542
-477 7.692810478855273e-05 0.026733776359556996
-475 1.7038586848074125e-05 0.026824339119549862
-473 -1.753297974493485e-06 0.026860330677156343
-471 1.3226465798098235e-05 0.026963969209070217
-469 -1.4252052498250865e-05 0.027083166862106642
-467 1.7770483954712738e-05 0.027247083305962448
-465 4.5829638914039165e-05 0.027373235652785623
-463 1.7880236517833166e-06 0.027461645572933558
-461 -1.0330165354305878e-05 0.027600536558193042
-459 -4.89190354244263e-05 0.027724395567985272
-457 -4.5199731992907056e-05 0.027895277288214605
-455 2.967261457271646e-06 0.028018176534303482
-453 2.6944545197281152e-05 0.028166213181143842
-451 3.388333730675844e-05 0.028275374117741135
-449 -1.1704538752270735e-05 0.02839837304146348
-447 -4.913455049105139e-05 0.028492253094912066
-445 3.056035900667224e-05 0.02859403919003733
-443 -1.2355556412408403e-06 0.028716895697387158
-441 5.239033916885395e-06 0.028850300925031682
-439 -1.6566301775802417e-05 0.029015478270263084
-437 -1.2515470529888894e-05 0.029163796940277667
-435 3.2953410905785656e-05 0.029262148265443388
-433 -4.638217113648236e-05 0.02937645109514833
-431 -3.8473121183764266e-05 0.0294681754878229
-429 6.52720050449834e-05 0.029625510548722537
-427 1.897163597634051e-05 0.02975037057090422
-425 -9.152958608088624e-05 0.029923955072045323
-423 -0.00010669419421039994 0.03005580802760206
-421 -3.641039907179128e-05 0.030154210591021857
-419 -2.843810480332949e-06 0.03032457216355791
-417 5.889832792268077e-05 0.030598929025294465
-415 3.878112491950677e-06 0.030721718678253886
-413 -1.2812373175500475e-05 0.030859219190374133
-411 1.0821815262796114e-05 0.03101324259909697
-409 -6.01723377599738e-07 0.03117340292582319
-407 -1.638535820668988e-05 0.031337399876862224
-405 -1.5229826300073062e-05 0.03144256540385092
-403 -3.9617472319885e-05 0.03159322803314379
-401 -1.5371282439591252e-06 0.03170254184626104
-399 1.8231429683010464e-05 0.03187751357397963
-397 -2.836058774089425e-05 0.03204348885915429
-395 1.35698569054652e-06 0.032148277628041226
-393 1.9805816040246875e-05 0.032370743605845624
-391 -5.175336967031479e-05 0.03247941161911104
-389 -1.4632969696028225e-05 0.03267324384384166
-387 2.3113482716259455e-05 0.032886987167068595
-385 -6.088837243857333e-05 0.033099378015721374
-383 -4.843241943420033e-05 0.03316587021788002
-381 -4.842563933282653e-05 0.033429803407960514
-379 -3.543685378798968e-05 0.03356533353188481
-377 -6.328780394692514e-05 0.03376059665610743
-375 -7.305762325238967e-05 0.03390178892662922
-373 -4.177500242089671e-05 0.03414737522063655
-371 -9.994677127644982e-05 0.03432714808665261
-369 -3.859754685776069e-05 0.03447643220773252
-367 -1.1753091672892151e-05 0.03468446045051077
-365 8.395326742122614e-05 0.03488661115509112
-363 7.94300532878899e-05 0.03506911424441199
-361 0.00011031675509794617 0.03522748249215309
-359 4.4814522570704775e-05 0.03545477533607013
-357 2.730174187952317e-05 0.035671367438272754
-355 -2.4851865223799653e-05 0.035830986110527735
-353 -2.414854920161483e-07 0.03609936004201341
-351 -1.9375501076148242e-05 0.03628762662927163
-349 -2.7134364912569035e-05 0.03646743059909728
-347 -1.6091875429944145e-05 0.03663889462589675
-345 -3.3058666963009826e-05 0.03686364752900903
-343 2.782928877227474e-05 0.03704381821869727
-341 4.7801550612100366e-05 0.03729405660665333
-339 9.317957869894348e-05 0.037521460662331335
-337 5.232874423361003e-05 0.03773832900170798
-335 3.701881178396044e-05 0.03798939174409561
-333 6.973877832333288e-06 0.038236977989886234
-331 -2.598933513408438e-05 0.03843018491289299
-329 3.2370900582567684e-05 0.03866327218081405
-327 3.6587896131938654e-05 0.03896419108588575
-325 1.391550816173675e-05 0.03910171981963273
-323 4.859064022804454e-05 0.03937569371049297
-321 -9.166786835626985e-05 0.03959888741723774
-319 -3.992638854446246e-05 0.03984333329255927
-317 -2.4431508509398052e-05 0.04015234504443911
-315 -5.8332699161594176e-05 0.04036182345920396
-313 -7.207746906408366e-06 0.04055126562575882
-311 3.645467212309218e-05 0.04085445377716644
-309 6.1397984539915e-05 0.0411544764707618
-307 2.9012845589441145e-05 0.04149187692119409
-305 2.2834657588926842e-05 0.04177053070133367
-303 3.232315020051988e-05 0.04197668826950495
-301 3.861084353296015e-05 0.04229592625684392
-299 4.80659250970374e-06 0.04260510641103459
-297 2.102668269304007e-06 0.04292236727182395
-295 -3.5578582535896715e-05 0.043218622633105684
-293 5.286052565056635e-06 0.0434527629585957
-291 2.5198406378250493e-05 0.04372641397943261
-289 5.8958147373608495e-06 0.044022587519762214
-287 8.671934500839777e-06 0.04428443940599325
-285 -7.95094822059901e-06 0.044652246008007386
-283 7.043555470345142e-06 0.044958242520816954
-281 1.4269699230204128e-05 0.04531159304516554
-279 3.4111264394355726e-05 0.04568906098163019
-277 -1.8209132027783445e-05 0.045887598059606585
-275 -6.655046324464529e-05 0.046203262374092766
-273 -2.883481275811741e-05 0.04657076857737211
-271 -1.7500920044681776e-05 0.04691667612419171
-269 1.0258817645372201e-05 0.047188665908615986
-267 -8.875209845076957e-06 0.04760642789672285
-265 -1.301137289549666e-05 0.047947596811389916
-263 -7.148780827032093e-06 0.048310147678700566
-261 -3.652477009732438e-05 0.04866275832272383
-259 4.757171167071628e-06 0.049066181133667244
-257 1.9420384912816783e-05 0.049525678072903485
-255 8.293617070949997e-06 0.049898598806513185
-253 -4.58447356891311e-05 0.05024395299960021
-251 5.20021621749459e-06 0.05068241817916698
-249 1.1622208484768827e-05 0.051148371947977764
-247 2.2320414586467793e-06 0.051507630315275395
-245 4.8191990305355975e-05 0.05191119197865449
-243 4.037229296374598e-05 0.05235676267301253
-241 1.5135984138688596e-05 0.0527925751292346
-239 1.7166285071370323e-05 0.05321496911417864
-237 7.062649917137712e-06 0.053704956323487985
-235 -1.318096969041356e-05 0.054072803925555135
-233 -1.3147825159632695e-06 0.05454313434685666
-231 1.3089153359449549e-05 0.05503738453546829
-229 4.498634380019165e-05 0.05551976721283797
-227 5.659273997754921e-05 0.05609317214259282
-225 8.103729634684402e-06 0.05662799989960194
-223 2.5275614650979535e-05 0.05711851583379505
-221 1.9052936391433332e-05 0.057563924403029175
-219 4.613775800601643e-05 0.05803397726132522
-217 2.3864867727358487e-05 0.05862401535741689
-215 3.975709433883727e-05 0.05915084497800046
-213 1.5424608433134536e-05 0.059714195708382885
-211 2.8985121199274366e-05 0.06025046875774961
-209 -7.410689869775556e-05 0.060828512276512564
-207 -5.399182810050128e-05 0.06134264658881036
-205 -8.786836700918938e-06 0.061972240817596905
-203 4.8441516431843543e-05 0.06255720435484527
-201 8.97197018294509e-06 0.06319359579867177
-199 -3.334057513470544e-05 0.06383763743551893
-197 -1.6094431597124842e-05 0.064499447422572
-195 6.20374092981263e-05 0.06513595879238498
-193 5.100775761206598e-05 0.06579413390717846
-191 6.264437944701708e-05 0.06645227856203129
-189 -1.77855759871634e-05 0.06711511219533164
-187 1.9831220164115394e-06 0.06789164875908034
-185 -4.394499580343859e-06 0.06864956010081108
-183 3.6942100835548326e-05 0.06942565304978285
-181 8.959626583017268e-05 0.0701820989874929
-179 1.2379271216098135e-05 0.07097428553170522
-177 -1.3114439991564182e-05 0.07178225530672099
-175 -8.05417822205846e-06 0.072572889320187
-173 5.258654437849247e-05 0.07339768106270617
-171 1.2756507338710574e-05 0.07429083383632118
-169 1.7971557595895927e-05 0.07514874578326995
-167 4.486690143221575e-05 0.07601979757052973
-165 -1.3152521678666332e-05 0.07690595949246601
-163 -9.789362142332412e-06 0.07780716975190484
-161 8.807857553787705e-05 0.07877926182074213
-159 6.602247699420713e-05 0.0797823409759942
-157 1.9319061341800582e-05 0.08076556747053179
-155 -2.4932174918653897e-05 0.08173066080598794
-153 -5.210297251329549e-06 0.08284684153301988
-151 -1.9852763753728773e-06 0.08399845355064817
-149 2.5079267078469463e-05 0.08519283450804423
-147 4.77050314058358e-05 0.08633299445275378
-145 3.820560191509603e-05 0.08747986996233652
-143 7.196178818222742e-05 0.08868256474575634
-141 7.157986605782355e-06 0.08993749387013972
-139 4.1473021687784626e-08 0.09117808800725928
-137 -4.0995106831966196e-05 0.09251545646280057
-135 1.7000070889506484e-05 0.09394679263337204
-133 -6.780472890005887e-06 0.0952696547306748
-131 -3.886556597497707e-05 0.09671923823714612
-129 -4.431726145021238e-05 0.0982318722311936
-127 -2.2990380074496058e-05 0.09978530754184907
-125 -8.508595304840518e-05 0.10136555952472423
-123 -4.795606453001313e-05 0.10292759364512484
-121 -1.0062221640123345e-05 0.10462612200981192
-119 -2.805164753859658e-05 0.10636170653849959
-117 -2.4464439068174547e-05 0.10824779660204893
-115 -2.598594206785303e-05 0.1100726081044678
-113 -4.240615193952463e-05 0.11200381682200987
-111 -4.961287844689476e-05 0.11402005782103859
-109 -4.362224252870419e-05 0.11606302168004988
-107 -3.70536305076386e-05 0.11819217316119614
-105 -4.578446310132668e-05 0.12037577325491126
-103 -4.8654123459782937e-05 0.12265777467352358
-101 -5.9729651059570876e-05 0.12514182140725455
-99 1.4394724354298976e-06 0.12757721865080782
-97 2.6240585758672855e-05 0.13015802549748687
-95 -3.314142061845316e-05 0.1329143589170498
-93 4.278128992058102e-05 0.1357890165586843
-91 6.0130220948134756e-05 0.13864157140671973
-89 4.667505794524588e-06 0.14166596241022733
-87 -6.79826599140941e-06 0.14485659861695252
-85 2.7560935493462345e-05 0.14818775658546496
-83 6.955795462029495e-06 0.1516050382517555
-81 2.1110076195373768e-05 0.15525638219916393
-79 3.1283593320368434e-05 0.159100840783555
-77 -7.321882068837181e-06 0.1631278294172527
-75 6.191419616130504e-05 0.16740866228685927
-73 4.2137582492119493e-05 0.17192093145197807
-71 2.101586601834488e-05 0.17653138149056508
-69 3.7401473682944055e-05 0.1814915299966178
-67 3.08492989132861e-05 0.1867600779843323
-65 4.634430098183248e-06 0.19234073485133732
-63 5.484233703714125e-05 0.19820237720492648
-61 9.508144437490445e-06 0.20448845525998574
-59 3.1038142696935956e-05 0.21112596755208443
-57 5.410351360015552e-05 0.21819179654259038
-55 4.790070876803568e-05 0.22578209506275193
-53 2.738984933152452e-05 0.23385178526559455
-51 4.1976404306494635e-05 0.2425533826435758
-49 7.59768835758598e-05 0.2518768889942906
-47 5.388627849290448e-06 0.2619312210460022
-45 -1.0546583492247145e-05 0.27282839888569604
-43 -5.448839040362781e-06 0.2845809502350497
-41 -3.2485422296026725e-06 0.2974116019810474
-39 -2.2109129167068454e-05 0.31141580093112775
-37 -1.4359844456436688e-05 0.3267356892138046
-35 -4.193098276977698e-05 0.34363895745400747
-33 7.508312894073874e-06 0.36217621398919814
-31 2.722600810707114e-05 0.38277692020154064
-29 2.2687972207455337e-06 0.4057891925597812
-27 -2.181405499498547e-05 0.4314908025162997
-25 -4.146507407553427e-05 0.46051759989719904
-23 -0.0001259265218554964 0.49346705627041154
-21 -7.895060123485232e-05 0.531208804549011
-19 -7.904516677571295e-05 0.5747034519396435
-17 -3.894426829386025e-05 0.6253024289838374
-15 -5.041451589754813e-06 0.6849735565589735
-13 -5.117274250318575e-05 0.7563037805364342
-11 2.6039632578316164e-05 0.8426050554343778
-9 6.527141122711052e-05 0.9491457362132607
-7 2.8268247546042395e-05 1.08365290907128
-5 6.99008505681867e-06 1.257896802849845
-3 -6.722427460109134e-05 1.4899404986933469
-1 -5.810478128294901e-05 1.715734954465736
1 -5.810478128133964e-05 -1.715734954465736
3 -6.722427460075027e-05 -1.4899404986933469
5 6.99008505699343e-06 -1.257896802849845
7 2.826824754616624e-05 -1.08365290907128
9 6.52714112271993e-05 -0.9491457362132607
11 2.6039632578305244e-05 -0.8426050554343778
13 -5.117274250304787e-05 -0.7563037805364343
15 -5.04145158989894e-06 -0.6849735565589734
17 -3.8944268293602685e-05 -0.6253024289838375
19 -7.90451667757545e-05 -0.5747034519396436
21 -7.89506012348764e-05 -0.531208804549011
23 -0.00012592652185537293 -0.49346705627041154
25 -4.1465074075614156e-05 -0.46051759989719915
27 -2.1814054994925516e-05 -0.4314908025162996
29 2.2687972207729217e-06 -0.4057891925597812
31 2.722600810706804e-05 -0.3827769202015407
33 7.50831289407549e-06 -0.3621762139891982
35 -4.193098276980595e-05 -0.34363895745400747
37 -1.4359844456464137e-05 -0.3267356892138046
39 -2.2109129167000258e-05 -0.3114158009311277
41 -3.2485422294193746e-06 -0.29741160198104727
43 -5.448839040381134e-06 -0.2845809502350497
45 -1.0546583492198826e-05 -0.2728283988856961
47 5.388627849232756e-06 -0.2619312210460022
49 7.597688357585581e-05 -0.2518768889942906
51 4.1976404306507184e-05 -0.24255338264357576
53 2.7389849331566237e-05 -0.23385178526559458
55 4.790070876795415e-05 -0.2257820950627519
57 5.4103513600207e-05 -0.2181917965425904
59 3.103814269691778e-05 -0.21112596755208443
61 9.50814443748706e-06 -0.20448845525998577
63 5.484233703718958e-05 -0.19820237720492642
65 4.634430098104965e-06 -0.19234073485133732
67 3.084929891333006e-05 -0.18676007798433228
69 3.7401473682936316e-05 -0.1814915299966178
71 2.101586601833771e-05 -0.1765313814905651
73 4.213758249207583e-05 -0.17192093145197807
75 6.191419616127921e-05 -0.16740866228685927
77 -7.321882068780735e-06 -0.16312782941725254
79 3.128359332049263e-05 -0.15910084078355433
81 2.111007619541364e-05 -0.15525638219916466
83 6.955795462057647e-06 -0.15160503825175567
85 2.756093549345146e-05 -0.14818775658546496
87 -6.798265991402249e-06 -0.1448565986169525
89 4.667505794519533e-06 -0.1416659624102274
91 6.0130220948111195e-05 -0.13864157140671973
93 4.278128992056334e-05 -0.1357890165586843
95 -3.31414206184974e-05 -0.13291435891704978
97 2.6240585758734607e-05 -0.13015802549748687
99 1.4394724354184542e-06 -0.12757721865080784
101 -5.9729651059566634e-05 -0.12514182140725455
103 -4.8654123459753616e-05 -0.12265777467352354
105 -4.578446310136701e-05 -0.12037577325491129
107 -3.705363050761886e-05 -0.11819217316119617
109 -4.3622242528717856e-05 -0.11606302168004985
111 -4.961287844690392e-05 -0.11402005782103858
113 -4.240615193954918e-05 -0.11200381682200987
115 -2.5985942067835744e-05 -0.11007260810446781
117 -2.44644390681196e-05 -0.10824779660204899
119 -2.805164753857051e-05 -0.10636170653849975
121 -1.006222163989445e-05 -0.1046261220098119
123 -4.795606452999442e-05 -0.10292759364512483
125 -8.50859530484465e-05 -0.10136555952472419
127 -2.299038007446083e-05 -0.09978530754184906
129 -4.431726145017209e-05 -0.09823187223119365
131 -3.8865565974990874e-05 -0.09671923823714614
133 -6.78047288999063e-06 -0.09526965473067484
135 1.700007088946435e-05 -0.09394679263337204
137 -4.099510683191198e-05 -0.09251545646280054
139 4.147302162486871e-08 -0.09117808800725934
141 7.157986605716347e-06 -0.08993749387013969
143 7.196178818233599e-05 -0.08868256474575624
145 3.8205601915185796e-05 -0.08747986996233663
147 4.77050314057677e-05 -0.08633299445275382
149 2.507926707845042e-05 -0.08519283450804417
151 -1.985276375315668e-06 -0.08399845355064818
153 -5.210297251303252e-06 -0.08284684153301995
155 -2.4932174918663424e-05 -0.08173066080598798
157 1.931906134188555e-05 -0.08076556747053186
159 6.602247699402308e-05 -0.0797823409759947
161 8.807857553766331e-05 -0.07877926182074206
163 -9.7893621422433e-06 -0.07780716975190476
165 -1.3152521678661185e-05 -0.07690595949246598
167 4.486690143223232e-05 -0.07601979757052973
169 1.797155759587069e-05 -0.07514874578326997
171 1.2756507338732922e-05 -0.07429083383632117
173 5.2586544378521456e-05 -0.07339768106270617
175 -8.054178222104702e-06 -0.07257288932018699
177 -1.3114439991576773e-05 -0.071782255306721
179 1.23792712161011e-05 -0.07097428553170522
181 8.959626583014541e-05 -0.0701820989874929
183 3.694210083557345e-05 -0.06942565304978286
185 -4.394499580392817e-06 -0.06864956010081111
187 1.9831220164268334e-06 -0.06789164875908035
189 -1.778557598715515e-05 -0.06711511219533166
191 6.26443794470194e-05 -0.06645227856203131
193 5.100775761203327e-05 -0.06579413390717846
195 6.203740929809764e-05 -0.06513595879238496
197 -1.609443159711101e-05 -0.06449944742257198
199 -3.334057513479341e-05 -0.06383763743551887
201 8.971970182752611e-06 -0.06319359579867169
203 4.844151643189941e-05 -0.06255720435484523
205 -8.786836700910298e-06 -0.06197224081759691
207 -5.399182810048086e-05 -0.06134264658881035
209 -7.410689869770956e-05 -0.06082851227651257
211 2.8985121199273085e-05 -0.060250468757749615
213 1.542460843312344e-05 -0.059714195708382906
215 3.97570943388132e-05 -0.05915084497800045
217 2.3864867727356976e-05 -0.05862401535741688
219 4.6137758006004185e-05 -0.05803397726132522
221 1.90529363914358e-05 -0.057563924403029196
223 2.527561465094143e-05 -0.05711851583379502
225 8.103729634589176e-06 -0.056627999899601905
227 5.659273997758828e-05 -0.05609317214259281
229 4.4986343800214215e-05 -0.05551976721283798
231 1.3089153359460157e-05 -0.05503738453546828
233 -1.3147825159443298e-06 -0.054543134346856634
235 -1.3180969690422447e-05 -0.05407280392555511
237 7.062649917107403e-06 -0.05370495632348798
239 1.7166285071275364e-05 -0.05321496911417852
241 1.5135984138845307e-05 -0.05279257512923465
243 4.037229296372107e-05 -0.052356762673012446
245 4.8191990305254053e-05 -0.05191119197865452
247 2.232041458671567e-06 -0.0515076303152754
249 1.1622208484805122e-05 -0.05114837194797776
251 5.2002162175194206e-06 -0.050682418179167
253 -4.58447356891148e-05 -0.05024395299960021
255 8.293617070951143e-06 -0.04989859880651317
257 1.942038491283177e-05 -0.04952567807290355
259 4.757171167069815e-06 -0.04906618113366727
261 -3.652477009733859e-05 -0.0486627583227238
263 -7.148780827031633e-06 -0.04831014767870054
265 -1.3011372895515215e-05 -0.04794759681138988
267 -8.875209845073635e-06 -0.04760642789672285
269 1.0258817645382237e-05 -0.04718866590861601
271 -1.750092004466663e-05 -0.04691667612419171
273 -2.8834812758099804e-05 -0.04657076857737211
275 -6.655046324462684e-05 -0.04620326237409275
277 -1.8209132027794413e-05 -0.045887598059606606
279 3.411126439449648e-05 -0.04568906098163024
281 1.4269699230013966e-05 -0.04531159304516563
283 7.043555470251832e-06 -0.044958242520817024
285 -7.950948220556922e-06 -0.04465224600800743
287 8.67193450073076e-06 -0.044284439405993206
289 5.89581473727946e-06 -0.04402258751976217
291 2.519840637831136e-05 -0.04372641397943251
293 5.286052565039776e-06 -0.043452762958595674
295 -3.557858253587686e-05 -0.043218622633105705
297 2.1026682693227824e-06 -0.042922367271823955
299 4.806592509689927e-06 -0.04260510641103457
301 3.861084353291876e-05 -0.0422959262568439
303 3.232315020047959e-05 -0.04197668826950495
305 2.2834657588881505e-05 -0.04177053070133366
307 2.901284558948244e-05 -0.04149187692119407
309 6.139798453990079e-05 -0.04115447647076179
311 3.645467212308586e-05 -0.040854453777166455
313 -7.207746906389753e-06 -0.04055126562575884
315 -5.833269916158887e-05 -0.04036182345920395
317 -2.4431508509446702e-05 -0.0401523450444391
319 -3.992638854470109e-05 -0.03984333329255923
321 -9.166786835609943e-05 -0.03959888741723749
323 4.859064022814599e-05 -0.039375693710492994
325 1.3915508161777002e-05 -0.039101719819632764
327 3.6587896132006403e-05 -0.03896419108588573
329 3.237090058257385e-05 -0.03866327218081402
331 -2.598933513408101e-05 -0.038430184912892996
333 6.973877832358896e-06 -0.03823697798988626
335 3.7018811783987034e-05 -0.037989391744095616
337 5.232874423364411e-05 -0.03773832900170797
339 9.317957869894812e-05 -0.03752146066233135
341 4.780155061210154e-05 -0.03729405660665333
343 2.7829288772298924e-05 -0.03704381821869725
345 -3.305866696299245e-05 -0.03686364752900906
347 -1.6091875429935014e-05 -0.03663889462589681
349 -2.7134364912588602e-05 -0.03646743059909733
351 -1.9375501076188087e-05 -0.036287626629271666
353 -2.4148549208613524e-07 -0.03609936004201339
355 -2.4851865223824373e-05 -0.03583098611052769
357 2.7301741879514244e-05 -0.03567136743827272
359 4.4814522570856116e-05 -0.03545477533606998
361 0.00011031675509796799 -0.03522748249215314
363 7.943005328784167e-05 -0.03506911424441201
365 8.39532674212306e-05 -0.034886611155091084
367 -1.1753091672898403e-05 -0.034684460450510754
369 -3.859754685775515e-05 -0.03447643220773251
371 -9.994677127644017e-05 -0.03432714808665264
373 -4.1775002420891394e-05 -0.03414737522063654
375 -7.305762325244868e-05 -0.033901788926629234
377 -6.328780394694274e-05 -0.0337605966561075
379 -3.543685378798404e-05 -0.03356533353188478
381 -4.8425639332835145e-05 -0.03342980340796052
383 -4.843241943419632e-05 -0.03316587021788003
385 -6.088837243859649e-05 -0.03309937801572134
387 2.3113482716276463e-05 -0.03288698716706858
389 -1.4632969696047399e-05 -0.03267324384384169
391 -5.175336967033643e-05 -0.03247941161911099
393 1.980581604023469e-05 -0.0323707436058456
395 1.3569856905303725e-06 -0.032148277628041226
397 -2.836058774089648e-05 -0.032043488859154166
399 1.82314296831884e-05 -0.03187751357397972
401 -1.5371282437777314e-06 -0.03170254184626129
403 -3.961747231990717e-05 -0.031593228033143815
405 -1.5229826300105581e-05 -0.03144256540385093
407 -1.6385358206690614e-05 -0.03133739987686225
409 -6.017233776189745e-07 -0.031173402925823223
411 1.0821815262809722e-05 -0.03101324259909695
413 -1.2812373175538999e-05 -0.030859219190374137
415 3.8781124919450676e-06 -0.030721718678253872
417 5.889832792267862e-05 -0.030598929025294454
419 -2.843810480358724e-06 -0.03032457216355794
421 -3.6410399071763366e-05 -0.030154210591021816
423 -0.00010669419421039914 -0.030055808027602087
425 -9.152958608090828e-05 -0.029923955072045344
427 1.8971635976358255e-05 -0.029750370570904218
429 6.527200504501343e-05 -0.029625510548722582
431 -3.8473121183817513e-05 -0.029468175487822948
433 -4.6382171136544014e-05 -0.029376451095148314
435 3.295341090581809e-05 -0.029262148265443357
437 -1.2515470529892157e-05 -0.029163796940277723
439 -1.656630177578971e-05 -0.02901547827026298
441 5.239033916961801e-06 -0.02885030092503166
443 -1.235555641215375e-06 -0.028716895697387217
445 3.0560359006670345e-05 -0.028594039190037314
447 -4.913455049104684e-05 -0.02849225309491202
449 -1.170453875226413e-05 -0.028398373041463455
451 3.388333730674406e-05 -0.028275374117741166
453 2.694454519727244e-05 -0.028166213181143807
455 2.96726145729519e-06 -0.028018176534303503
457 -4.519973199286291e-05 -0.027895277288214657
459 -4.891903542442319e-05 -0.027724395567985265
461 -1.033016535428787e-05 -0.02760053655819306
463 1.788023651803925e-06 -0.02746164557293359
465 4.582963891402018e-05 -0.027373235652785616
467 1.777048395473669e-05 -0.02724708330596243
469 -1.425205249820827e-05 -0.027083166862106652
471 1.3226465798086481e-05 -0.026963969209070227
473 -1.7532979744983096e-06 -0.026860330677156336
475 1.7038586848071147e-05 -0.026824339119549873
477 7.692810478863872e-05 -0.026733776359557065
479 4.208050667192837e-05 -0.02661912533554565
481 2.225381536831686e-05 -0.026525935072276376
483 6.586724540965738e-05 -0.02642015140868487
485 -3.9154178032109676e-05 -0.026273636011131286
487 -4.244601931786238e-05 -0.026135707985514147
489 -4.475502091612833e-05 -0.026024650839079025
491 -6.586790384778844e-05 -0.02585373557538201
493 -5.944996095004351e-05 -0.02574546405876664
495 -8.114857388675489e-05 -0.025695509923288732
497 -7.046756504219154e-05 -0.025588317894140712
499 -7.336841336081736e-05 -0.025493447013961806
501 -4.410081020783637e-05 -0.02539263943693523
503 -2.6010132180162913e-05 -0.025354984157102783
505 -2.268474823332969e-05 -0.025223716243800626
507 1.0164126681250432e-05 -0.025099166128102594
509 4.852542597295829e-05 -0.025024670026894645
511 1.3931028429565448e-05 -0.02491438933140168
513 4.691247654901712e-05 -0.02485573415425902
515 5.4995325180214595e-05 -0.024718673155230176
517 -8.147637189402712e-05 -0.02462298985987092
519 4.393557421293607e-06 -0.024453445383979318
521 -1.0779148257333838e-05 -0.024380241014103313
523 2.9579818866340216e-05 -0.024289833543652602
525 -2.622887914555282e-05 -0.024206406248174397
527 -5.9392599621994916e-05 -0.024127541080156942
529 4.643762903369036e-05 -0.02405058536038132
531 6.665884803076128e-05 -0.023967786361923395
533 1.0228233924446844e-05 -0.023965670546643086
535 1.702614831463032e-05 -0.023887387537312676
537 -7.786097112224291e-05 -0.02377128864014269
539 -4.1874953635930097e-05 -0.023636542747979414
541 4.607640489484568e-06 -0.023532350112972913
543 9.17360812148002e-06 -0.023493071523553892
545 2.6888270055259795e-05 -0.023353126724264806
547 6.421747676537426e-05 -0.02327563495643983
549 4.9765941288971195e-05 -0.023138309015022906
551 2.3530319572443757e-06 -0.023094425616199198
553 -2.9123089658701537e-05 -0.023017336776757564
555 3.714970691752562e-05 -0.022977548817803044
557 9.180239232601704e-05 -0.022934108595735605
559 5.817316419536929e-05 -0.022780916445496686
561 1.9914695505401765e-05 -0.022720928495921066
563 2.5328307252641707e-05 -0.022654274945280436
565 1.8237475862187645e-06 -0.022559657669827614
567 -3.3970580827888696e-05 -0.022506574443020264
569 -6.232472326013181e-06 -0.022379743223022292
571 -7.62055889814299e-05 -0.022323150922027815
573 5.825344631896157e-05 -0.022241094632851167
575 1.5860593255149857e-05 -0.02218023864003579
577 -6.682457649258844e-05 -0.022129430783796936
579 -8.350647764842236e-05 -0.02204142966923296
581 -6.176596863278946e-06 -0.022012551450812167
583 -4.641777851644616e-05 -0.021771181985621658
585 -7.246265336519169e-05 -0.02177617334157378
587 -1.731685481551784e-05 -0.02169613082858588
589 -2.893683853960865e-05 -0.021585362500685334
591 -1.3047458596408672e-05 -0.02156370192997038
593 -4.84184885488806e-05 -0.02145618462893339
595 -3.3746644191819745e-05 -0.021396934408745738
597 -3.230331210239272e-05 -0.02131058096786899
599 -5.4137208608502156e-05 -0.021277666548137102
601 -4.2771293783379135e-05 -0.02125038102639186
603 -4.1462508905973776e-05 -0.021172583471097812
605 -2.2615632793595544e-05 -0.021024890287679992
607 -2.472766467105063e-05 -0.021002419741078342
609 -7.980455136297199e-07 -0.020877239052747402
611 -3.297258295470464e-05 -0.02084097092273589
613 -3.8375151824246755e-06 -0.02078597155210924
615 -3.483314715044263e-05 -0.020776700376682052
617 1.1018807810676981e-05 -0.020653339095118867
619 -3.0003599581858152e-06 -0.02063575187718184
621 3.4564915742974644e-06 -0.02054949033866619
623 2.333634356941543e-05 -0.02044727618780761
625 6.6974848906934615e-06 -0.020371237132513632
627 -5.073631390834972e-05 -0.020320636583368395
629 4.73860763289075e-05 -0.020167784689004157
631 3.2540937597519626e-06 -0.020112226128121823
633 3.465720028481361e-05 -0.02015943494574389
635 3.297193658899454e-05 -0.020120985037875752
637 9.936217959981685e-05 -0.01996971843368879
639 5.7558447166584285e-05 -0.01993963829735684
641 4.1007092051202986e-05 -0.0198852232169118
643 3.071151752284553e-05 -0.019737407704423837
645 1.406174698674466e-05 -0.019705169517727366
647 1.1175396505726087e-05 -0.01966288767053283
649 -4.6969884884615334e-05 -0.01957322706466352
651 -4.949466476924277e-05 -0.019538397614321974
653 -9.534919483251915e-08 -0.019517501662708252
655 4.296214353506084e-05 -0.01944908262489288
657 4.2391180277726166e-05 -0.019434786972953658
659 3.446740678068002e-05 -0.019372599395270397
661 2.7653144235900632e-05 -0.01920666575652255
663 5.470861662000277e-05 -0.01911798999244038
665 5.552340845064829e-05 -0.019067136494651766
667 4.4044126291139005e-05 -0.019080879987711657
669 1.5556390956998673e-05 -0.019064256986171726
671 -4.3046038440229516e-05 -0.01894085243081626
673 2.1256793956519684e-05 -0.01895955290723751
675 4.2867675901198185e-05 -0.018839224360702976
677 3.75595520053326e-05 -0.018774393259855658
679 8.831555724064925e-05 -0.018716048895268265
681 4.310541362238224e-05 -0.018692843319337522
683 2.9402912265923397e-05 -0.018616483060690667
685 2.8386722767140665e-05 -0.018528597362136644
687 2.5891216322534694e-05 -0.018533937995726897
689 4.999924543857363e-05 -0.0184597116428096
691 5.123505429665897e-05 -0.018411643839465957
693 5.3296330433443726e-06 -0.01836895595817677
695 5.66417655158475e-05 -0.018288952844474786
697 -4.215490853699983e-05 -0.018276711351476627
699 -4.06210679296918e-05 -0.018231488224342944
701 -3.0098285817072672e-05 -0.0182024355962989
703 -5.1107505727614494e-05 -0.01810313493183773
705 -6.286791943330815e-05 -0.018041811023432476
707 -3.903228911751255e-05 -0.01797296829858869
709 -6.869278670547797e-05 -0.017965778776379334
711 -7.546650839919098e-05 -0.017883088197917445
713 -3.370961808413165e-05 -0.01788697805298944
715 5.505951583882691e-05 -0.017744270290170824
717 2.0258234113607137e-05 -0.017751275805504847
719 6.772702932133831e-05 -0.01778244164398106
721 8.752577606417068e-05 -0.01766287921047351
723 3.38097580024486e-05 -0.017631900737183515
725 3.2595692120949666e-05 -0.017564623658732195
727 3.493949144561258e-05 -0.017536975506256196
729 4.748072311896407e-05 -0.017563005603297033
731 4.916493787714665e-05 -0.017417872065826366
733 7.30494946199219e-05 -0.01733882541597815
735 7.343598769824413e-05 -0.017352595172695422
737 1.1740442617402963e-05 -0.01729197451971144
739 -3.073081051241495e-05 -0.01722513332989578
741 -1.4934255070215905e-05 -0.0171969231684414
743 -4.243941159445027e-05 -0.017140428491564722
745 -1.8448122880190937e-05 -0.017106536168066903
747 -9.013364773889704e-05 -0.017045376897403475
749 -1.0290883774290388e-05 -0.017004466391185004
751 1.3239242871722428e-05 -0.01698010627892004
753 3.140661230665741e-05 -0.016883205672296335
755 7.787315619622196e-06 -0.016834856825032815
757 6.715374457983973e-05 -0.01687054688395359
759 2.9674506031268782e-05 -0.01679019468771117
761 -6.251171350551525e-06 -0.01673463515306845
763 2.9148784634352567e-05 -0.016686816019976968
765 9.268842432257859e-06 -0.01663075712362754
767 4.62215348691785e-05 -0.01657626395798618
769 -5.4257372215970366e-05 -0.016598735053791103
771 1.2776430142748205e-05 -0.016556144381251005
773 1.0957508034594713e-05 -0.016535382235741223
775 -1.4967113008067511e-05 -0.016446425763911122
777 -1.8938480216684693e-05 -0.016415020553843123
779 -6.722329651746988e-05 -0.016303517899875886
781 -4.6052311718823306e-05 -0.01625280233566629
783 9.936063542731774e-06 -0.01624356520251522
785 8.135455548222092e-05 -0.01619746284624648
787 -1.7100473587189148e-05 -0.016151475367954388
789 -1.1682052179060342e-05 -0.01615190057594406
791 3.2706611315775956e-06 -0.01610149844681105
793 1.7642206513901975e-05 -0.016113128470215985
795 5.153487410088968e-05 -0.01590896616321031
797 2.3652712369738553e-06 -0.015921870306300056
799 1.0903655239316127e-06 -0.015909858269676995
801 2.9512030185781908e-05 -0.01588577995121896
803 1.116898697399602e-05 -0.015915422562235465
805 1.7442275268142624e-05 -0.015766752411444748
807 6.393482400141173e-05 -0.015752879603711675
809 8.128280350944272e-05 -0.01571145908552722
811 6.628442962822672e-05 -0.01571469695655965
813 1.0044957591676687e-05 -0.015659249025921886
815 9.151955833361551e-06 -0.015620344054939013
817 -2.15035670226027e-05 -0.015557991463087303
819 4.4063806464149376e-05 -0.015522985119792866
821 -3.5282799593257266e-05 -0.015530826071648475
823 -4.6560820972880045e-05 -0.015465290866271093
825 -2.4194653346840014e-05 -0.015436973207290369
827 5.3590324492835095e-05 -0.015400789866032922
829 5.2994671413058215e-05 -0.0153421747570935
831 6.368040100227205e-05 -0.015322881424837823
833 -8.03152956706399e-06 -0.015228950354719101
835 -4.780426008958428e-05 -0.015239915593901926
837 -5.113895397256684e-06 -0.015204611071785201
839 2.8470763715373033e-05 -0.015155216140718032
841 1.5669865283568302e-07 -0.015140324716745916
843 9.849128025576506e-06 -0.015086489668207512
845 7.041034449326722e-07 -0.015086397730965585
847 -2.0835446887873094e-05 -0.015056246562197556
849 -7.541467117866956e-05 -0.015043056179834684
851 8.233194667117662e-05 -0.014903413933499116
853 4.952389861564717e-05 -0.014926865336873112
855 5.765009949414004e-07 -0.01489692663711259
857 9.723153297252928e-06 -0.01484718702622029
859 -1.6529648197087524e-05 -0.014814684617843535
861 -3.996684715189989e-05 -0.014771374659142179
863 -0.00012895500634459742 -0.014736898682750368
865 -6.510811710203815e-05 -0.014719310729106459
867 -1.989726982757e-05 -0.01472480677944978
869 -3.105029378078709e-05 -0.01459701588979228
871 -4.0190047104018446e-05 -0.014553681533553955
873 7.666999675965059e-06 -0.014487116315007523
875 3.545801960020583e-05 -0.014471266019789203
877 6.257897663772144e-05 -0.01439682434756061
879 -4.849245663733296e-05 -0.014376985589384281
881 5.370245374618408e-05 -0.014353342648045655
883 -7.727544135270712e-06 -0.014303924347395773
885 -1.909880639776946e-05 -0.014292182284413302
887 -6.113932907436015e-05 -0.014293538222308135
889 -9.255024389549192e-05 -0.014282296164165882
891 -9.602891330260124e-05 -0.014296009844358647
893 -7.467113273219473e-05 -0.014268013402257073
895 -2.5574953922402244e-05 -0.014189499678064004
897 2.7764810832328262e-05 -0.01418179140064542
899 5.625453469423681e-05 -0.014150680454895462
901 -1.1759913582532096e-05 -0.014136519115078447
903 -3.639942817339247e-05 -0.014111090646870252
905 -1.6998367842167332e-05 -0.014083391964809422
907 2.759904772616708e-05 -0.014049172406133856
909 5.086188342711013e-05 -0.013949052565590083
911 3.93317840151555e-05 -0.013942738675269661
913 2.3717363122463908e-05 -0.013934787040598424
915 2.1238636016763184e-05 -0.01395260262972956
917 5.164610012717207e-05 -0.013903755942354813
919 7.180187819223493e-05 -0.0138079397284483
921 5.418251706868694e-05 -0.013844516837689507
923 2.9929300804780096e-05 -0.013863389744444057
925 4.440984349056291e-05 -0.013819181204357487
927 -9.475166766172064e-06 -0.013813765931730788
929 2.567614906773353e-05 -0.013741576854590385
931 -1.0245851570884672e-06 -0.013640503596600455
933 6.036980262015448e-07 -0.013667336939644939
935 2.6663100649771692e-05 -0.013617217378310925
937 -6.284133197497239e-05 -0.013616508042297503
939 -1.6232486678887365e-05 -0.01355549738971236
941 -2.019799666754683e-05 -0.013533016056445333
943 4.0959472718171396e-06 -0.013518207034392885
945 1.6401030291963715e-07 -0.013501763054732987
947 -5.920004430856482e-07 -0.013483793574795962
949 -1.8353962155135287e-06 -0.013417503149631853
951 1.4766788110279142e-05 -0.013335028195151323
953 1.2930130448802557e-05 -0.013386069825394377
955 -2.6928993470424325e-05 -0.013318971949683378
957 -1.9643810708115706e-05 -0.013306324040977577
959 -5.867881077829417e-05 -0.01330326367073951
961 -5.5532697795817394e-05 -0.013318147943337461
963 -7.065447684925902e-05 -0.01324778677215796
965 -9.303742011109659e-06 -0.013285194915343688
967 -2.050072737850314e-05 -0.013246257146415846
969 -3.5767697668346866e-05 -0.013205139886793867
971 -2.047323329965082e-05 -0.013096753587799817
973 -1.4945276396250085e-05 -0.01309807570897459
975 -3.4534445648401992e-06 -0.013066011556964746
977 -3.32730997541839e-05 -0.01304276090145009
979 -1.9776475768032293e-05 -0.01301387083288612
981 1.1879855923973336e-06 -0.01300115972567849
983 -3.7102986720792406e-05 -0.012959796623794675
985 -2.3159562801480254e-05 -0.012926951762793567
987 -3.211581630895152e-05 -0.012935414865499158
989 4.118617145509081e-06 -0.012895263303969232
991 5.736663360709662e-05 -0.012907097543874379
993 -5.413040929838019e-06 -0.012909736678709292
995 2.8776266662386414e-05 -0.012854336175364077
997 8.239432224788983e-06 -0.012828466938707749
999 2.798063130776318e-05 -0.012795721067700008
1001 1.6562440952382354e-05 -0.012685505932543653
1003 7.367983266627283e-06 -0.012704290462194982
1005 -8.442261531773177e-06 -0.012701980507369046
1007 -2.8405435698355165e-05 -0.012562038867755837
1009 -2.0039854273643072e-05 -0.012548363628846381
1011 6.073126873687478e-05 -0.012521510695770765
1013 5.071687777311101e-05 -0.012528489327695765
1015 1.8100637284196795e-05 -0.012545532798923674
1017 -3.0234468305862963e-05 -0.0125065023454649
1019 -1.0468122430231757e-05 -0.012511246118767964
1021 -3.741580914160332e-05 -0.012468663856664187
1023 -1.707400069933323e-05 -0.012449772026908274
1025 -1.2288558370736504e-06 -0.012437001628400503
1027 3.0989208249002655e-05 -0.012441543101130279
1029 1.807262414370862e-05 -0.012415131809687572
1031 -1.139971576884697e-05 -0.012351578637854247
1033 7.067865944012226e-05 -0.012337299611424445
1035 6.950470056441364e-05 -0.012313991056245031
1037 5.529758239536148e-05 -0.012291498924392468
1039 8.106319628333977e-05 -0.012287160616244455
1041 5.9920232161800244e-05 -0.012253303275846039
1043 4.8394763084089784e-05 -0.012234597950538008
1045 7.595643183558746e-05 -0.012266288219537142
1047 9.362054651005866e-05 -0.012190824153730323
1049 3.166441099997044e-05 -0.01218167930115436
1051 -5.774042729772942e-05 -0.012134458654667309
1053 -5.593079181610953e-05 -0.012162207697975517
1055 2.7328797474711135e-05 -0.01210830967727091
1057 5.0017246291991236e-05 -0.01210110219946946
1059 6.670919731314225e-05 -0.01200738269719252
1061 7.020539575195808e-05 -0.012045430918722726
1063 2.5785469553624726e-05 -0.012023040146821385
1065 -1.055749339700654e-06 -0.011910263863392983
1067 -1.7663293579273918e-05 -0.011926432256980774
1069 3.7413871078838274e-05 -0.011867010984069167
1071 5.6059801274453275e-05 -0.011838905788171157
1073 9.63555846073529e-07 -0.011828376832431037
1075 -1.402642479650689e-05 -0.011902599708595968
1077 -2.5837405610234094e-05 -0.011842216138127545
1079 -4.794822808836557e-05 -0.011830296165379053
1081 -1.2514762878310071e-05 -0.011796627670021495
1083 2.741407353356006e-05 -0.011684615250826999
1085 -3.1674506716441066e-05 -0.011685036602007665
1087 -2.7864250578739334e-05 -0.011771746938192542
1089 3.8362259212956854e-05 -0.011685156510362104
1091 8.030605739307396e-05 -0.011638183508558908
1093 -3.191864781030033e-06 -0.011596005438503991
1095 7.799868719792708e-05 -0.01163389821825348
1097 9.616783202907162e-05 -0.011589229581656044
1099 1.1580634748573382e-05 -0.01163555710260298
1101 4.3737109334811304e-05 -0.011595964492908948
1103 -2.1436134917824714e-05 -0.011545362992451555
1105 -3.3869753890556817e-06 -0.011494987166368209
1107 -1.340994441581246e-05 -0.011517684005235397
1109 -3.650766345984371e-05 -0.011498389192592426
1111 -7.548866366770031e-05 -0.01148830245816661
1113 -3.474596320689618e-05 -0.011426703673355918
1115 -6.780890943313874e-05 -0.011441557651344542
1117 -6.402644819749573e-05 -0.01143701238353627
1119 -7.25866521104298e-05 -0.011447785026127996
1121 -5.025587530424772e-05 -0.011400780972063386
1123 -8.507458824421485e-05 -0.011402055743531538
1125 -3.0476303509332187e-05 -0.0113431783749394
1127 -1.2545469445762121e-05 -0.01130186444982161
1129 -1.084251907788207e-05 -0.011370870758918216
1131 3.8440708104196065e-05 -0.0113020884148073
1133 2.933557616214242e-05 -0.011348827656872517
1135 2.064160328765654e-05 -0.011305548258441187
1137 9.094833114203609e-07 -0.011272171265607782
1139 -5.3825864248344636e-05 -0.011216264608467509
1141 -9.236165696284448e-05 -0.011218257828762254
1143 -4.06330231957513e-05 -0.011219002162900008
1145 -6.253745596411838e-05 -0.011179985192927858
1147 -9.011100066031733e-05 -0.011090809959946627
1149 -5.921989618066195e-05 -0.011067000739091068
1151 4.024522591919022e-05 -0.011064953352234185
1153 -4.257949624506121e-05 -0.011049222254867291
1155 1.4801608536312112e-05 -0.011021633889524747
1157 3.306403769500896e-05 -0.011021980798780927
1159 3.705640938484202e-05 -0.011020015175128553
1161 -7.623565783009576e-06 -0.010964774132909668
1163 -7.746153310185501e-05 -0.010948334325842576
1165 -4.350019207744889e-05 -0.01087814401437442
1167 -5.412720702579277e-05 -0.010901086214744877
1169 1.354686715056418e-05 -0.010876561554096543
1171 5.151802168665894e-05 -0.010892440989284184
1173 -1.304582070632842e-05 -0.01089211235047582
1175 3.35855763582159e-06 -0.010809943812636872
1177 3.2361994952430785e-05 -0.01082049604592411
1179 4.4395771291111556e-05 -0.010821543403957466
1181 6.34054232954416e-05 -0.010783795916491293
1183 6.471427547828099e-05 -0.010828021571681066
1185 9.326359342884846e-05 -0.010808097716210269
1187 5.692193426100558e-05 -0.010717599697010253
1189 3.180033173915524e-06 -0.010718248278119723
1191 3.7563908721713205e-06 -0.010737035265960187
1193 2.58581087040217e-05 -0.010674370222181909
1195 6.05411744971075e-05 -0.010648708109950228
1197 -5.265685180303799e-05 -0.010648992233891406
1199 1.087979432397319e-07 -0.010594926264328786
1201 -8.014376034565707e-06 -0.01062575561797622
1203 -8.15225431656588e-06 -0.010640623704403133
1205 -1.7141260271375288e-06 -0.010655917312313997
1207 2.20258472867634e-05 -0.010523898045279242
1209 3.648451846871124e-05 -0.010579116098162894
1211 -7.33039136222918e-06 -0.010570094475557165
1213 -5.687047017035381e-07 -0.010515279425734884
1215 2.4559337089212907e-05 -0.010435073319041312
1217 -3.7739641749854076e-05 -0.01042259407609422
1219 -4.3678137048188334e-05 -0.010354786810899432
1221 2.79355300871765e-05 -0.010366964022525217
1223 4.836581643408824e-05 -0.010405495837661798
1225 3.233904739445226e-05 -0.010429311129493374
1227 6.832288970009463e-05 -0.01043826321547832
1229 5.209902718985822e-07 -0.010359402761601959
1231 3.814659647074e-05 -0.010384990419741164
1233 -2.8753321522690288e-05 -0.010412400766647702
1235 2.1116453671079957e-05 -0.010376856773519355
1237 1.7095629343608014e-06 -0.010316011923811486
1239 -5.120703161115843e-05 -0.010282094034593845
1241 -5.1801771944136584e-05 -0.010237407015141095
1243 2.1653613028057368e-05 -0.010251705867387374
1245 2.8894995083305202e-05 -0.010269345962266087
1247 1.9152960756763137e-05 -0.010202103187105911
1249 9.825662119740668e-06 -0.010156449255765764
1251 -7.901966334320602e-05 -0.010199553215129411
1253 -3.084133641767894e-05 -0.010131185432492841
1255 1.0678547047023781e-05 -0.010210633320186797
1257 7.883720820359228e-06 -0.010155184667388815
1259 -7.680559105487284e-06 -0.010090585992390115
1261 -1.863845020116877e-05 -0.010096225801383333
1263 2.0593712488229664e-05 -0.010068269304133785
1265 7.486880692698485e-05 -0.010086816940486909
1267 0.00011002551738094452 -0.01008514336584221
1269 2.85666403719073e-05 -0.010053968379499996
1271 9.827487150015659e-06 -0.01003664665797597
1273 2.5406527782102527e-06 -0.010011233202964542
1275 1.7526695641617113e-05 -0.010014771696931681
1277 3.855558210995507e-05 -0.010029760258363345
1279 1.0303017648760382e-05 -0.00999968691618609
1281 3.0057929704905408e-05 -0.0099981213507928
1283 -4.920569239157993e-06 -0.009988150787858908
1285 3.361068284373253e-06 -0.010025532679969256
1287 -5.3181282957023105e-05 -0.009957821477103276
1289 -8.708794435504657e-05 -0.009908854929746694
1291 -3.7887459412738366e-05 -0.009949444413114324
1293 7.578584635634771e-06 -0.0098644703173357
1295 -4.111294718084181e-05 -0.0098159573457811
1297 -1.4960505032961732e-06 -0.009859985434482387
1299 -6.73099143369729e-06 -0.009844625706676356
1301 1.3200380406834897e-05 -0.009726958859465914
1303 3.452630174333061e-05 -0.009688234390899124
1305 4.244993957158055e-05 -0.009747933398723678
1307 -1.915464669488271e-05 -0.00973885893736711
1309 -2.916902530512486e-06 -0.009729053241954633
1311 2.655470420867408e-05 -0.009691573146575315
1313 1.266263086721588e-05 -0.009674148194793014
1315 -9.377518104326806e-06 -0.009686215463636216
1317 -4.968921746277171e-06 -0.009696605514434561
1319 -4.699747913258644e-05 -0.009665611209339224
1321 -9.072675841789241e-05 -0.009666047575162671
1323 -1.7276147142719916e-05 -0.009597499796910079
1325 -1.1347663755174615e-05 -0.009580832058039208
1327 8.990965382847844e-05 -0.009558912752685129
1329 7.281908064508353e-05 -0.00957116943285426
1331 3.3899246957970284e-05 -0.00963725445753359
1333 1.659999579946066e-05 -0.009610864992273427
1335 -2.0830786577011528e-05 -0.009551077831358088
1337 1.059147087757209e-05 -0.009488628324811827
1339 -1.5653583706817724e-06 -0.009462132278318196
1341 -8.788676746778697e-06 -0.009462711199229121
1343 -4.365795108474696e-06 -0.009381932788304612
1345 1.0481136800152801e-05 -0.009382844107650752
1347 2.396092590104617e-05 -0.009374188012169929
1349 5.508945776363457e-05 -0.009343912450615261
1351 -8.795617712387291e-06 -0.009404223217436794
1353 3.559111247135289e-05 -0.009373255704171444
1355 1.6478360532676085e-05 -0.009367908903434476
1357 1.8596468150945574e-05 -0.009451129435319332
1359 3.9015961359887244e-05 -0.009479300485682874
1361 -2.761653231925522e-05 -0.009441513452123518
1363 -2.9194250848992456e-05 -0.00940199560533974
1365 -5.0464084814343005e-05 -0.009362005662837947
1367 -6.633456177392393e-05 -0.00936430570335093
1369 -4.86980391162494e-05 -0.009340588496270568
1371 7.900543627425832e-05 -0.0093349506540298
1373 7.745904359832218e-06 -0.009265468855568925
1375 -2.01757989858733e-05 -0.009253848424231085
1377 3.4707034869887514e-05 -0.009298063368500203
1379 1.4066148616645307e-05 -0.009257074229355955
1381 -2.004311216506375e-05 -0.009249410287607467
1383 1.3592773109640716e-06 -0.009220981211401488
1385 4.656711719864008e-05 -0.00918111942080365
1387 5.44335325356024e-05 -0.009177846326853914
1389 -5.545972349075599e-05 -0.009144811968389947
1391 -3.8707180772363096e-05 -0.009103599116239
1393 -4.000480849710956e-06 -0.009101505092888266
1395 3.959074606210427e-05 -0.00910193745947936
1397 8.08481564400924e-05 -0.009125138456572849
1399 5.788966553166943e-05 -0.009091096889174059
1401 -1.0561204477275526e-05 -0.009100863905378414
1403 2.1205359403490158e-05 -0.009120988887886917
1405 2.2261362283534236e-05 -0.009151252026550942
1407 -5.360350065712576e-05 -0.009107605176126306
1409 -4.6510869151546755e-05 -0.009091328508087438
1411 -2.5420863340001733e-05 -0.009013257707526711
1413 -4.968010431349482e-05 -0.008994803809134685
1415 -2.981703676565436e-06 -0.009006994335318635
1417 -5.363351338965021e-06 -0.008944778893984885
1419 5.698628013391198e-05 -0.008886439418627505
1421 3.2000383704049753e-05 -0.008911965597216708
1423 6.831169824836041e-05 -0.00893811909317595
1425 3.44191535261374e-05 -0.008891908367708246
1427 1.8630094218363918e-05 -0.0088925060625057
1429 3.453485156447301e-05 -0.008898215578109235
1431 5.8566506917510065e-05 -0.008852302257954645
1433 6.664813502014401e-05 -0.008897481726728534
1435 1.9011404712797836e-05 -0.008954818699718115
1437 2.3385086288951886e-05 -0.008888726690216928
1439 2.911631071505035e-05 -0.008884042121284937
1441 -3.7475025817627065e-05 -0.008886326188221045
1443 -1.0326630668465299e-05 -0.008812346656526308
1445 -1.8787128385078052e-05 -0.00878339283164139
1447 -2.7810738606686967e-05 -0.008771670996251322
1449 -1.1118197585388502e-05 -0.008793142707836984
1451 3.9376438596186514e-05 -0.00878019576066604
1453 -9.841773998894114e-07 -0.00872732763470575
1455 6.202213132945546e-05 -0.008737317063880489
1457 1.5572130283942305e-05 -0.008706755934705782
1459 3.6459591789870063e-06 -0.008764411506154252
1461 -2.195737273055146e-05 -0.008693463143626283
1463 -1.3212952002211695e-05 -0.008723344733954622
1465 -4.687676241857817e-05 -0.008612553147840374
1467 -3.1350318883116334e-05 -0.008615457800805785
1469 -6.964905898991896e-05 -0.008599897287395311
1471 -3.383814263718846e-05 -0.008637358441663856
1473 -2.430750677675153e-05 -0.008632571613653207
1475 2.2654673767402023e-05 -0.008601215312456344
1477 4.889421721433835e-05 -0.008566884199781149
1479 -1.4500405797029734e-06 -0.008528941180750163
1481 -4.146131510331416e-05 -0.00853744897066036
1483 -3.369027228909612e-05 -0.008540433662442393
1485 6.434892053657824e-06 -0.008493121437172681
1487 -3.071975481530148e-05 -0.008527314746239535
1489 -7.950484535360301e-05 -0.008561161444274096
1491 -1.6724523907711137e-05 -0.008531835668292244
1493 1.95066626072893e-05 -0.00851321144653914
1495 3.988716609386026e-05 -0.008500387315262717
1497 2.7682666676269755e-05 -0.008547156455489464
1499 8.376053689101675e-05 -0.008509200784244629
1501 -2.091346893410801e-05 -0.008465761683780482
1503 -2.7098094085992595e-05 -0.008426244156215266
1505 -5.127824393520944e-06 -0.008426772187314326
1507 -3.101785145545094e-05 -0.008454146178851454
1509 -3.2267346763999725e-05 -0.008454332649521747
1511 -1.249904605335927e-05 -0.00838792679315234
1513 -2.8926184405827543e-05 -0.008454129845057173
1515 -3.117366207229992e-05 -0.008399860095137048
1517 -5.440457441191579e-05 -0.008376187075569546
1519 -2.1426750841602923e-05 -0.008372976629221101
1521 1.5191933723810285e-05 -0.008338191708486365
1523 2.2363473844196684e-05 -0.008371064947484665
1525 2.9098657291235222e-05 -0.008347513449180237
1527 -3.340811110051015e-05 -0.008357084110551749
1529 -3.4168140339845406e-05 -0.008336352000117956
1531 -1.1833772483923738e-05 -0.00830970183645403
1533 -3.832459660824851e-05 -0.008316936822970472
1535 -7.426638344503162e-05 -0.008363671180184506
1537 -2.2785470928756555e-05 -0.00834338265691201
1539 -4.8508162448268315e-05 -0.008273024709453002
1541 9.685373043569291e-06 -0.008242682557584773
1543 7.179823012885277e-06 -0.008148336918292951
1545 -1.279037444256836e-05 -0.008209925053524332
1547 7.25754241031257e-05 -0.008215621360881727
1549 1.2103879639258954e-05 -0.008202952725299702
1551 3.666763190043059e-05 -0.008234344027694768
1553 4.555779019742232e-05 -0.008265392106018166
1555 4.715711772244003e-05 -0.008235412120790691
1557 7.410062433383193e-05 -0.008217244372546777
1559 4.052548097479292e-05 -0.008179613005116184
1561 5.7689281771147236e-05 -0.00817348416962375
1563 2.0112627919776318e-05 -0.008210903619554883
1565 4.862280104990767e-05 -0.008084095563295986
1567 7.8846073957926e-05 -0.008083506775261992
1569 1.4648880569821539e-05 -0.008090933878066461
1571 3.9776567803372815e-05 -0.008094972173395627
1573 -4.490798274335944e-05 -0.008098860797125495
1575 3.8084982939499505e-05 -0.008124115584620735
1577 3.959044350005888e-05 -0.008055441454768433
1579 4.0698749862601336e-05 -0.008069002561901564
1581 3.8893374330298734e-05 -0.00813027814747588
1583 2.8961588649620234e-05 -0.008136782533440958
1585 1.2029745967757928e-05 -0.008048355634262106
1587 3.434246984819371e-06 -0.007971020799781986
1589 -7.201516717010207e-05 -0.007944532677007364
1591 1.3844435507207078e-06 -0.007985138092445165
1593 1.5170192931272675e-05 -0.0080637579120839
1595 8.128427610403738e-05 -0.007993096914917371
1597 -8.870084209744675e-06 -0.00799193209938807
1599 9.274674788817311e-06 -0.007956161251369588
1601 4.177722572854396e-05 -0.007820452277257884
1603 1.8247421904869487e-05 -0.007832595188038253
1605 1.2509538616445998e-05 -0.007862466418969592
1607 6.579123034558106e-05 -0.007901429761956036
1609 4.933990899596084e-05 -0.007950919830609955
1611 4.127971045262241e-06 -0.007903785381501034
1613 -1.9075508066002607e-06 -0.007845416868490804
1615 1.137832556358559e-05 -0.007771401335816153
1617 4.228827488280655e-05 -0.007821447518380428
1619 3.656537425555806e-05 -0.00782283402498403
1621 2.3996402944347084e-05 -0.007798607325987434
1623 -1.897267429133014e-05 -0.00781612963685854
1625 1.1999561288491608e-05 -0.0077849258287265
1627 1.5137456440580606e-05 -0.007770101275612613
1629 -2.0502413715331146e-06 -0.007788878409261921
1631 6.266699798209585e-06 -0.007759623048362271
1633 -5.250118964539146e-06 -0.007845370537659966
1635 -4.546123874629971e-05 -0.0077975911791383305
1637 -5.5760344657619496e-05 -0.007783488570805014
1639 0.0 -0.0077683925853274105
1641 0.0 -0.0077589247089284745
1643 0.0 -0.007749479882745968
1645 0.0 -0.007740058022706157
1647 0.0 -0.007730659045143672
1649 0.0 -0.007721282866799047
1651 0.0 -0.00771192940481625
1653 0.0 -0.007702598576740248
1655 0.0 -0.007693290300514579
1657 0.0 -0.007684004494478955
1659 0.0 -0.007674741077366864
1661 0.0 -0.007665499968303207
1663 0.0 -0.007656281086801941
1665 0.0 -0.00764708435276374
1667 0.0 -0.007637909686473683
1669 0.0 -0.007628757008598937
1671 0.0 -0.007619626240186491
1673 0.0 -0.007610517302660865
1675 0.0 -0.007601430117821866
1677 0.0 -0.007592364607842353
1679 0.0 -0.007583320695266007
1681 0.0 -0.007574298303005132
1683 0.0 -0.00756529735433846
1685 0.0 -0.007556317772908978
1687 0.0 -0.007547359482721771
1689 0.0 -0.0075384224081418766
1691 0.0 -0.007529506473892151
1693 0.0 -0.007520611605051168
1695 0.0 -0.007511737727051108
1697 0.0 -0.007502884765675679
1699 0.0 -0.00749405264705805
1701 0.0 -0.007485241297678793
1703 0.0 -0.007476450644363845
1705 0.0 -0.007467680614282478
1707 0.0 -0.0074589311349453
1709 0.0 -0.007450202134202239
1711 0.0 -0.0074414935402405775
1713 0.0 -0.0074328052815829685
1715 0.0 -0.007424137287085496
1717 0.0 -0.007415489485935718
1719 0.0 -0.007406861807650743
1721 0.0 -0.007398254182075321
1723 0.0 -0.007389666539379935
1725 0.0 -0.007381098810058916
1727 0.0 -0.007372550924928562
1729 0.0 -0.007364022815125291
1731 0.0 -0.007355514412103772
1733 0.0 -0.0073470256476351
1735 0.0 -0.007338556453804972
1737 0.0 -0.007330106763011875
1739 0.0 -0.007321676507965284
1741 0.0 -0.007313265621683875
1743 0.0 -0.007304874037493762
1745 0.0 -0.007296501689026721
1747 0.0 -0.007288148510218448
1749 0.0 -0.007279814435306818
1751 0.0 -0.007271499398830169
1753 0.0 -0.007263203335625572
1755 0.0 -0.007254926180827138
1757 0.0 -0.00724666786986433
1759 0.0 -0.007238428338460278
1761 0.0 -0.007230207522630113
1763 0.0 -0.007222005358679312
1765 0.0 -0.007213821783202055
1767 0.0 -0.007205656733079586
1769 0.0 -0.007197510145478592
1771 0.0 -0.007189381957849591
1773 0.0 -0.0071812721079253395
1775 0.0 -0.007173180533719227
1777 0.0 -0.007165107173523707
1779 0.0 -0.007157051965908727
1781 0.0 -0.007149014849720172
1783 0.0 -0.00714099576407831
1785 0.0 -0.007132994648376261
1787 0.0 -0.0071250114422784705
1789 0.0 -0.007117046085719188
1791 0.0 -0.007109098518900964
1793 0.0 -0.007101168682293156
1795 0.0 -0.007093256516630434
1797 0.0 -0.007085361962911312
1799 0.0 -0.007077484962396681
1801 0.0 -0.0070696254566083435
1803 0.0 -0.007061783387327581
1805 0.0 -0.0070539586965937
1807 0.0 -0.007046151326702616
1809 0.0 -0.007038361220205432
1811 0.0 -0.007030588319907028
1813 0.0 -0.00702283256886466
1815 0.0 -0.007015093910386571
1817 0.0 -0.0070073722880306145
1819 0.0 -0.0069996676456028735
1821 0.0 -0.006991979927156303
1823 0.0 -0.0069843090769893725
1825 0.0 -0.006976655039644727
1827 0.0 -0.006969017759907842
1829 0.0 -0.006961397182805701
1831 0.0 -0.006953793253605477
1833 0.0 -0.006946205917813218
1835 0.0 -0.00693863512117255
1837 0.0 -0.006931080809663379
1839 0.0 -0.006923542929500613
1841 0.0 -0.006916021427132878
1843 0.0 -0.006908516249241253
1845 0.0 -0.0069010273427380095
1847 0.0 -0.006893554654765364
1849 0.0 -0.006886098132694228
1851 0.0 -0.006878657724122975
1853 0.0 -0.006871233376876215
1855 0.0 -0.0068638250390035726
1857 0.0 -0.0068564326587784745
1859 0.0 -0.006849056184696948
1861 0.0 -0.0068416955654764244
1863 0.0 -0.00683435075005455
1865 0.0 -0.006827021687588004
1867 0.0 -0.006819708327451327
1869 0.0 -0.006812410619235756
1871 0.0 -0.006805128512748065
1873 0.0 -0.006797861958009411
1875 0.0 -0.006790610905254201
1877 0.0 -0.006783375304928944
1879 0.0 -0.006776155107691128
1881 0.0 -0.006768950264408095
1883 0.0 -0.006761760726155936
1885 0.0 -0.00675458644421837
1887 0.0 -0.006747427370085653
1889 0.0 -0.006740283455453481
1891 0.0 -0.0067331546522219074
1893 0.0 -0.006726040912494256
1895 0.0 -0.006718942188576056
1897 0.0 -0.006711858432973973
1899 0.0 -0.006704789598394748
1901 0.0 -0.006697735637744149
1903 0.0 -0.006690696504125921
1905 0.0 -0.0066836721508407495
1907 0.0 -0.006676662531385227
1909 0.0 -0.006669667599450827
1911 0.0 -0.006662687308922882
1913 0.0 -0.0066557216138795755
1915 0.0 -0.006648770468590929
1917 0.0 -0.006641833827517802
1919 0.0 -0.006634911645310905
1921 0.0 -0.006628003876809801
1923 0.0 -0.006621110477041928
1925 0.0 -0.006614231401221624
1927 0.0 -0.006607366604749158
1929 0.0 -0.00660051604320976
1931 0.0 -0.0065936796723726696
1933 0.0 -0.006586857448190184
1935 0.0 -0.006580049326796706
1937 0.0 -0.00657325526450781
1939 0.0 -0.006566475217819302
1941 0.0 -0.0065597091434063
1943 0.0 -0.0065529569981223
1945 0.0 -0.006546218738998267
1947 0.0 -0.006539494323241719
1949 0.0 -0.006532783708235827
1951 0.0 -0.006526086851538508
1953 0.0 -0.006519403710881529
1955 0.0 -0.00651273424416963
1957 0.0 -0.006506078409479626
1959 0.0 -0.0064994361650595345
1961 0.0 -0.006492807469327703
1963 0.0 -0.006486192280871945
1965 0.0 -0.006479590558448665
1967 0.0 -0.0064730022609820175
1969 0.0 -0.00646642734756304
1971 0.0 -0.006459865777448821
1973 0.0 -0.006453317510061646
1975 0.0 -0.006446782504988166
1977 0.0 -0.006440260721978568
1979 0.0 -0.006433752120945745
1981 0.0 -0.006427256661964477
1983 0.0 -0.006420774305270614
1985 0.0 -0.006414305011260266
1987 0.0 -0.006407848740488993
1989 0.0 -0.006401405453671005
1991 0.0 -0.006394975111678366
1993 0.0 -0.006388557675540204
1995 0.0 -0.006382153106441918
1997 0.0 -0.006375761365724399
1999 0.0 -0.006369382414883255
2001 0.0 -0.0063630162155680296
2003 0.0 -0.006356662729581442
2005 0.0 -0.006350321918878616
2007 0.0 -0.006343993745566331
2009 0.0 -0.006337678171902253
2011 0.0 -0.006331375160294196
2013 0.0 -0.0063250846732993676
2015 0.0 -0.006318806673623637
2017 0.0 -0.006312541124120788
2019 0.0 -0.006306287987791792
2021 0.0 -0.006300047227784081
2023 0.0 -0.00629381880739082
2025 0.0 -0.006287602690050187
2027 0.0 -0.00628139883934466
2029 0.0 -0.006275207219000309
2031 0.0 -0.00626902779288608
2033 0.0 -0.006262860525013098
2035 0.0 -0.006256705379533969
2037 0.0 -0.006250562320742085
2039 0.0 -0.00624443131307093
2041 0.0 -0.006238312321093398
2043 0.0 -0.0062322053095211095
2045 0.0 -0.00622611024320373
2047 0.0 -0.006220027087128299
2049 0.0 -0.006213955806418559
