-2049 0.0 0.006213955806418559
-2047 0.0 0.006220027087128299
-2045 0.0 0.00622611024320373
-2043 0.0 0.0062322053095211095
-2041 0.0 0.006238312321093398
-2039 0.0 0.00624443131307093
-2037 0.0 0.006250562320742085
-2035 0.0 0.006256705379533969
-2033 0.0 0.006262860525013098
-2031 0.0 0.00626902779288608
-2029 0.0 0.006275207219000309
-2027 0.0 0.00628139883934466
-2025 0.0 0.006287602690050187
-2023 0.0 0.00629381880739082
-2021 0.0 0.006300047227784081
-2019 0.0 0.006306287987791792
-2017 0.0 0.006312541124120788
-2015 0.0 0.006318806673623637
-2013 0.0 0.0063250846732993676
-2011 0.0 0.006331375160294196
-2009 0.0 0.006337678171902253
-2007 0.0 0.006343993745566331
-2005 0.0 0.006350321918878616
-2003 0.0 0.006356662729581442
-2001 0.0 0.0063630162155680296
-1999 0.0 0.006369382414883255
-1997 0.0 0.006375761365724399
-1995 0.0 0.006382153106441918
-1993 0.0 0.006388557675540204
-1991 0.0 0.006394975111678366
-1989 0.0 0.006401405453671005
-1987 0.0 0.006407848740488993
-1985 0.0 0.006414305011260266
-1983 0.0 0.006420774305270614
-1981 0.0 0.006427256661964477
-1979 0.0 0.006433752120945745
-1977 0.0 0.006440260721978568
-1975 0.0 0.006446782504988166
-1973 0.0 0.006453317510061646
-1971 0.0 0.006459865777448821
-1969 0.0 0.00646642734756304
-1967 0.0 0.0064730022609820175
-1965 0.0 0.006479590558448665
-1963 0.0 0.006486192280871945
-1961 0.0 0.006492807469327703
-1959 0.0 0.0064994361650595345
-1957 0.0 0.006506078409479626
-1955 0.0 0.00651273424416963
-1953 0.0 0.006519403710881529
-1951 0.0 0.006526086851538508
-1949 0.0 0.006532783708235827
-1947 0.0 0.006539494323241719
-1945 0.0 0.006546218738998267
-1943 0.0 0.0065529569981223
-1941 0.0 0.0065597091434063
-1939 0.0 0.006566475217819302
-1937 0.0 0.00657325526450781
-1935 0.0 0.006580049326796706
-1933 0.0 0.006586857448190184
-1931 0.0 0.0065936796723726696
-1929 0.0 0.00660051604320976
-1927 0.0 0.006607366604749158
-1925 0.0 0.006614231401221624
-1923 0.0 0.006621110477041928
-1921 0.0 0.006628003876809801
-1919 0.0 0.006634911645310905
-1917 0.0 0.006641833827517802
-1915 0.0 0.006648770468590929
-1913 0.0 0.0066557216138795755
-1911 0.0 0.006662687308922882
-1909 0.0 0.006669667599450827
-1907 0.0 0.006676662531385227
-1905 0.0 0.0066836721508407495
-1903 0.0 0.006690696504125921
-1901 0.0 0.006697735637744149
-1899 0.0 0.006704789598394748
-1897 0.0 0.006711858432973973
-1895 0.0 0.006718942188576056
-1893 0.0 0.006726040912494256
-1891 0.0 0.0067331546522219074
-1889 0.0 0.006740283455453481
-1887 0.0 0.006747427370085653
-1885 0.0 0.00675458644421837
-1883 0.0 0.006761760726155936
-1881 0.0 0.006768950264408095
-1879 0.0 0.006776155107691128
-1877 0.0 0.006783375304928944
-1875 0.0 0.006790610905254201
-1873 0.0 0.006797861958009411
-1871 0.0 0.006805128512748065
-1869 0.0 0.006812410619235756
-1867 0.0 0.006819708327451327
-1865 0.0 0.006827021687588004
-1863 0.0 0.00683435075005455
-1861 0.0 0.0068416955654764244
-1859 0.0 0.006849056184696948
-1857 0.0 0.0068564326587784745
-1855 0.0 0.0068638250390035726
-1853 0.0 0.006871233376876215
-1851 0.0 0.006878657724122975
-1849 0.0 0.006886098132694228
-1847 0.0 0.006893554654765364
-1845 0.0 0.0069010273427380095
-1843 0.0 0.006908516249241253
-1841 0.0 0.006916021427132878
-1839 0.0 0.006923542929500613
-1837 0.0 0.006931080809663379
-1835 0.0 0.00693863512117255
-1833 0.0 0.006946205917813218
-1831 0.0 0.006953793253605477
-1829 0.0 0.006961397182805701
-1827 0.0 0.006969017759907842
-1825 0.0 0.006976655039644727
-1823 0.0 0.0069843090769893725
-1821 0.0 0.006991979927156303
-1819 0.0 0.0069996676456028735
-1817 0.0 0.0070073722880306145
-1815 0.0 0.007015093910386571
-1813 0.0 0.00702283256886466
-1811 0.0 0.007030588319907028
-1809 0.0 0.007038361220205432
-1807 0.0 0.007046151326702616
-1805 0.0 0.0070539586965937
-1803 0.0 0.007061783387327581
-1801 0.0 0.0070696254566083435
-1799 0.0 0.007077484962396681
-1797 0.0 0.007085361962911312
-1795 0.0 0.007093256516630434
-1793 0.0 0.007101168682293156
-1791 0.0 0.007109098518900964
-1789 0.0 0.007117046085719188
-1787 0.0 0.0071250114422784705
-1785 0.0 0.007132994648376261
-1783 0.0 0.00714099576407831
-1781 0.0 0.007149014849720172
-1779 0.0 0.007157051965908727
-1777 0.0 0.007165107173523707
-1775 0.0 0.007173180533719227
-1773 0.0 0.0071812721079253395
-1771 0.0 0.007189381957849591
-1769 0.0 0.007197510145478592
-1767 0.0 0.007205656733079586
-1765 0.0 0.007213821783202055
-1763 0.0 0.007222005358679312
-1761 0.0 0.007230207522630113
-1759 0.0 0.007238428338460278
-1757 0.0 0.00724666786986433
-1755 0.0 0.007254926180827138
-1753 0.0 0.007263203335625572
-1751 0.0 0.007271499398830169
-1749 0.0 0.007279814435306818
-1747 0.0 0.007288148510218448
-1745 0.0 0.007296501689026721
-1743 0.0 0.007304874037493762
-1741 0.0 0.007313265621683875
-1739 0.0 0.007321676507965284
-1737 0.0 0.007330106763011875
-1735 0.0 0.007338556453804972
-1733 0.0 0.0073470256476351
-1731 0.0 0.007355514412103772
-1729 0.0 0.007364022815125291
-1727 0.0 0.007372550924928562
-1725 0.0 0.007381098810058916
-1723 0.0 0.007389666539379935
-1721 0.0 0.007398254182075321
-1719 0.0 0.007406861807650743
-1717 0.0 0.007415489485935718
-1715 0.0 0.007424137287085496
-1713 0.0 0.0074328052815829685
-1711 0.0 0.0074414935402405775
-1709 0.0 0.007450202134202239
-1707 0.0 0.0074589311349453
-1705 0.0 0.007467680614282478
-1703 0.0 0.007476450644363845
-1701 0.0 0.007485241297678793
-1699 0.0 0.00749405264705805
-1697 0.0 0.007502884765675679
-1695 0.0 0.007511737727051108
-1693 0.0 0.007520611605051168
-1691 0.0 0.007529506473892151
-1689 0.0 0.0075384224081418766
-1687 0.0 0.007547359482721771
-1685 0.0 0.007556317772908978
-1683 0.0 0.00756529735433846
-1681 0.0 0.007574298303005132
-1679 0.0 0.007583320695266007
-1677 0.0 0.007592364607842353
-1675 0.0 0.007601430117821866
-1673 0.0 0.007610517302660865
-1671 0.0 0.007619626240186491
-1669 0.0 0.007628757008598937
-1667 0.0 0.007637909686473683
-1665 0.0 0.00764708435276374
-1663 0.0 0.007656281086801941
-1661 0.0 0.007665499968303207
-1659 0.0 0.007674741077366864
-1657 0.0 0.007684004494478955
-1655 0.0 0.007693290300514579
-1653 0.0 0.007702598576740248
-1651 0.0 0.00771192940481625
-1649 0.0 0.007721282866799047
-1647 0.0 0.007730659045143672
-1645 0.0 0.007740058022706157
-1643 0.0 0.007749479882745968
-1641 0.0 0.0077589247089284745
-1639 0.0 0.0077683925853274105
-1637 4.672094665627729e-05 0.007772780465350808
-1635 4.253951943214174e-05 0.00779743109963617
-1633 7.302418994112457e-05 0.00779880023427314
-1631 8.102316483538308e-05 0.007745674758942577
-1629 1.28962195546448e-05 0.0078036602218559065
-1627 1.6989751892753083e-05 0.007874778131732863
-1625 3.7885651100232913e-05 0.007871689149293435
-1623 -2.9052384562293348e-05 0.007868533024118222
-1621 -2.204472005197795e-05 0.007855980348328094
-1619 -4.28347872655505e-05 0.007907291746906946
-1617 1.443085826494136e-06 0.007936458271287545
-1615 -1.9058631866636514e-05 0.007913587236686025
-1613 -1.3321975339894576e-05 0.007856255857030797
-1611 -3.69497441319573e-05 0.007882439608648768
-1609 -1.5269927123347948e-05 0.007923419769936955
-1607 2.5535318940550845e-05 0.007936109415021183
-1605 3.207904734180222e-05 0.007944002020280748
-1603 2.0014249990089636e-05 0.007941904859247279
-1601 1.7453405558158027e-05 0.007970189422859328
-1599 1.605412512069403e-05 0.00798473727350985
-1597 3.0621095867168245e-05 0.007980634111010973
-1595 -3.57976333793931e-06 0.00804272912526489
-1593 1.7551226971841175e-05 0.00795982603568274
-1591 1.8678500291448087e-05 0.007943910612362168
-1589 1.767657945354882e-05 0.008024028393902654
-1587 6.084258171049492e-06 0.00800866163658176
-1585 -9.640587636115023e-06 0.007979520211241983
-1583 3.246673025854321e-05 0.008026764650982007
-1581 3.8734331710394204e-05 0.0080003867094226
-1579 2.4954862764601784e-05 0.008066514206908942
-1577 8.871629619020176e-06 0.008032774396480556
-1575 1.821398063636475e-05 0.008015047440947127
-1573 9.056285976734021e-05 0.007986063816795584
-1571 -2.6491704704593803e-05 0.008088288811080488
-1569 8.713517732990874e-06 0.008044780834087512
-1567 3.049988649463605e-05 0.008147168369535272
-1565 -1.0132640249904475e-05 0.008178580251838676
-1563 -1.1871127982242471e-05 0.008069834280909148
-1561 -3.4814931979227505e-05 0.00814245445867623
-1559 -0.00010095016311211457 0.008125220746908999
-1557 -0.00012369849566333987 0.00816337664580485
-1555 -1.478847795718232e-05 0.008168567203773038
-1553 3.509380067309946e-05 0.008157119588271592
-1551 9.238508709299994e-07 0.008218066952281229
-1549 -5.446153206988097e-05 0.008216356219301193
-1547 -5.5730340983795185e-05 0.008226449353174731
-1545 -3.812725341049616e-05 0.008222755298691431
-1543 5.5799992405866895e-05 0.008238508497902001
-1541 5.3573410393370664e-05 0.008225771293500545
-1539 -3.7875510974791995e-06 0.008232028683085488
-1537 -0.00010372773906869895 0.0082723850461859
-1535 -6.803559795825565e-05 0.00829030967292097
-1533 -1.613077436972978e-05 0.008339548627612521
-1531 -4.93100687736276e-05 0.008282642830031002
-1529 -3.694103491987334e-05 0.008228655404717792
-1527 1.8240653527530908e-06 0.008307215966536352
-1525 1.4387384602272238e-05 0.008357190671412237
-1523 0.00011025587846900738 0.008391627830006786
-1521 7.46643804525237e-05 0.008371658349804228
-1519 4.677199298900442e-06 0.008330972180435518
-1517 -2.289842752423118e-05 0.008334547848724267
-1515 2.5749267703299185e-06 0.008385939258055046
-1513 1.5235815014330109e-05 0.008381102394190402
-1511 0.00011066186771167969 0.00836260168099973
-1509 4.535958062603658e-05 0.008407485337937495
-1507 8.282705233082172e-05 0.00849709633047081
-1505 9.915639171175863e-05 0.008480630646404372
-1503 1.345917223531475e-05 0.008545629639660993
-1501 0.00012536224736268666 0.008556159887016213
-1499 4.867364708191888e-05 0.00848546944575074
-1497 1.3377384493399112e-05 0.008538793039709626
-1495 5.282632195159671e-05 0.008570536367948805
-1493 -2.7808850630867893e-05 0.008547709863697843
-1491 -1.1310207787583857e-05 0.008509644679831575
-1489 -3.59269443719421e-05 0.00855893862174001
-1487 -7.683526397744134e-07 0.008532174874343549
-1485 2.194083833927602e-05 0.008599806148245204
-1483 -0.00011051975043724997 0.008629003871335791
-1481 -3.4949548309918784e-05 0.008608370143876762
-1479 -3.264715323677101e-05 0.00862159500248774
-1477 -4.172886560663322e-05 0.008581789722758384
-1475 -9.193487946337271e-05 0.008641391429349606
-1473 8.633019863692915e-06 0.00869768084281349
-1471 1.0257622095933103e-05 0.00864449743755686
-1469 8.630703143435231e-06 0.008679180499534719
-1467 1.911106992671169e-05 0.00865642582705388
-1465 3.216148920509454e-05 0.008685648121714535
-1463 6.396582311936271e-05 0.008643242859985516
-1461 6.53144603266123e-05 0.0087075733556404
-1459 6.558937457025072e-06 0.008689076370234252
-1457 8.238839180940318e-06 0.00869716174381872
-1455 3.941760020287339e-05 0.00864556335026555
-1453 1.270906271423727e-06 0.008637408091478135
-1451 1.3229918455088667e-05 0.008769081214059926
-1449 -3.928625019219417e-05 0.0087040622017945
-1447 5.825528469016835e-05 0.008699688388505596
-1445 -6.648479544311481e-06 0.008771868078530755
-1443 -4.4559423022672424e-05 0.008801785360275972
-1441 1.2658658048815488e-05 0.00884392077308858
-1439 -8.4315088030828e-06 0.008712089125852987
-1437 2.1147612995040625e-06 0.008802841230395734
-1435 7.115876133944305e-06 0.008878862703050319
-1433 -4.321932875309711e-05 0.008863555759190076
-1431 3.0487119866843097e-06 0.008869062644557073
-1429 -4.9747799219497484e-05 0.008899018899021335
-1427 -8.828785010603524e-06 0.008921602779960116
-1425 -1.4528060494019494e-05 0.008912971815673411
-1423 9.918193149331268e-06 0.008883879228714666
-1421 -1.8427907952070582e-06 0.008925901033477322
-1419 4.2923324843391575e-05 0.008956374504836257
-1417 1.1217350907106393e-05 0.0089276130969262
-1415 -4.465531570044842e-05 0.008952806378250536
-1413 -3.803236970250088e-05 0.009056836914164852
-1411 -7.47191887198154e-05 0.009004427577950601
-1409 -7.895678480683186e-05 0.009056699064317355
-1407 -7.218293674319279e-05 0.009010763612418945
-1405 -0.00010798083268595661 0.00907623399100441
-1403 -1.4845650455025153e-05 0.009065284314015357
-1401 3.966718480303359e-05 0.009049104872684892
-1399 4.020774419691861e-05 0.00902250520096457
-1397 4.1421536505556285e-05 0.00907621612061964
-1395 -8.897308884763876e-06 0.009095511158404672
-1393 -6.864689690356649e-05 0.009189075743217957
-1391 -6.445185247366396e-05 0.009155192155823551
-1389 3.145712796883298e-05 0.009211064809041129
-1387 -2.2982984125632584e-05 0.009142349400423386
-1385 -4.5555150934612546e-05 0.009146872384684753
-1383 -1.90422642493343e-05 0.009210569881943877
-1381 -3.0412902284932123e-05 0.009188360171036483
-1379 -2.089698956330165e-05 0.009236467308058808
-1377 -4.1838618038689855e-05 0.009250079329830858
-1375 -3.5465888202780856e-05 0.009272537572200019
-1373 -7.301749101856956e-05 0.009294081103567428
-1371 -4.537055419911818e-05 0.009313208694921225
-1369 -2.2201881635419244e-05 0.009304719288074062
-1367 -6.928465756503947e-05 0.009272804813836315
-1365 4.906586504082966e-06 0.009333172073914492
-1363 1.1610796787097844e-05 0.009254386614637258
-1361 -1.3011204987014843e-05 0.009296086040331298
-1359 -9.857070254072805e-05 0.009369019331295228
-1357 -2.746353973570045e-06 0.009349301166958437
-1355 -2.0954871040539097e-06 0.00932995109877155
-1353 -2.4541508261096365e-05 0.009396757821985222
-1351 -6.538453495988583e-05 0.009458475720266559
-1349 -2.952663464871448e-05 0.009457463863357255
-1347 -8.408865940781477e-05 0.009510716905454164
-1345 -6.0956049642463165e-05 0.009544223298909688
-1343 1.1571432246061487e-05 0.009501540123231345
-1341 -2.0691186840609427e-05 0.009505418251117266
-1339 -6.543762062415429e-06 0.009457995188453588
-1337 -5.159904025029101e-05 0.009450198022031843
-1335 1.98535751919398e-07 0.009539387181676108
-1333 -9.83975051217363e-06 0.009535848913325443
-1331 -5.113956088280373e-05 0.009587541132028855
-1329 -5.3392183955724514e-05 0.00956526324978332
-1327 -1.4752073255378472e-05 0.009573614753922627
-1325 -3.3998291598195015e-05 0.009705055224140011
-1323 -5.352199141765929e-05 0.009745539881135688
-1321 -4.165543572102181e-05 0.009691379487435774
-1319 3.625375079559782e-05 0.009690704034189706
-1317 -2.1888885533841782e-05 0.009696216461409649
-1315 -2.0021026291338542e-05 0.009723640215632092
-1313 -3.679588342332594e-05 0.009796212415229748
-1311 -6.80062217218942e-05 0.00974825162700221
-1309 -6.923991295033707e-05 0.009778803114647922
-1307 1.1694960754735734e-05 0.009759130658064078
-1305 1.2236820294035974e-05 0.009763066377480879
-1303 -4.8147407318669514e-05 0.009830668505041969
-1301 -7.063688151563206e-05 0.009839731835761029
-1299 2.4542099480347e-07 0.009804496195639554
-1297 0.0001093847999801534 0.009824805932892287
-1295 8.421925210038786e-05 0.009878229328025248
-1293 3.979575344812683e-05 0.009951382113687212
-1291 8.086377049523028e-05 0.009932937276748342
-1289 5.341062391363878e-05 0.009905282394167048
-1287 4.239879770488415e-05 0.009916780302407462
-1285 -7.451874077783684e-06 0.00994372331962157
-1283 2.3062112816632206e-05 0.009977124290683342
-1281 3.1698575907312765e-05 0.009989082351017704
-1279 -6.733063384290657e-05 0.009965826003171951
-1277 -6.695961219219423e-05 0.00997284179904052
-1275 -7.445640156580938e-05 0.009941324395212326
-1273 6.315947381133017e-06 0.009979740527710704
-1271 1.607805529839899e-05 0.010012005156950884
-1269 0.00011702263784092022 0.010103243299220818
-1267 0.00010471799163724036 0.010075188900033734
-1265 0.00011527086976702415 0.010119341644546843
-1263 3.292776843243737e-05 0.010134564244077871
-1261 9.383572123965463e-05 0.010074221595894032
-1259 3.748770743693613e-05 0.010072808238482493
-1257 3.323251847601242e-05 0.010156844577903546
-1255 6.153014773935129e-05 0.010115735254265276
-1253 3.7422490236860027e-05 0.010179828433677233
-1251 4.0163585181293106e-05 0.010133470627706415
-1249 -3.66745459761163e-06 0.010146364201079805
-1247 -4.427264366780933e-05 0.010210036274224857
-1245 -1.2885239190557005e-06 0.010301106510225349
-1243 -2.0082855773302616e-05 0.010381777724879951
-1241 -4.7688581954453026e-05 0.010362253182407043
-1239 -2.9381218796580126e-06 0.010311532240243
-1237 4.057103283490073e-06 0.010290034914148236
-1235 7.763305827308873e-05 0.010302579140827318
-1233 4.10130305128555e-05 0.010361065522440201
-1231 -4.246426998556143e-05 0.01035371816191639
-1229 -4.1966312396384116e-05 0.010435505427885053
-1227 8.734996032530117e-06 0.010364976524579073
-1225 2.68344644387231e-05 0.010346701061318095
-1223 6.499293401889718e-07 0.01035544167127659
-1221 -4.768828145660348e-05 0.010339446766558387
-1219 2.9200411180555944e-06 0.010451065302978171
-1217 6.878218492340034e-05 0.010422152330305974
-1215 2.8130997288688836e-05 0.010461984656752075
-1213 2.2997370315350714e-05 0.010483149872564181
-1211 -1.249593166884082e-05 0.010423330415485892
-1209 -2.879306252136821e-05 0.010455556381393668
-1207 -3.9081769582432395e-05 0.010465329112899031
-1205 -1.4020878431943868e-05 0.010551900870948705
-1203 -2.2484821162333413e-05 0.01048897255827712
-1201 -0.00010344422422937363 0.010568890739955254
-1199 -5.41565816443463e-05 0.010588471297177082
-1197 -5.458481784206811e-05 0.010623107757629537
-1195 -5.1918175972240265e-05 0.010672151802324514
-1193 -5.2275832002518133e-05 0.010742946579641515
-1191 -3.106994032672371e-05 0.010731319654137976
-1189 -3.687656484699051e-05 0.01069429517889331
-1187 -5.6560049413326906e-05 0.010736311618124763
-1185 -3.923274929387807e-05 0.010728550816974441
-1183 7.432999165455613e-06 0.010757657691987313
-1181 7.985663219880671e-05 0.01079684955974688
-1179 2.9827551805169423e-05 0.010771925019405161
-1177 4.156789075772656e-05 0.010771661910735286
-1175 4.171037955975266e-05 0.010793454590857312
-1173 9.306126372929389e-05 0.010850501723894795
-1171 9.758589977493545e-05 0.010849658015620288
-1169 6.775466513437771e-05 0.01077173017883842
-1167 3.763920229131653e-05 0.010871712565335164
-1165 -7.120505856875312e-06 0.01081865888223
-1163 -2.4685488929248852e-05 0.010925426964864648
-1161 5.906424780147096e-06 0.010933644497371523
-1159 2.374638949599419e-05 0.01099877385152451
-1157 3.6596990044119386e-05 0.011065486769752608
-1155 2.7682905299417794e-05 0.011104021706433511
-1153 -3.822334259276308e-05 0.011113714658021362
-1151 -5.007072401757607e-05 0.011123236500697317
-1149 -3.128793938178365e-06 0.011105819480947385
-1147 -1.2020936077222744e-07 0.011140784146776984
-1145 -6.235755642823709e-05 0.011163128594651073
-1143 -2.2184999930301405e-05 0.011142606782767343
-1141 -6.663824853318979e-05 0.01128660388831617
-1139 3.237746235042606e-05 0.011220193284014593
-1137 -3.463505215702222e-05 0.011207695374950265
-1135 -4.6004739022845194e-05 0.011207413007443823
-1133 1.8549097971908237e-05 0.011264664514858799
-1131 3.60766195330833e-05 0.01133461062505492
-1129 -3.435151075727182e-05 0.011338437244348512
-1127 2.282251007293096e-05 0.011380461628743928
-1125 -1.2726816465428391e-05 0.011326947262060698
-1123 4.5262143529335926e-05 0.011301708560765034
-1121 7.160947845129757e-05 0.011404135077875844
-1119 -7.130133604289251e-06 0.011325717647828295
-1117 3.395764562810127e-05 0.011315615138245434
-1115 1.5762173306174983e-05 0.01139736534570235
-1113 4.360203784754411e-05 0.011457075586981441
-1111 -4.818685975599864e-06 0.011498401176173016
-1109 2.8917608507185644e-06 0.011542574646763637
-1107 -2.2617017895322e-05 0.011534929475001645
-1105 -5.777945564193071e-05 0.01159774578985387
-1103 1.1177952735254958e-05 0.0115561263386479
-1101 1.1860010211599681e-05 0.011631980512677895
-1099 8.809030312726148e-06 0.011660993139817779
-1097 6.408385153614199e-06 0.011583429071675347
-1095 4.4531834140680876e-05 0.011561482847530016
-1093 2.1795583576733755e-05 0.011566649621340736
-1091 9.691563080182724e-05 0.011560991839415318
-1089 -7.866012894388352e-07 0.01161838274657414
-1087 -8.950779578721463e-05 0.011619497624632012
-1085 -3.438603523419036e-05 0.011714781266113226
-1083 -6.747325524500697e-05 0.011703150453089626
-1081 -5.144081647826378e-05 0.011720358400161966
-1079 -0.00011996045552407789 0.011747134612371994
-1077 -3.561558869565204e-05 0.01173338463520764
-1075 -6.008619893832328e-05 0.01170738202570065
-1073 -0.00014928624785348648 0.01180625338390113
-1071 -5.390705781870231e-05 0.011851254497639295
-1069 -2.2304831841903267e-05 0.011816411240225132
-1067 6.691406640791571e-05 0.011932220170314823
-1065 -5.0310446851016914e-05 0.011969671073889677
-1063 5.469671883527377e-05 0.011983266346498937
-1061 8.913025555239905e-06 0.011989087987081802
-1059 3.207177850715242e-05 0.01193631856605599
-1057 -3.403537939171386e-05 0.01205016738696553
-1055 2.3470512311865616e-05 0.012071579876212064
-1053 5.1117085379839204e-05 0.012078905378790717
-1051 -2.2631683784638876e-05 0.012086432718936611
-1049 1.9080392128096636e-05 0.012083758249419183
-1047 1.9820006902498806e-05 0.012192213751590686
-1045 3.7635089022719577e-05 0.012146041846923363
-1043 4.4411622339710993e-05 0.012159234168554746
-1041 4.183908686912491e-05 0.01216952105037236
-1039 2.858387966279579e-05 0.012218097438449144
-1037 -9.121856115566197e-05 0.012230490108731553
-1035 -9.275387165813927e-05 0.012313124848670934
-1033 -3.626920236799711e-05 0.012318635715508687
-1031 -1.5067933461891893e-05 0.012301546705055753
-1029 -3.812425079147612e-05 0.012407893655133357
-1027 -6.471301557727135e-05 0.012361872683200492
-1025 8.41573104571291e-06 0.01237200399350789
-1023 -3.268384688163736e-05 0.012427344503208952
-1021 2.7320703632805066e-06 0.012414401916892671
-1019 6.7977720778623666e-06 0.012463260796152453
-1017 -2.677245966995747e-05 0.01247058865643413
-1015 -1.1395142949516131e-05 0.012537796073229697
-1013 -3.292557190629089e-05 0.012551520520959782
-1011 2.9312423327212663e-05 0.012559429666221289
-1009 -1.1076819069050767e-05 0.01253125100730592
-1007 2.4197286431322385e-05 0.012593105330040813
-1005 4.787525978469495e-05 0.012670940604685446
-1003 -8.70458403621131e-06 0.012751110771341764
-1001 2.234147218905621e-05 0.012685841283572183
-999 2.598351673554499e-05 0.012648235336274086
-997 -3.0414606276693356e-05 0.01274272736732375
-995 2.3813555164548952e-05 0.01274855532087438
-993 -6.787276412215136e-06 0.012832301768627366
-991 -7.890484668996501e-05 0.01284049355250147
-989 3.557219130294727e-06 0.012879973347667932
-987 -7.599589591566255e-05 0.012885879079871073
-985 -6.880988472045593e-07 0.012897982221311263
-983 -2.7134982637095683e-05 0.012956262699065009
-981 -2.531587197689262e-05 0.012986891612970232
-979 -6.347149317743966e-05 0.01299790720059494
-977 -7.723265184029411e-05 0.01299106197129387
-975 1.080246125690966e-06 0.013027265801963695
-973 -3.7257456634919045e-05 0.01305420167679226
-971 -3.933565813116284e-06 0.013088442039463754
-969 3.9115134255290716e-07 0.013113857184778813
-967 -6.13280720886233e-05 0.013110962373882335
-965 -2.0330700774032458e-05 0.013106917552135031
-963 4.855608511945157e-05 0.013203827446444898
-961 5.9036127494641846e-05 0.013266814189282083
-959 3.806464703987463e-05 0.013287661032580559
-957 -1.324682118807964e-06 0.013255824059148543
-955 -1.008392938294072e-06 0.013316149188404262
-953 -3.855634763386277e-05 0.013301918705232334
-951 -1.0987180542971315e-05 0.013374826749125589
-949 -5.6462098240772216e-05 0.013443368789226764
-947 -1.1467532669227585e-05 0.013484995316068499
-945 -1.0200741423559729e-05 0.013489131931233394
-943 -4.08892116687779e-05 0.01349983716378103
-941 -7.861846837675466e-05 0.013546197583247144
-939 -6.171453828266516e-05 0.01357164325570357
-937 1.35863658687703e-05 0.013561241301312326
-935 1.2854924946879202e-07 0.013625340797869034
-933 -7.209897361396943e-05 0.013662661442975512
-931 -2.3023861616927646e-05 0.013615163695437646
-929 1.3887895016765563e-05 0.013598101078680125
-927 -3.471306313534013e-05 0.013701853800658442
-925 -3.166349717748924e-05 0.01378885432069277
-923 -6.276171342699915e-05 0.013821292159003754
-921 -4.536968378234165e-05 0.013826514943365155
-919 -5.357305835206336e-05 0.013834373809903586
-917 -9.94907145334393e-05 0.013895112510842422
-915 -0.00011310423508126426 0.013852737803239935
-913 -8.599673005392929e-05 0.014009089297440446
-911 -7.359644735249835e-05 0.01405965723210127
-909 -6.602650015259811e-05 0.014081069148564041
-907 2.1859390011225625e-05 0.014137938808122974
-905 -1.4842626122719343e-05 0.014114883685840584
-903 -3.652283675457759e-05 0.014025925147625781
-901 4.1641678476244605e-06 0.01405000864942131
-899 1.2136047780875363e-05 0.014071712202323377
-897 -3.547384213726734e-05 0.014143699386284486
-895 -2.5627454284782356e-05 0.014181358888612884
-893 -3.999665781149667e-06 0.014285064590087288
-891 -2.3321029860801222e-05 0.014273273723515417
-889 1.173082727300884e-05 0.014298165260869635
-887 3.339999127167111e-05 0.014333241104968978
-885 3.129002862581683e-05 0.014302656534071713
-883 -2.6147170409394036e-05 0.014367254304294516
-881 1.227063486365208e-05 0.0144336852012552
-879 -5.609297557989506e-06 0.014461108264582394
-877 -3.930216650122162e-05 0.01445153962830972
-875 -1.7688536510334674e-05 0.014561396998791344
-873 -0.00011210880979916474 0.014592943021662152
-871 -4.313473972852367e-05 0.014650075545066154
-869 -3.253224540091131e-05 0.014653482252879973
-867 -6.32783943338349e-05 0.014688756954033688
-865 -3.100552247711557e-05 0.014754926223205142
-863 -6.94035783140778e-05 0.01480753108605761
-861 -5.61858443235362e-05 0.0148088723640268
-859 1.2262249039139573e-05 0.014834253999448306
-857 -3.16096514962664e-05 0.01486423639691144
-855 -2.4844198514916e-05 0.014922838444876196
-853 3.6936589933336116e-05 0.014915556313768341
-851 3.3179446148139614e-05 0.014963752030496444
-849 -1.6473593354995267e-05 0.014990563111605555
-847 2.1905441299097794e-05 0.015072163957823357
-845 5.109965371177864e-05 0.01504923054242317
-843 -4.6355840902288624e-05 0.015103722450805903
-841 -6.560203536784757e-05 0.015190864632693892
-839 -7.549693551267881e-05 0.015186033021743359
-837 9.923550172595248e-06 0.015218646341930488
-835 4.469560089069849e-06 0.015261832628913329
-833 -9.945555817429944e-06 0.015217919135624227
-831 -1.855318205400559e-05 0.01529093288070813
-829 1.6899630608394654e-05 0.015317562701997297
-827 0.00015313240284960025 0.01535453807523316
-825 4.449856464989703e-05 0.015394023584852597
-823 5.1337875709744966e-05 0.015463036374162489
-821 1.3201448230825599e-05 0.015449685582320922
-819 1.7446631531175738e-05 0.015512087930994775
-817 3.174710374380549e-05 0.015585578935091752
-815 -3.0998081036669634e-05 0.015640043010945296
-813 -1.1143874305700346e-05 0.015651490493043416
-811 2.6015888851457383e-05 0.01567732268446566
-809 7.137353479597194e-06 0.015768428665431506
-807 4.09773397591001e-06 0.015850063048148986
-805 5.8004972502721916e-05 0.015848776724489318
-803 4.7979373446306054e-05 0.015916756151483497
-801 9.168480808141772e-05 0.015893499463604223
-799 4.086685863724038e-05 0.015956675401359328
-797 5.013459914404958e-06 0.015915002880007745
-795 -3.259218196361506e-05 0.016011706348666884
-793 6.741035164775422e-05 0.016065899959683005
-791 7.585853422031636e-06 0.01603879868990957
-789 8.873361973214884e-05 0.01611214110426078
-787 6.991734452289383e-05 0.016125991778485824
-785 6.35963068841725e-05 0.016144141947025164
-783 0.0001368889216829915 0.01622110882569307
-781 2.1013820577602643e-05 0.016209183899565043
-779 -1.1759668107875925e-05 0.016362053480796522
-777 -3.0899623354058587e-06 0.016399097510232625
-775 3.6690485415842554e-05 0.016477197182682292
-773 1.030550825697354e-05 0.016449986859065582
-771 -7.167713467943259e-05 0.016548713791785383
-769 -8.729784724215497e-05 0.01659775859314138
-767 -4.7251790522745245e-05 0.016643717448412365
-765 -2.5711765186123213e-05 0.01660143707530076
-763 1.1239545423853714e-05 0.01669421308118163
-761 1.1856823330045149e-05 0.01671926411532108
-759 1.6423810879175497e-05 0.016757815151812683
-757 5.8125967650068814e-05 0.0167822629659838
-755 7.005348420963147e-07 0.016773964120953406
-753 -2.5921502044470156e-05 0.016834129729557862
-751 -7.167640433100403e-05 0.016966581975790266
-749 -4.682567469782163e-05 0.01697513702857958
-747 -5.827994533878645e-05 0.01699791211588134
-745 -0.00012752585423776787 0.017078169810458364
-743 -6.346706581173004e-05 0.01716779912183209
-741 6.48676415967764e-06 0.01722830822338663
-739 4.734453488960566e-05 0.01726424852260514
-737 -2.4684811742263057e-05 0.017289600360000927
-735 -4.278630250065696e-05 0.017310022508600816
-733 8.06873248118989e-06 0.017358334081537502
-731 6.305686977373832e-05 0.01733383515520116
-729 2.0883530407843806e-05 0.017409847955702107
-727 -5.6412586608215685e-05 0.01747014065113387
-725 -2.134277206158307e-06 0.01748973631476435
-723 -5.993903016096105e-07 0.0175489377505868
-721 2.196653505638481e-05 0.017589652133326878
-719 -1.5483302065990612e-06 0.01770038610398261
-717 2.1146901435895147e-05 0.01783377752256479
-715 -4.999753463425351e-05 0.017837582543244662
-713 2.07058377967858e-05 0.017779119343347968
-711 -6.615609592680467e-06 0.01790129515748352
-709 4.402185984137828e-05 0.017962766805451197
-707 -1.6316024468192777e-06 0.01797842755429428
-705 -3.191600736376993e-05 0.01804764235699999
-703 -9.675714221416382e-06 0.018078152367369194
-701 -3.254500050275249e-05 0.018142443983451873
-699 -4.9050611985339974e-05 0.018127164042674733
-697 4.602061705574763e-05 0.018217818544924724
-695 5.93444697143866e-05 0.018361570008545863
-693 6.698916692115728e-05 0.01841233438267592
-691 1.9427132890174825e-05 0.01847419585362952
-689 -4.454667030388201e-05 0.018469757706063673
-687 -7.304332732012314e-05 0.018564931718154477
-685 -0.0001296875507738382 0.018580707403708995
-683 3.180795287731637e-05 0.018671030093581575
-681 -2.0728593947866447e-05 0.018802673362881574
-679 4.450048025736321e-05 0.01877803132738178
-677 1.6432893587015405e-05 0.018863979578154683
-675 0.0001412454944196627 0.0188697840128057
-673 0.00010177149670709303 0.018939175537184074
-671 8.3409829607305e-05 0.01904129288818606
-669 1.741888753127614e-05 0.019098811567469186
-667 3.470226375711409e-05 0.01911115810195169
-665 -7.578459836760868e-05 0.01909504322476212
-663 -7.55740783369325e-05 0.019174933128837723
-661 -5.5609587771548266e-05 0.01928611156933491
-659 3.266843702314113e-05 0.01925163394201274
-657 4.955053882471724e-05 0.019313540975461216
-655 2.158430590253887e-05 0.019424905634258527
-653 3.46186853211483e-05 0.019565246420531014
-651 -3.327526947458976e-05 0.019565833884254445
-649 -5.695300883834605e-05 0.01960960586933596
-647 -2.103939397261284e-05 0.019649773146716377
-645 -4.625904989510674e-05 0.019707006830464703
-643 2.9812157233571593e-05 0.019799524940240763
-641 5.098145866903151e-05 0.019801000600597737
-639 2.5515710544116663e-05 0.0199374597640583
-637 -6.095827559810032e-06 0.019913204130278632
-635 -3.573684985355114e-05 0.020009585763237303
-633 -1.329566851493628e-06 0.020086907571328586
-631 -5.5268766710866616e-05 0.020142610942012015
-629 -7.267492272701791e-05 0.020211237790706205
-627 -5.802582058150074e-05 0.020286192002630623
-625 4.264875059681613e-06 0.02031331876275448
-623 3.476303076392635e-05 0.020403068553783436
-621 2.4305334964906173e-05 0.02044468079913851
-619 7.695460940913556e-06 0.020483842748325966
-617 8.09104896830536e-06 0.020543198156543523
-615 -8.199482924702705e-06 0.020734730140171798
-613 5.727794117772565e-06 0.020801016383502444
-611 3.451604521305226e-05 0.02088462463161277
-609 3.591424450244834e-05 0.020878668445734928
-607 1.0400834197591843e-05 0.020935021717812866
-605 -7.699980802991462e-05 0.021010015726203535
-603 3.3790722831251295e-05 0.020995926225908533
-601 -2.1071167511540472e-05 0.021193165411641922
-599 -3.250502147225632e-05 0.021279073065874066
-597 -3.2338693729751e-05 0.021329305556199028
-595 -4.655685975932025e-06 0.021328638130568872
-593 2.6245604156736656e-05 0.021427046827552997
-591 -6.345928354977028e-05 0.02152712434399276
-589 -9.991315851028571e-05 0.021593154249727027
-587 -0.00010710607607847786 0.02166444515572199
-585 -4.957789349008581e-06 0.02176257514224659
-583 -1.2304726921634922e-05 0.02186229897642733
-581 -6.683545250549643e-05 0.02197806320425782
-579 -8.017811981900008e-05 0.021977775317920594
-577 8.543152085316443e-06 0.022096105232587756
-575 1.4804224853383262e-05 0.022138195032197466
-573 3.086680787077238e-05 0.022225904278627657
-571 1.6769593643567885e-05 0.02231046724486647
-569 2.750903022801805e-05 0.02235216399040583
-567 -1.9464916432214636e-05 0.022407052703868075
-565 -2.5022621521965166e-05 0.02250718250603335
-563 6.0867949808950415e-05 0.022597229668375043
-561 -6.345969124968092e-06 0.022643413128746594
-559 4.268041888076005e-05 0.022788384853703197
-557 1.6238346875520436e-05 0.022887017952088976
-555 -3.5338834828896753e-06 0.022960859142805098
-553 0.00010444711618995882 0.023004332918264158
-551 4.472550669641347e-05 0.023105066378366696
-549 2.4767902213003097e-05 0.023162967306393
-547 2.5978583094808922e-05 0.023215044903896972
-545 2.7523873190833272e-05 0.023438799684302767
-543 6.725012319223491e-06 0.023485366516384863
-541 3.598981635766472e-05 0.023628482701822034
-539 -4.973171084671785e-05 0.023636046925703414
-537 -2.4522494483087076e-05 0.023749673008114015
-535 4.0997107315969805e-05 0.02384507255074167
-533 7.858481998401311e-05 0.0239582820021887
-531 1.62217900104679e-05 0.02403112736593353
-529 5.58258901538803e-05 0.024057540917799082
-527 2.3731070181665987e-05 0.02409973466088987
-525 -1.0287383731511483e-05 0.024302764147915885
-523 -4.792523420289727e-06 0.024392561544007967
-521 -3.61739498892698e-05 0.024530262886349078
-519 -2.3180835459780274e-05 0.024640713417040244
-517 4.202719890290566e-05 0.02458233648025697
-515 5.55083126161887e-05 0.02467107609910415
-513 -7.145553811242728e-06 0.024841615499940725
-511 -5.0733045417377694e-05 0.024909345656036003
-509 -4.723460870096607e-05 0.02505126821201379
-507 -5.2067158283363604e-05 0.025114215912605153
-505 -5.9451041729746866e-05 0.025217715683081652
-503 -1.1421124374435224e-05 0.02533189383390437
-501 5.5894857526515654e-05 0.025361029574721396
-499 5.5876264239565624e-05 0.025532181099007987
-497 -1.4081447656746964e-05 0.025517506607102187
-495 -0.00011465857814681708 0.02564340009680383
-493 -2.2147449253300573e-05 0.025763635417732692
-491 -1.4620979555366968e-05 0.02595133197577712
-489 3.979668425579655e-05 0.02609359069566466
-487 -3.860522745683183e-05 0.026147298789385896
-485 -7.02928579433194e-05 0.02615964604974808
-483 5.8936454739445826e-05 0.026331906318589993
-481 4.353201159342032e-05 0.026463774345064594
-479 -8.767623409340039e-06 0.026504190973934163
-477 -2.3418681554610985e-05 0.026641703120843643
-475 -1.3053705163403784e-05 0.0267507269958304
-473 -1.3668302902450738e-05 0.02694447024746309
-471 -2.8708708173969726e-05 0.027032476460772698
-469 8.049444627237256e-05 0.027227111663307175
-467 4.682273123839172e-05 0.02726375492987391
-465 9.943356496727641e-05 0.027373768862277468
-463 3.4250509742912443e-05 0.02749172556523179
-461 -4.938479390227248e-07 0.027627020247898874
-459 2.958300726116116e-06 0.027786532381927416
-457 7.003173747934965e-05 0.027895075118785563
-455 4.968844291432528e-05 0.02800685127942258
-453 2.9557528976504714e-05 0.028072153772484756
-451 7.766031043018076e-05 0.0281860645670917
-449 8.75696340924094e-05 0.0282603634635197
-447 2.5846489232081238e-05 0.02845127510076145
-445 -3.563906872064815e-05 0.02858326577081428
-443 -1.6192691571597918e-05 0.0286759825396923
-441 4.127633530098335e-05 0.028850555168274672
-439 4.263412119385169e-05 0.028900970634560985
-437 1.5303265085754782e-05 0.029046581396448955
-435 3.7326862678711e-05 0.029215615374670233
-433 7.489532371799233e-05 0.029356468008483988
-431 1.605614876541337e-05 0.029441894293396727
-429 -6.542539686924155e-05 0.029606978530092434
-427 -5.0267014291312625e-05 0.02971563685920956
-425 -4.326752336332375e-05 0.02992177252963127
-423 -3.1325826911108295e-06 0.02997670264527359
-421 5.558630070555363e-05 0.03010508886905409
-419 1.675337292641564e-05 0.03034700937570392
-417 -4.6830140720293176e-05 0.030493768082952368
-415 -9.495235864184667e-05 0.030641490573452494
-413 -1.5735604108621957e-05 0.03078214760045217
-411 -5.145087778856659e-05 0.030959209962544847
-409 -6.897459720441951e-05 0.03109524213816157
-407 -6.781994573194842e-05 0.031194852061219424
-405 -1.1559015073049805e-05 0.0313387595825119
-403 1.1593256508798647e-05 0.03153653074485885
-401 7.628514834908465e-07 0.0316544520276131
-399 2.500095498062468e-05 0.031855061483041784
-397 0.00012187056283259287 0.032071151401245376
-395 9.417733407824538e-05 0.03222219811598953
-393 3.9475195532897576e-05 0.03236441180569339
-391 6.0861855054140175e-05 0.032488237064775605
-389 -1.5138765030540228e-05 0.03264148288147351
-387 -7.097801943094487e-05 0.032850336071159114
-385 -4.011559424402833e-05 0.03301937405514471
-383 -4.779340918489202e-05 0.03315141805286203
-381 -7.40198618264013e-05 0.03341867293700991
-379 8.837930502508379e-06 0.03354961237878766
-377 -6.182572936678993e-05 0.0337256742546056
-375 4.334721597375292e-06 0.03391391033863911
-373 -2.460037241900004e-06 0.03404329698006522
-371 -2.459143866021227e-05 0.034232672988168664
-369 5.396953206225954e-06 0.03443014864063901
-367 3.3542900691487266e-05 0.0346717137773008
-365 2.759459418700214e-05 0.034793597371027836
-363 -1.4183023254540019e-05 0.03499865257420301
-361 -4.834773068173584e-05 0.03529139606675538
-359 -3.2822404408050455e-05 0.03546262611145173
-357 -7.057764820533602e-05 0.035598594462329984
-355 -2.0271075468438427e-05 0.03581834420156547
-353 -2.139230728058947e-08 0.03604624391875951
-351 8.985461990183068e-06 0.03615005980149861
-349 1.1491331077235094e-05 0.036456510329462
-347 4.7536428599248804e-05 0.036654849786898924
-345 8.755593118867845e-05 0.036817546423181954
-343 5.341810117170825e-05 0.0370401126923449
-341 3.3779881842875364e-05 0.03726228148067091
-339 -2.7978384410775396e-05 0.03754878773251673
-337 -5.279649386827763e-05 0.03780094230046805
-335 6.060562109060517e-06 0.03796773346411228
-333 1.882876119265748e-05 0.03824962737152343
-331 1.783295115227567e-05 0.03849435931946654
-329 3.463405183639444e-05 0.0387276645200512
-327 2.0483341648620873e-05 0.038948968969185295
-325 5.0637360022502475e-05 0.03915902069939965
-323 4.5098608559919824e-05 0.03939303048839142
-321 8.698089875189306e-05 0.03958992467073508
-319 0.00010882009832664173 0.03993892023044024
-317 -1.4959511874643824e-05 0.040140424091905706
-315 -3.281550468355007e-06 0.04043217377550759
-313 -5.485650740506025e-05 0.040650234557313654
-311 1.5685109187127486e-05 0.04083403565072175
-309 1.84858789506187e-05 0.041128258480964956
-307 3.8991342821717276e-05 0.04142513210355699
-305 5.0843443305054524e-05 0.041675502209272006
-303 4.136924085572605e-06 0.04193734232913354
-301 1.9531922612724873e-05 0.042237252128992826
-299 -8.980393525640784e-06 0.04252204095897452
-297 2.4302925807687737e-05 0.04285428816927211
-295 2.0310707270369367e-05 0.04308061155296887
-293 -9.482047564313712e-06 0.0433692730864966
-291 -3.293089052300154e-05 0.04368790793317902
-289 -7.035019716309057e-05 0.04393403583578887
-287 -7.162931943750432e-07 0.04429360124522918
-285 2.780032805638125e-06 0.04458178857296863
-283 7.278138883322128e-05 0.04491113193412433
-281 8.090718541558596e-05 0.045306894199765496
-279 3.279108752219302e-05 0.04559462762250254
-277 -5.7815698003729876e-05 0.04593038339408917
-275 2.8322022850045164e-05 0.04621325977086987
-273 1.04022240659058e-05 0.046556139980565965
-271 -2.8473134783518497e-05 0.04689583607353662
-269 -1.4568810106741719e-05 0.04728827746788158
-267 -5.385561208585227e-05 0.0476727696468153
-265 -8.087141403622019e-08 0.04800379307298485
-263 -2.6101545308200582e-05 0.048320842539333254
-261 -3.520351831166368e-05 0.04870117102121247
-259 8.621536398473398e-06 0.04912397219342281
-257 1.6683989726545836e-05 0.04947575021617661
-255 3.7532899812096204e-06 0.04986590716168611
-253 1.4608056684359565e-05 0.050300835529299516
-251 -8.27402143965963e-06 0.050641219151835025
-249 -4.9980092427734024e-05 0.051071366094575465
-247 1.1887800085502106e-05 0.05142119999587489
-245 -8.019914985370432e-05 0.05189314243911174
-243 -2.319580455476419e-05 0.05230134771011024
-241 -5.3640956187511136e-05 0.05273019219182375
-239 -1.344175863173528e-05 0.05314745796926167
-237 -2.1195368757421974e-05 0.05364937413798097
-235 5.0502794095152365e-05 0.05400688186297272
-233 -2.708455108539183e-05 0.05452420635943919
-231 -3.2076231232596116e-05 0.0550555237572127
-229 -7.165107271795053e-05 0.05557147431377316
-227 -5.6238533588539536e-05 0.056066168769463326
-225 -3.7213361259295676e-05 0.05653108332809428
-223 1.2061728883922703e-05 0.05704639420284072
-221 1.1928983290981835e-05 0.05755399604135223
-219 3.81431879223417e-05 0.05806979221793175
-217 6.941600120672485e-05 0.058635909321005764
-215 1.2367787145456409e-05 0.05913755940004149
-213 3.541468759527542e-05 0.05966216037617455
-211 1.604241715103675e-05 0.0602094331734607
-209 3.9299278087549466e-05 0.060833179031799134
-207 5.835896265252492e-05 0.0613695085338689
-205 7.155431027998392e-06 0.06190993341455271
-203 -3.9145778125949375e-06 0.06259991787050441
-201 2.254711023341374e-05 0.063223423435853
-199 3.9069213802621523e-07 0.06384158648778247
-197 2.212156827391098e-05 0.06455481637518216
-195 1.27496024409916e-05 0.06518418348669329
-193 6.143320071447014e-05 0.0658565516382321
-191 -4.0099845044161006e-05 0.0666099415309314
-189 -2.148954797800113e-05 0.0672105848865246
-187 -2.4634622873185262e-05 0.06783678274938854
-185 1.5599364728421267e-05 0.06864389075976238
-183 6.279189208222148e-05 0.06942101065992982
-181 5.789101271989127e-05 0.07018749993981134
-179 -3.487214370742598e-05 0.07102739069118061
-177 4.431352241553632e-05 0.07173646052728361
-175 1.9896288707875573e-05 0.07253684156704034
-173 -5.092834372022588e-05 0.07340392935029831
-171 3.3420070293911915e-06 0.07423802394771706
-169 -6.49016314267359e-05 0.07504466881876828
-167 -2.3631782240594695e-05 0.07600790699569786
-165 -6.17860886642748e-05 0.07691482203968833
-163 -8.77928595373785e-05 0.07783323846641074
-161 -8.479105383101452e-05 0.07887067273756712
-159 -0.00010196100685980695 0.07985987585181627
-157 -2.5476532643000017e-05 0.08078149275180717
-155 -6.118978812979084e-05 0.08179918283465626
-153 1.1971840800593748e-05 0.08295454966000793
-151 1.5721365628777008e-05 0.08399809263462682
-149 -4.658890150053024e-05 0.08517871391699201
-147 -6.7257439252767e-05 0.08627283415538982
-145 -6.333156088194663e-05 0.08743609179082039
-143 -5.077328487444934e-05 0.08860855039637475
-141 5.325354146411304e-06 0.08992227981230078
-139 -0.00010255821093058131 0.09116894515232149
-137 -6.250703186562246e-05 0.09252902263542222
-135 1.338801513795772e-05 0.09384548285962661
-133 -2.1333552183768342e-05 0.09528572679875616
-131 -4.1261504403727035e-05 0.09670176787212083
-129 -3.0611201716708165e-05 0.09818004371254926
-127 3.889735401651743e-05 0.0996720354389341
-125 3.488454203558117e-05 0.10132472513891405
-123 5.6371186429122905e-05 0.10295275735013779
-121 -2.2270839811755902e-05 0.10467008104192789
-119 -5.6079483830346335e-06 0.10647144833688166
-117 -7.871616797820602e-06 0.10815609073968004
-115 8.806332150349668e-05 0.10999287470363249
-113 4.643162358000539e-05 0.11196897400958902
-111 -2.7241480709768194e-05 0.11396053414099867
-109 -2.420293253785959e-05 0.11605070290193417
-107 1.788080721908445e-05 0.11822673188344737
-105 6.0110370226653275e-05 0.12044236110761553
-103 0.0001124037603460757 0.12278308745724352
-101 4.348746205715288e-05 0.12506452107635874
-99 -7.072045616016192e-05 0.1275860033726783
-97 -4.390143933155763e-05 0.13017775080503105
-95 -1.912576809254997e-05 0.132927815774066
-93 4.28778705365343e-05 0.1357572116778589
-91 3.11001779519546e-05 0.1386279958994315
-89 -7.770426061930775e-05 0.14161683479496762
-87 4.528558253170023e-05 0.14475102347891955
-85 7.058096270398193e-05 0.14810675121429598
-83 5.7916056746617434e-05 0.15168624142309384
-81 0.00012255635019148438 0.1553568653801449
-79 0.00015113386799744472 0.15923167977792496
-77 0.0001062710113375435 0.16315771333595616
-75 7.147151471749498e-05 0.16739602500549222
-73 3.390791439163753e-05 0.17193132357876498
-71 -6.709847623991132e-05 0.17660816373393992
-69 -6.203792771914039e-05 0.18153440943757038
-67 -4.244614035092145e-05 0.18683327191785903
-65 -6.756955625565475e-05 0.19234119804841363
-63 3.598900830625187e-05 0.19822413015886822
-61 -4.364994566308568e-05 0.20446866730215355
-59 -1.660586011667506e-05 0.21114653265013542
-57 6.142969940186842e-05 0.21820201336396322
-55 0.00012368867132434193 0.2257572037050455
-53 5.035912332772449e-05 0.23383522717301847
-51 7.865017631062748e-06 0.2425060229151633
-49 8.769223887130333e-05 0.2518407610324691
-47 4.054860380320474e-05 0.2619573291486629
-45 5.430492045559278e-05 0.27279636642842314
-43 7.270180506121713e-05 0.2845556348638095
-41 -4.2805576653783387e-05 0.29742735100142187
-39 -1.6889704727099055e-05 0.3113958318699731
-37 -2.3848781205619653e-05 0.3266632540516761
-35 -4.0898564949118534e-05 0.34354938533767554
-33 -5.0836510160918216e-05 0.36214406664688725
-31 -1.5672855844385204e-05 0.3826760911584558
-29 1.3041285735502244e-05 0.4056647150074698
-27 -2.335820826385869e-06 0.4314187381801419
-25 1.305171467398848e-06 0.4604710020702847
-23 -1.023644380266459e-05 0.4934404319705121
-21 -8.681496444967176e-05 0.531055613628247
-19 -4.292048430786271e-05 0.5745326456583231
-17 -3.324658414967485e-05 0.6251836122419187
-15 -1.0615254298648785e-05 0.68471632215162
-13 -3.096102148557763e-05 0.755764623073478
-11 -7.383080255288384e-06 0.8416961154364355
-9 -5.782411329590796e-05 0.9477055044266373
-7 -5.265550191261153e-05 1.0808647731746763
-5 -9.765482259570921e-05 1.2519088866337356
-3 -2.8223792611913105e-05 1.4780281306164298
-1 -9.586228346415614e-06 1.9039758362311616
1 -9.586228344952795e-06 -1.9039758362311616
3 -2.8223792611622705e-05 -1.4780281306164298
5 -9.765482259551555e-05 -1.251908886633736
7 -5.2655501912506365e-05 -1.0808647731746763
9 -5.782411329585487e-05 -0.9477055044266374
11 -7.383080255298562e-06 -0.8416961154364355
13 -3.096102148543081e-05 -0.755764623073478
15 -1.0615254298851375e-05 -0.6847163221516199
17 -3.3246584149448586e-05 -0.6251836122419188
19 -4.2920484307874175e-05 -0.5745326456583231
21 -8.681496444969028e-05 -0.5310556136282472
23 -1.023644380258039e-05 -0.493440431970512
25 1.3051714672996055e-06 -0.46047100207028474
27 -2.335820826344853e-06 -0.4314187381801419
29 1.3041285735483332e-05 -0.40566471500746987
31 -1.567285584432986e-05 -0.38267609115845586
33 -5.0836510160865645e-05 -0.36214406664688725
35 -4.0898564949149176e-05 -0.3435493853376755
37 -2.3848781205608533e-05 -0.3266632540516761
39 -1.6889704727097594e-05 -0.31139583186997305
41 -4.2805576653595366e-05 -0.29742735100142176
43 7.270180506123479e-05 -0.2845556348638094
45 5.4304920455611586e-05 -0.2727963664284232
47 4.054860380318682e-05 -0.2619573291486629
49 8.769223887130991e-05 -0.25184076103246916
51 7.865017631062924e-06 -0.2425060229151633
53 5.035912332774588e-05 -0.2338352271730185
55 0.0001236886713242818 -0.22575720370504546
57 6.14296994019492e-05 -0.21820201336396322
59 -1.6605860116712524e-05 -0.21114653265013544
61 -4.364994566310078e-05 -0.20446866730215355
63 3.598900830631373e-05 -0.19822413015886822
65 -6.756955625570544e-05 -0.19234119804841365
67 -4.244614035089694e-05 -0.18683327191785903
69 -6.203792771914839e-05 -0.18153440943757038
71 -6.709847623988497e-05 -0.17660816373393992
73 3.3907914391590954e-05 -0.17193132357876498
75 7.147151471746144e-05 -0.16739602500549225
77 0.00010627101133759204 -0.16315771333595602
79 0.00015113386799749679 -0.1592316797779241
81 0.00012255635019144814 -0.15535686538014554
83 5.791605674662091e-05 -0.151686241423094
85 7.05809627039801e-05 -0.148106751214296
87 4.5285582531706924e-05 -0.14475102347891952
89 -7.770426061930186e-05 -0.14161683479496767
91 3.1100177951955184e-05 -0.1386279958994315
93 4.287787053652915e-05 -0.1357572116778589
95 -1.912576809259202e-05 -0.13292781577406595
97 -4.3901439331493885e-05 -0.13017775080503108
99 -7.07204561601991e-05 -0.1275860033726783
101 4.3487462057135336e-05 -0.1250645210763587
103 0.00011240376034606661 -0.12278308745724348
105 6.0110370226603984e-05 -0.12044236110761554
107 1.7880807219112752e-05 -0.11822673188344739
109 -2.4202932537836925e-05 -0.11605070290193417
111 -2.7241480709803823e-05 -0.11396053414099866
113 4.6431623579993106e-05 -0.11196897400958902
115 8.806332150351e-05 -0.1099928747036325
117 -7.871616797795438e-06 -0.10815609073968009
119 -5.6079483830635935e-06 -0.10647144833688178
121 -2.2270839811631233e-05 -0.10467008104192785
123 5.637118642914498e-05 -0.10295275735013779
125 3.488454203554621e-05 -0.101324725138914
127 3.889735401656296e-05 -0.0996720354389341
129 -3.061120171665332e-05 -0.09818004371254933
131 -4.1261504403745704e-05 -0.09670176787212081
133 -2.133355218377547e-05 -0.09528572679875619
135 1.3388015137923133e-05 -0.09384548285962659
137 -6.250703186557865e-05 -0.0925290226354222
139 -0.00010255821093060147 -0.0911689451523215
141 5.325354146381875e-06 -0.08992227981230069
143 -5.0773284874369425e-05 -0.08860855039637466
145 -6.33315608818882e-05 -0.08743609179082046
147 -6.72574392527917e-05 -0.08627283415538987
149 -4.6588901500530274e-05 -0.08517871391699199
151 1.5721365628814315e-05 -0.08399809263462679
153 1.19718408005848e-05 -0.08295454966000795
155 -6.118978812985347e-05 -0.08179918283465629
157 -2.5476532642917577e-05 -0.08078149275180728
159 -0.00010196100685990332 -0.07985987585181666
161 -8.479105383118241e-05 -0.07887067273756686
163 -8.779285953730985e-05 -0.07783323846641073
165 -6.178608866428606e-05 -0.07691482203968833
167 -2.36317822406175e-05 -0.07600790699569783
169 -6.490163142680014e-05 -0.07504466881876828
171 3.342007029433062e-06 -0.07423802394771706
173 -5.09283437202407e-05 -0.0734039293502983
175 1.98962887078581e-05 -0.07253684156704035
177 4.431352241555558e-05 -0.07173646052728364
179 -3.4872143707402526e-05 -0.07102739069118061
181 5.7891012719892e-05 -0.07018749993981134
183 6.279189208227177e-05 -0.06942101065992988
185 1.5599364728417638e-05 -0.0686438907597624
187 -2.4634622873220397e-05 -0.06783678274938858
189 -2.148954797798399e-05 -0.06721058488652461
191 -4.009984504415761e-05 -0.06660994153093143
193 6.14332007144577e-05 -0.06585655163823209
195 1.2749602440951925e-05 -0.06518418348669326
197 2.2121568273935853e-05 -0.0645548163751821
199 3.9069213804605613e-07 -0.06384158648778256
201 2.2547110233299993e-05 -0.06322342343585304
203 -3.914577812573003e-06 -0.06259991787050435
205 7.1554310280106045e-06 -0.06190993341455275
207 5.835896265254044e-05 -0.061369508533868855
209 3.9299278087587704e-05 -0.06083317903179914
211 1.6042417151077996e-05 -0.060209433173460704
213 3.541468759529862e-05 -0.05966216037617457
215 1.2367787145389961e-05 -0.0591375594000415
217 6.941600120671812e-05 -0.05863590932100581
219 3.8143187922333894e-05 -0.05806979221793173
221 1.1928983290960589e-05 -0.057553996041352244
223 1.2061728883941967e-05 -0.05704639420284075
225 -3.721336125933325e-05 -0.05653108332809429
227 -5.623853358853266e-05 -0.05606616876946329
229 -7.165107271793926e-05 -0.05557147431377316
231 -3.207623123262839e-05 -0.05505552375721274
233 -2.708455108540791e-05 -0.05452420635943923
235 5.05027940951904e-05 -0.054006881862972714
237 -2.11953687574398e-05 -0.05364937413798099
239 -1.344175863182593e-05 -0.05314745796926158
241 -5.364095618735929e-05 -0.05273019219182372
243 -2.3195804554760258e-05 -0.05230134771011018
245 -8.019914985376298e-05 -0.05189314243911178
247 1.1887800085486041e-05 -0.05142119999587493
249 -4.9980092427710226e-05 -0.05107136609457552
251 -8.274021439661707e-06 -0.05064121915183504
253 1.4608056684358013e-05 -0.05030083552929953
255 3.7532899811790082e-06 -0.04986590716168609
257 1.66839897265582e-05 -0.049475750216176645
259 8.62153639845179e-06 -0.049123972193422814
261 -3.5203518311665724e-05 -0.04870117102121248
263 -2.6101545308208656e-05 -0.048320842539333234
265 -8.087141409083518e-08 -0.048003793072984836
267 -5.385561208584695e-05 -0.04767276964681528
269 -1.456881010672409e-05 -0.047288277467881584
271 -2.8473134783503416e-05 -0.04689583607353663
273 1.0402224065906193e-05 -0.04655613998056598
275 2.8322022850063124e-05 -0.04621325977086987
277 -5.781569800370501e-05 -0.045930383394089155
279 3.27910875222688e-05 -0.04559462762250247
281 8.090718541531594e-05 -0.04530689419976549
283 7.278138883314032e-05 -0.04491113193412432
285 2.7800328057231425e-06 -0.044581788572968684
287 -7.162931944548202e-07 -0.044293601245229186
289 -7.035019716317831e-05 -0.04393403583578887
291 -3.293089052294298e-05 -0.04368790793317893
293 -9.482047564365847e-06 -0.043369273086496574
295 2.0310707270433003e-05 -0.04308061155296887
297 2.4302925807743496e-05 -0.04285428816927209
299 -8.980393525666928e-06 -0.04252204095897455
301 1.9531922612696067e-05 -0.04223725212899286
303 4.136924085594001e-06 -0.041937342329133515
305 5.084344330501332e-05 -0.041675502209272
307 3.89913428217563e-05 -0.041425132103557
309 1.8485878950586647e-05 -0.041128258480964956
311 1.568510918712472e-05 -0.040834035650721766
313 -5.485650740505063e-05 -0.04065023455731367
315 -3.281550468346989e-06 -0.040432173775507556
317 -1.4959511874704387e-05 -0.040140424091905734
319 0.00010882009832644865 -0.03993892023044025
321 8.698089875221364e-05 -0.03958992467073496
323 4.509860856002454e-05 -0.03939303048839142
325 5.063736002254782e-05 -0.03915902069939963
327 2.0483341648639094e-05 -0.0389489689691853
329 3.4634051836371696e-05 -0.038727664520051185
331 1.783295115227996e-05 -0.03849435931946653
333 1.882876119268702e-05 -0.038249627371523445
335 6.060562109089438e-06 -0.037967733464112294
337 -5.279649386825055e-05 -0.03780094230046806
339 -2.7978384410773597e-05 -0.03754878773251676
341 3.3779881842868e-05 -0.0372622814806709
343 5.341810117178023e-05 -0.03704011269234488
345 8.755593118870797e-05 -0.03681754642318198
347 4.7536428599258345e-05 -0.03665484978689897
349 1.1491331077234583e-05 -0.03645651032946201
351 8.985461990156291e-06 -0.036150059801498644
353 -2.1392307305122932e-08 -0.03604624391875949
355 -2.027107546850425e-05 -0.03581834420156541
357 -7.057764820539101e-05 -0.035598594462329956
359 -3.2822404408021026e-05 -0.035462626111451644
361 -4.834773068177332e-05 -0.03529139606675551
363 -1.4183023254637595e-05 -0.034998652574203024
365 2.759459418696352e-05 -0.0347935973710278
367 3.354290069152093e-05 -0.03467171377730074
369 5.396953206260126e-06 -0.03443014864063901
371 -2.4591438660186234e-05 -0.03423267298816868
373 -2.4600372418838137e-06 -0.03404329698006522
375 4.334721597337828e-06 -0.033913910338639094
377 -6.182572936680293e-05 -0.03372567425460561
379 8.837930502530793e-06 -0.03354961237878766
381 -7.401986182639185e-05 -0.033418672937009904
383 -4.779340918489102e-05 -0.03315141805286207
385 -4.0115594244071944e-05 -0.033019374055144705
387 -7.097801943091778e-05 -0.03285033607115908
389 -1.5138765030532796e-05 -0.03264148288147352
391 6.086185505417119e-05 -0.03248823706477561
393 3.947519553290635e-05 -0.03236441180569341
395 9.41773340782366e-05 -0.03222219811598951
397 0.00012187056283259091 -0.032071151401245286
399 2.5000954980742537e-05 -0.03185506148304177
401 7.628514835718915e-07 -0.031654452027613314
403 1.1593256508778413e-05 -0.03153653074485892
405 -1.1559015073094766e-05 -0.031338759582511866
407 -6.781994573191961e-05 -0.031194852061219434
409 -6.897459720440146e-05 -0.031095242138161575
411 -5.145087778855255e-05 -0.030959209962544868
413 -1.5735604108674845e-05 -0.030782147600452163
415 -9.495235864184794e-05 -0.030641490573452484
417 -4.683014072026603e-05 -0.030493768082952358
419 1.6753372926371486e-05 -0.030347009375703962
421 5.558630070556013e-05 -0.03010508886905408
423 -3.1325826910835855e-06 -0.029976702645273627
425 -4.3267523363331295e-05 -0.029921772529631286
427 -5.0267014291341126e-05 -0.02971563685920957
429 -6.542539686921711e-05 -0.02960697853009247
431 1.6056148765360284e-05 -0.02944189429339675
433 7.489532371795005e-05 -0.02935646800848395
435 3.7326862678740565e-05 -0.029215615374670226
437 1.5303265085752376e-05 -0.02904658139644897
439 4.263412119382872e-05 -0.02890097063456105
441 4.127633530100137e-05 -0.028850555168274825
443 -1.61926915715561e-05 -0.028675982539692318
445 -3.5639068720650436e-05 -0.028583265770814267
447 2.584648923206371e-05 -0.028451275100761435
449 8.756963409241025e-05 -0.02826036346351971
451 7.766031043020755e-05 -0.028186064567091718
453 2.955752897652133e-05 -0.028072153772484742
455 4.968844291428478e-05 -0.02800685127942257
457 7.003173747934487e-05 -0.027895075118785563
459 2.9583007261143727e-06 -0.027786532381927406
461 -4.938479390463943e-07 -0.0276270202478989
463 3.425050974291481e-05 -0.027491725565231825
465 9.94335649672731e-05 -0.027373768862277454
467 4.682273123839579e-05 -0.027263754929873905
469 8.049444627243165e-05 -0.027227111663307164
471 -2.8708708173949695e-05 -0.02703247646077269
473 -1.3668302902443401e-05 -0.026944470247463086
475 -1.3053705163433076e-05 -0.026750726995830428
477 -2.341868155453314e-05 -0.026641703120843675
479 -8.767623409141301e-06 -0.026504190973934326
481 4.353201159327784e-05 -0.026463774345064525
483 5.8936454739450596e-05 -0.026331906318589976
485 -7.029285794336034e-05 -0.02615964604974806
487 -3.860522745683973e-05 -0.026147298789385907
489 3.97966842557612e-05 -0.026093590695664675
491 -1.4620979555356024e-05 -0.025951331975777106
493 -2.2147449253291045e-05 -0.025763635417732703
495 -0.00011465857814683467 -0.025643400096803843
497 -1.4081447656739707e-05 -0.02551750660710223
499 5.5876264239574725e-05 -0.025532181099008
501 5.5894857526518446e-05 -0.025361029574721385
503 -1.1421124374468604e-05 -0.025331893833904412
505 -5.945104172981027e-05 -0.025217715683081683
507 -5.2067158283310464e-05 -0.025114215912605133
509 -4.723460870098624e-05 -0.0250512682120138
511 -5.0733045417414245e-05 -0.024909345656036003
513 -7.145553811251226e-06 -0.024841615499940736
515 5.550831261619137e-05 -0.024671076099104166
517 4.2027198902886494e-05 -0.024582336480256935
519 -2.318083545990803e-05 -0.024640713417040227
521 -3.6173949889284614e-05 -0.02453026288634914
523 -4.792523420301572e-06 -0.024392561544007957
525 -1.0287383731511957e-05 -0.024302764147915868
527 2.373107018169212e-05 -0.024099734660889865
529 5.582589015388787e-05 -0.024057540917799103
531 1.6221790010470988e-05 -0.024031127365933533
533 7.858481998399792e-05 -0.023958282002188705
535 4.0997107315966715e-05 -0.023845072550741676
537 -2.4522494483073845e-05 -0.023749673008114022
539 -4.973171084670683e-05 -0.023636046925703418
541 3.5989816357647156e-05 -0.023628482701822065
543 6.725012319229168e-06 -0.023485366516384863
545 2.752387319083982e-05 -0.0234387996843028
547 2.5978583094816332e-05 -0.023215044903896937
549 2.476790221297138e-05 -0.023162967306393042
551 4.4725506696413244e-05 -0.023105066378366658
553 0.00010444711618992145 -0.023004332918264123
555 -3.5338834829164094e-06 -0.022960859142805094
557 1.6238346875551394e-05 -0.022887017952088973
559 4.268041888078102e-05 -0.02278838485370314
561 -6.345969125097752e-06 -0.022643413128746532
563 6.0867949809008765e-05 -0.02259722966837501
565 -2.5022621521961886e-05 -0.022507182506033365
567 -1.9464916432254843e-05 -0.0224070527038681
569 2.7509030227963833e-05 -0.022352163990405814
571 1.676959364362587e-05 -0.02231046724486647
573 3.086680787069314e-05 -0.022225904278627622
575 1.4804224853433262e-05 -0.02213819503219741
577 8.543152085382248e-06 -0.0220961052325878
579 -8.017811981901184e-05 -0.021977775317920584
581 -6.683545250540579e-05 -0.02197806320425778
583 -1.2304726921704975e-05 -0.021862298976427327
585 -4.957789349020314e-06 -0.02176257514224658
587 -0.00010710607607852065 -0.021664445155721974
589 -9.991315851028873e-05 -0.021593154249727048
591 -6.345928354975253e-05 -0.021527124343992773
593 2.6245604156753397e-05 -0.02142704682755297
595 -4.655685975916887e-06 -0.021328638130568855
597 -3.233869372969992e-05 -0.021329305556199045
599 -3.250502147235417e-05 -0.021279073065874
601 -2.1071167511523236e-05 -0.02119316541164182
603 3.379072283128586e-05 -0.020995926225908602
605 -7.699980802991874e-05 -0.02101001572620356
607 1.0400834197591157e-05 -0.020935021717812797
609 3.5914244502431196e-05 -0.02087866844573493
611 3.451604521306109e-05 -0.020884624631612763
613 5.7277941178023115e-06 -0.020801016383502437
615 -8.1994829246728e-06 -0.02073473014017181
617 8.09104896833896e-06 -0.02054319815654354
619 7.695460940896444e-06 -0.02048384274832598
621 2.430533496490206e-05 -0.0204446807991385
623 3.476303076394535e-05 -0.020403068553783432
625 4.264875059711393e-06 -0.020313318762754516
627 -5.802582058149914e-05 -0.02028619200263061
629 -7.267492272702012e-05 -0.0202112377907062
631 -5.526876671087544e-05 -0.020142610942012022
633 -1.3295668515050562e-06 -0.020086907571328565
635 -3.5736849853540526e-05 -0.020009585763237327
637 -6.0958275598364e-06 -0.019913204130278608
639 2.551571054388438e-05 -0.019937459764058238
641 5.0981458668879006e-05 -0.019801000600597547
643 2.981215723353676e-05 -0.019799524940240634
645 -4.62590498950932e-05 -0.019707006830464717
647 -2.1039393972643252e-05 -0.019649773146716402
649 -5.695300883835414e-05 -0.01960960586933598
651 -3.327526947455899e-05 -0.019565833884254445
653 3.461868532115592e-05 -0.019565246420531018
655 2.15843059025366e-05 -0.019424905634258537
657 4.9550538824736285e-05 -0.01931354097546121
659 3.266843702311091e-05 -0.019251633942012767
661 -5.5609587771558044e-05 -0.01928611156933492
663 -7.557407833690705e-05 -0.019174933128837668
665 -7.578459836759048e-05 -0.019095043224762097
667 3.4702263757128694e-05 -0.019111158101951686
669 1.7418887531255732e-05 -0.01909881156746921
671 8.340982960730378e-05 -0.019041292888186043
673 0.00010177149670711744 -0.018939175537184088
675 0.00014124549441965162 -0.01886978401280572
677 1.6432893587017113e-05 -0.018863979578154673
679 4.4500480257398815e-05 -0.018778031327381765
681 -2.0728593947893135e-05 -0.018802673362881533
683 3.180795287734397e-05 -0.018671030093581585
685 -0.0001296875507738528 -0.01858070740370901
687 -7.304332732008382e-05 -0.01856493171815446
689 -4.4546670303857745e-05 -0.018469757706063662
691 1.9427132890193867e-05 -0.018474195853629506
693 6.698916692113632e-05 -0.018412334382675928
695 5.9344469714464596e-05 -0.018361570008545866
697 4.602061705568684e-05 -0.018217818544924724
699 -4.905061198526681e-05 -0.01812716404267474
701 -3.254500050276991e-05 -0.018142443983451974
703 -9.67571422145528e-06 -0.018078152367369215
705 -3.1916007363808006e-05 -0.01804764235699997
707 -1.6316024468196564e-06 -0.01797842755429422
709 4.402185984146224e-05 -0.017962766805451204
711 -6.615609592739961e-06 -0.017901295157483503
713 2.0705837796861145e-05 -0.017779119343347995
715 -4.999753463427709e-05 -0.017837582543244697
717 2.114690143589413e-05 -0.017833777522564778
719 -1.548330206629424e-06 -0.017700386103982627
721 2.1966535056289388e-05 -0.017589652133326895
723 -5.99390301665391e-07 -0.01754893775058679
725 -2.134277206124141e-06 -0.017489736314764318
727 -5.641258660824765e-05 -0.017470140651133857
729 2.0883530407856864e-05 -0.0174098479557021
731 6.305686977374767e-05 -0.017333835155201198
733 8.068732481204142e-06 -0.017358334081537488
735 -4.278630250072184e-05 -0.017310022508600777
737 -2.468481174226749e-05 -0.017289600360000944
739 4.734453488961042e-05 -0.01726424852260513
741 6.486764159661689e-06 -0.017228308223386658
743 -6.34670658117687e-05 -0.017167799121832097
745 -0.0001275258542377649 -0.01707816981045836
747 -5.827994533877032e-05 -0.01699791211588135
749 -4.6825674697817153e-05 -0.01697513702857957
751 -7.167640433101899e-05 -0.01696658197579029
753 -2.5921502044476675e-05 -0.016834129729557862
755 7.005348421034552e-07 -0.016773964120953406
757 5.8125967650132646e-05 -0.01678226296598382
759 1.6423810879160146e-05 -0.016757815151812717
761 1.1856823330013865e-05 -0.01671926411532111
763 1.1239545423877926e-05 -0.016694213081181648
765 -2.57117651861346e-05 -0.016601437075300752
767 -4.72517905227299e-05 -0.016643717448412327
769 -8.72978472421261e-05 -0.016597758593141363
771 -7.167713467945522e-05 -0.016548713791785394
773 1.0305508256996088e-05 -0.016449986859065614
775 3.669048541580728e-05 -0.01647719718268229
777 -3.0899623354290657e-06 -0.01639909751023265
779 -1.1759668107851278e-05 -0.016362053480796536
781 2.101382057763647e-05 -0.016209183899565043
783 0.00013688892168297573 -0.016221108825693095
785 6.35963068841567e-05 -0.016144141947025164
787 6.991734452292489e-05 -0.016125991778485817
789 8.873361973215407e-05 -0.01611214110426078
791 7.585853422049375e-06 -0.01603879868990963
793 6.741035164777094e-05 -0.01606589995968304
795 -3.259218196368972e-05 -0.016011706348666856
797 5.013459914533684e-06 -0.015915002880007707
799 4.086685863731178e-05 -0.015956675401360247
801 9.168480808122203e-05 -0.015893499463604313
803 4.797937344629965e-05 -0.015916756151483503
805 5.800497250272243e-05 -0.015848776724489304
807 4.097733975951799e-06 -0.015850063048148955
809 7.137353479606857e-06 -0.015768428665431468
811 2.6015888851482835e-05 -0.015677322684465655
813 -1.1143874305694532e-05 -0.015651490493043426
815 -3.099808103666484e-05 -0.01564004301094531
817 3.174710374387258e-05 -0.015585578935091769
819 1.7446631531124022e-05 -0.015512087930994765
821 1.3201448230790447e-05 -0.0154496855823209
823 5.133787570981155e-05 -0.015463036374162461
825 4.449856464990329e-05 -0.015394023584852546
827 0.0001531324028496013 -0.015354538075233154
829 1.689963060842611e-05 -0.015317562701997314
831 -1.85531820540447e-05 -0.015290932880708145
833 -9.945555817454332e-06 -0.015217919135624211
835 4.469560089074191e-06 -0.015261832628913317
837 9.923550172621751e-06 -0.015218646341930429
839 -7.549693551268274e-05 -0.015186033021743447
841 -6.560203536783922e-05 -0.015190864632693922
843 -4.635584090227911e-05 -0.015103722450805813
845 5.1099653711827684e-05 -0.015049230542423173
847 2.1905441299091543e-05 -0.015072163957823362
849 -1.6473593354989765e-05 -0.014990563111605544
851 3.317944614819277e-05 -0.014963752030496411
853 3.6936589933338264e-05 -0.014915556313768402
855 -2.4844198514927012e-05 -0.014922838444876223
857 -3.1609651496253133e-05 -0.01486423639691143
859 1.226224903915675e-05 -0.014834253999448316
861 -5.618584432349944e-05 -0.014808872364026792
863 -6.94035783140806e-05 -0.014807531086057691
865 -3.100552247712723e-05 -0.01475492622320514
867 -6.327839433384154e-05 -0.014688756954033674
869 -3.2532245400888297e-05 -0.014653482252879988
871 -4.3134739728533416e-05 -0.014650075545066156
873 -0.00011210880979919385 -0.014592943021662107
875 -1.768853651034041e-05 -0.01456139699879135
877 -3.9302166501211524e-05 -0.014451539628309718
879 -5.609297558138509e-06 -0.014461108264582223
881 1.2270634863630177e-05 -0.014433685201255264
883 -2.6147170409366274e-05 -0.01436725430429446
885 3.129002862582012e-05 -0.014302656534071714
887 3.3399991271659655e-05 -0.014333241104968988
889 1.1730827273020063e-05 -0.014298165260869647
891 -2.3321029860762896e-05 -0.014273273723515422
893 -3.999665781142786e-06 -0.014285064590087297
895 -2.5627454284813513e-05 -0.014181358888612886
897 -3.547384213726889e-05 -0.014143699386284467
899 1.2136047780833772e-05 -0.014071712202323389
901 4.164167847615421e-06 -0.014050008649421334
903 -3.652283675458645e-05 -0.014025925147625812
905 -1.4842626122717544e-05 -0.014114883685840613
907 2.1859390011244077e-05 -0.014137938808122976
909 -6.602650015257954e-05 -0.014081069148564064
911 -7.35964473524923e-05 -0.01405965723210126
913 -8.599673005395939e-05 -0.014009089297440418
915 -0.00011310423508124697 -0.013852737803239928
917 -9.94907145334468e-05 -0.013895112510842418
919 -5.357305835211463e-05 -0.01383437380990367
921 -4.536968378233485e-05 -0.013826514943365183
923 -6.276171342700667e-05 -0.013821292159003717
925 -3.1663497177479936e-05 -0.013788854320692783
927 -3.471306313538223e-05 -0.01370185380065844
929 1.3887895016745637e-05 -0.013598101078680109
931 -2.302386161692986e-05 -0.013615163695437641
933 -7.209897361398662e-05 -0.013662661442975501
935 1.2854924948229034e-07 -0.013625340797869031
937 1.3586365868796917e-05 -0.013561241301312314
939 -6.171453828268355e-05 -0.01357164325570354
941 -7.861846837674619e-05 -0.013546197583247105
943 -4.088921166878059e-05 -0.013499837163781054
945 -1.0200741423558328e-05 -0.013489131931233392
947 -1.1467532669230061e-05 -0.013484995316068468
949 -5.646209824079185e-05 -0.013443368789226803
951 -1.0987180542950481e-05 -0.013374826749125587
953 -3.855634763385855e-05 -0.013301918705232368
955 -1.0083929382644979e-06 -0.013316149188404285
957 -1.3246821187440667e-06 -0.013255824059148474
959 3.80646470398467e-05 -0.01328766103258078
961 5.903612749465211e-05 -0.01326681418928214
963 4.8556085119498405e-05 -0.013203827446444839
965 -2.0330700774000908e-05 -0.013106917552134974
967 -6.132807208865421e-05 -0.013110962373882328
969 3.9115134259842333e-07 -0.013113857184778803
971 -3.933565813091615e-06 -0.013088442039463731
973 -3.725745663494753e-05 -0.013054201676792202
975 1.0802461256675574e-06 -0.013027265801963719
977 -7.723265184022208e-05 -0.012991061971293925
979 -6.347149317748437e-05 -0.01299790720059496
981 -2.5315871976874363e-05 -0.012986891612970196
983 -2.7134982637161294e-05 -0.012956262699064983
985 -6.880988471597826e-07 -0.012897982221311298
987 -7.599589591569475e-05 -0.012885879079870982
989 3.5572191302798903e-06 -0.012879973347667979
991 -7.890484668989741e-05 -0.012840493552501461
993 -6.7872764121410765e-06 -0.012832301768627345
995 2.3813555164479574e-05 -0.012748555320874367
997 -3.0414606276728993e-05 -0.012742727367323821
999 2.5983516735659756e-05 -0.012648235336274032
1001 2.234147218896812e-05 -0.012685841283572221
1003 -8.704584036165431e-06 -0.012751110771341768
1005 4.7875259784708886e-05 -0.012670940604685448
1007 2.419728643133193e-05 -0.012593105330040827
1009 -1.1076819069095663e-05 -0.012531251007305873
1011 2.931242332717899e-05 -0.01255942966622131
1013 -3.292557190629908e-05 -0.012551520520959807
1015 -1.1395142949518449e-05 -0.012537796073229645
1017 -2.677245966992736e-05 -0.012470588656434106
1019 6.797772077828905e-06 -0.012463260796152474
1021 2.732070363275882e-06 -0.012414401916892706
1023 -3.268384688160429e-05 -0.012427344503208915
1025 8.415731045700786e-06 -0.012372003993507854
1027 -6.471301557723205e-05 -0.012361872683200523
1029 -3.812425079146038e-05 -0.012407893655133383
1031 -1.5067933461930152e-05 -0.012301546705055736
1033 -3.6269202368017364e-05 -0.012318635715508659
1035 -9.275387165816085e-05 -0.012313124848670934
1037 -9.121856115570364e-05 -0.012230490108731602
1039 2.8583879662990328e-05 -0.012218097438449151
1041 4.183908686932783e-05 -0.01216952105037235
1043 4.4411622339671495e-05 -0.012159234168554772
1045 3.763508902271352e-05 -0.012146041846923385
1047 1.982000690249672e-05 -0.012192213751590703
1049 1.9080392128089846e-05 -0.012083758249419181
1051 -2.263168378464062e-05 -0.012086432718936613
1053 5.1117085379849714e-05 -0.012078905378790698
1055 2.347051231186836e-05 -0.012071579876212078
1057 -3.403537939172421e-05 -0.012050167386965535
1059 3.207177850717931e-05 -0.011936318566055967
1061 8.913025555236544e-06 -0.011989087987081828
1063 5.469671883527034e-05 -0.011983266346498945
1065 -5.0310446851007285e-05 -0.011969671073889639
1067 6.691406640792754e-05 -0.01193222017031481
1069 -2.230483184188752e-05 -0.011816411240225162
1071 -5.39070578187246e-05 -0.01185125449763928
1073 -0.00014928624785352212 -0.011806253383901118
1075 -6.008619893828988e-05 -0.01170738202570065
1077 -3.561558869560819e-05 -0.011733384635207664
1079 -0.00011996045552402503 -0.011747134612372022
1081 -5.144081647827397e-05 -0.011720358400162006
1083 -6.747325524499572e-05 -0.011703150453089627
1085 -3.4386035234147664e-05 -0.011714781266113182
1087 -8.950779578721722e-05 -0.011619497624632016
1089 -7.866012894685627e-07 -0.01161838274657411
1091 9.691563080182979e-05 -0.011560991839415322
1093 2.17955835767421e-05 -0.011566649621340762
1095 4.453183414065123e-05 -0.011561482847529989
1097 6.408385153628104e-06 -0.011583429071675358
1099 8.809030312722665e-06 -0.011660993139817813
1101 1.1860010211592156e-05 -0.011631980512677914
1103 1.117795273528866e-05 -0.011556126338647913
1105 -5.7779455641916196e-05 -0.01159774578985388
1107 -2.2617017895304173e-05 -0.011534929475001636
1109 2.8917608507129147e-06 -0.011542574646763646
1111 -4.818685975588233e-06 -0.011498401176172991
1113 4.360203784755467e-05 -0.01145707558698142
1115 1.5762173306165733e-05 -0.01139736534570233
1117 3.395764562809828e-05 -0.011315615138245416
1119 -7.130133604223545e-06 -0.01132571764782827
1121 7.160947845142335e-05 -0.011404135077875983
1123 4.526214352935319e-05 -0.01130170856076504
1125 -1.272681646542143e-05 -0.01132694726206069
1127 2.2822510072918865e-05 -0.011380461628743916
1129 -3.435151075726795e-05 -0.011338437244348536
1131 3.6076619533079485e-05 -0.01133461062505494
1133 1.8549097971876476e-05 -0.01126466451485877
1135 -4.600473902282547e-05 -0.01120741300744379
1137 -3.4635052156992446e-05 -0.011207695374950291
1139 3.237746235039e-05 -0.011220193284014626
1141 -6.66382485331822e-05 -0.01128660388831613
1143 -2.2184999930261858e-05 -0.011142606782767298
1145 -6.235755642826852e-05 -0.011163128594651092
1147 -1.2020936077875637e-07 -0.011140784146776984
1149 -3.1287939381955903e-06 -0.01110581948094738
1151 -5.007072401756499e-05 -0.01112323650069733
1153 -3.822334259271112e-05 -0.011113714658021384
1155 2.7682905299427217e-05 -0.01110402170643349
1157 3.659699004408605e-05 -0.011065486769752605
1159 2.3746389495963662e-05 -0.010998773851524493
1161 5.906424780146666e-06 -0.010933644497371543
1163 -2.4685488929235167e-05 -0.010925426964864671
1165 -7.120505856872632e-06 -0.010818658882230008
1167 3.763920229133456e-05 -0.010871712565335178
1169 6.775466513437724e-05 -0.010771730178838437
1171 9.758589977492898e-05 -0.01084965801562029
1173 9.30612637293099e-05 -0.010850501723894759
1175 4.1710379559743884e-05 -0.010793454590857303
1177 4.156789075772041e-05 -0.010771661910735279
1179 2.9827551805190958e-05 -0.010771925019405194
1181 7.985663219882799e-05 -0.010796849559746921
1183 7.4329991654515e-06 -0.010757657691987296
1185 -3.9232749293869945e-05 -0.010728550816974412
1187 -5.65600494133053e-05 -0.010736311618124763
1189 -3.687656484701714e-05 -0.010694295178893289
1191 -3.1069940326708375e-05 -0.010731319654137966
1193 -5.227583200251454e-05 -0.010742946579641529
1195 -5.191817597221722e-05 -0.010672151802324501
1197 -5.45848178420596e-05 -0.010623107757629514
1199 -5.415658164420298e-05 -0.01058847129717685
1201 -0.00010344422422928857 -0.010568890739955114
1203 -2.2484821162325932e-05 -0.010488972558277134
1205 -1.4020878431931827e-05 -0.010551900870948707
1207 -3.9081769582392313e-05 -0.010465329112899022
1209 -2.879306252136075e-05 -0.010455556381393685
1211 -1.2495931668852628e-05 -0.010423330415485883
1213 2.2997370315342908e-05 -0.010483149872564162
1215 2.8130997288666806e-05 -0.010461984656752077
1217 6.878218492341533e-05 -0.010422152330305951
1219 2.9200411180496652e-06 -0.010451065302978178
1221 -4.768828145662746e-05 -0.010339446766558373
1223 6.499293402245811e-07 -0.010355441671276607
1225 2.683446443874306e-05 -0.010346701061318162
1227 8.734996032509588e-06 -0.01036497652457905
1229 -4.1966312396392355e-05 -0.010435505427885057
1231 -4.246426998555991e-05 -0.010353718161916416
1233 4.1013030512837044e-05 -0.010361065522440179
1235 7.763305827309115e-05 -0.010302579140827302
1237 4.057103283477145e-06 -0.010290034914148271
1239 -2.938121879667896e-06 -0.010311532240242937
1241 -4.768858195447244e-05 -0.010362253182407058
1243 -2.00828557732929e-05 -0.010381777724879962
1245 -1.2885239190530375e-06 -0.010301106510225345
1247 -4.4272643667792635e-05 -0.010210036274224843
1249 -3.667454597647911e-06 -0.01014636420107978
1251 4.016358518132796e-05 -0.010133470627706434
1253 3.7422490236810594e-05 -0.01017982843367726
1255 6.153014773936915e-05 -0.010115735254265243
1257 3.3232518476066445e-05 -0.010156844577903544
1259 3.74877074368904e-05 -0.010072808238482516
1261 9.383572123966117e-05 -0.010074221595894026
1263 3.292776843248777e-05 -0.010134564244077899
1265 0.00011527086976697291 -0.010119341644546859
1267 0.0001047179916372806 -0.010075188900033677
1269 0.00011702263784089197 -0.010103243299220846
1271 1.6078055298385904e-05 -0.010012005156950811
1273 6.315947381133237e-06 -0.009979740527710657
1275 -7.445640156584241e-05 -0.009941324395212486
1277 -6.695961219220004e-05 -0.009972841799040231
1279 -6.733063384264813e-05 -0.00996582600317213
1281 3.16985759073185e-05 -0.009989082351017371
1283 2.3062112816571837e-05 -0.009977124290683662
1285 -7.451874077848331e-06 -0.00994372331962137
1287 4.2398797704962845e-05 -0.009916780302407533
1289 5.3410623913655134e-05 -0.009905282394167143
1291 8.086377049517407e-05 -0.009932937276748259
1293 3.979575344813442e-05 -0.00995138211368726
1295 8.421925210033097e-05 -0.00987822932802525
1297 0.00010938479998018359 -0.009824805932892276
1299 2.4542099481583497e-07 -0.009804496195639589
1301 -7.063688151568317e-05 -0.009839731835761043
1303 -4.8147407318620264e-05 -0.00983066850504195
1305 1.2236820294062666e-05 -0.009763066377480877
1307 1.1694960754715429e-05 -0.009759130658064087
1309 -6.923991295030417e-05 -0.009778803114647917
1311 -6.800622172189474e-05 -0.009748251627002243
1313 -3.679588342330562e-05 -0.00979621241522972
1315 -2.0021026291324237e-05 -0.009723640215632065
1317 -2.188888553389452e-05 -0.009696216461409614
1319 3.625375079553262e-05 -0.009690704034189685
1321 -4.165543572102546e-05 -0.009691379487435819
1323 -5.352199141767988e-05 -0.00974553988113567
1325 -3.3998291598169414e-05 -0.009705055224140002
1327 -1.4752073255369832e-05 -0.009573614753922627
1329 -5.339218395571744e-05 -0.009565263249783315
1331 -5.113956088278892e-05 -0.009587541132028891
1333 -9.839750512187328e-06 -0.009535848913325472
1335 1.9853575189711935e-07 -0.00953938718167608
1337 -5.1599040250288066e-05 -0.009450198022031843
1339 -6.543762062405043e-06 -0.009457995188453607
1341 -2.0691186840611127e-05 -0.009505418251117266
1343 1.1571432246041929e-05 -0.009501540123231376
1345 -6.095604964249247e-05 -0.009544223298909662
1347 -8.408865940781507e-05 -0.009510716905454152
1349 -2.952663464871269e-05 -0.009457463863357218
1351 -6.538453495987374e-05 -0.009458475720266556
1353 -2.454150826106575e-05 -0.00939675782198521
1355 -2.0954871040985585e-06 -0.009329951098771546
1357 -2.746353973600213e-06 -0.009349301166958384
1359 -9.857070254081224e-05 -0.009369019331295305
1361 -1.301120498710893e-05 -0.009296086040331308
1363 1.1610796787090802e-05 -0.009254386614637239
1365 4.906586504086579e-06 -0.009333172073914523
1367 -6.928465756507547e-05 -0.00927280481383628
1369 -2.2201881635436646e-05 -0.009304719288074019
1371 -4.5370554199091804e-05 -0.009313208694921268
1373 -7.301749101859896e-05 -0.009294081103567439
1375 -3.5465888202788845e-05 -0.009272537572199983
1377 -4.183861803872102e-05 -0.009250079329830876
1379 -2.0896989563289527e-05 -0.009236467308058775
1381 -3.041290228491835e-05 -0.00918836017103647
1383 -1.904226424933449e-05 -0.009210569881943895
1385 -4.5555150934619803e-05 -0.009146872384684718
1387 -2.2982984125637117e-05 -0.009142349400423416
1389 3.1457127968833495e-05 -0.009211064809041148
1391 -6.445185247363156e-05 -0.009155192155823562
1393 -6.864689690359819e-05 -0.009189075743217975
1395 -8.897308884791593e-06 -0.009095511158404632
1397 4.142153650555349e-05 -0.009076216120619632
1399 4.020774419681742e-05 -0.009022505200964584
1401 3.9667184802982065e-05 -0.009049104872684833
1403 -1.4845650455013425e-05 -0.00906528431401535
1405 -0.00010798083268600045 -0.009076233991004391
1407 -7.218293674319656e-05 -0.009010763612418954
1409 -7.895678480681297e-05 -0.009056699064317334
1411 -7.471918871981187e-05 -0.009004427577950586
1413 -3.803236970247858e-05 -0.009056836914164866
1415 -4.465531570047104e-05 -0.008952806378250551
1417 1.1217350907125051e-05 -0.008927613096926194
1419 4.29233248434019e-05 -0.008956374504836228
1421 -1.842790795214668e-06 -0.008925901033477276
1423 9.918193149351767e-06 -0.008883879228714666
1425 -1.4528060493953466e-05 -0.008912971815673486
1427 -8.828785010580456e-06 -0.008921602779960123
1429 -4.974779921951272e-05 -0.008899018899021295
1431 3.0487119867230733e-06 -0.008869062644557073
1433 -4.3219328753071e-05 -0.00886355575919009
1435 7.115876133954529e-06 -0.008878862703050322
1437 2.1147612995087246e-06 -0.008802841230395755
1439 -8.431508803233135e-06 -0.008712089125853086
1441 1.2658658048774312e-05 -0.008843920773088576
1443 -4.4559423022666515e-05 -0.008801785360275951
1445 -6.648479544263766e-06 -0.008771868078530773
1447 5.8255284690139996e-05 -0.008699688388505588
1449 -3.928625019216301e-05 -0.00870406220179446
1451 1.322991845507403e-05 -0.008769081214059917
1453 1.27090627140702e-06 -0.008637408091478133
1455 3.941760020287586e-05 -0.008645563350265536
1457 8.238839180984988e-06 -0.008697161743818724
1459 6.55893745704011e-06 -0.008689076370234269
1461 6.531446032660452e-05 -0.008707573355640413
1463 6.396582311936907e-05 -0.008643242859985483
1465 3.216148920510894e-05 -0.008685648121714502
1467 1.91110699266899e-05 -0.008656425827053907
1469 8.630703143438846e-06 -0.008679180499534707
1471 1.0257622095895393e-05 -0.008644497437556858
1473 8.63301986368774e-06 -0.008697680842813506
1475 -9.193487946334775e-05 -0.00864139142934958
1477 -4.172886560661856e-05 -0.008581789722758354
1479 -3.264715323673579e-05 -0.008621595002487738
1481 -3.49495483099156e-05 -0.008608370143876776
1483 -0.00011051975043724878 -0.008629003871335776
1485 2.1940838339290752e-05 -0.00859980614824517
1487 -7.683526397359445e-07 -0.00853217487434354
1489 -3.5926944371914756e-05 -0.008558938621739997
1491 -1.1310207787570306e-05 -0.00850964467983161
1493 -2.780885063086767e-05 -0.0085477098636979
1495 5.282632195154896e-05 -0.008570536367948833
1497 1.3377384493385424e-05 -0.008538793039709659
1499 4.867364708188037e-05 -0.008485469445750727
1501 0.00012536224736266503 -0.008556159887016216
1503 1.34591722352865e-05 -0.008545629639661054
1505 9.915639171173129e-05 -0.008480630646404372
1507 8.282705233082449e-05 -0.008497096330470801
1509 4.535958062602477e-05 -0.008407485337937478
1511 0.00011066186771168384 -0.008362601680999735
1513 1.5235815014329556e-05 -0.0083811023941904
1515 2.5749267703330966e-06 -0.008385939258055015
1517 -2.289842752424349e-05 -0.008334547848724245
1519 4.677199298881803e-06 -0.008330972180435584
1521 7.466438045259148e-05 -0.00837165834980433
1523 0.00011025587846902003 -0.008391627830006772
1525 1.4387384602298945e-05 -0.00835719067141218
1527 1.8240653527331008e-06 -0.008307215966536389
1529 -3.6941034919855376e-05 -0.008228655404717797
1531 -4.9310068773630387e-05 -0.008282642830030992
1533 -1.6130774369733426e-05 -0.008339548627612528
1535 -6.80355979582313e-05 -0.00829030967292093
1537 -0.0001037277390686659 -0.008272385046185889
1539 -3.7875510974729738e-06 -0.008232028683085504
1541 5.357341039335772e-05 -0.008225771293500536
1543 5.5799992405909545e-05 -0.008238508497901949
1545 -3.8127253410507025e-05 -0.008222755298691427
1547 -5.573034098378986e-05 -0.008226449353174715
1549 -5.446153206987678e-05 -0.008216356219301179
1551 9.238508709153356e-07 -0.008218066952281288
1553 3.509380067309478e-05 -0.008157119588271571
1555 -1.4788477957143832e-05 -0.00816856720377299
1557 -0.00012369849566328786 -0.008163376645804882
1559 -0.00010095016311216458 -0.008125220746909117
1561 -3.481493197925104e-05 -0.00814245445867625
1563 -1.1871127982188912e-05 -0.00806983428090913
1565 -1.013264024987202e-05 -0.008178580251838702
1567 3.0499886494599713e-05 -0.008147168369535275
1569 8.713517732970613e-06 -0.00804478083408753
1571 -2.649170470459818e-05 -0.00808828881108051
1573 9.056285976734169e-05 -0.007986063816795555
1575 1.8213980636371073e-05 -0.008015047440947127
1577 8.871629619088483e-06 -0.008032774396480565
1579 2.4954862764565294e-05 -0.00806651420690895
1581 3.873433171039637e-05 -0.00800038670942262
1583 3.2466730258584516e-05 -0.008026764650982001
1585 -9.64058763612147e-06 -0.007979520211241984
1587 6.084258171099568e-06 -0.008008661636581774
1589 1.7676579453551126e-05 -0.00802402839390267
1591 1.8678500291420873e-05 -0.007943910612362132
1593 1.7551226971848863e-05 -0.007959826035682724
1595 -3.5797633378860044e-06 -0.008042729125264743
1597 3.06210958672333e-05 -0.007980634111011223
1599 1.6054125120327228e-05 -0.007984737273510158
1601 1.745340555769807e-05 -0.007970189422859441
1603 2.0014249990171713e-05 -0.007941904859247156
1605 3.207904734184189e-05 -0.007944002020280668
1607 2.5535318940540497e-05 -0.007936109415021209
1609 -1.5269927123378414e-05 -0.007923419769936952
1611 -3.6949744131986256e-05 -0.007882439608648742
1613 -1.3321975339876894e-05 -0.007856255857030764
1615 -1.9058631866621633e-05 -0.007913587236686061
1617 1.4430858265135424e-06 -0.007936458271287573
1619 -4.28347872655636e-05 -0.007907291746906984
1621 -2.2044720051961538e-05 -0.007855980348328087
1623 -2.9052384562268276e-05 -0.007868533024118187
1625 3.7885651100267974e-05 -0.007871689149293518
1627 1.6989751892808956e-05 -0.007874778131732972
1629 1.28962195546053e-05 -0.007803660221855999
1631 8.102316483527146e-05 -0.00774567475894263
1633 7.30241899410475e-05 -0.007798800234273083
1635 4.2539519432073065e-05 -0.007797431099636052
1637 4.67209466562938e-05 -0.0077727804653506686
1639 0.0 -0.0077683925853274105
1641 0.0 -0.0077589247089284745
1643 0.0 -0.007749479882745968
1645 0.0 -0.007740058022706157
1647 0.0 -0.007730659045143672
1649 0.0 -0.007721282866799047
1651 0.0 -0.00771192940481625
1653 0.0 -0.007702598576740248
1655 0.0 -0.007693290300514579
1657 0.0 -0.007684004494478955
1659 0.0 -0.007674741077366864
1661 0.0 -0.007665499968303207
1663 0.0 -0.007656281086801941
1665 0.0 -0.00764708435276374
1667 0.0 -0.007637909686473683
1669 0.0 -0.007628757008598937
1671 0.0 -0.007619626240186491
1673 0.0 -0.007610517302660865
1675 0.0 -0.007601430117821866
1677 0.0 -0.007592364607842353
1679 0.0 -0.007583320695266007
1681 0.0 -0.007574298303005132
1683 0.0 -0.00756529735433846
1685 0.0 -0.007556317772908978
1687 0.0 -0.007547359482721771
1689 0.0 -0.0075384224081418766
1691 0.0 -0.007529506473892151
1693 0.0 -0.007520611605051168
1695 0.0 -0.007511737727051108
1697 0.0 -0.007502884765675679
1699 0.0 -0.00749405264705805
1701 0.0 -0.007485241297678793
1703 0.0 -0.007476450644363845
1705 0.0 -0.007467680614282478
1707 0.0 -0.0074589311349453
1709 0.0 -0.007450202134202239
1711 0.0 -0.0074414935402405775
1713 0.0 -0.0074328052815829685
1715 0.0 -0.007424137287085496
1717 0.0 -0.007415489485935718
1719 0.0 -0.007406861807650743
1721 0.0 -0.007398254182075321
1723 0.0 -0.007389666539379935
1725 0.0 -0.007381098810058916
1727 0.0 -0.007372550924928562
1729 0.0 -0.007364022815125291
1731 0.0 -0.007355514412103772
1733 0.0 -0.0073470256476351
1735 0.0 -0.007338556453804972
1737 0.0 -0.007330106763011875
1739 0.0 -0.007321676507965284
1741 0.0 -0.007313265621683875
1743 0.0 -0.007304874037493762
1745 0.0 -0.007296501689026721
1747 0.0 -0.007288148510218448
1749 0.0 -0.007279814435306818
1751 0.0 -0.007271499398830169
1753 0.0 -0.007263203335625572
1755 0.0 -0.007254926180827138
1757 0.0 -0.00724666786986433
1759 0.0 -0.007238428338460278
1761 0.0 -0.007230207522630113
1763 0.0 -0.007222005358679312
1765 0.0 -0.007213821783202055
1767 0.0 -0.007205656733079586
1769 0.0 -0.007197510145478592
1771 0.0 -0.007189381957849591
1773 0.0 -0.0071812721079253395
1775 0.0 -0.007173180533719227
1777 0.0 -0.007165107173523707
1779 0.0 -0.007157051965908727
1781 0.0 -0.007149014849720172
1783 0.0 -0.00714099576407831
1785 0.0 -0.007132994648376261
1787 0.0 -0.0071250114422784705
1789 0.0 -0.007117046085719188
1791 0.0 -0.007109098518900964
1793 0.0 -0.007101168682293156
1795 0.0 -0.007093256516630434
1797 0.0 -0.007085361962911312
1799 0.0 -0.007077484962396681
1801 0.0 -0.0070696254566083435
1803 0.0 -0.007061783387327581
1805 0.0 -0.0070539586965937
1807 0.0 -0.007046151326702616
1809 0.0 -0.007038361220205432
1811 0.0 -0.007030588319907028
1813 0.0 -0.00702283256886466
1815 0.0 -0.007015093910386571
1817 0.0 -0.0070073722880306145
1819 0.0 -0.0069996676456028735
1821 0.0 -0.006991979927156303
1823 0.0 -0.0069843090769893725
1825 0.0 -0.006976655039644727
1827 0.0 -0.006969017759907842
1829 0.0 -0.006961397182805701
1831 0.0 -0.006953793253605477
1833 0.0 -0.006946205917813218
1835 0.0 -0.00693863512117255
1837 0.0 -0.006931080809663379
1839 0.0 -0.006923542929500613
1841 0.0 -0.006916021427132878
1843 0.0 -0.006908516249241253
1845 0.0 -0.0069010273427380095
1847 0.0 -0.006893554654765364
1849 0.0 -0.006886098132694228
1851 0.0 -0.006878657724122975
1853 0.0 -0.006871233376876215
1855 0.0 -0.0068638250390035726
1857 0.0 -0.0068564326587784745
1859 0.0 -0.006849056184696948
1861 0.0 -0.0068416955654764244
1863 0.0 -0.00683435075005455
1865 0.0 -0.006827021687588004
1867 0.0 -0.006819708327451327
1869 0.0 -0.006812410619235756
1871 0.0 -0.006805128512748065
1873 0.0 -0.006797861958009411
1875 0.0 -0.006790610905254201
1877 0.0 -0.006783375304928944
1879 0.0 -0.006776155107691128
1881 0.0 -0.006768950264408095
1883 0.0 -0.006761760726155936
1885 0.0 -0.00675458644421837
1887 0.0 -0.006747427370085653
1889 0.0 -0.006740283455453481
1891 0.0 -0.0067331546522219074
1893 0.0 -0.006726040912494256
1895 0.0 -0.006718942188576056
1897 0.0 -0.006711858432973973
1899 0.0 -0.006704789598394748
1901 0.0 -0.006697735637744149
1903 0.0 -0.006690696504125921
1905 0.0 -0.0066836721508407495
1907 0.0 -0.006676662531385227
1909 0.0 -0.006669667599450827
1911 0.0 -0.006662687308922882
1913 0.0 -0.0066557216138795755
1915 0.0 -0.006648770468590929
1917 0.0 -0.006641833827517802
1919 0.0 -0.006634911645310905
1921 0.0 -0.006628003876809801
1923 0.0 -0.006621110477041928
1925 0.0 -0.006614231401221624
1927 0.0 -0.006607366604749158
1929 0.0 -0.00660051604320976
1931 0.0 -0.0065936796723726696
1933 0.0 -0.006586857448190184
1935 0.0 -0.006580049326796706
1937 0.0 -0.00657325526450781
1939 0.0 -0.006566475217819302
1941 0.0 -0.0065597091434063
1943 0.0 -0.0065529569981223
1945 0.0 -0.006546218738998267
1947 0.0 -0.006539494323241719
1949 0.0 -0.006532783708235827
1951 0.0 -0.006526086851538508
1953 0.0 -0.006519403710881529
1955 0.0 -0.00651273424416963
1957 0.0 -0.006506078409479626
1959 0.0 -0.0064994361650595345
1961 0.0 -0.006492807469327703
1963 0.0 -0.006486192280871945
1965 0.0 -0.006479590558448665
1967 0.0 -0.0064730022609820175
1969 0.0 -0.00646642734756304
1971 0.0 -0.006459865777448821
1973 0.0 -0.006453317510061646
1975 0.0 -0.006446782504988166
1977 0.0 -0.006440260721978568
1979 0.0 -0.006433752120945745
1981 0.0 -0.006427256661964477
1983 0.0 -0.006420774305270614
1985 0.0 -0.006414305011260266
1987 0.0 -0.006407848740488993
1989 0.0 -0.006401405453671005
1991 0.0 -0.006394975111678366
1993 0.0 -0.006388557675540204
1995 0.0 -0.006382153106441918
1997 0.0 -0.006375761365724399
1999 0.0 -0.006369382414883255
2001 0.0 -0.0063630162155680296
2003 0.0 -0.006356662729581442
2005 0.0 -0.006350321918878616
2007 0.0 -0.006343993745566331
2009 0.0 -0.006337678171902253
2011 0.0 -0.006331375160294196
2013 0.0 -0.0063250846732993676
2015 0.0 -0.006318806673623637
2017 0.0 -0.006312541124120788
2019 0.0 -0.006306287987791792
2021 0.0 -0.006300047227784081
2023 0.0 -0.00629381880739082
2025 0.0 -0.006287602690050187
2027 0.0 -0.00628139883934466
2029 0.0 -0.006275207219000309
2031 0.0 -0.00626902779288608
2033 0.0 -0.006262860525013098
2035 0.0 -0.006256705379533969
2037 0.0 -0.006250562320742085
2039 0.0 -0.00624443131307093
2041 0.0 -0.006238312321093398
2043 0.0 -0.0062322053095211095
2045 0.0 -0.00622611024320373
2047 0.0 -0.006220027087128299
2049 0.0 -0.006213955806418559
