-2049 0.0 0.006213955806418559
-2047 0.0 0.006220027087128299
-2045 0.0 0.00622611024320373
-2043 0.0 0.0062322053095211095
-2041 0.0 0.006238312321093398
-2039 0.0 0.00624443131307093
-2037 0.0 0.006250562320742085
-2035 0.0 0.006256705379533969
-2033 0.0 0.006262860525013098
-2031 0.0 0.00626902779288608
-2029 0.0 0.006275207219000309
-2027 0.0 0.00628139883934466
-2025 0.0 0.006287602690050187
-2023 0.0 0.00629381880739082
-2021 0.0 0.006300047227784081
-2019 0.0 0.006306287987791792
-2017 0.0 0.006312541124120788
-2015 0.0 0.006318806673623637
-2013 0.0 0.0063250846732993676
-2011 0.0 0.006331375160294196
-2009 0.0 0.006337678171902253
-2007 0.0 0.006343993745566331
-2005 0.0 0.006350321918878616
-2003 0.0 0.006356662729581442
-2001 0.0 0.0063630162155680296
-1999 0.0 0.006369382414883255
-1997 0.0 0.006375761365724399
-1995 0.0 0.006382153106441918
-1993 0.0 0.006388557675540204
-1991 0.0 0.006394975111678366
-1989 0.0 0.006401405453671005
-1987 0.0 0.006407848740488993
-1985 0.0 0.006414305011260266
-1983 0.0 0.006420774305270614
-1981 0.0 0.006427256661964477
-1979 0.0 0.006433752120945745
-1977 0.0 0.006440260721978568
-1975 0.0 0.006446782504988166
-1973 0.0 0.006453317510061646
-1971 0.0 0.006459865777448821
-1969 0.0 0.00646642734756304
-1967 0.0 0.0064730022609820175
-1965 0.0 0.006479590558448665
-1963 0.0 0.006486192280871945
-1961 0.0 0.006492807469327703
-1959 0.0 0.0064994361650595345
-1957 0.0 0.006506078409479626
-1955 0.0 0.00651273424416963
-1953 0.0 0.006519403710881529
-1951 0.0 0.006526086851538508
-1949 0.0 0.006532783708235827
-1947 0.0 0.006539494323241719
-1945 0.0 0.006546218738998267
-1943 0.0 0.0065529569981223
-1941 0.0 0.0065597091434063
-1939 0.0 0.006566475217819302
-1937 0.0 0.00657325526450781
-1935 0.0 0.006580049326796706
-1933 0.0 0.006586857448190184
-1931 0.0 0.0065936796723726696
-1929 0.0 0.00660051604320976
-1927 0.0 0.006607366604749158
-1925 0.0 0.006614231401221624
-1923 0.0 0.006621110477041928
-1921 0.0 0.006628003876809801
-1919 0.0 0.006634911645310905
-1917 0.0 0.006641833827517802
-1915 0.0 0.006648770468590929
-1913 0.0 0.0066557216138795755
-1911 0.0 0.006662687308922882
-1909 0.0 0.006669667599450827
-1907 0.0 0.006676662531385227
-1905 0.0 0.0066836721508407495
-1903 0.0 0.006690696504125921
-1901 0.0 0.006697735637744149
-1899 0.0 0.006704789598394748
-1897 0.0 0.006711858432973973
-1895 0.0 0.006718942188576056
-1893 0.0 0.006726040912494256
-1891 0.0 0.0067331546522219074
-1889 0.0 0.006740283455453481
-1887 0.0 0.006747427370085653
-1885 0.0 0.00675458644421837
-1883 0.0 0.006761760726155936
-1881 0.0 0.006768950264408095
-1879 0.0 0.006776155107691128
-1877 0.0 0.006783375304928944
-1875 0.0 0.006790610905254201
-1873 0.0 0.006797861958009411
-1871 0.0 0.006805128512748065
-1869 0.0 0.006812410619235756
-1867 0.0 0.006819708327451327
-1865 0.0 0.006827021687588004
-1863 0.0 0.00683435075005455
-1861 0.0 0.0068416955654764244
-1859 0.0 0.006849056184696948
-1857 0.0 0.0068564326587784745
-1855 0.0 0.0068638250390035726
-1853 0.0 0.006871233376876215
-1851 0.0 0.006878657724122975
-1849 0.0 0.006886098132694228
-1847 0.0 0.006893554654765364
-1845 0.0 0.0069010273427380095
-1843 0.0 0.006908516249241253
-1841 0.0 0.006916021427132878
-1839 0.0 0.006923542929500613
-1837 0.0 0.006931080809663379
-1835 0.0 0.00693863512117255
-1833 0.0 0.006946205917813218
-1831 0.0 0.006953793253605477
-1829 0.0 0.006961397182805701
-1827 0.0 0.006969017759907842
-1825 0.0 0.006976655039644727
-1823 0.0 0.0069843090769893725
-1821 0.0 0.006991979927156303
-1819 0.0 0.0069996676456028735
-1817 0.0 0.0070073722880306145
-1815 0.0 0.007015093910386571
-1813 0.0 0.00702283256886466
-1811 0.0 0.007030588319907028
-1809 0.0 0.007038361220205432
-1807 0.0 0.007046151326702616
-1805 0.0 0.0070539586965937
-1803 0.0 0.007061783387327581
-1801 0.0 0.0070696254566083435
-1799 0.0 0.007077484962396681
-1797 0.0 0.007085361962911312
-1795 0.0 0.007093256516630434
-1793 0.0 0.007101168682293156
-1791 0.0 0.007109098518900964
-1789 0.0 0.007117046085719188
-1787 0.0 0.0071250114422784705
-1785 0.0 0.007132994648376261
-1783 0.0 0.00714099576407831
-1781 0.0 0.007149014849720172
-1779 0.0 0.007157051965908727
-1777 0.0 0.007165107173523707
-1775 0.0 0.007173180533719227
-1773 0.0 0.0071812721079253395
-1771 0.0 0.007189381957849591
-1769 0.0 0.007197510145478592
-1767 0.0 0.007205656733079586
-1765 0.0 0.007213821783202055
-1763 0.0 0.007222005358679312
-1761 0.0 0.007230207522630113
-1759 0.0 0.007238428338460278
-1757 0.0 0.00724666786986433
-1755 0.0 0.007254926180827138
-1753 0.0 0.007263203335625572
-1751 0.0 0.007271499398830169
-1749 0.0 0.007279814435306818
-1747 0.0 0.007288148510218448
-1745 0.0 0.007296501689026721
-1743 0.0 0.007304874037493762
-1741 0.0 0.007313265621683875
-1739 0.0 0.007321676507965284
-1737 0.0 0.007330106763011875
-1735 0.0 0.007338556453804972
-1733 0.0 0.0073470256476351
-1731 0.0 0.007355514412103772
-1729 0.0 0.007364022815125291
-1727 0.0 0.007372550924928562
-1725 0.0 0.007381098810058916
-1723 0.0 0.007389666539379935
-1721 0.0 0.007398254182075321
-1719 0.0 0.007406861807650743
-1717 0.0 0.007415489485935718
-1715 0.0 0.007424137287085496
-1713 0.0 0.0074328052815829685
-1711 0.0 0.0074414935402405775
-1709 0.0 0.007450202134202239
-1707 0.0 0.0074589311349453
-1705 0.0 0.007467680614282478
-1703 0.0 0.007476450644363845
-1701 0.0 0.007485241297678793
-1699 0.0 0.00749405264705805
-1697 0.0 0.007502884765675679
-1695 0.0 0.007511737727051108
-1693 0.0 0.007520611605051168
-1691 0.0 0.007529506473892151
-1689 0.0 0.0075384224081418766
-1687 0.0 0.007547359482721771
-1685 0.0 0.007556317772908978
-1683 0.0 0.00756529735433846
-1681 0.0 0.007574298303005132
-1679 0.0 0.007583320695266007
-1677 0.0 0.007592364607842353
-1675 0.0 0.007601430117821866
-1673 0.0 0.007610517302660865
-1671 0.0 0.007619626240186491
-1669 0.0 0.007628757008598937
-1667 0.0 0.007637909686473683
-1665 0.0 0.00764708435276374
-1663 0.0 0.007656281086801941
-1661 0.0 0.007665499968303207
-1659 0.0 0.007674741077366864
-1657 0.0 0.007684004494478955
-1655 0.0 0.007693290300514579
-1653 0.0 0.007702598576740248
-1651 0.0 0.00771192940481625
-1649 0.0 0.007721282866799047
-1647 0.0 0.007730659045143672
-1645 0.0 0.007740058022706157
-1643 0.0 0.007749479882745968
-1641 0.0 0.0077589247089284745
-1639 0.0 0.0077683925853274105
-1637 -2.017676733259997e-05 0.0077656326360418726
-1635 1.161131690154257e-05 0.007825714180980173
-1633 1.8864059701017595e-05 0.007784490361535735
-1631 2.335245005851603e-05 0.007783394937765007
-1629 -4.993731603732127e-06 0.0077846950587809405
-1627 -9.318385432805783e-06 0.00774739580573584
-1625 -5.071006447857579e-05 0.007723695899031557
-1623 -6.58644037635545e-05 0.007728166567125125
-1621 -3.655505893254966e-05 0.007876422544258138
-1619 -8.044385128951222e-05 0.00782324668283109
-1617 -7.798630644405827e-05 0.007843742201134254
-1615 -6.0431225798249115e-05 0.007942120816919798
-1613 -8.157439211036245e-05 0.007929378387141282
-1611 -4.4922173144134305e-05 0.007955640658832608
-1609 -1.123709746023857e-06 0.008003511269209052
-1607 -1.8368387982529992e-05 0.007919351022342652
-1605 -7.136612528821704e-05 0.007959176673417301
-1603 -8.30352162392604e-05 0.007920536917066099
-1601 -5.951825127463602e-05 0.007933827822435546
-1599 -9.75470729582774e-05 0.00792519913679694
-1597 3.825531294090521e-05 0.007942451091292867
-1595 2.7848294177968533e-06 0.007963609553186436
-1593 5.66513888097317e-05 0.008008083347662943
-1591 -6.5205769979543115e-06 0.007965995917032858
-1589 -1.2149405167683419e-05 0.008019348172385978
-1587 -6.566290775140781e-05 0.00811492353693778
-1585 -6.490096499577131e-05 0.008088839600158595
-1583 -6.597908947071626e-05 0.008077607672467886
-1581 9.43356768048735e-06 0.008073562303921167
-1579 -3.198926590926716e-05 0.008097520807717947
-1577 -2.0328331206082192e-05 0.00809591917869549
-1575 -4.213384837853904e-06 0.008135472736731543
-1573 -3.4899287299490234e-05 0.008083980467159883
-1571 6.499079427346119e-07 0.008148411313050535
-1569 -2.6898825909336614e-05 0.008134102698463506
-1567 -3.143552370117315e-05 0.008109271576637087
-1565 -1.989858304351228e-05 0.008137163803931322
-1563 2.489021686223739e-06 0.0082098638738633
-1561 -9.411112082768016e-05 0.008177226155260826
-1559 -2.47818877392366e-05 0.008207636047396577
-1557 6.003774703985863e-05 0.008255951679191811
-1555 -2.229615456751454e-05 0.008258853443812074
-1553 -6.0195482552777226e-05 0.008236668902021545
-1551 -1.6113345246350927e-05 0.008279137453921616
-1549 -1.4793325449473274e-05 0.008213345815214941
-1547 -4.0264515290702475e-05 0.00822373435672856
-1545 -3.6882165948159304e-05 0.008232304947172024
-1543 -2.465326154805242e-05 0.008226126474450327
-1541 2.613100574915471e-05 0.008256586560412397
-1539 -1.0390963576365827e-06 0.008250152948169201
-1537 -5.574728154660209e-07 0.008328155751177695
-1535 -2.9482207999038915e-05 0.008314323889207687
-1533 -2.6304484155771177e-05 0.008302027198642694
-1531 -1.9966362129030618e-05 0.008283248703967554
-1529 1.6362324636056383e-05 0.008309595945678603
-1527 4.947095452561049e-06 0.008284894709691272
-1525 -2.5642407261546294e-05 0.008369847221805083
-1523 -5.065950495569512e-05 0.008380422575788388
-1521 5.879292443037747e-05 0.008447749853736962
-1519 1.9375705743869476e-05 0.008424948050823925
-1517 7.088343198744872e-05 0.00844959410736184
-1515 4.3168851699391166e-05 0.008433628950081342
-1513 3.6969044039239437e-05 0.008396535540981381
-1511 3.703652196983202e-05 0.008483820246412756
-1509 7.507676320347364e-05 0.008488621494844414
-1507 5.716578674331656e-05 0.00846032348647474
-1505 5.211592667252262e-05 0.008480220169903269
-1503 -4.0073142097771626e-05 0.008531546712649225
-1501 -1.2922161339619462e-05 0.008509501967491544
-1499 9.428142064632145e-06 0.008512272561395735
-1497 7.088632755899398e-08 0.008504981232638278
-1495 -1.1410999732626096e-05 0.008506242873064992
-1493 -2.6446172650634292e-05 0.00850020813543255
-1491 -8.73030828997863e-06 0.008507009174761708
-1489 -1.9422890380908798e-05 0.008510677637063844
-1487 -2.519977064124029e-05 0.008502941630480819
-1485 1.735073994466343e-05 0.008577656461302556
-1483 -4.204012458737539e-05 0.008605706149991867
-1481 -7.863766262862875e-05 0.008590503270840478
-1479 1.4757363276315852e-05 0.008634560707298905
-1477 -3.5328157540219156e-05 0.00864912662757739
-1475 -4.434804006626062e-06 0.008620002427788695
-1473 -6.947913046924328e-06 0.008670184353484532
-1471 6.239846549725399e-05 0.008723380970429628
-1469 -2.6458189119210113e-05 0.008756968958776094
-1467 -3.0175244681964626e-05 0.008701603091466188
-1465 -5.930229911296386e-05 0.008705802973947154
-1463 -6.502679493010525e-05 0.008708721184404784
-1461 -9.101267090418192e-06 0.008684656264562047
-1459 1.942052289272219e-05 0.008709347102654134
-1457 3.4587737664247203e-05 0.008712212848377397
-1455 -1.2357787097113888e-05 0.008732968515328097
-1453 0.00010017379708145746 0.008749457884484828
-1451 9.719583782565843e-05 0.008717021426207287
-1449 0.0001018769591365456 0.008714702691017503
-1447 8.813668313966333e-05 0.008763603211454236
-1445 2.03449834275743e-05 0.008788193742497837
-1443 -3.434240903021362e-05 0.00885177431775218
-1441 7.818958021762924e-06 0.008769622927781072
-1439 -5.255685093528479e-06 0.00884871076485154
-1437 -1.9206129944806782e-05 0.008800344852207797
-1435 1.7407147265534427e-05 0.008870821978471022
-1433 8.031304357430083e-05 0.008837608117859613
-1431 6.913310088490781e-05 0.00884425313449367
-1429 0.0001389497653090202 0.008914826799875158
-1427 4.3356380247684545e-05 0.008894732328904876
-1425 -6.902219764124924e-06 0.008931300316337848
-1423 -1.3296154643100059e-05 0.008897999736867904
-1421 -1.3191679300160084e-05 0.008964208709947413
-1419 4.4279699032853616e-05 0.009065946335121016
-1417 3.957384274035771e-05 0.009031929671862275
-1415 -4.284654303752775e-05 0.008972222831999072
-1413 5.408716589022603e-06 0.009042421301635612
-1411 2.3215286978030187e-05 0.009084619996841034
-1409 2.4787200006616312e-05 0.009068836369152188
-1407 6.886743537010102e-05 0.009058878868108336
-1405 5.583095722402715e-05 0.009089285219331477
-1403 4.532827287894536e-05 0.00907554062658809
-1401 6.594576332539952e-06 0.009071611130865695
-1399 2.6477020397478957e-05 0.009131950422437482
-1397 5.2443614509207794e-05 0.009147376037889655
-1395 6.291999562773011e-05 0.009158192344929284
-1393 0.00010615779968213115 0.009153253241301142
-1391 8.668352997031044e-05 0.009185777550062618
-1389 5.457716731059436e-05 0.009160619931212642
-1387 6.368529801466133e-05 0.009198295857750305
-1385 7.318951632049692e-05 0.009231355342453718
-1383 6.25271697027605e-05 0.00919147917507476
-1381 5.877975276713737e-05 0.00917440462656982
-1379 -4.4102051884292604e-05 0.009219529962545827
-1377 4.240784277240956e-06 0.009237584284184867
-1375 1.0466471482099577e-05 0.009289942776402592
-1373 4.974609973579316e-06 0.009300459803539088
-1371 5.6695180504284315e-06 0.00929850484808877
-1369 -2.2366623234929074e-05 0.009329107709273693
-1367 3.655936873526258e-05 0.009366862313123697
-1365 2.111412869701004e-05 0.009341384095544695
-1363 4.6314054581695863e-05 0.009350776981800389
-1361 3.157183611313911e-05 0.009430614511923565
-1359 1.925202840473365e-05 0.009432907591070893
-1357 3.2239349410459056e-05 0.00942379259540633
-1355 -1.4640479756147433e-05 0.009397962987482156
-1353 4.2873961732618884e-07 0.009504327652241955
-1351 -3.603650626311422e-05 0.00948348067826673
-1349 -6.144331955379917e-05 0.009490453887775857
-1347 -8.251358819894176e-06 0.009468092545842938
-1345 2.591112734774152e-07 0.009476989015830856
-1343 -6.524159918733401e-07 0.009507581175620417
-1341 -1.9062645246824316e-05 0.009510045711368688
-1339 -7.662517263912064e-06 0.009518531470496897
-1337 1.140676593153366e-05 0.009535744798310191
-1335 -1.598091261838272e-05 0.009529853782864774
-1333 -2.9970011241498464e-05 0.009518553156351164
-1331 2.2596579109796767e-05 0.009590727534542935
-1329 1.8767238255793795e-07 0.009572667530324788
-1327 4.1174673685027254e-05 0.009594936087829669
-1325 7.036244327551669e-05 0.009570721679291674
-1323 4.074429437029664e-05 0.009610999385734684
-1321 -1.0539578767490944e-05 0.009634833115850706
-1319 -3.8736103161278094e-05 0.009710960361525894
-1317 -1.9361222837487456e-05 0.009731250112073979
-1315 -4.971311221941031e-05 0.009621273097257188
-1313 -0.0001336180546970843 0.009676136432412816
-1311 -0.0001283993463369236 0.009684165026229943
-1309 -9.865400305795333e-05 0.009692042745602989
-1307 -2.940067698408514e-05 0.00973036362736506
-1305 7.72744459300433e-05 0.009697857851573927
-1303 2.3898522595868137e-05 0.009786085614663792
-1301 -3.3744498034685216e-06 0.009798528173301013
-1299 1.1923126820560368e-06 0.009761521799783103
-1297 6.37174089191431e-05 0.009750064832241225
-1295 7.664752816451245e-05 0.00980384000607879
-1293 1.357645608628811e-05 0.009810768887701486
-1291 3.3206383347087005e-05 0.009839596816854342
-1289 4.33195696617086e-05 0.00982696549868016
-1287 8.463306764841519e-05 0.009855359877723287
-1285 6.812211384848332e-05 0.009915873617257705
-1283 -1.4175628991814917e-05 0.009855478684211674
-1281 -1.2216273340510389e-05 0.0098939474553413
-1279 -2.2283516480311542e-05 0.00994886265807325
-1277 -3.627341556819548e-05 0.009926118836932927
-1275 -2.2757137852044618e-05 0.009936385790795112
-1273 -3.066399905451404e-05 0.009976098330108561
-1271 3.375316813126683e-05 0.009965813945912238
-1269 3.948765523960533e-05 0.009970113781783712
-1267 6.928703196276532e-05 0.010069578887987802
-1265 2.1388867195868154e-05 0.01004397535812499
-1263 3.398522259529054e-05 0.010062379893471645
-1261 7.477046608124507e-05 0.01010662203929176
-1259 6.212393879377726e-05 0.010127814180347281
-1257 -1.9711142768122697e-05 0.010236970015991644
-1255 -1.5122193241056923e-05 0.010252265078317753
-1253 -3.608239807416582e-05 0.010220322225946534
-1251 -1.5963692072405643e-05 0.01015585290515815
-1249 3.882068595709853e-05 0.010154700179016499
-1247 0.0001000104906215107 0.010175610122612628
-1245 1.1914729417384181e-05 0.010185376106930964
-1243 -1.635520938302564e-05 0.010248555669187512
-1241 3.3407333619026723e-06 0.010203391769904533
-1239 2.2342115530629592e-05 0.01025841199071845
-1237 5.109548229515962e-05 0.010275494403178697
-1235 0.00011390450329915023 0.010241173279081752
-1233 8.21777506953603e-06 0.010328409873757301
-1231 -3.833871636092694e-05 0.01033622660016793
-1229 1.9313771662070264e-05 0.01046747714412864
-1227 8.764570329831225e-06 0.010485891563797154
-1225 -4.364617514626415e-05 0.010441896663720208
-1223 -8.34407722310744e-06 0.010403021370961763
-1221 2.6014384179104743e-05 0.010397279451344154
-1219 -2.3388253947771246e-05 0.010389153240918469
-1217 1.0751875786975722e-05 0.010346814955310571
-1215 6.605422949834797e-05 0.010418588167842026
-1213 4.7135775715668825e-05 0.01044645462618771
-1211 -3.320420380156737e-05 0.010512617286079709
-1209 5.963715633267791e-06 0.010528957772882664
-1207 1.8965830430568286e-05 0.010582044866649497
-1205 0.00011875787721517118 0.010550140921912875
-1203 4.6607755466324904e-05 0.010560102992009731
-1201 3.1623676572725326e-05 0.010629960414262549
-1199 5.360522596782152e-05 0.010569733969520212
-1197 8.523578840594911e-05 0.01060311478158011
-1195 6.366487692096303e-05 0.01064519119888307
-1193 7.13641095506641e-05 0.010594723473951614
-1191 1.4304438508237146e-05 0.010683131719830628
-1189 2.951259160776361e-05 0.010689765438520543
-1187 1.0965371188397506e-05 0.010762439035975258
-1185 -4.554209166628297e-05 0.010747563534861644
-1183 -1.4466623368523613e-05 0.01078104882907224
-1181 -1.2013480719159051e-05 0.010760257028447802
-1179 1.1906568552229604e-05 0.010843277724344185
-1177 3.624673766688531e-05 0.010906273803124008
-1175 -6.745798738742054e-05 0.010895917123188725
-1173 -9.032336531124838e-05 0.010879274988015443
-1171 -4.2057247712871795e-05 0.010871406859449454
-1169 1.483749184504928e-05 0.010855010720805225
-1167 -1.4244275427471291e-05 0.01082915330477129
-1165 -3.5416818880951086e-05 0.010900464551353255
-1163 2.0736113405722678e-05 0.010923230414689856
-1161 1.0079080557925486e-07 0.010985634397553342
-1159 -2.2646815769233326e-05 0.010939194238327534
-1157 2.7148512972968266e-05 0.010871973391278796
-1155 -3.6114547545492074e-05 0.0109972550436293
-1153 -2.9904810651603282e-05 0.010947959612551326
-1151 1.6891324385408757e-05 0.010988682800558269
-1149 4.0148142340404114e-05 0.011022355592537576
-1147 2.684177795320477e-05 0.011022723287836732
-1145 2.943520471317779e-05 0.011087942466490577
-1143 -3.779983643914574e-05 0.011034653926929198
-1141 -3.396334241725666e-05 0.011085025433107935
-1139 -9.378000056318607e-05 0.011119857136279993
-1137 -4.000438749834577e-05 0.011171127576397745
-1135 -2.8748215561514043e-05 0.011147840222554502
-1133 -3.873275423740588e-05 0.011110094625387321
-1131 8.728776119863105e-06 0.011159050998501027
-1129 2.9520561366725046e-06 0.011213946411174642
-1127 -5.1574734851207436e-05 0.011181546338501734
-1125 -1.4416579581131496e-05 0.011232555197296313
-1123 9.492985553226865e-06 0.01133448430943054
-1121 -7.738034403272192e-06 0.01131970646919995
-1119 -3.040925662829421e-05 0.011331293955188821
-1117 -4.8268471342341736e-05 0.011442258967256811
-1115 -6.549210739293447e-05 0.0114477565835745
-1113 -5.9926591034592384e-05 0.011451762704488706
-1111 -4.0984564475607484e-05 0.011486958002045917
-1109 -2.1436571866537925e-05 0.011470917269792751
-1107 -3.17852255281024e-05 0.011468176866511906
-1105 -2.02874530780229e-05 0.011524930973275989
-1103 5.572601782298199e-05 0.011560878580990695
-1101 5.6490305506168374e-05 0.011582401296070246
-1099 -2.0974904472208616e-05 0.011551337313289787
-1097 -1.5903840388394562e-06 0.011548855765005334
-1095 -4.455877648466e-05 0.0115775112781472
-1093 -2.4628669775111785e-05 0.011570313592474318
-1091 3.2067239604723015e-05 0.011622412401389951
-1089 4.4539712857344885e-05 0.011696757753560902
-1087 2.849181614566461e-05 0.011653027289106123
-1085 5.265664030832125e-05 0.011658393013797284
-1083 2.8603947004060494e-05 0.01168455364376275
-1081 4.082301923751568e-05 0.011735700426927825
-1079 4.663210748307467e-05 0.011758719172551056
-1077 -5.941434151042971e-06 0.011823542305694702
-1075 4.7624991002340455e-05 0.01183045595767625
-1073 4.8826074744217946e-05 0.011833700666667476
-1071 -8.593469635174361e-07 0.01189193500150933
-1069 4.1632657734506986e-05 0.011912930025613442
-1067 1.876172605833945e-05 0.011941699765832965
-1065 -2.1070461892610737e-05 0.01201675866013375
-1063 4.525206706299104e-05 0.012036445337334879
-1061 2.9293233943363046e-05 0.012009475457047511
-1059 -5.1937441934770714e-05 0.012056332708810099
-1057 3.416313898962236e-05 0.012091897917042625
-1055 3.5603471039044214e-05 0.012115778412449596
-1053 4.434201840408466e-05 0.012108090508432891
-1051 4.721338737820708e-05 0.01213520540240839
-1049 4.7875943081161624e-05 0.012114216165323793
-1047 3.5731075214156283e-06 0.012140567216643985
-1045 -5.502484611752199e-05 0.012181615428329177
-1043 1.808446808365874e-05 0.01219463892564307
-1041 8.143347439305041e-07 0.012169641778191352
-1039 -3.603572704826657e-05 0.012235430129467578
-1037 3.5147238439498933e-05 0.01224833305180812
-1035 5.491017651119057e-06 0.012229842421777897
-1033 1.5256934981488747e-05 0.012259909463074176
-1031 9.41438489336265e-06 0.012305117952339437
-1029 -4.0697644376613056e-05 0.012290594635731336
-1027 2.7116595800157883e-05 0.012297249080431281
-1025 4.091851430947362e-05 0.01232929943593517
-1023 2.18584136820947e-05 0.012408092516813959
-1021 1.2772901572909172e-05 0.012449199611390032
-1019 -4.092249603355399e-06 0.012511730710693274
-1017 4.129656042599912e-05 0.012516840043757234
-1015 2.938344049859533e-05 0.012598009751923584
-1013 3.295850807838572e-05 0.012640102394454632
-1011 -1.890068845285305e-05 0.01257308555897958
-1009 -3.1881286546890503e-06 0.01256220745177485
-1007 7.0344231549422495e-06 0.012630072644484567
-1005 -2.470104275643351e-05 0.012733812869774734
-1003 -5.741694188514227e-05 0.01271284958192599
-1001 6.1298667293502476e-06 0.01272855624009559
-999 -7.311918284213621e-06 0.012692366599132976
-997 -3.4644446475361364e-06 0.012667365865144196
-995 2.3265448469085037e-06 0.012668039608370868
-993 6.043757559642591e-06 0.012780342974179052
-991 -3.188399645503095e-05 0.01283072105003085
-989 -9.550083245380633e-05 0.0128515157205078
-987 -4.108435847260971e-05 0.012877629671819307
-985 -3.86261927931591e-05 0.01286418631262436
-983 -4.789302521000353e-05 0.012872447472383976
-981 -5.4331642173773656e-05 0.012856237725610675
-979 -6.959274581534845e-06 0.01294034417017583
-977 0.00010400732590751393 0.013002260933960898
-975 3.6891535452492576e-05 0.013011820013119865
-973 4.540824049535491e-05 0.013069587702948337
-971 4.500917932686768e-05 0.013077373240455808
-969 3.357715789421512e-05 0.013100132868091707
-967 8.225946728497921e-06 0.013110604725196878
-965 2.4083657442509937e-05 0.013180765436927576
-963 1.5655270110740342e-05 0.013249349430954785
-961 1.7867907240616363e-05 0.013221718359105619
-959 -8.686370868480177e-06 0.013276071112815075
-957 4.2399503589989735e-06 0.013300747137826684
-955 4.1372446514362485e-06 0.013329091950431377
-953 -1.32015008916727e-05 0.01332864751429096
-951 -5.7858576310827095e-06 0.013366010783035592
-949 -4.634913483099198e-06 0.013407990307542568
-947 5.933819361380796e-06 0.013441368568972361
-945 -1.0585093733668164e-05 0.013500717770413149
-943 1.1932179741024202e-05 0.013504234685530834
-941 1.0134827066738777e-05 0.013498014411075121
-939 2.70695888397592e-05 0.013552111676136628
-937 3.990921307926262e-05 0.013587399807685663
-935 5.1492563111732056e-05 0.013611034928466924
-933 4.060568376733431e-05 0.013649007825945025
-931 7.655731285936316e-05 0.013703223926693509
-929 9.704330024275596e-05 0.013686963900266795
-927 2.3862402755992304e-05 0.013706647482721442
-925 -7.67349561607641e-06 0.01383668529379568
-923 2.1377847283744588e-05 0.013823525148171284
-921 7.144919372358997e-05 0.013866484985997036
-919 7.249124543203558e-05 0.013893350536590464
-917 2.0071500642734603e-05 0.013912545233883092
-915 2.365284416361066e-05 0.013909892498508
-913 -2.2491501272303267e-05 0.013926874015733632
-911 -1.0422412842991346e-05 0.013933106437198466
-909 5.7577115609402186e-05 0.013970430393974618
-907 -2.0114269399581457e-05 0.013996706379465412
-905 -1.5906551377820947e-05 0.01408944801705512
-903 -6.482141809614192e-06 0.01405657418571465
-901 -5.112281680733264e-06 0.014146241370739002
-899 -1.7514364879956912e-06 0.014188898632825912
-897 -7.163913375329206e-05 0.014227095269542625
-895 -5.196348157136087e-05 0.01420959237375193
-893 -6.073421138217854e-05 0.014220993438764172
-891 -9.30486301230773e-06 0.014286008704077513
-889 2.146331824236037e-05 0.014284859018535047
-887 5.5805632739899936e-05 0.014313372614222603
-885 -7.691880419776778e-06 0.014321619091209768
-883 1.147735569718236e-05 0.014363248215325178
-881 4.614033184873079e-05 0.014399377766382554
-879 5.14754397601886e-05 0.014392409244987551
-877 2.479950186933923e-05 0.014450624743523537
-875 -1.5240420546583803e-05 0.014505419730244629
-873 2.7016415723176146e-05 0.014545444286837529
-871 2.3466368371589636e-05 0.014643455318490296
-869 1.7606421532720954e-05 0.014744177708589103
-867 -4.825842139881187e-05 0.014706839665630219
-865 -3.898249899214367e-05 0.014751248804550046
-863 4.72176725753811e-06 0.014766451509553967
-861 -1.7786024844282863e-05 0.014806406779507772
-859 -4.151669541259628e-05 0.014880289659305747
-857 -4.077335246375315e-05 0.014878171565275823
-855 -2.522176495326453e-05 0.014899076559443945
-853 -1.038576814231754e-05 0.014961662456542062
-851 -5.503395534332325e-05 0.015011075831763239
-849 -5.928001218826418e-05 0.0150564644765562
-847 -2.944799988943607e-05 0.015133228794885989
-845 -3.825077416127463e-05 0.015053153884829784
-843 6.920402190642161e-06 0.015102064336123813
-841 -1.6132359137928253e-05 0.015102645798380405
-839 1.2355184272387125e-05 0.015200489622323394
-837 4.010622556719687e-05 0.015233205544484952
-835 2.6946843020954516e-05 0.015316273528746645
-833 5.24314850271708e-05 0.01534347991287996
-831 3.822103627117771e-05 0.0153594757252259
-829 -1.9581288481384147e-05 0.015447976803919317
-827 -1.09772540909806e-06 0.015488675298282706
-825 -5.547879555762908e-05 0.015518726725127517
-823 -4.2148367900928936e-05 0.015501554025645613
-821 2.3588232092038058e-05 0.015514781343632
-819 2.5061616893806098e-05 0.015544098761283898
-817 7.090223607372649e-05 0.015559313910598019
-815 8.606310915803427e-05 0.01559863658080893
-813 3.8749060976186094e-05 0.015725640414037064
-811 4.2085853125272596e-05 0.015783611570100702
-809 8.412216705828298e-05 0.015730381325246536
-807 5.3071556417668445e-05 0.015768391654822352
-805 -2.6545757072839258e-05 0.015803584161447
-803 2.0915014552260024e-05 0.015806876258414333
-801 4.829989020705737e-06 0.015852793014405345
-799 -1.9765169122081212e-05 0.015992707581061427
-797 -3.9717787101364953e-05 0.016020285819141854
-795 -2.5380559800066742e-05 0.016067698089188058
-793 -4.190941400245614e-05 0.016082315875451468
-791 -2.8944203710800862e-05 0.01606964892402588
-789 2.2208941673843934e-05 0.0160929095506599
-787 5.52094750051169e-05 0.016156660244694827
-785 3.2002270471507194e-05 0.0162020700857381
-783 -1.8685817201701194e-05 0.01625121297470364
-781 -4.376949389060712e-05 0.016269328302301832
-779 1.0609578529332158e-05 0.016381461044777352
-777 -2.7477718040309805e-05 0.016446874638022874
-775 2.122597641438051e-05 0.016430372618717826
-773 2.152716579461103e-05 0.016547654526885905
-771 -1.53425871797508e-05 0.016495993824083437
-769 1.9509496332299884e-05 0.01656158271009656
-767 1.6941554210204353e-06 0.01660606797198503
-765 3.171503537748842e-05 0.016639586587468454
-763 -7.650139496363705e-05 0.01666389213143335
-761 2.4034249858345975e-05 0.01670455058386386
-759 5.2885733152061446e-05 0.016807949689507856
-757 9.306990660278856e-05 0.016850665401836447
-755 4.504226331895079e-05 0.016883929266191672
-753 1.8351053193854135e-05 0.016882273450731372
-751 -3.5845876579451935e-05 0.016933848099762717
-749 -5.555532075024967e-05 0.017030059222125936
-747 2.9475804309051176e-05 0.017010639656594457
-745 -1.811096710524705e-05 0.017096922468072102
-743 -4.03875476474661e-05 0.017176264827177296
-741 9.918220490146637e-06 0.01718961660227833
-739 -1.2345017670889977e-06 0.01722986213427324
-737 -3.604189190400268e-05 0.017289183358830833
-735 -1.912134087046253e-05 0.017310137540758542
-733 2.3842748939454853e-05 0.017409581731516705
-731 -3.0029476640478436e-06 0.017441986840035267
-729 -4.496182517403385e-05 0.01752446007024466
-727 -8.753834008748633e-05 0.01753989113586825
-725 -6.516562616288712e-05 0.01760700920364769
-723 -4.50051427363769e-05 0.017653503219758362
-721 -7.196125522597294e-06 0.017696664344129462
-719 -1.6067564548274306e-05 0.017734478751589126
-717 -6.323765327216816e-05 0.017752217639588935
-715 -4.847870681514401e-05 0.01785806108327154
-713 -6.673852107569684e-05 0.01786750491922995
-711 -6.169460057470132e-05 0.01790926619505401
-709 -2.630048014311924e-05 0.01798220563079763
-707 -5.517616940083239e-05 0.018013718803951452
-705 1.913559344808979e-06 0.018050612106697898
-703 -2.1832660572694814e-05 0.018159809127744342
-701 1.4403053851221745e-05 0.018189999226957094
-699 5.02975928145877e-05 0.01823271187041507
-697 2.0127641788942454e-05 0.01826028224456397
-695 3.14595802547317e-05 0.018315177188041643
-693 5.5926077995789256e-05 0.018314481799911655
-691 3.757273368270993e-05 0.01839786913329253
-689 -9.292912315621083e-06 0.01834396503837686
-687 2.5313101542074435e-05 0.018473486496130866
-685 -1.1862932296117742e-05 0.018518849876789544
-683 4.4179222057837225e-05 0.018686064371075495
-681 -3.2656635608833002e-06 0.018706912044464383
-679 -4.409702281671974e-05 0.018701941467670156
-677 -6.665534982681752e-05 0.018783669037258467
-675 -3.082531112244312e-05 0.01885738989115555
-673 -6.825181969585929e-05 0.01896108267250402
-671 -9.629360627542205e-07 0.018958242683832005
-669 3.9659672315537214e-05 0.01903812771646687
-667 5.7077312966400424e-05 0.019163215473538265
-665 3.110155918189881e-07 0.01921800015771216
-663 4.911326794520767e-05 0.01922512595666152
-661 7.209774874066352e-05 0.019235122740590697
-659 3.657476535351999e-05 0.019349278301477563
-657 4.959074156917134e-05 0.01940429116100803
-655 -5.3084477863725615e-05 0.019503591027245182
-653 -3.7457526629473397e-06 0.01947051319645195
-651 2.5102833519050863e-05 0.019534780497855564
-649 1.604312964160729e-05 0.019561255974145653
-647 4.7383541445842104e-05 0.01966871972064467
-645 6.797425578057331e-05 0.019752739750794723
-643 9.199508154844664e-06 0.019759279161017027
-641 7.470859690306381e-06 0.019819726980964344
-639 -2.2113643398200775e-05 0.019946370246269766
-637 2.8152383812389803e-05 0.019966252908698464
-635 5.8057550093497185e-05 0.020066082534628802
-633 -2.6989727056698316e-05 0.020103205080754596
-631 1.3080251310737391e-05 0.02020359210302987
-629 9.358362873301991e-06 0.020185341774304262
-627 4.212624417301529e-05 0.020294055745570333
-625 5.869008358573939e-07 0.020313062225221352
-623 9.36061006529235e-06 0.020350226272921334
-621 1.6092096442122047e-05 0.02041198215140201
-619 -1.4394379352625947e-05 0.02053743672097614
-617 -3.3125909088412396e-05 0.020578396999321364
-615 -5.15251743214619e-05 0.020644981688768573
-613 -5.251768281131684e-05 0.02072810117364574
-611 -9.057919179772666e-06 0.020869043804410677
-609 -9.000461282673992e-05 0.020937249188918098
-607 -8.011088606893485e-06 0.021065609759821167
-605 -2.2952131626129304e-05 0.02109665326106331
-603 -4.390403453033869e-05 0.021095966012118987
-601 -1.883518203052447e-05 0.02119135130686199
-599 -2.556212495661235e-05 0.021240258658688043
-597 -1.712162351708113e-05 0.02136875027497217
-595 3.223378764634925e-05 0.02146419771361731
-593 5.6010302790794825e-05 0.021504124383969
-591 2.5308881560672025e-05 0.02159265783258098
-589 5.261397003326802e-06 0.0216206956078296
-587 -1.0028251597417733e-05 0.02170996880256028
-585 1.7729160077829457e-05 0.021748866942439004
-583 3.0059618769057054e-05 0.02180108100612951
-581 -6.56677573093866e-05 0.021867231263268064
-579 -1.9485231543918205e-05 0.02195087862843009
-577 3.2706486190230465e-05 0.021986446033458742
-575 6.031128076405376e-05 0.022139903623379895
-573 6.304095043827996e-05 0.022188278036130035
-571 5.774189695857989e-05 0.022302379524930124
-569 8.810640689368287e-06 0.022357297449886133
-567 -5.640460546426859e-05 0.022410562929935554
-565 -4.9899639719259395e-05 0.022497234262054102
-563 -5.1074555384943214e-05 0.022565585604183164
-561 -7.690713133522059e-05 0.02276178921956243
-559 -8.43386070579605e-05 0.022822493610150357
-557 -9.954172399518081e-05 0.022916241613898932
-555 -6.510988662370738e-05 0.022937082776473917
-553 -3.269200367264606e-05 0.023016796515853186
-551 -3.8430152835360256e-05 0.023173441354184122
-549 -1.1285268033884643e-05 0.023191332085633246
-547 1.5521012178597018e-05 0.02320312539133957
-545 -3.056917030860645e-05 0.023337602454847072
-543 -5.741109668907178e-06 0.023480043824963416
-541 -1.4176359370231735e-05 0.023576922625357235
-539 -2.2217966173443176e-05 0.023620999866943857
-537 -2.3385451457605573e-05 0.02367933001715685
-535 -1.7259657169933782e-05 0.02376930888487766
-533 -2.0196279980252132e-05 0.02385343264904
-531 -1.870621605866116e-05 0.024006886773379917
-529 -6.3417488764204846e-06 0.024091703377285566
-527 -3.113254722843743e-05 0.024202647492740367
-525 3.6149556653747696e-05 0.024323355840505392
-523 6.398289514038676e-06 0.024339251602985737
-521 -4.634555182442185e-05 0.024420385154228355
-519 -6.0673368620574765e-05 0.02458239798778211
-517 -6.511570540558277e-05 0.024675616928159557
-515 -5.9235542467693843e-05 0.02475840803989385
-513 -2.821490092212119e-06 0.02489402346456052
-511 4.548361024715776e-06 0.024944043466327344
-509 4.329549610255836e-05 0.025030399332369904
-507 6.373900542291533e-05 0.02507561864809538
-505 3.916207919027794e-06 0.02514511101970971
-503 5.3940977927596405e-06 0.025270956291073288
-501 3.5548873858363213e-06 0.025428127938093785
-499 4.0447671316172574e-05 0.025616163908332216
-497 -3.897482150198941e-05 0.02571567410310693
-495 1.0631989130179093e-05 0.02575405262081602
-493 4.335726178899703e-05 0.02585235514803133
-491 4.817883489312025e-05 0.025899881711507634
-489 8.431439793062169e-05 0.026059150094345854
-487 5.676676429560017e-05 0.02611237476812109
-485 6.370856851043992e-05 0.02624222328240659
-483 7.680915258413534e-05 0.02633392388604824
-481 2.5267374690775457e-05 0.02650134624311346
-479 2.4853043744213185e-05 0.026615100175156742
-477 -1.2092505805878273e-05 0.026752110435074004
-475 2.971936805403512e-05 0.026839623157817773
-473 1.317858680712002e-05 0.026881886773611675
-471 4.4315936335649937e-05 0.02701693316459967
-469 6.042171619079535e-05 0.027130561658366286
-467 5.2646693704999826e-05 0.02729541978837659
-465 -6.438322436464012e-07 0.027373184437669937
-463 -2.7856912809593346e-05 0.027490856547467735
-461 -5.1124051422621986e-05 0.027615764960871206
-459 -5.646125899304302e-05 0.02776432868553234
-457 1.8187194025121623e-05 0.027866863481728062
-455 5.521707608885825e-05 0.028017650253369154
-453 -7.99164645277346e-06 0.02817760510380275
-451 4.590191805443308e-05 0.028197095792168062
-449 -4.157159201820561e-05 0.02833115076698803
-447 -1.8257053523013033e-05 0.028485634181746107
-445 1.912206506747086e-05 0.028638327355810813
-443 -4.266976589611248e-06 0.02874183117882176
-441 -1.5080173412307161e-05 0.028845653212905765
-439 -5.318718669709984e-05 0.02900535410181008
-437 -5.6363039956102204e-05 0.02914655322570854
-435 -5.366392455499028e-05 0.029267980406244967
-433 -8.449410663926585e-05 0.029419064281754986
-431 -6.974620308269497e-06 0.02955057425000522
-429 7.4004168807042975e-06 0.02974843961807076
-427 -2.0598119962322853e-06 0.02979261431439566
-425 -5.934234923354191e-05 0.02995606784336062
-423 -5.817527786450004e-06 0.030033983871936787
-421 -2.628531672274473e-05 0.030204426618665545
-419 1.6900239806621867e-05 0.030305726448923792
-417 -1.2775337347517156e-05 0.03048907913919751
-415 -6.495223070973238e-05 0.030685231589586706
-413 -5.259114230269927e-05 0.03083796255144434
-411 -4.0464267858546274e-06 0.031001140298665686
-409 -8.292054703340471e-07 0.031100258337639696
-407 1.4258399284742793e-05 0.031260080392159294
-405 2.2408947399728607e-05 0.031433177113170944
-403 2.5960519968748575e-06 0.03157544030964676
-401 2.1497757967075326e-05 0.03178064364492092
-399 3.2453513530894877e-06 0.032001713478695126
-397 -5.2562512358414134e-05 0.03207783141939987
-395 -2.6255218579005697e-05 0.03222440618775911
-393 -4.073694981874461e-05 0.032398882649348794
-391 -0.00011538524916212344 0.03255209562612835
-389 -8.539894689614694e-05 0.032768442079598295
-387 -3.378929173117313e-05 0.03283921474656306
-385 -4.222166687248295e-06 0.032971620198498676
-383 -7.589609714980515e-05 0.033130821808157664
-381 -2.995092703653364e-05 0.03340331581178209
-379 -4.778658368209116e-07 0.0335218690719836
-377 -3.853054885219351e-05 0.033745784038639044
-375 -9.280854533540472e-07 0.033949157779797456
-373 -1.4790283227469602e-05 0.03410359594341926
-371 -2.159253215877702e-05 0.03433610970188701
-369 -6.8308237739205855e-06 0.03455312321415737
-367 1.4885567524981132e-05 0.034671771454499706
-365 -2.0678443321019388e-05 0.03487474878076409
-363 5.9132225667861265e-06 0.03502989268055844
-361 -2.820426358404767e-05 0.03521093349698721
-359 -6.172209478006466e-05 0.03542026014449115
-357 -5.201107714207906e-05 0.03566341610211169
-355 -4.779868172315975e-05 0.035783657096599336
-353 3.276374535849537e-05 0.03599565477765006
-351 -4.783522930248747e-05 0.036265078407199176
-349 -5.166904724436514e-05 0.03647179312448969
-347 -7.063006952805383e-05 0.03668424577383733
-345 -4.935500284708475e-05 0.03694156167952938
-343 -7.209845138975499e-05 0.03717827789947209
-341 -9.670526550710287e-05 0.037377116017236804
-339 -8.48982586210856e-05 0.037583414867589135
-337 -7.644158154729895e-05 0.03784923022618202
-335 -2.846264586597173e-05 0.038023815150120724
-333 -1.2824940648053133e-05 0.0382372075435635
-331 -1.5219948120517135e-05 0.038452690576496994
-329 -1.609107342640306e-05 0.038733186516085705
-327 -3.399567842958313e-05 0.03896323553577268
-325 -3.425824038487937e-05 0.039153865956874506
-323 -5.3244286628997576e-06 0.03943479051623591
-321 6.867063826438643e-05 0.039730578357198995
-319 7.209371060436672e-05 0.03994034449382238
-317 5.3866273596118514e-05 0.040180612747090304
-315 4.2614391731554444e-05 0.040383036252150235
-313 5.319463274157854e-06 0.04059990115384892
-311 -6.401975370703972e-06 0.04093603383954073
-309 -1.698133988844894e-05 0.04118261268353292
-307 -1.764266874986338e-05 0.04140059807455328
-305 9.098095890342888e-05 0.04173609284259513
-303 6.922864714464162e-05 0.04198332678095246
-301 3.218867740395693e-05 0.042293999021476104
-299 3.0359119023226495e-05 0.042587223639790596
-297 4.3084603843120386e-05 0.042888843058626544
-295 6.828520584537718e-05 0.04315739317109282
-293 5.0482118223984566e-05 0.0434519429911853
-291 1.1334346813498882e-05 0.04373894255655111
-289 3.386588732904993e-05 0.044002743159843746
-287 7.497947919349471e-05 0.04431674515359819
-285 1.637635673996862e-05 0.044655394934547905
-283 -1.2865874954448213e-05 0.04498039489826077
-281 2.3286789669283427e-05 0.045292339448206896
-279 4.8358992747869506e-05 0.04559134657593473
-277 7.965539042320319e-05 0.04589019555849873
-275 5.0061701575977916e-05 0.04620275381284577
-273 1.7377048943344325e-05 0.04658376336008183
-271 -2.6892179449198027e-06 0.04694024560611622
-269 8.220684115561901e-05 0.04727120182417852
-267 4.8366152085644396e-05 0.04769506041059006
-265 1.8486729034576e-05 0.04802648572405747
-263 1.2056751859805461e-05 0.04830361676936196
-261 -3.4221296805898885e-06 0.04870234627438416
-259 -4.696481069674479e-05 0.049117808631468786
-257 -3.138282850606338e-05 0.04946258253980427
-255 4.175786729826134e-05 0.04989616054781307
-253 4.4242513638539613e-05 0.05028916894922338
-251 9.1401407776295e-06 0.05066006969704984
-249 -1.0753879713328212e-05 0.05112066424516005
-247 3.192376050391206e-05 0.05155204435409712
-245 4.903969384353004e-05 0.05198392616399294
-243 -1.709969864927678e-05 0.05240404889343066
-241 -1.2993860479743298e-05 0.052734019858105406
-239 1.7801197514516405e-05 0.05321100177161488
-237 4.525628102970638e-05 0.053665007881436105
-235 1.0852677521125964e-06 0.054093601161038424
-233 -1.0327092435645355e-05 0.05453793693136475
-231 1.738117528813778e-05 0.05502131495286621
-229 -3.3741670320384975e-05 0.05554595193817988
-227 -2.1191044520896187e-05 0.05606739194467
-225 -5.743657557336036e-05 0.05657257973183123
-223 -2.0926035258772982e-05 0.057079597122626384
-221 6.847220874777656e-06 0.05750679523122974
-219 3.618478369401134e-05 0.058021891793925605
-217 -1.923597250115464e-05 0.058591578117739275
-215 2.2022643197024033e-05 0.059087370124591344
-213 2.7910271830704175e-05 0.059696111092702855
-211 -1.7583631394399923e-05 0.06024695108149311
-209 -3.9697666866055455e-05 0.060814945405956326
-207 -1.1108406447877128e-05 0.06144791180744891
-205 -5.6823770719783277e-05 0.06202163749458707
-203 -8.255559048645235e-05 0.06260161141034934
-201 -7.926550807428695e-05 0.06319366991950377
-199 -2.1793611179171183e-05 0.06386304529743579
-197 1.0377017742633388e-05 0.06454578724712252
-195 2.753999879814557e-05 0.065168122608397
-193 -4.788864642661372e-06 0.06582026741837622
-191 3.2002222171492097e-05 0.06655614838457109
-189 -1.797617631223508e-05 0.06734797644458031
-187 -6.787921089609015e-05 0.06796759030370406
-185 1.3407146334573686e-05 0.06862552912132878
-183 5.546355745610291e-06 0.06935141667082328
-181 -3.921386950883299e-05 0.07013800208947615
-179 3.7950058438564606e-06 0.07098228561461731
-177 -1.470940432866654e-05 0.07174489356264499
-175 -3.418357738051547e-06 0.07260790646414893
-173 -3.173971025643833e-05 0.07336972675147647
-171 -9.25081527056097e-05 0.0742123230819571
-169 -6.694347822168956e-05 0.0751292499288547
-167 -8.533298283618981e-05 0.07598268408380263
-165 -4.53544516524391e-05 0.07687661957558269
-163 -1.2254650480408203e-05 0.07783386502978963
-161 1.0810816229488089e-05 0.07878941866848302
-159 2.63141352614183e-05 0.07981279641693464
-157 4.1061688234628344e-05 0.08079246319475354
-155 1.8755939647069788e-05 0.08185284081470713
-153 -2.901856990633975e-05 0.08296253703414044
-151 -5.300724370024444e-05 0.08403234639362106
-149 -2.111864692939922e-05 0.08508158709768925
-147 -3.641739899638081e-05 0.0862412389961748
-145 7.822137266123292e-06 0.08751099005477875
-143 1.7767974062730236e-05 0.08869289927439122
-141 -7.245521275957863e-05 0.08993042597626708
-139 -5.067196851173262e-05 0.09116013030414667
-137 -2.164378558745982e-05 0.09252537811409864
-135 -3.394836618238659e-05 0.09389313324109802
-133 -4.9524035726293216e-05 0.0952762632373223
-131 -5.036307730474208e-05 0.09671941435791398
-129 2.207472466352182e-05 0.09825944538459942
-127 5.744677313569029e-06 0.09976423806064906
-125 -2.9208410114778803e-05 0.10135321577625378
-123 -1.4786474626671399e-05 0.10297677945871801
-121 -1.9444679801820124e-05 0.1046925312607228
-119 3.4026151895104536e-05 0.10636491166810189
-117 3.850683701361932e-06 0.10818488861297015
-115 4.341842834699539e-05 0.10999520254433513
-113 4.1934193646885455e-05 0.11194256806801929
-111 8.246488667097029e-06 0.11399016241771857
-109 3.203768384858413e-05 0.11605708108684526
-107 1.6695434920574353e-05 0.11820047467293138
-105 -1.4201899330908638e-05 0.1204051863873242
-103 -2.8393199446066414e-05 0.1227590372793162
-101 7.508440331665258e-06 0.12514660741229827
-99 -3.361295156640871e-05 0.12757373411964568
-97 -2.0062900672222637e-05 0.13019548903406034
-95 -2.6115501021441945e-05 0.13293226706107983
-93 -4.004375204565254e-05 0.13571958810137488
-91 -6.079225090872744e-05 0.13868550995856338
-89 1.4823246574274186e-05 0.14167916714918374
-87 -3.6329457005543947e-06 0.144883461046494
-85 2.6378838903983664e-05 0.1482475438070943
-83 -4.176892405625259e-05 0.15169642321325827
-81 -4.257883609488364e-05 0.1553168754546606
-79 1.9017734195876795e-06 0.1591971057274684
-77 5.96690746403888e-06 0.16326951187525626
-75 -1.1060116468647575e-05 0.16746269968317254
-73 3.109721984933113e-05 0.17197210691781908
-71 2.3696144124587683e-05 0.17656539659990497
-69 -1.6116429535329017e-05 0.18154965573593534
-67 5.602910177027397e-05 0.18679882867980996
-65 6.128060123267263e-05 0.1923453375276835
-63 7.82138355222957e-06 0.19825819108035506
-61 7.412195946782615e-06 0.2045136319970734
-59 1.5264824195455996e-05 0.21118793085738635
-57 1.980634133627103e-05 0.21818815674900066
-55 -4.377373579610147e-07 0.2257674561841755
-53 4.012528349291965e-05 0.2338875029085299
-51 -3.633144005255648e-05 0.24256114202915138
-49 -8.246512397085538e-06 0.2519152975585039
-47 5.34732263764177e-06 0.26200525465683183
-45 -2.7186099957998367e-06 0.27282925900823457
-43 8.801946031109874e-06 0.2846420291554875
-41 -4.15261138578024e-05 0.2974326921602018
-39 -4.042503159020459e-05 0.3114612451586637
-37 -1.0756675029245539e-05 0.3267158548709078
-35 -2.535370890855965e-05 0.34362221977960206
-33 -5.02106755818364e-05 0.3622197573783254
-31 -2.57558546352723e-05 0.38281829734911627
-29 -5.65814843837816e-05 0.40585775406533475
-27 -7.186671437705989e-05 0.4316370681261294
-25 -1.067627158574213e-05 0.46064159351018164
-23 1.1876122874838113e-05 0.49364700812661455
-21 2.7622617518773848e-05 0.5313286609438852
-19 -3.128642992697963e-07 0.5748593807228841
-17 -4.6988110497117795e-05 0.6255407417363231
-15 -1.6371065494398665e-05 0.6852480578922273
-13 -1.838311521466091e-05 0.7565619438466472
-11 -2.5004036510308367e-06 0.8430428634450151
-9 2.2746888721640017e-05 0.9499394361476785
-7 7.269613235426016e-05 1.084965897286107
-5 9.328738924191965e-05 1.26016730711216
-3 6.0455861260314656e-05 1.4902208772318302
-1 8.167605531779606e-05 1.6589843762681422
1 8.167605531924647e-05 -1.6589843762681422
3 6.0455861260682065e-05 -1.4902208772318297
5 9.328738924212503e-05 -1.2601673071121602
7 7.269613235438679e-05 -1.084965897286107
9 2.2746888721731334e-05 -0.9499394361476786
11 -2.500403651055438e-06 -0.843042863445015
13 -1.838311521454683e-05 -0.7565619438466473
15 -1.6371065494581936e-05 -0.6852480578922273
17 -4.698811049688457e-05 -0.6255407417363232
19 -3.1286429932858546e-07 -0.5748593807228841
21 2.7622617518715288e-05 -0.5313286609438852
23 1.187612287498726e-05 -0.49364700812661455
25 -1.067627158582337e-05 -0.4606415935101817
27 -7.186671437699329e-05 -0.4316370681261294
29 -5.65814843837948e-05 -0.40585775406533475
31 -2.5755854635273338e-05 -0.3828182973491163
33 -5.0210675581842376e-05 -0.3622197573783254
35 -2.535370890858079e-05 -0.343622219779602
37 -1.0756675029250179e-05 -0.32671585487090776
39 -4.0425031590242805e-05 -0.3114612451586636
41 -4.152611385776037e-05 -0.2974326921602017
43 8.801946031127323e-06 -0.2846420291554874
45 -2.7186099957661214e-06 -0.2728292590082346
47 5.34732263759601e-06 -0.2620052546568319
49 -8.24651239707514e-06 -0.2519152975585039
51 -3.633144005255051e-05 -0.24256114202915136
53 4.0125283492948354e-05 -0.2338875029085299
55 -4.3773735799683236e-07 -0.22576745618417546
57 1.9806341336379747e-05 -0.2181881567490007
59 1.526482419542968e-05 -0.21118793085738635
61 7.41219594677161e-06 -0.2045136319970734
63 7.821383552289054e-06 -0.19825819108035506
65 6.128060123261177e-05 -0.1923453375276835
67 5.6029101770331855e-05 -0.18679882867980996
69 -1.6116429535305483e-05 -0.18154965573593537
71 2.3696144124586992e-05 -0.17656539659990497
73 3.109721984927849e-05 -0.17197210691781908
75 -1.1060116468689584e-05 -0.16746269968317257
77 5.966907464027215e-06 -0.16326951187525607
79 1.9017734197383124e-06 -0.15919710572746756
81 -4.2578836094825194e-05 -0.15531687545466127
83 -4.176892405628947e-05 -0.1516964232132585
85 2.6378838903978514e-05 -0.14824754380709432
87 -3.6329457005236135e-06 -0.14488346104649397
89 1.48232465742788e-05 -0.1416791671491838
91 -6.079225090873751e-05 -0.1386855099585634
93 -4.004375204564025e-05 -0.13571958810137488
95 -2.6115501021472323e-05 -0.1329322670610798
97 -2.00629006721399e-05 -0.13019548903406034
99 -3.36129515664369e-05 -0.12757373411964565
101 7.508440331649693e-06 -0.12514660741229824
103 -2.8393199446019213e-05 -0.12275903727931615
105 -1.4201899330912595e-05 -0.12040518638732423
107 1.669543492058123e-05 -0.11820047467293138
109 3.20376838485905e-05 -0.11605708108684526
111 8.246488667085617e-06 -0.11399016241771857
113 4.193419364687746e-05 -0.1119425680680193
115 4.3418428346985896e-05 -0.10999520254433515
117 3.850683701383959e-06 -0.10818488861297021
119 3.402615189501583e-05 -0.10636491166810201
121 -1.9444679801684094e-05 -0.10469253126072266
123 -1.4786474626634873e-05 -0.10297677945871803
125 -2.920841011480827e-05 -0.10135321577625377
127 5.744677313631545e-06 -0.09976423806064903
129 2.207472466360151e-05 -0.09825944538459948
131 -5.0363077304761014e-05 -0.096719414357914
133 -4.952403572631733e-05 -0.09527626323732234
135 -3.3948366182391525e-05 -0.09389313324109799
137 -2.1643785587378802e-05 -0.0925253781140986
139 -5.067196851177106e-05 -0.09116013030414674
141 -7.245521275963917e-05 -0.08993042597626702
143 1.776797406287799e-05 -0.08869289927439111
145 7.822137266226442e-06 -0.08751099005477882
147 -3.6417398996435176e-05 -0.08624123899617485
149 -2.1118646929406627e-05 -0.0850815870976892
151 -5.300724370023294e-05 -0.08403234639362106
153 -2.901856990631406e-05 -0.08296253703414047
155 1.875593964704907e-05 -0.08185284081470717
157 4.106168823473894e-05 -0.08079246319475356
159 2.6314135261219488e-05 -0.07981279641693495
161 1.0810816229292639e-05 -0.07878941866848282
163 -1.2254650480336975e-05 -0.07783386502978952
165 -4.5354451652443337e-05 -0.07687661957558267
167 -8.5332982836176e-05 -0.0759826840838026
169 -6.694347822169476e-05 -0.07512924992885471
171 -9.250815270560551e-05 -0.07421232308195709
173 -3.173971025643376e-05 -0.07336972675147645
175 -3.4183577380749827e-06 -0.07260790646414889
177 -1.4709404328637556e-05 -0.07174489356264502
179 3.7950058438660516e-06 -0.07098228561461731
181 -3.9213869508857804e-05 -0.07013800208947615
183 5.54635574566647e-06 -0.06935141667082327
185 1.3407146334544433e-05 -0.06862552912132876
187 -6.787921089609653e-05 -0.06796759030370407
189 -1.7976176312235755e-05 -0.06734797644458032
191 3.2002222171496054e-05 -0.06655614838457109
193 -4.7888646426987466e-06 -0.06582026741837622
195 2.7539998798107652e-05 -0.065168122608397
197 1.0377017742637277e-05 -0.06454578724712251
199 -2.1793611179143004e-05 -0.06386304529743586
201 -7.926550807433158e-05 -0.06319366991950374
203 -8.255559048639169e-05 -0.06260161141034933
205 -5.6823770719762324e-05 -0.06202163749458708
207 -1.1108406447881061e-05 -0.06144791180744889
209 -3.969766686601949e-05 -0.06081494540595633
211 -1.758363139436764e-05 -0.06024695108149311
213 2.791027183070595e-05 -0.05969611109270287
215 2.2022643197018734e-05 -0.05908737012459134
217 -1.923597250110277e-05 -0.058591578117739275
219 3.618478369399948e-05 -0.058021891793925626
221 6.84722087479584e-06 -0.05750679523122975
223 -2.092603525876258e-05 -0.05707959712262636
225 -5.743657557339642e-05 -0.05657257973183124
227 -2.119104452085589e-05 -0.05606739194466996
229 -3.374167032035616e-05 -0.055545951938179884
231 1.738117528812716e-05 -0.05502131495286623
233 -1.0327092435664935e-05 -0.054537936931364765
235 1.0852677521395389e-06 -0.0540936011610384
237 4.5256281029670314e-05 -0.053665007881436154
239 1.7801197514333527e-05 -0.05321100177161479
241 -1.299386047965106e-05 -0.052734019858105476
243 -1.7099698649250994e-05 -0.052404048893430644
245 4.9039693843486385e-05 -0.051983926163992944
247 3.192376050389786e-05 -0.05155204435409713
249 -1.0753879713288411e-05 -0.051120664245160055
251 9.140140777630466e-06 -0.050660069697049864
253 4.4242513638521467e-05 -0.05028916894922337
255 4.175786729826336e-05 -0.04989616054781308
257 -3.138282850601026e-05 -0.04946258253980434
259 -4.69648106967437e-05 -0.04911780863146878
261 -3.4221296805796754e-06 -0.04870234627438415
263 1.2056751859840638e-05 -0.04830361676936195
265 1.848672903454885e-05 -0.04802648572405747
267 4.8366152085637253e-05 -0.04769506041059005
269 8.220684115562739e-05 -0.047271201824178544
271 -2.6892179449114374e-06 -0.04694024560611621
273 1.737704894335101e-05 -0.04658376336008183
275 5.0061701575999275e-05 -0.046202753812845755
277 7.965539042317061e-05 -0.04589019555849873
279 4.835899274797333e-05 -0.045591346575934666
281 2.3286789669109996e-05 -0.04529233944820687
283 -1.286587495454847e-05 -0.0449803948982608
285 1.6376356740036542e-05 -0.044655394934547975
287 7.497947919339715e-05 -0.04431674515359818
289 3.386588732898067e-05 -0.044002743159843725
291 1.1334346813534837e-05 -0.04373894255655103
293 5.048211822391641e-05 -0.04345194299118528
295 6.82852058454062e-05 -0.04315739317109283
297 4.308460384316152e-05 -0.04288884305862656
299 3.0359119023226827e-05 -0.0425872236397906
301 3.218867740391783e-05 -0.042293999021476125
303 6.922864714466428e-05 -0.041983326780952485
305 9.098095890343775e-05 -0.04173609284259512
307 -1.7642668749844423e-05 -0.041400598074553284
309 -1.69813398884613e-05 -0.041182612683532904
311 -6.40197537076156e-06 -0.040936033839540746
313 5.319463274139909e-06 -0.04059990115384894
315 4.261439173153763e-05 -0.0403830362521502
317 5.386627359609102e-05 -0.040180612747090325
319 7.209371060415357e-05 -0.03994034449382228
321 6.867063826460148e-05 -0.03973057835719877
323 -5.324428662722433e-06 -0.03943479051623597
325 -3.425824038485014e-05 -0.03915386595687452
327 -3.399567842955864e-05 -0.03896323553577271
329 -1.6091073426429845e-05 -0.03873318651608572
331 -1.5219948120524929e-05 -0.038452690576496966
333 -1.2824940648007309e-05 -0.03823720754356351
335 -2.8462645865968535e-05 -0.03802381515012073
337 -7.644158154731701e-05 -0.037849230226182036
339 -8.489825862106564e-05 -0.037583414867589156
341 -9.670526550707804e-05 -0.037377116017236804
343 -7.209845138974938e-05 -0.03717827789947207
345 -4.93550028470827e-05 -0.036941561679529396
347 -7.063006952802687e-05 -0.03668424577383735
349 -5.1669047244392876e-05 -0.03647179312448973
351 -4.783522930253573e-05 -0.036265078407199204
353 3.27637453584499e-05 -0.03599565477765004
355 -4.779868172322017e-05 -0.0357836570965993
357 -5.201107714206672e-05 -0.035663416102111656
359 -6.172209478000145e-05 -0.035420260144491005
361 -2.8204263584072472e-05 -0.03521093349698729
363 5.9132225667461025e-06 -0.035029892680558485
365 -2.0678443321028786e-05 -0.03487474878076406
367 1.4885567524998463e-05 -0.03467177145449966
369 -6.8308237739252035e-06 -0.03455312321415739
371 -2.1592532158760447e-05 -0.03433610970188704
373 -1.4790283227470686e-05 -0.03410359594341927
375 -9.280854533740473e-07 -0.03394915777979749
377 -3.8530548852167544e-05 -0.0337457840386391
379 -4.778658368090717e-07 -0.03352186907198359
381 -2.9950927036552865e-05 -0.03340331581178207
383 -7.589609714977723e-05 -0.03313082180815768
385 -4.222166687287816e-06 -0.032971620198498655
387 -3.378929173117993e-05 -0.03283921474656307
389 -8.539894689616503e-05 -0.03276844207959831
391 -0.00011538524916213552 -0.032552095626128284
393 -4.0736949818757876e-05 -0.03239888264934877
395 -2.6255218579007516e-05 -0.03222440618775911
397 -5.256251235837651e-05 -0.032077831419399724
399 3.24535135330284e-06 -0.03200171347869498
401 2.149775796718983e-05 -0.03178064364492105
403 2.596051996877656e-06 -0.03157544030964677
405 2.2408947399728885e-05 -0.03143317711317096
407 1.4258399284760723e-05 -0.0312600803921593
409 -8.2920547033206e-07 -0.03110025833763971
411 -4.0464267858356e-06 -0.031001140298665696
413 -5.2591142302744646e-05 -0.03083796255144434
415 -6.495223070973423e-05 -0.03068523158958671
417 -1.2775337347502908e-05 -0.030489079139197503
419 1.6900239806571005e-05 -0.03030572644892383
421 -2.62853167227216e-05 -0.03020442661866553
423 -5.817527786423871e-06 -0.03003398387193678
425 -5.9342349233539266e-05 -0.029956067843360634
427 -2.059811996236153e-06 -0.029792614314395654
429 7.400416880723342e-06 -0.029748439618070784
431 -6.974620308305382e-06 -0.02955057425000523
433 -8.449410663930277e-05 -0.02941906428175495
435 -5.366392455498916e-05 -0.029267980406244943
437 -5.6363039956147354e-05 -0.029146553225708506
439 -5.318718669710671e-05 -0.02900535410181001
441 -1.5080173412253939e-05 -0.02884565321290582
443 -4.2669765896081735e-06 -0.02874183117882176
445 1.9122065067480122e-05 -0.028638327355810796
447 -1.8257053523027578e-05 -0.028485634181746083
449 -4.157159201820982e-05 -0.02833115076698802
451 4.590191805444131e-05 -0.028197095792168107
453 -7.99164645277643e-06 -0.02817760510380273
455 5.5217076088849383e-05 -0.02801765025336914
457 1.818719402513642e-05 -0.027866863481728076
459 -5.6461258993050124e-05 -0.0277643286855323
461 -5.11240514226264e-05 -0.02761576496087121
463 -2.7856912809575985e-05 -0.027490856547467774
465 -6.438322436682648e-07 -0.02737318443766994
467 5.2646693704993816e-05 -0.027295419788376556
469 6.042171619083131e-05 -0.027130561658366303
471 4.4315936335661205e-05 -0.027016933164599678
473 1.3178586807111218e-05 -0.026881886773611665
475 2.971936805400265e-05 -0.02683962315781778
477 -1.2092505805757147e-05 -0.02675211043507404
479 2.4853043744485154e-05 -0.026615100175156992
481 2.526737469071327e-05 -0.026501346243113365
483 7.680915258416388e-05 -0.02633392388604821
485 6.370856851040539e-05 -0.026242223282406604
487 5.676676429558029e-05 -0.026112374768121113
489 8.43143979305657e-05 -0.02605915009434588
491 4.817883489314082e-05 -0.025899881711507616
493 4.335726178897534e-05 -0.025852355148031327
495 1.0631989130191292e-05 -0.025754052620816044
497 -3.8974821501971094e-05 -0.02571567410310696
499 4.044767131617141e-05 -0.025616163908332226
501 3.554887385825947e-06 -0.025428127938093764
503 5.3940977927623044e-06 -0.02527095629107327
505 3.916207919005532e-06 -0.025145111019709693
507 6.373900542291313e-05 -0.02507561864809537
509 4.3295496102568746e-05 -0.025030399332369918
511 4.548361024723459e-06 -0.024944043466327347
513 -2.8214900922225444e-06 -0.024894023464560513
515 -5.923554246764722e-05 -0.02475840803989388
517 -6.511570540556552e-05 -0.02467561692815958
519 -6.0673368620654156e-05 -0.0245823979877821
521 -4.634555182433874e-05 -0.024420385154228435
523 6.398289514085093e-06 -0.024339251602985768
525 3.614955665377759e-05 -0.024323355840505403
527 -3.113254722842883e-05 -0.024202647492740335
529 -6.3417488764147984e-06 -0.024091703377285556
531 -1.8706216058643104e-05 -0.024006886773379924
533 -2.019627998025564e-05 -0.023853432649039996
535 -1.7259657169965705e-05 -0.023769308884877684
537 -2.3385451457628714e-05 -0.02367933001715686
539 -2.2217966173416613e-05 -0.023620999866943833
541 -1.4176359370256299e-05 -0.023576922625357242
543 -5.741109668884078e-06 -0.023480043824963426
545 -3.056917030860283e-05 -0.023337602454847103
547 1.5521012178593596e-05 -0.02320312539133953
549 -1.1285268033876772e-05 -0.02319133208563327
551 -3.843015283536628e-05 -0.023173441354184126
553 -3.269200367265277e-05 -0.02301679651585318
555 -6.510988662373037e-05 -0.022937082776473907
557 -9.954172399519927e-05 -0.022916241613898932
559 -8.433860705781811e-05 -0.02282249361015042
561 -7.690713133532028e-05 -0.02276178921956243
563 -5.107455538491973e-05 -0.022565585604183147
565 -4.989963971929215e-05 -0.022497234262054126
567 -5.64046054642647e-05 -0.02241056292993556
569 8.810640689342051e-06 -0.02235729744988611
571 5.774189695864723e-05 -0.022302379524930145
573 6.304095043822249e-05 -0.02218827803613002
575 6.03112807640733e-05 -0.02213990362337984
577 3.270648619028363e-05 -0.021986446033458777
579 -1.9485231543974987e-05 -0.021950878628430155
581 -6.56677573093592e-05 -0.021867231263268092
583 3.0059618769041957e-05 -0.02180108100612948
585 1.7729160077857263e-05 -0.02174886694243899
587 -1.0028251597425925e-05 -0.02170996880256026
589 5.261397003356747e-06 -0.021620695607829622
591 2.5308881560681986e-05 -0.021592657832581044
593 5.601030279081111e-05 -0.021504124383969012
595 3.223378764635557e-05 -0.021464197713617277
597 -1.71216235170989e-05 -0.021368750274972162
599 -2.5562124956669046e-05 -0.021240258658688164
601 -1.8835182030476323e-05 -0.021191351306862026
603 -4.390403453033185e-05 -0.021095966012118984
605 -2.29521316261505e-05 -0.021096653261063286
607 -8.011088606886241e-06 -0.021065609759821132
609 -9.000461282674047e-05 -0.020937249188918088
611 -9.057919179798298e-06 -0.020869043804410674
613 -5.251768281132934e-05 -0.020728101173645715
615 -5.152517432145629e-05 -0.020644981688768594
617 -3.3125909088425664e-05 -0.02057839699932139
619 -1.4394379352652411e-05 -0.02053743672097616
621 1.6092096442124748e-05 -0.020411982151402008
623 9.360610065274599e-06 -0.020350226272921306
625 5.869008358503262e-07 -0.020313062225221373
627 4.212624417302835e-05 -0.02029405574557034
629 9.35836287332975e-06 -0.020185341774304276
631 1.3080251310666894e-05 -0.020203592103029876
633 -2.6989727056747823e-05 -0.020103205080754572
635 5.8057550093523104e-05 -0.020066082534628826
637 2.81523838123797e-05 -0.019966252908698464
639 -2.2113643398312224e-05 -0.019946370246269815
641 7.470859690212489e-06 -0.0198197269809643
643 9.199508154816051e-06 -0.01975927916101695
645 6.797425578057779e-05 -0.01975273975079468
647 4.7383541445854125e-05 -0.01966871972064468
649 1.604312964164807e-05 -0.019561255974145653
651 2.5102833519058487e-05 -0.019534780497855567
653 -3.7457526630055046e-06 -0.019470513196451933
655 -5.30844778637241e-05 -0.019503591027245137
657 4.959074156917577e-05 -0.019404291161008006
659 3.6574765353494935e-05 -0.01934927830147757
661 7.209774874064332e-05 -0.019235122740590683
663 4.9113267945212766e-05 -0.019225125956661513
665 3.1101559181069395e-07 -0.01921800015771213
667 5.707731296642393e-05 -0.019163215473538272
669 3.965967231553047e-05 -0.019038127716466905
671 -9.629360627723097e-07 -0.01895824268383198
673 -6.825181969586471e-05 -0.018961082672504043
675 -3.0825311122452566e-05 -0.01885738989115558
677 -6.665534982679948e-05 -0.01878366903725841
679 -4.409702281662088e-05 -0.018701941467670204
681 -3.265663560848321e-06 -0.01870691204446437
683 4.417922205784093e-05 -0.018686064371075433
685 -1.1862932296091858e-05 -0.018518849876789548
687 2.5313101542068915e-05 -0.018473486496130873
689 -9.292912315633074e-06 -0.018343965038376885
691 3.757273368273362e-05 -0.018397869133292506
693 5.592607799576288e-05 -0.018314481799911624
695 3.145958025480411e-05 -0.0183151771880417
697 2.0127641788859564e-05 -0.01826028224456395
699 5.029759281466171e-05 -0.01823271187041508
701 1.4403053851218566e-05 -0.018189999226957205
703 -2.183266057281958e-05 -0.018159809127744363
705 1.9135593447331084e-06 -0.018050612106697905
707 -5.517616940084683e-05 -0.018013718803951376
709 -2.6300480143027112e-05 -0.01798220563079764
711 -6.169460057474443e-05 -0.017909266195053983
713 -6.673852107558909e-05 -0.017867504919229924
715 -4.847870681519504e-05 -0.01785806108327156
717 -6.32376532721814e-05 -0.017752217639588917
719 -1.6067564548286023e-05 -0.01773447875158903
721 -7.196125522709374e-06 -0.017696664344129462
723 -4.500514273640475e-05 -0.017653503219758348
725 -6.516562616284238e-05 -0.017607009203647682
727 -8.753834008748433e-05 -0.017539891135868214
729 -4.496182517396045e-05 -0.017524460070244663
731 -3.002947664021789e-06 -0.017441986840035256
733 2.3842748939450204e-05 -0.017409581731516674
735 -1.912134087045079e-05 -0.017310137540758518
737 -3.6041891903957715e-05 -0.01728918335883085
739 -1.2345017670789146e-06 -0.017229862134273202
741 9.918220490159609e-06 -0.017189616602278322
743 -4.038754764748251e-05 -0.01717626482717725
745 -1.8110967105226398e-05 -0.01709692246807208
747 2.947580430904679e-05 -0.01701063965659447
749 -5.5555320750254975e-05 -0.017030059222125936
751 -3.584587657943349e-05 -0.016933848099762738
753 1.8351053193877862e-05 -0.016882273450731376
755 4.5042263318960054e-05 -0.01688392926619166
757 9.306990660276398e-05 -0.01685066540183644
759 5.2885733152066854e-05 -0.0168079496895079
761 2.40342498584065e-05 -0.016704550583863925
763 -7.650139496368657e-05 -0.01666389213143335
765 3.171503537745067e-05 -0.016639586587468436
767 1.6941554210426225e-06 -0.016606067971984998
769 1.950949633232482e-05 -0.016561582710096556
771 -1.5342587179768705e-05 -0.0164959938240835
773 2.152716579461678e-05 -0.0165476545268859
775 2.122597641438606e-05 -0.01643037261871783
777 -2.7477718040304605e-05 -0.01644687463802288
779 1.0609578529335745e-05 -0.016381461044777345
781 -4.3769493890585866e-05 -0.01626932830230184
783 -1.8685817201705592e-05 -0.016251212974703663
785 3.2002270471549125e-05 -0.01620207008573812
787 5.520947500510782e-05 -0.016156660244694827
789 2.2208941673838646e-05 -0.016092909550659902
791 -2.8944203710829858e-05 -0.01606964892402589
793 -4.190941400248489e-05 -0.016082315875451485
795 -2.5380559800100834e-05 -0.016067698089187985
797 -3.971778710129236e-05 -0.01602028581914183
799 -1.976516912209015e-05 -0.015992707581061992
801 4.82998902053458e-06 -0.015852793014404454
803 2.091501455214701e-05 -0.015806876258414364
805 -2.6545757072862823e-05 -0.015803584161446893
807 5.307155641768721e-05 -0.015768391654822328
809 8.41221670582731e-05 -0.01573038132524649
811 4.208585312524981e-05 -0.015783611570100685
813 3.874906097618556e-05 -0.015725640414037085
815 8.606310915805338e-05 -0.015598636580808928
817 7.090223607376799e-05 -0.015559313910598041
819 2.506161689382006e-05 -0.01554409876128391
821 2.3588232092042252e-05 -0.015514781343631982
823 -4.214836790090557e-05 -0.015501554025645622
825 -5.5478795557611724e-05 -0.01551872672512751
827 -1.0977254091281788e-06 -0.015488675298282685
829 -1.958128848139098e-05 -0.015447976803919348
831 3.822103627115319e-05 -0.015359475725225872
833 5.2431485027162795e-05 -0.015343479912879925
835 2.6946843020992436e-05 -0.015316273528746616
837 4.010622556724619e-05 -0.01523320554448496
839 1.2355184272364945e-05 -0.015200489622323518
841 -1.6132359137943143e-05 -0.015102645798380443
843 6.920402190656574e-06 -0.015102064336123813
845 -3.8250774161220685e-05 -0.015053153884829779
847 -2.9447999889495668e-05 -0.01513322879488599
849 -5.928001218831201e-05 -0.015056464476556161
851 -5.5033955343253474e-05 -0.015011075831763223
853 -1.0385768142303321e-05 -0.014961662456542115
855 -2.5221764953326107e-05 -0.014899076559443954
857 -4.07733524637973e-05 -0.014878171565275801
859 -4.151669541257093e-05 -0.014880289659305747
861 -1.7786024844251506e-05 -0.014806406779507763
863 4.721767257526543e-06 -0.014766451509554045
865 -3.8982498992161475e-05 -0.014751248804550032
867 -4.8258421398804426e-05 -0.014706839665630207
869 1.7606421532750986e-05 -0.014744177708589113
871 2.346636837156966e-05 -0.014643455318490308
873 2.7016415723178782e-05 -0.014545444286837529
875 -1.5240420546600002e-05 -0.014505419730244653
877 2.479950186934447e-05 -0.014450624743523594
879 5.147543976012571e-05 -0.01439240924498747
881 4.614033184869256e-05 -0.014399377766382622
883 1.1477355697192324e-05 -0.014363248215325206
885 -7.691880419793342e-06 -0.014321619091209764
887 5.5805632739882555e-05 -0.014313372614222561
889 2.1463318242375297e-05 -0.014284859018535023
891 -9.304863012297077e-06 -0.014286008704077514
893 -6.073421138218662e-05 -0.014220993438764165
895 -5.196348157137509e-05 -0.014209592373751944
897 -7.163913375328501e-05 -0.01422709526954262
899 -1.7514364880170365e-06 -0.014188898632825922
901 -5.11228168076764e-06 -0.014146241370739027
903 -6.482141809633569e-06 -0.014056574185714684
905 -1.5906551377827646e-05 -0.01408944801705512
907 -2.011426939956995e-05 -0.013996706379465405
909 5.757711560939849e-05 -0.01397043039397464
911 -1.0422412842981245e-05 -0.01393310643719848
913 -2.2491501272311544e-05 -0.013926874015733644
915 2.3652844163603288e-05 -0.013909892498507945
917 2.0071500642714295e-05 -0.013912545233883092
919 7.249124543206604e-05 -0.013893350536590481
921 7.144919372372265e-05 -0.013866484985997041
923 2.137784728370281e-05 -0.013823525148171261
925 -7.673495616069407e-06 -0.013836685293795678
927 2.3862402755938676e-05 -0.013706647482721445
929 9.704330024272242e-05 -0.013686963900266816
931 7.655731285937181e-05 -0.013703223926693495
933 4.060568376735047e-05 -0.013649007825945003
935 5.149256311172053e-05 -0.01361103492846693
937 3.990921307925767e-05 -0.013587399807685675
939 2.7069588839756348e-05 -0.013552111676136645
941 1.013482706675282e-05 -0.01349801441107512
943 1.1932179740989738e-05 -0.01350423468553086
945 -1.0585093733682248e-05 -0.013500717770413137
947 5.933819361377817e-06 -0.01344136856897235
949 -4.634913483113826e-06 -0.013407990307542576
951 -5.78585763109173e-06 -0.013366010783035568
953 -1.3201500891641492e-05 -0.013328647514290965
955 4.1372446514124486e-06 -0.013329091950431372
957 4.23995035891824e-06 -0.013300747137826661
959 -8.686370868668093e-06 -0.013276071112815124
961 1.7867907240475098e-05 -0.013221718359105569
963 1.5655270110638034e-05 -0.013249349430954809
965 2.408365744250983e-05 -0.013180765436927592
967 8.225946728473603e-06 -0.013110604725196828
969 3.357715789423376e-05 -0.01310013286809168
971 4.500917932686189e-05 -0.013077373240455792
973 4.5408240495289024e-05 -0.013069587702948296
975 3.6891535452506305e-05 -0.013011820013119856
977 0.00010400732590759774 -0.013002260933960931
979 -6.959274581556784e-06 -0.01294034417017585
981 -5.433164217370869e-05 -0.012856237725610608
983 -4.789302521003883e-05 -0.012872447472383931
985 -3.862619279311119e-05 -0.012864186312624395
987 -4.108435847265977e-05 -0.012877629671819211
989 -9.550083245383219e-05 -0.012851515720507835
991 -3.188399645493447e-05 -0.012830721050030882
993 6.043757559719048e-06 -0.012780342974179055
995 2.326544846857397e-06 -0.012668039608370842
997 -3.4644446475899196e-06 -0.012667365865144341
999 -7.311918284109097e-06 -0.01269236659913279
1001 6.129866729287005e-06 -0.012728556240095487
1003 -5.741694188511608e-05 -0.012712849581926068
1005 -2.4701042756431865e-05 -0.012733812869774761
1007 7.034423154980786e-06 -0.012630072644484593
1009 -3.1881286546979712e-06 -0.012562207451774823
1011 -1.8900688452893813e-05 -0.012573085558979596
1013 3.2958508078389174e-05 -0.012640102394454638
1015 2.9383440498611613e-05 -0.012598009751923576
1017 4.1296560425998074e-05 -0.01251684004375725
1019 -4.092249603372138e-06 -0.012511730710693236
1021 1.2772901572879201e-05 -0.01244919961139001
1023 2.1858413682131607e-05 -0.012408092516813959
1025 4.091851430948908e-05 -0.012329299435935144
1027 2.7116595800162644e-05 -0.012297249080431285
1029 -4.0697644376617115e-05 -0.012290594635731348
1031 9.414384893373976e-06 -0.012305117952339437
1033 1.525693498148788e-05 -0.012259909463074163
1035 5.491017651125179e-06 -0.012229842421777878
1037 3.514723843948362e-05 -0.01224833305180812
1039 -3.603572704835432e-05 -0.012235430129467605
1041 8.143347438467936e-07 -0.012169641778191317
1043 1.8084468083677198e-05 -0.01219463892564305
1045 -5.502484611756376e-05 -0.01218161542832921
1047 3.573107521421665e-06 -0.012140567216643968
1049 4.787594308117021e-05 -0.01211421616532377
1051 4.721338737818154e-05 -0.012135205402408417
1053 4.434201840406831e-05 -0.012108090508432914
1055 3.5603471039029184e-05 -0.012115778412449568
1057 3.416313898963273e-05 -0.012091897917042599
1059 -5.193744193476185e-05 -0.01205633270881008
1061 2.9293233943346705e-05 -0.012009475457047506
1063 4.525206706302726e-05 -0.012036445337334908
1065 -2.1070461892592103e-05 -0.012016758660133756
1067 1.8761726058344522e-05 -0.011941699765832965
1069 4.1632657734512875e-05 -0.011912930025613474
1071 -8.593469635224082e-07 -0.011891935001509334
1073 4.882607474418986e-05 -0.01183370066666745
1075 4.762499100237347e-05 -0.011830455957676247
1077 -5.941434150999203e-06 -0.011823542305694655
1079 4.663210748319891e-05 -0.011758719172551061
1081 4.0823019237564604e-05 -0.011735700426927858
1083 2.8603947004068944e-05 -0.011684553643762727
1085 5.2656640308322774e-05 -0.011658393013797272
1087 2.8491816145629542e-05 -0.011653027289106117
1089 4.453971285731794e-05 -0.011696757753560851
1091 3.206723960473015e-05 -0.011622412401389965
1093 -2.4628669775110074e-05 -0.011570313592474346
1095 -4.4558776484695345e-05 -0.011577511278147176
1097 -1.5903840388420744e-06 -0.01154885576500532
1099 -2.0974904472210174e-05 -0.011551337313289821
1101 5.6490305506152477e-05 -0.011582401296070265
1103 5.572601782297388e-05 -0.011560878580990657
1105 -2.0287453078047086e-05 -0.011524930973275971
1107 -3.1785225528117416e-05 -0.011468176866511914
1109 -2.1436571866522137e-05 -0.011470917269792769
1111 -4.098456447561425e-05 -0.011486958002045898
1113 -5.992659103459434e-05 -0.011451762704488706
1115 -6.549210739294943e-05 -0.011447756583574463
1117 -4.826847134233079e-05 -0.011442258967256785
1119 -3.0409256628282176e-05 -0.011331293955188953
1121 -7.738034403184887e-06 -0.011319706469200184
1123 9.492985553261261e-06 -0.011334484309430546
1125 -1.4416579581127004e-05 -0.011232555197296346
1127 -5.157473485117577e-05 -0.011181546338501694
1129 2.9520561367010597e-06 -0.011213946411174626
1131 8.72877611986008e-06 -0.011159050998501067
1133 -3.873275423745229e-05 -0.011110094625387342
1135 -2.8748215561510675e-05 -0.011147840222554458
1137 -4.000438749836062e-05 -0.011171127576397802
1139 -9.378000056327007e-05 -0.011119857136280015
1141 -3.396334241727978e-05 -0.011085025433107878
1143 -3.779983643909288e-05 -0.011034653926929181
1145 2.943520471317182e-05 -0.011087942466490577
1147 2.6841777953212344e-05 -0.011022723287836765
1149 4.0148142340415105e-05 -0.011022355592537583
1151 1.6891324385358857e-05 -0.01098868280055828
1153 -2.9904810651629337e-05 -0.010947959612551336
1155 -3.611454754546776e-05 -0.010997255043629282
1157 2.7148512972916052e-05 -0.010871973391278744
1159 -2.264681576918945e-05 -0.010939194238327466
1161 1.007908056727385e-07 -0.010985634397553375
1163 2.0736113405737196e-05 -0.010923230414689863
1165 -3.541681888094971e-05 -0.010900464551353222
1167 -1.424427542750568e-05 -0.0108291533047713
1169 1.4837491845026377e-05 -0.010855010720805223
1171 -4.205724771288586e-05 -0.010871406859449451
1173 -9.032336531125075e-05 -0.010879274988015424
1175 -6.74579873873636e-05 -0.010895917123188745
1177 3.6246737666916976e-05 -0.010906273803124023
1179 1.1906568552207383e-05 -0.010843277724344187
1181 -1.2013480719152688e-05 -0.010760257028447831
1183 -1.4466623368500775e-05 -0.010781048829072272
1185 -4.554209166627881e-05 -0.010747563534861646
1187 1.0965371188422231e-05 -0.010762439035975258
1189 2.951259160775618e-05 -0.010689765438520524
1191 1.4304438508232977e-05 -0.010683131719830643
1193 7.13641095506568e-05 -0.010594723473951632
1195 6.366487692098696e-05 -0.010645191198883075
1197 8.523578840596071e-05 -0.01060311478158009
1199 5.360522596774732e-05 -0.010569733969520313
1201 3.1623676572627396e-05 -0.010629960414262686
1203 4.660775546630446e-05 -0.010560102992009782
1205 0.00011875787721516859 -0.010550140921912907
1207 1.896583043056569e-05 -0.0105820448666495
1209 5.96371563326363e-06 -0.010528957772882677
1211 -3.3204203801559615e-05 -0.010512617286079688
1213 4.7135775715678956e-05 -0.010446454626187703
1215 6.605422949834463e-05 -0.010418588167842044
1217 1.0751875786999703e-05 -0.010346814955310561
1219 -2.3388253947785394e-05 -0.010389153240918488
1221 2.6014384179084302e-05 -0.010397279451344131
1223 -8.344077223094903e-06 -0.010403021370961746
1225 -4.364617514627637e-05 -0.010441896663720238
1227 8.764570329804113e-06 -0.010485891563797133
1229 1.9313771662077156e-05 -0.01046747714412864
1231 -3.833871636089773e-05 -0.010336226600167985
1233 8.217775069572657e-06 -0.010328409873757308
1235 0.00011390450329915422 -0.01024117327908177
1237 5.109548229512693e-05 -0.010275494403178645
1239 2.2342115530559942e-05 -0.010258411990718341
1241 3.3407333618120685e-06 -0.010203391769904518
1243 -1.6355209383064752e-05 -0.010248555669187455
1245 1.1914729417390978e-05 -0.010185376106930946
1247 0.00010001049062150843 -0.010175610122612623
1249 3.8820685957072256e-05 -0.01015470017901651
1251 -1.59636920723658e-05 -0.01015585290515815
1253 -3.608239807418128e-05 -0.010220322225946531
1255 -1.5122193241040901e-05 -0.010252265078317724
1257 -1.9711142768092414e-05 -0.01023697001599163
1259 6.212393879375563e-05 -0.010127814180347309
1261 7.477046608124126e-05 -0.010106622039291767
1263 3.398522259530606e-05 -0.010062379893471668
1265 2.1388867195790867e-05 -0.010043975358125
1267 6.928703196279205e-05 -0.010069578887987768
1269 3.948765523957631e-05 -0.009970113781783778
1271 3.3753168131232346e-05 -0.009965813945912163
1273 -3.0663999054498405e-05 -0.009976098330108523
1275 -2.275713785206045e-05 -0.009936385790795315
1277 -3.627341556828855e-05 -0.009926118836932568
1279 -2.2283516479968795e-05 -0.009948862658073555
1281 -1.221627334037302e-05 -0.00989394745534122
1283 -1.4175628991964357e-05 -0.009855478684211962
1285 6.812211384843348e-05 -0.009915873617257546
1287 8.463306764847447e-05 -0.009855359877723346
1289 4.331956966171671e-05 -0.009826965498680227
1291 3.320638334707388e-05 -0.009839596816854297
1293 1.3576456086304811e-05 -0.009810768887701533
1295 7.664752816446046e-05 -0.009803840006078755
1297 6.371740891917169e-05 -0.009750064832241173
1299 1.192312682077531e-06 -0.009761521799783159
1301 -3.374449803528922e-06 -0.009798528173301017
1303 2.3898522595869513e-05 -0.009786085614663775
1305 7.727444593007091e-05 -0.009697857851573935
1307 -2.940067698410339e-05 -0.009730363627365053
1309 -9.865400305791355e-05 -0.009692042745602982
1311 -0.00012839934633691869 -0.00968416502622998
1313 -0.00013361805469707029 -0.009676136432412791
1315 -4.971311221939789e-05 -0.00962127309725718
1317 -1.936122283750979e-05 -0.009731250112074007
1319 -3.873610316130346e-05 -0.009710960361525866
1321 -1.053957876750914e-05 -0.009634833115850767
1323 4.0744294370261865e-05 -0.009610999385734698
1325 7.036244327552257e-05 -0.009570721679291665
1327 4.117467368504965e-05 -0.0095949360878297
1329 1.8767238257310492e-07 -0.00957266753032481
1331 2.2596579109797163e-05 -0.009590727534542947
1333 -2.9970011241502066e-05 -0.009518553156351162
1335 -1.5980912618367615e-05 -0.009529853782864752
1337 1.1406765931564841e-05 -0.009535744798310214
1339 -7.662517263909789e-06 -0.009518531470496914
1341 -1.9062645246821653e-05 -0.009510045711368702
1343 -6.524159918883359e-07 -0.009507581175620443
1345 2.591112734499256e-07 -0.009476989015830814
1347 -8.251358819874773e-06 -0.009468092545842938
1349 -6.14433195538109e-05 -0.009490453887775826
1351 -3.603650626315113e-05 -0.009483480678266739
1353 4.28739617322882e-07 -0.009504327652241951
1355 -1.4640479756156262e-05 -0.009397962987482147
1357 3.2239349410467425e-05 -0.009423792595406327
1359 1.9252028404744988e-05 -0.009432907591071047
1361 3.1571836113171984e-05 -0.00943061451192361
1363 4.631405458172377e-05 -0.009350776981800386
1365 2.1114128697025023e-05 -0.00934138409554472
1367 3.655936873527006e-05 -0.009366862313123673
1369 -2.2366623234898974e-05 -0.009329107709273678
1371 5.669518050453629e-06 -0.009298504848088788
1373 4.974609973563394e-06 -0.009300459803539074
1375 1.046647148204147e-05 -0.009289942776402566
1377 4.24078427719584e-06 -0.009237584284184855
1379 -4.410205188429972e-05 -0.00921952996254581
1381 5.8779752767123904e-05 -0.009174404626569837
1383 6.252716970273931e-05 -0.009191479175074766
1385 7.318951632048819e-05 -0.0092313553424537
1387 6.368529801464994e-05 -0.009198295857750317
1389 5.457716731058725e-05 -0.009160619931212644
1391 8.66835299703407e-05 -0.009185777550062607
1393 0.00010615779968210846 -0.009153253241301127
1395 6.291999562772142e-05 -0.009158192344929294
1397 5.244361450917163e-05 -0.00914737603788969
1399 2.6477020397433702e-05 -0.009131950422437436
1401 6.5945763324939655e-06 -0.009071611130865655
1403 4.532827287897145e-05 -0.009075540626588122
1405 5.583095722403322e-05 -0.009089285219331474
1407 6.886743537011845e-05 -0.009058878868108312
1409 2.4787200006639206e-05 -0.009068836369152176
1411 2.3215286978028147e-05 -0.009084619996841032
1413 5.408716589061553e-06 -0.009042421301635614
1415 -4.2846543037596135e-05 -0.008972222831999083
1417 3.957384274033861e-05 -0.009031929671862272
1419 4.42796990328599e-05 -0.009065946335121014
1421 -1.3191679300167082e-05 -0.008964208709947375
1423 -1.3296154643128878e-05 -0.008897999736867864
1425 -6.902219764088979e-06 -0.008931300316337893
1427 4.335638024769482e-05 -0.008894732328904895
1429 0.0001389497653089999 -0.008914826799875153
1431 6.913310088487399e-05 -0.008844253134493673
1433 8.031304357426079e-05 -0.008837608117859623
1435 1.740714726555553e-05 -0.008870821978471017
1437 -1.920612994479995e-05 -0.008800344852207778
1439 -5.255685093692886e-06 -0.008848710764851645
1441 7.818958021653912e-06 -0.008769622927780952
1443 -3.434240903021096e-05 -0.008851774317752156
1445 2.034498342759391e-05 -0.00878819374249784
1447 8.813668313962318e-05 -0.008763603211454243
1449 0.00010187695913656939 -0.008714702691017517
1451 9.719583782568034e-05 -0.0087170214262073
1453 0.00010017379708144263 -0.008749457884484798
1455 -1.2357787097104214e-05 -0.008732968515328106
1457 3.4587737664275684e-05 -0.008712212848377412
1459 1.942052289270293e-05 -0.008709347102654126
1461 -9.101267090461696e-06 -0.008684656264562048
1463 -6.502679493009339e-05 -0.008708721184404777
1465 -5.9302299112943075e-05 -0.008705802973947175
1467 -3.0175244681998988e-05 -0.00870160309146622
1469 -2.645818911919125e-05 -0.008756968958776085
1471 6.239846549721739e-05 -0.008723380970429613
1473 -6.947913046922915e-06 -0.008670184353484513
1475 -4.434804006602633e-06 -0.008620002427788686
1477 -3.532815754022976e-05 -0.008649126627577377
1479 1.4757363276308413e-05 -0.008634560707298962
1481 -7.863766262863759e-05 -0.008590503270840478
1483 -4.204012458737287e-05 -0.008605706149991843
1485 1.735073994468125e-05 -0.008577656461302537
1487 -2.519977064119132e-05 -0.008502941630480798
1489 -1.942289038085463e-05 -0.008510677637063828
1491 -8.730308289978293e-06 -0.00850700917476172
1493 -2.644617265061022e-05 -0.008500208135432586
1495 -1.1410999732657726e-05 -0.008506242873064984
1497 7.088632754932933e-08 -0.008504981232638303
1499 9.428142064641564e-06 -0.008512272561395718
1501 -1.2922161339581407e-05 -0.008509501967491548
1503 -4.007314209779414e-05 -0.008531546712649269
1505 5.211592667250853e-05 -0.00848022016990323
1507 5.716578674336128e-05 -0.00846032348647476
1509 7.507676320346528e-05 -0.008488621494844415
1511 3.703652196980546e-05 -0.008483820246412737
1513 3.696904403921776e-05 -0.008396535540981376
1515 4.316885169937636e-05 -0.008433628950081313
1517 7.088343198744227e-05 -0.008449594107361858
1519 1.9375705743913047e-05 -0.00842494805082391
1521 5.879292443029255e-05 -0.008447749853737087
1523 -5.065950495564249e-05 -0.008380422575788396
1525 -2.5642407261573674e-05 -0.008369847221805074
1527 4.947095452537667e-06 -0.008284894709691275
1529 1.6362324636070484e-05 -0.008309595945678589
1531 -1.996636212903417e-05 -0.008283248703967553
1533 -2.630448415576875e-05 -0.008302027198642687
1535 -2.9482207999035035e-05 -0.008314323889207673
1537 -5.574728154683943e-07 -0.008328155751177724
1539 -1.039096357633701e-06 -0.008250152948169219
1541 2.6131005749142584e-05 -0.008256586560412414
1543 -2.465326154806133e-05 -0.008226126474450328
1545 -3.688216594815776e-05 -0.00823230494717202
1547 -4.026451529069571e-05 -0.00822373435672858
1549 -1.4793325449482778e-05 -0.008213345815214938
1551 -1.6113345246382643e-05 -0.008279137453921642
1553 -6.019548255277857e-05 -0.008236668902021505
1555 -2.229615456748735e-05 -0.008258853443812027
1557 6.0037747039864973e-05 -0.008255951679191841
1559 -2.4781887739304087e-05 -0.008207636047396574
1561 -9.411112082776573e-05 -0.008177226155260751
1563 2.4890216862438154e-06 -0.008209863873863297
1565 -1.9898583043516775e-05 -0.00813716380393132
1567 -3.14355237011335e-05 -0.008109271576637076
1569 -2.689882590932761e-05 -0.008134102698463484
1571 6.499079427009356e-07 -0.00814841131305057
1573 -3.4899287299469844e-05 -0.008083980467159848
1575 -4.21338483784271e-06 -0.008135472736731587
1577 -2.0328331206043534e-05 -0.008095919178695532
1579 -3.198926590928125e-05 -0.008097520807717957
1581 9.43356768051128e-06 -0.00807356230392119
1583 -6.59790894706757e-05 -0.008077607672467893
1585 -6.49009649957536e-05 -0.008088839600158616
1587 -6.566290775141432e-05 -0.008114923536937796
1589 -1.2149405167683087e-05 -0.00801934817238597
1591 -6.52057699799433e-06 -0.007965995917032898
1593 5.6651388809757174e-05 -0.008008083347662995
1595 2.784829417886781e-06 -0.00796360955318612
1597 3.8255312940824586e-05 -0.007942451091293193
1599 -9.75470729583788e-05 -0.007925199136797824
1601 -5.951825127470937e-05 -0.007933827822435196
1603 -8.303521623927755e-05 -0.00792053691706609
1605 -7.13661252881705e-05 -0.007959176673417246
1607 -1.8368387982521142e-05 -0.007919351022342667
1609 -1.1237097460422588e-06 -0.008003511269209054
1611 -4.4922173144143975e-05 -0.007955640658832574
1613 -8.157439211033978e-05 -0.007929378387141257
1615 -6.0431225798256474e-05 -0.007942120816919812
1617 -7.798630644405996e-05 -0.007843742201134311
1619 -8.044385128953726e-05 -0.007823246682831114
1621 -3.655505893253965e-05 -0.007876422544258103
1623 -6.586440376352747e-05 -0.007728166567125105
1625 -5.0710064478537304e-05 -0.0077236958990315975
1627 -9.318385432799193e-06 -0.007747395805735934
1629 -4.993731603779717e-06 -0.007784695058781025
1631 2.335245005839111e-05 -0.007783394937765057
1633 1.886405970088367e-05 -0.007784490361535655
1635 1.1611316901472668e-05 -0.007825714180980064
1637 -2.017676733252574e-05 -0.007765632636041796
1639 0.0 -0.0077683925853274105
1641 0.0 -0.0077589247089284745
1643 0.0 -0.007749479882745968
1645 0.0 -0.007740058022706157
1647 0.0 -0.007730659045143672
1649 0.0 -0.007721282866799047
1651 0.0 -0.00771192940481625
1653 0.0 -0.007702598576740248
1655 0.0 -0.007693290300514579
1657 0.0 -0.007684004494478955
1659 0.0 -0.007674741077366864
1661 0.0 -0.007665499968303207
1663 0.0 -0.007656281086801941
1665 0.0 -0.00764708435276374
1667 0.0 -0.007637909686473683
1669 0.0 -0.007628757008598937
1671 0.0 -0.007619626240186491
1673 0.0 -0.007610517302660865
1675 0.0 -0.007601430117821866
1677 0.0 -0.007592364607842353
1679 0.0 -0.007583320695266007
1681 0.0 -0.007574298303005132
1683 0.0 -0.00756529735433846
1685 0.0 -0.007556317772908978
1687 0.0 -0.007547359482721771
1689 0.0 -0.0075384224081418766
1691 0.0 -0.007529506473892151
1693 0.0 -0.007520611605051168
1695 0.0 -0.007511737727051108
1697 0.0 -0.007502884765675679
1699 0.0 -0.00749405264705805
1701 0.0 -0.007485241297678793
1703 0.0 -0.007476450644363845
1705 0.0 -0.007467680614282478
1707 0.0 -0.0074589311349453
1709 0.0 -0.007450202134202239
1711 0.0 -0.0074414935402405775
1713 0.0 -0.0074328052815829685
1715 0.0 -0.007424137287085496
1717 0.0 -0.007415489485935718
1719 0.0 -0.007406861807650743
1721 0.0 -0.007398254182075321
1723 0.0 -0.007389666539379935
1725 0.0 -0.007381098810058916
1727 0.0 -0.007372550924928562
1729 0.0 -0.007364022815125291
1731 0.0 -0.007355514412103772
1733 0.0 -0.0073470256476351
1735 0.0 -0.007338556453804972
1737 0.0 -0.007330106763011875
1739 0.0 -0.007321676507965284
1741 0.0 -0.007313265621683875
1743 0.0 -0.007304874037493762
1745 0.0 -0.007296501689026721
1747 0.0 -0.007288148510218448
1749 0.0 -0.007279814435306818
1751 0.0 -0.007271499398830169
1753 0.0 -0.007263203335625572
1755 0.0 -0.007254926180827138
1757 0.0 -0.00724666786986433
1759 0.0 -0.007238428338460278
1761 0.0 -0.007230207522630113
1763 0.0 -0.007222005358679312
1765 0.0 -0.007213821783202055
1767 0.0 -0.007205656733079586
1769 0.0 -0.007197510145478592
1771 0.0 -0.007189381957849591
1773 0.0 -0.0071812721079253395
1775 0.0 -0.007173180533719227
1777 0.0 -0.007165107173523707
1779 0.0 -0.007157051965908727
1781 0.0 -0.007149014849720172
1783 0.0 -0.00714099576407831
1785 0.0 -0.007132994648376261
1787 0.0 -0.0071250114422784705
1789 0.0 -0.007117046085719188
1791 0.0 -0.007109098518900964
1793 0.0 -0.007101168682293156
1795 0.0 -0.007093256516630434
1797 0.0 -0.007085361962911312
1799 0.0 -0.007077484962396681
1801 0.0 -0.0070696254566083435
1803 0.0 -0.007061783387327581
1805 0.0 -0.0070539586965937
1807 0.0 -0.007046151326702616
1809 0.0 -0.007038361220205432
1811 0.0 -0.007030588319907028
1813 0.0 -0.00702283256886466
1815 0.0 -0.007015093910386571
1817 0.0 -0.0070073722880306145
1819 0.0 -0.0069996676456028735
1821 0.0 -0.006991979927156303
1823 0.0 -0.0069843090769893725
1825 0.0 -0.006976655039644727
1827 0.0 -0.006969017759907842
1829 0.0 -0.006961397182805701
1831 0.0 -0.006953793253605477
1833 0.0 -0.006946205917813218
1835 0.0 -0.00693863512117255
1837 0.0 -0.006931080809663379
1839 0.0 -0.006923542929500613
1841 0.0 -0.006916021427132878
1843 0.0 -0.006908516249241253
1845 0.0 -0.0069010273427380095
1847 0.0 -0.006893554654765364
1849 0.0 -0.006886098132694228
1851 0.0 -0.006878657724122975
1853 0.0 -0.006871233376876215
1855 0.0 -0.0068638250390035726
1857 0.0 -0.0068564326587784745
1859 0.0 -0.006849056184696948
1861 0.0 -0.0068416955654764244
1863 0.0 -0.00683435075005455
1865 0.0 -0.006827021687588004
1867 0.0 -0.006819708327451327
1869 0.0 -0.006812410619235756
1871 0.0 -0.006805128512748065
1873 0.0 -0.006797861958009411
1875 0.0 -0.006790610905254201
1877 0.0 -0.006783375304928944
1879 0.0 -0.006776155107691128
1881 0.0 -0.006768950264408095
1883 0.0 -0.006761760726155936
1885 0.0 -0.00675458644421837
1887 0.0 -0.006747427370085653
1889 0.0 -0.006740283455453481
1891 0.0 -0.0067331546522219074
1893 0.0 -0.006726040912494256
1895 0.0 -0.006718942188576056
1897 0.0 -0.006711858432973973
1899 0.0 -0.006704789598394748
1901 0.0 -0.006697735637744149
1903 0.0 -0.006690696504125921
1905 0.0 -0.0066836721508407495
1907 0.0 -0.006676662531385227
1909 0.0 -0.006669667599450827
1911 0.0 -0.006662687308922882
1913 0.0 -0.0066557216138795755
1915 0.0 -0.006648770468590929
1917 0.0 -0.006641833827517802
1919 0.0 -0.006634911645310905
1921 0.0 -0.006628003876809801
1923 0.0 -0.006621110477041928
1925 0.0 -0.006614231401221624
1927 0.0 -0.006607366604749158
1929 0.0 -0.00660051604320976
1931 0.0 -0.0065936796723726696
1933 0.0 -0.006586857448190184
1935 0.0 -0.006580049326796706
1937 0.0 -0.00657325526450781
1939 0.0 -0.006566475217819302
1941 0.0 -0.0065597091434063
1943 0.0 -0.0065529569981223
1945 0.0 -0.006546218738998267
1947 0.0 -0.006539494323241719
1949 0.0 -0.006532783708235827
1951 0.0 -0.006526086851538508
1953 0.0 -0.006519403710881529
1955 0.0 -0.00651273424416963
1957 0.0 -0.006506078409479626
1959 0.0 -0.0064994361650595345
1961 0.0 -0.006492807469327703
1963 0.0 -0.006486192280871945
1965 0.0 -0.006479590558448665
1967 0.0 -0.0064730022609820175
1969 0.0 -0.00646642734756304
1971 0.0 -0.006459865777448821
1973 0.0 -0.006453317510061646
1975 0.0 -0.006446782504988166
1977 0.0 -0.006440260721978568
1979 0.0 -0.006433752120945745
1981 0.0 -0.006427256661964477
1983 0.0 -0.006420774305270614
1985 0.0 -0.006414305011260266
1987 0.0 -0.006407848740488993
1989 0.0 -0.006401405453671005
1991 0.0 -0.006394975111678366
1993 0.0 -0.006388557675540204
1995 0.0 -0.006382153106441918
1997 0.0 -0.006375761365724399
1999 0.0 -0.006369382414883255
2001 0.0 -0.0063630162155680296
2003 0.0 -0.006356662729581442
2005 0.0 -0.006350321918878616
2007 0.0 -0.006343993745566331
2009 0.0 -0.006337678171902253
2011 0.0 -0.006331375160294196
2013 0.0 -0.0063250846732993676
2015 0.0 -0.006318806673623637
2017 0.0 -0.006312541124120788
2019 0.0 -0.006306287987791792
2021 0.0 -0.006300047227784081
2023 0.0 -0.00629381880739082
2025 0.0 -0.006287602690050187
2027 0.0 -0.00628139883934466
2029 0.0 -0.006275207219000309
2031 0.0 -0.00626902779288608
2033 0.0 -0.006262860525013098
2035 0.0 -0.006256705379533969
2037 0.0 -0.006250562320742085
2039 0.0 -0.00624443131307093
2041 0.0 -0.006238312321093398
2043 0.0 -0.0062322053095211095
2045 0.0 -0.00622611024320373
2047 0.0 -0.006220027087128299
2049 0.0 -0.006213955806418559
