-2049 0.0 0.006213955806418559
-2047 0.0 0.006220027087128299
-2045 0.0 0.00622611024320373
-2043 0.0 0.0062322053095211095
-2041 0.0 0.006238312321093398
-2039 0.0 0.00624443131307093
-2037 0.0 0.006250562320742085
-2035 0.0 0.006256705379533969
-2033 0.0 0.006262860525013098
-2031 0.0 0.00626902779288608
-2029 0.0 0.006275207219000309
-2027 0.0 0.00628139883934466
-2025 0.0 0.006287602690050187
-2023 0.0 0.00629381880739082
-2021 0.0 0.006300047227784081
-2019 0.0 0.006306287987791792
-2017 0.0 0.006312541124120788
-2015 0.0 0.006318806673623637
-2013 0.0 0.0063250846732993676
-2011 0.0 0.006331375160294196
-2009 0.0 0.006337678171902253
-2007 0.0 0.006343993745566331
-2005 0.0 0.006350321918878616
-2003 0.0 0.006356662729581442
-2001 0.0 0.0063630162155680296
-1999 0.0 0.006369382414883255
-1997 0.0 0.006375761365724399
-1995 0.0 0.006382153106441918
-1993 0.0 0.006388557675540204
-1991 0.0 0.006394975111678366
-1989 0.0 0.006401405453671005
-1987 0.0 0.006407848740488993
-1985 0.0 0.006414305011260266
-1983 0.0 0.006420774305270614
-1981 0.0 0.006427256661964477
-1979 0.0 0.006433752120945745
-1977 0.0 0.006440260721978568
-1975 0.0 0.006446782504988166
-1973 0.0 0.006453317510061646
-1971 0.0 0.006459865777448821
-1969 0.0 0.00646642734756304
-1967 0.0 0.0064730022609820175
-1965 0.0 0.006479590558448665
-1963 0.0 0.006486192280871945
-1961 0.0 0.006492807469327703
-1959 0.0 0.0064994361650595345
-1957 0.0 0.006506078409479626
-1955 0.0 0.00651273424416963
-1953 0.0 0.006519403710881529
-1951 0.0 0.006526086851538508
-1949 0.0 0.006532783708235827
-1947 0.0 0.006539494323241719
-1945 0.0 0.006546218738998267
-1943 0.0 0.0065529569981223
-1941 0.0 0.0065597091434063
-1939 0.0 0.006566475217819302
-1937 0.0 0.00657325526450781
-1935 0.0 0.006580049326796706
-1933 0.0 0.006586857448190184
-1931 0.0 0.0065936796723726696
-1929 0.0 0.00660051604320976
-1927 0.0 0.006607366604749158
-1925 0.0 0.006614231401221624
-1923 0.0 0.006621110477041928
-1921 0.0 0.006628003876809801
-1919 0.0 0.006634911645310905
-1917 0.0 0.006641833827517802
-1915 0.0 0.006648770468590929
-1913 0.0 0.0066557216138795755
-1911 0.0 0.006662687308922882
-1909 0.0 0.006669667599450827
-1907 0.0 0.006676662531385227
-1905 0.0 0.0066836721508407495
-1903 0.0 0.006690696504125921
-1901 0.0 0.006697735637744149
-1899 0.0 0.006704789598394748
-1897 0.0 0.006711858432973973
-1895 0.0 0.006718942188576056
-1893 0.0 0.006726040912494256
-1891 0.0 0.0067331546522219074
-1889 0.0 0.006740283455453481
-1887 0.0 0.006747427370085653
-1885 0.0 0.00675458644421837
-1883 0.0 0.006761760726155936
-1881 0.0 0.006768950264408095
-1879 0.0 0.006776155107691128
-1877 0.0 0.006783375304928944
-1875 0.0 0.006790610905254201
-1873 0.0 0.006797861958009411
-1871 0.0 0.006805128512748065
-1869 0.0 0.006812410619235756
-1867 0.0 0.006819708327451327
-1865 0.0 0.006827021687588004
-1863 0.0 0.00683435075005455
-1861 0.0 0.0068416955654764244
-1859 0.0 0.006849056184696948
-1857 0.0 0.0068564326587784745
-1855 0.0 0.0068638250390035726
-1853 0.0 0.006871233376876215
-1851 0.0 0.006878657724122975
-1849 0.0 0.006886098132694228
-1847 0.0 0.006893554654765364
-1845 0.0 0.0069010273427380095
-1843 0.0 0.006908516249241253
-1841 0.0 0.006916021427132878
-1839 0.0 0.006923542929500613
-1837 0.0 0.006931080809663379
-1835 0.0 0.00693863512117255
-1833 0.0 0.006946205917813218
-1831 0.0 0.006953793253605477
-1829 0.0 0.006961397182805701
-1827 0.0 0.006969017759907842
-1825 0.0 0.006976655039644727
-1823 0.0 0.0069843090769893725
-1821 0.0 0.006991979927156303
-1819 0.0 0.0069996676456028735
-1817 0.0 0.0070073722880306145
-1815 0.0 0.007015093910386571
-1813 0.0 0.00702283256886466
-1811 0.0 0.007030588319907028
-1809 0.0 0.007038361220205432
-1807 0.0 0.007046151326702616
-1805 0.0 0.0070539586965937
-1803 0.0 0.007061783387327581
-1801 0.0 0.0070696254566083435
-1799 0.0 0.007077484962396681
-1797 0.0 0.007085361962911312
-1795 0.0 0.007093256516630434
-1793 0.0 0.007101168682293156
-1791 0.0 0.007109098518900964
-1789 0.0 0.007117046085719188
-1787 0.0 0.0071250114422784705
-1785 0.0 0.007132994648376261
-1783 0.0 0.00714099576407831
-1781 0.0 0.007149014849720172
-1779 0.0 0.007157051965908727
-1777 0.0 0.007165107173523707
-1775 0.0 0.007173180533719227
-1773 0.0 0.0071812721079253395
-1771 0.0 0.007189381957849591
-1769 0.0 0.007197510145478592
-1767 0.0 0.007205656733079586
-1765 0.0 0.007213821783202055
-1763 0.0 0.007222005358679312
-1761 0.0 0.007230207522630113
-1759 0.0 0.007238428338460278
-1757 0.0 0.00724666786986433
-1755 0.0 0.007254926180827138
-1753 0.0 0.007263203335625572
-1751 0.0 0.007271499398830169
-1749 0.0 0.007279814435306818
-1747 0.0 0.007288148510218448
-1745 0.0 0.007296501689026721
-1743 0.0 0.007304874037493762
-1741 0.0 0.007313265621683875
-1739 0.0 0.007321676507965284
-1737 0.0 0.007330106763011875
-1735 0.0 0.007338556453804972
-1733 0.0 0.0073470256476351
-1731 0.0 0.007355514412103772
-1729 0.0 0.007364022815125291
-1727 0.0 0.007372550924928562
-1725 0.0 0.007381098810058916
-1723 0.0 0.007389666539379935
-1721 0.0 0.007398254182075321
-1719 0.0 0.007406861807650743
-1717 0.0 0.007415489485935718
-1715 0.0 0.007424137287085496
-1713 0.0 0.0074328052815829685
-1711 0.0 0.0074414935402405775
-1709 0.0 0.007450202134202239
-1707 0.0 0.0074589311349453
-1705 0.0 0.007467680614282478
-1703 0.0 0.007476450644363845
-1701 0.0 0.007485241297678793
-1699 0.0 0.00749405264705805
-1697 0.0 0.007502884765675679
-1695 0.0 0.007511737727051108
-1693 0.0 0.007520611605051168
-1691 0.0 0.007529506473892151
-1689 0.0 0.0075384224081418766
-1687 0.0 0.007547359482721771
-1685 0.0 0.007556317772908978
-1683 0.0 0.00756529735433846
-1681 0.0 0.007574298303005132
-1679 0.0 0.007583320695266007
-1677 0.0 0.007592364607842353
-1675 0.0 0.007601430117821866
-1673 0.0 0.007610517302660865
-1671 0.0 0.007619626240186491
-1669 0.0 0.007628757008598937
-1667 0.0 0.007637909686473683
-1665 0.0 0.00764708435276374
-1663 0.0 0.007656281086801941
-1661 0.0 0.007665499968303207
-1659 0.0 0.007674741077366864
-1657 0.0 0.007684004494478955
-1655 0.0 0.007693290300514579
-1653 0.0 0.007702598576740248
-1651 0.0 0.00771192940481625
-1649 0.0 0.007721282866799047
-1647 0.0 0.007730659045143672
-1645 0.0 0.007740058022706157
-1643 0.0 0.007749479882745968
-1641 0.0 0.0077589247089284745
-1639 0.0 0.0077683925853274105
-1637 -1.0405986019701344e-05 0.007759237726546341
-1635 -7.143448383314731e-05 0.007806573320392718
-1633 -7.047069038507063e-05 0.007797827309108319
-1631 -1.6631901389498789e-06 0.007745197067619531
-1629 -4.4272802214710756e-05 0.007812395237676205
-1627 -9.30008131897017e-05 0.007844270460703203
-1625 -7.174633815518495e-05 0.007826848996527433
-1623 -7.197513109031222e-05 0.0077739321423591174
-1621 -4.694446991460142e-05 0.007795385647611511
-1619 1.6427309479227788e-05 0.00782357509065471
-1617 -6.793240122269137e-06 0.007856759265952603
-1615 -3.653030281368247e-05 0.00785296385242868
-1613 -5.9092193891276606e-05 0.007843416449408062
-1611 -3.796554146460079e-05 0.007906915831588668
-1609 -6.358218514050166e-05 0.007902603426995116
-1607 -7.558835818312058e-05 0.00786782223880482
-1605 -1.5142008082456665e-05 0.007905900208207113
-1603 -6.193662075525323e-05 0.007916471025127861
-1601 -9.837965144054413e-06 0.007980484124932774
-1599 -2.0268305527294778e-05 0.007993882995553125
-1597 1.7470629954938678e-05 0.008006540191078562
-1595 4.150820150437505e-05 0.00805022145387837
-1593 3.2923106810151025e-06 0.008086965451463975
-1591 2.3568695721261338e-05 0.008003222070827758
-1589 5.599931770796525e-06 0.007982071580279424
-1587 -3.8775410490850465e-05 0.007995328026211843
-1585 3.26714555780379e-05 0.008016980513218799
-1583 4.415035082583753e-06 0.007984739853143396
-1581 3.479101181146181e-06 0.008047819990054435
-1579 6.187820203187297e-06 0.00804338605902063
-1577 -3.496911598117178e-06 0.008072630014102484
-1575 6.453715754001728e-05 0.008197260170404105
-1573 3.4765539099932904e-05 0.008114790669045403
-1571 3.956198266105097e-05 0.008069800010662587
-1569 -2.3677112476214022e-05 0.00806517475197011
-1567 -3.1991894752561524e-05 0.008107820992399008
-1565 5.507855501504307e-05 0.008082236005691487
-1563 4.0179853534583706e-05 0.00811813527080193
-1561 -1.1743593937839197e-05 0.00808897305797233
-1559 -5.964326564592791e-05 0.008147496761425397
-1557 -2.3360302084870695e-05 0.008245591425334844
-1555 -2.0519549609360516e-05 0.008205903206521929
-1553 -2.4929651631449143e-05 0.00818007156322952
-1551 -1.7835008592896517e-05 0.00818208711180069
-1549 3.849018506444618e-05 0.008199649984370665
-1547 2.9806243297891757e-05 0.008235717320939874
-1545 7.994391071545778e-05 0.008173865254488481
-1543 -4.1063845200159775e-05 0.008154500133358524
-1541 -2.7424734128365273e-06 0.008181218349419737
-1539 9.261267710428825e-06 0.008303590127648074
-1537 8.93781632984232e-06 0.008276508605322497
-1535 5.470920622950043e-05 0.008363250756751225
-1533 -4.09564936988574e-05 0.008292133642755056
-1531 -4.338494809966485e-05 0.008336883598361303
-1529 6.7724944884564265e-06 0.008283425939876186
-1527 -5.4645094049731886e-05 0.008339732234557296
-1525 -8.731430856766358e-05 0.008340062662270257
-1523 -3.393458836836873e-05 0.008338039456471756
-1521 1.0051356174543138e-05 0.008394458602252328
-1519 3.21115047536801e-05 0.008337584425741376
-1517 4.429458051592588e-05 0.00838369213381704
-1515 -2.097924664120421e-05 0.008412326127582657
-1513 -3.785322369923521e-05 0.008421722713716752
-1511 -3.751601847304609e-05 0.008348653751239785
-1509 -1.7581658959797454e-05 0.008338748760586458
-1507 7.1562605803981226e-06 0.00838614409566987
-1505 -2.2062485048599826e-05 0.00845283289535989
-1503 -5.812228644771312e-05 0.008518413684883454
-1501 -4.724907209684405e-05 0.008537666302350744
-1499 -8.504072956467862e-05 0.008464084161723538
-1497 1.251283300569651e-05 0.008432837807613532
-1495 -7.906189623487243e-06 0.008518807648892084
-1493 -3.091567833228455e-05 0.008626542338749555
-1491 -2.815099934595097e-06 0.008516387771672991
-1489 2.7266437329650415e-05 0.008563862006075437
-1487 6.168060148438784e-05 0.008576011094281584
-1485 2.1841550234280478e-05 0.008597055853079195
-1483 -2.5400154701286853e-05 0.008554057096278532
-1481 4.766242016720656e-05 0.008566241587955988
-1479 6.640359080955865e-05 0.008508548560168356
-1477 -1.0778087140360368e-05 0.008538119317924047
-1475 -1.8743810384044985e-05 0.008629999074541612
-1473 -4.377281358073287e-05 0.008610277201319405
-1471 -1.0168768726732757e-05 0.008624950643807876
-1469 3.367697100872282e-05 0.008608579497374338
-1467 -7.289536344022801e-05 0.00875535587919603
-1465 -2.5713730878361846e-05 0.008709777559288041
-1463 4.969454070022123e-06 0.008693180773347471
-1461 -6.811767764000961e-05 0.008779606467871978
-1459 -5.409621015267833e-05 0.008727916284487354
-1457 -7.608712062725892e-05 0.008751929068780268
-1455 -2.9615975286869026e-05 0.008695008110093772
-1453 -1.9993642319024493e-05 0.008762115524252247
-1451 -5.1609765221838985e-05 0.00873310925033764
-1449 -2.297581282473851e-06 0.008885325331803553
-1447 -6.134205409627833e-05 0.008841966916069244
-1445 -1.4938301265466428e-05 0.008787571970770921
-1443 -3.541627223482007e-05 0.008788620947511648
-1441 3.015676293346967e-05 0.008831489668150727
-1439 -7.74133414428628e-05 0.00887043179692392
-1437 2.5697049982295387e-05 0.008877125354543595
-1435 -5.676552595467345e-05 0.008857413390413021
-1433 -2.607918609036353e-05 0.008927330390234413
-1431 3.97762734837517e-05 0.008954857388286414
-1429 7.470986574223193e-06 0.008907632028065859
-1427 -1.99781568896197e-06 0.008889762897967945
-1425 -2.005138949456052e-05 0.008911183514840772
-1423 -7.0140731030914455e-06 0.008909314268000823
-1421 4.983259656692853e-05 0.008987272505234602
-1419 6.19561588335449e-05 0.009054446379652602
-1417 -9.008089744210894e-06 0.009088444262308124
-1415 -3.3333082867849722e-06 0.00908039583813851
-1413 9.44159753603408e-06 0.009012594965463583
-1411 6.660024440539717e-05 0.009018871602931864
-1409 7.270337078042292e-05 0.009062875771758176
-1407 8.395601603562767e-05 0.009112397099032037
-1405 -2.9986558461523798e-05 0.009133885238824767
-1403 5.2813495293322046e-05 0.00908910777225866
-1401 2.337605416941439e-05 0.009061595643372193
-1399 -5.5470330659724335e-05 0.009145673411982908
-1397 -3.553856061810806e-05 0.009126079551225507
-1395 -7.818520901495841e-05 0.009098288821994788
-1393 -7.634931251650297e-06 0.009127479873741488
-1391 8.33338363064922e-05 0.009129570630811374
-1389 2.8325773865268203e-06 0.009110845191447604
-1387 -7.378789789764864e-05 0.00914605570205147
-1385 -2.6384882085641187e-05 0.009158587310484531
-1383 2.3646810413665514e-05 0.009192358180199653
-1381 2.677679861814468e-05 0.009149339195837231
-1379 -4.6508060099783625e-05 0.009143493537577646
-1377 -9.029923938087447e-05 0.009165854902503184
-1375 -8.663842654895757e-05 0.009218000793746866
-1373 -3.481761344760826e-05 0.009177495980520332
-1371 5.522150367423824e-05 0.009230786624338308
-1369 -9.183124257722196e-06 0.009242518578054427
-1367 -1.0800978049920246e-05 0.009251166848774027
-1365 3.13943856749686e-06 0.00928429766014841
-1363 -9.589524892244188e-05 0.00934288682344773
-1361 -4.7440573661769854e-05 0.009239043428046207
-1359 4.080644648799572e-06 0.009324158341463431
-1357 9.529866270572366e-06 0.009336162430408673
-1355 -0.00010525283043070101 0.009229339293942613
-1353 -9.719095870757699e-05 0.009318534863598462
-1351 -2.1041658352090228e-05 0.00938072540443373
-1349 3.893593638783197e-05 0.009452326338497517
-1347 -9.708975004783054e-06 0.009374421600715157
-1345 -8.435635980121565e-05 0.0094356139717922
-1343 8.42673265246575e-06 0.009493093584440209
-1341 -2.6980513465644676e-05 0.009441206846953
-1339 -6.0396295231849976e-05 0.009568115173611376
-1337 5.456995122393127e-05 0.009530351559694415
-1335 -2.2808215105227056e-05 0.009534387033051074
-1333 -2.189316631693312e-05 0.00954650963599942
-1331 3.308560697260529e-05 0.009574256254385351
-1329 -3.3479118586063064e-05 0.009681358181784835
-1327 -8.644712605566192e-06 0.009618123186341324
-1325 -3.8274927375678156e-05 0.009636192382668187
-1323 -6.358386073896536e-05 0.009656120524571607
-1321 -8.261386442634806e-05 0.009653107438256012
-1319 2.7175361358988593e-05 0.009720243576370158
-1317 -7.516297120238481e-06 0.00975445337561522
-1315 7.531893075373457e-05 0.0096812506102509
-1313 4.085540008915278e-05 0.009734576402654115
-1311 -1.9304202941848443e-05 0.009770947573298954
-1309 -2.5671628110659776e-05 0.009747206676449328
-1307 -6.534211629855913e-05 0.00978837277709426
-1305 5.203487154010553e-05 0.009836394102817125
-1303 -3.288017805299302e-05 0.009786093429683026
-1301 9.140602745970184e-07 0.009717904271188552
-1299 -9.329877901203225e-05 0.0097300250431477
-1297 -6.540630045006473e-05 0.00978170519051823
-1295 -1.5656799481479568e-05 0.00985722541532493
-1293 2.1624182509374508e-05 0.009835261421721982
-1291 -2.6010320854480595e-05 0.009829994160953804
-1289 -2.2826318781909434e-05 0.009883405961893958
-1287 1.7277323441889378e-05 0.00986621732121612
-1285 -3.5757621369299896e-05 0.009915057707348766
-1283 -9.180115629130294e-06 0.009872595063187585
-1281 -2.605506990971527e-05 0.009891901354502738
-1279 -1.098592468956293e-05 0.0099528869398542
-1277 -0.00012113968398241526 0.009996809289916876
-1275 -1.4480478889186019e-05 0.009954693449420215
-1273 -7.694240674198296e-05 0.0100217188763605
-1271 -5.96043246086325e-05 0.01004056394117669
-1269 -6.789853157925963e-05 0.010097482350153732
-1267 5.225795497410563e-05 0.010068424577311282
-1265 -2.2584844761381326e-05 0.01010416052095996
-1263 1.855999744751878e-05 0.010110697034207385
-1261 4.342046749347537e-05 0.01008656726084955
-1259 -2.7015491795724466e-05 0.010140817455209152
-1257 -2.5590650474346435e-05 0.010162173185653732
-1255 -2.2129969388831974e-06 0.010208556126668098
-1253 -9.214347389459929e-05 0.010196538184212896
-1251 -4.9788388379970753e-05 0.010170446280218131
-1249 6.351849686677e-05 0.0102013173967645
-1247 4.5310018775019806e-05 0.010284931168163921
-1245 2.7322629050458807e-05 0.01029925989467102
-1243 1.562215214146761e-05 0.010265326720639489
-1241 4.614061593746717e-05 0.010300932191823526
-1239 5.745953254148891e-05 0.010308779300822362
-1237 1.790681893392391e-05 0.010343358984724375
-1235 4.21962593172156e-05 0.010310473833142214
-1233 4.146036100445621e-05 0.010309774531720356
-1231 -1.0900677121490904e-05 0.010370491944214529
-1229 -3.1569526226810806e-05 0.010337648388969988
-1227 -1.831774717297933e-05 0.010368115789658757
-1225 9.208774257451392e-05 0.010322405308199096
-1223 4.917840140587248e-05 0.010400662990210481
-1221 6.131382461423071e-05 0.010464809892889154
-1219 8.698580918562681e-06 0.010420796854347124
-1217 5.381624324728878e-06 0.010457086615352482
-1215 -1.744512847974617e-05 0.01043774802577305
-1213 3.386235960898168e-05 0.010399761977177032
-1211 -7.934188171951713e-06 0.010475566774741471
-1209 -2.885524550741418e-05 0.010509951204912448
-1207 -1.4720409500806551e-05 0.010557068422474648
-1205 -6.1900093356843625e-06 0.010630503586361644
-1203 5.153952491152275e-06 0.010582059146786933
-1201 7.281630333596284e-05 0.010620273665701072
-1199 9.348206735562749e-05 0.010604328273185444
-1197 6.886955251947678e-05 0.010676604831390504
-1195 -1.2635431312060669e-05 0.01068568103364228
-1193 -3.567233963384826e-06 0.010728341061895264
-1191 -2.6217913949914745e-05 0.010732190006990097
-1189 5.047152265204102e-05 0.010654944328676254
-1187 4.218179173788071e-05 0.010717890285545425
-1185 4.042619373291268e-06 0.01069882270968155
-1183 5.869188949409945e-06 0.010727078796256385
-1181 1.4313122984644505e-05 0.010735932453105524
-1179 3.42211149204767e-05 0.010819401707384397
-1177 -1.1031092449941948e-05 0.010828813344633986
-1175 -5.175893418547366e-05 0.010890876661956499
-1173 -5.0206352709094136e-05 0.010851728356880535
-1171 -8.960404857923153e-05 0.010914781315618302
-1169 4.024189215463163e-05 0.010887591680331696
-1167 4.842215848378764e-05 0.01096513250089056
-1165 9.186213391899197e-05 0.010999597729117913
-1163 7.380679851170141e-05 0.010995421838549591
-1161 4.444300416275e-05 0.010977511761561526
-1159 -2.8579220736836387e-06 0.010984586912993755
-1157 -2.298054078160903e-05 0.010989318330906333
-1155 2.1816671909340635e-05 0.010999995319676327
-1153 -5.3873306012766326e-05 0.011119997254600942
-1151 -2.5343726942266258e-05 0.011135542391257552
-1149 -1.9436589194219924e-05 0.011118516344308717
-1147 1.0982663279101216e-05 0.011166795208110557
-1145 -4.402485497764959e-06 0.011273437278032787
-1143 -1.8214441421036895e-05 0.011276289926102061
-1141 -0.000125824954295601 0.011322665799750156
-1139 -3.376345894560963e-05 0.011256695085956087
-1137 -6.834301938031149e-05 0.011235392222313437
-1135 -1.524701703292958e-05 0.011272193868964052
-1133 3.3520843062877536e-05 0.011211055028357645
-1131 -1.7619180319596557e-05 0.011255259347844018
-1129 -8.381361346376173e-05 0.011256180385946392
-1127 -1.3177661338594218e-05 0.011344063998101785
-1125 2.814725964620421e-05 0.011307778662363207
-1123 -3.718907727413342e-05 0.011299235494074845
-1121 -3.617513761147839e-05 0.011331620110068826
-1119 -1.531244189612741e-05 0.011326713425255175
-1117 3.955285446475543e-05 0.011372980352260297
-1115 2.4793497381260627e-05 0.011425098065532907
-1113 9.659628517192171e-06 0.011436451887749511
-1111 2.562879227077108e-05 0.011443128443596424
-1109 -5.493245458162752e-05 0.011476023878122372
-1107 -7.302575753797584e-05 0.011467647638782124
-1105 -0.00011730884204740502 0.01151396081015101
-1103 -3.96409583455905e-05 0.011525715077737456
-1101 -5.47387360605346e-05 0.011525450689043473
-1099 -8.91693305294021e-05 0.011497341155314795
-1097 1.461662734133372e-05 0.011574641556223193
-1095 7.5511967512079106e-06 0.011599688090245697
-1093 -1.1314009712061966e-05 0.011701417711787027
-1091 -1.3023724549634649e-05 0.011643347879587799
-1089 2.6933362308780973e-05 0.011647257024799653
-1087 4.469100483170979e-05 0.011745234441856149
-1085 -1.7784448546485454e-05 0.011777902901536338
-1083 2.59360980613881e-05 0.01177495448781713
-1081 1.7914491229859454e-05 0.01177812905196349
-1079 -8.08610504418993e-06 0.011751474452179866
-1077 5.20066165604998e-05 0.011804215287957399
-1075 -3.992732548380448e-05 0.011758367929451938
-1073 -9.518074063985028e-05 0.011875927831162793
-1071 2.9320325001032722e-05 0.011834608772445666
-1069 1.3641715903871763e-05 0.011892134301383799
-1067 -8.286473628465666e-06 0.011891323578830694
-1065 -2.703779086801532e-05 0.011912752171800238
-1063 -1.6516987683393577e-05 0.011878408751759825
-1061 6.375461445220532e-05 0.011899191195220695
-1059 1.838536329309625e-05 0.011951161899599645
-1057 4.4111311960321445e-05 0.012030150125867858
-1055 2.8921615616184274e-05 0.012034680301057317
-1053 4.238723017175933e-05 0.01208248710319191
-1051 8.758581998924848e-05 0.01214508677644057
-1049 7.588071859386162e-05 0.01220679620596689
-1047 5.281242108061087e-05 0.012169598884271418
-1045 1.848483558787442e-05 0.012219960681289938
-1043 4.827135835751921e-05 0.012242466494211816
-1041 1.6345910433370268e-05 0.01223100211670766
-1039 1.2711930875200606e-05 0.012332036787404238
-1037 -1.1613028875615925e-05 0.01225956634869123
-1035 3.913491725526478e-05 0.012329150469383564
-1033 3.8105723613451055e-05 0.012369506089914517
-1031 5.857981371663067e-05 0.012328998103829586
-1029 -8.597553100373823e-06 0.012293793879805772
-1027 3.38278925685045e-05 0.01238485737584675
-1025 -1.3409851889959731e-05 0.012413132049471072
-1023 -1.6703509868781316e-05 0.012492964447113224
-1021 -2.4047915937649228e-05 0.01251832634672964
-1019 -1.2583088328045507e-05 0.012595530640491705
-1017 0.0001366707734451618 0.012577145291427404
-1015 3.7132318186014554e-05 0.012582166430629527
-1013 -7.051612985704687e-07 0.01260700131469288
-1011 -1.7182346097437553e-05 0.012582817687124551
-1009 2.913646722603125e-05 0.01257131536913418
-1007 3.9127198916673965e-05 0.012597201311458545
-1005 -9.486125805930957e-05 0.012645097110311983
-1003 -3.4757510688341434e-05 0.012678528826095457
-1001 -0.00010633593125465215 0.0126708964240103
-999 -4.447314190064838e-06 0.012726741885774174
-997 -2.8153941408518756e-05 0.012823857805233069
-995 -1.9821755360642008e-05 0.012855001224229425
-993 3.629598731540371e-05 0.01275665990821976
-991 1.2002526559266724e-05 0.012734774881400695
-989 -1.4004205977129023e-05 0.012838613970275853
-987 -7.688557950668743e-06 0.012880789565947784
-985 -8.556517896507617e-05 0.012880724387621733
-983 -7.993547564444804e-05 0.012988254269040113
-981 2.355301395491461e-05 0.012949787588186486
-979 9.496601768863743e-05 0.01292945230536685
-977 6.200045727576894e-05 0.013053386591962106
-975 9.986613710214759e-06 0.013051365838853945
-973 3.871702723122417e-05 0.013017222809138747
-971 -7.935072669376901e-05 0.013081046468186837
-969 -6.678730504183258e-05 0.013109962651130784
-967 -1.5927517617185457e-05 0.0131301758641911
-965 -5.024686615449587e-06 0.013160042225477103
-963 1.1029914950215535e-05 0.013245086696452298
-961 -2.3235648954191915e-05 0.013357938416059222
-959 -6.917099045384043e-06 0.013374733712697465
-957 -2.8174844168939465e-05 0.013316543041034629
-955 -4.198418081655711e-05 0.013313721194262705
-953 -7.217702978768286e-05 0.013359157876396138
-951 -6.829943036650279e-05 0.013465457849746041
-949 2.7128209535406606e-05 0.013460571725849075
-947 3.694031130491549e-05 0.013472336143408734
-945 7.948963138874589e-05 0.013483973030197934
-943 -5.047589962623766e-05 0.013559392407967372
-941 -4.17353928064729e-05 0.013571621774073221
-939 -6.9640099285832e-05 0.013544219900413691
-937 -5.9489485791248285e-05 0.013567323818533041
-935 -1.6212672339552278e-05 0.013627986845298631
-933 2.350030525440475e-05 0.01367786086430073
-931 6.2239622830776955e-06 0.013697939089869014
-929 -1.431336396651888e-05 0.01367895812847363
-927 -3.663084228164055e-05 0.01370981955873365
-925 3.477583993297532e-05 0.01376659977508247
-923 2.448656222807514e-05 0.013741497827626965
-921 3.743474376108248e-05 0.013787785545284769
-919 3.1288590718316984e-05 0.013858870605265661
-917 4.153293187540447e-05 0.013943848336717093
-915 3.293747486222654e-05 0.013853743346999993
-913 -3.203407161069925e-05 0.013950817379118212
-911 -5.992575795940012e-05 0.014008252295026577
-909 2.6747137737182506e-05 0.014066612999474995
-907 6.355848217436521e-06 0.014045286992182809
-905 4.4069383164481725e-05 0.014054953023386343
-903 7.062672759803943e-05 0.014068085434717981
-901 8.588832502362487e-06 0.0141372285743627
-899 -9.477419916802269e-06 0.014233349492399742
-897 2.2757343344752324e-05 0.01426049581727919
-895 -2.019420520576398e-05 0.014224293381794866
-893 -3.47286121380068e-05 0.014236967183653325
-891 1.709423745723266e-05 0.014298756476211748
-889 3.7004486257972844e-06 0.014302242112846445
-887 5.146428589247996e-05 0.014401746513036152
-885 2.6143263421911458e-05 0.014438788448020738
-883 5.38716190458505e-06 0.014445602418543306
-881 -2.353231699763255e-05 0.014462502537967827
-879 7.728240865995093e-05 0.014469725491757733
-877 5.552240640829443e-05 0.014457353345770481
-875 6.381265425814766e-05 0.014521464970265513
-873 2.454251161577095e-06 0.01463447650814241
-871 -6.516987016535888e-06 0.014793984296873853
-869 -1.1542157812543202e-05 0.014811692804738152
-867 7.011256298260226e-05 0.014733124993811216
-865 -2.548566103532316e-05 0.014710001764009066
-863 -7.169583532474371e-05 0.0147100234218458
-861 2.5687664238514398e-06 0.014761983073465464
-859 1.8829942822736216e-05 0.01484748100364952
-857 -1.3831033528849238e-05 0.014847235280621969
-855 9.578594134439742e-06 0.014861559710072393
-853 5.030261302941314e-05 0.014899882436603826
-851 -8.586511015630213e-06 0.014966674685660958
-849 6.091166758910941e-05 0.014978227588820664
-847 3.6566209069060324e-05 0.015031681308164596
-845 -5.099091612547151e-05 0.015101390868274191
-843 4.642371727878799e-06 0.015106553876041644
-841 -2.5251773350385472e-06 0.015170570462504925
-839 2.2386549871556246e-05 0.015182115098731101
-837 -4.7975866768603974e-05 0.015201818460172472
-835 -1.4239572481915447e-05 0.015273683981353951
-833 3.927443491025689e-05 0.015245657946372138
-831 -2.8708215425775197e-05 0.015286727244107741
-829 -2.6010018042007795e-05 0.015283536852353044
-827 2.6159342658696337e-05 0.015404416395041275
-825 6.57924301632109e-05 0.015438033310393883
-823 6.19459709397599e-05 0.01549745747587333
-821 1.200737617794766e-05 0.015541955170546575
-819 1.3164592793208771e-05 0.015584419731339644
-817 -3.8619959795079355e-06 0.01561394816233919
-815 2.041290341112753e-05 0.015648611625889916
-813 -1.6081473907909928e-05 0.015673566717244857
-811 -4.406507156098575e-05 0.015743913116504818
-809 7.129480140797464e-05 0.015797142788921994
-807 9.65361480857487e-05 0.015796388418062236
-805 5.772005695005248e-05 0.015863838913590982
-803 8.466266673265865e-05 0.015936089957100663
-801 3.3737641286797894e-05 0.015886875718715075
-799 -3.0154839904693595e-05 0.015943980202658685
-797 -1.9745952697510035e-05 0.01609558854538356
-795 4.64187737324085e-05 0.016082698124007356
-793 -4.041414465679314e-05 0.01605102723821021
-791 -1.4880710963818359e-05 0.016129059519271207
-789 -1.1551260466080255e-05 0.016223219499038977
-787 -5.408043412663996e-05 0.016262210133028115
-785 -2.625635764344487e-05 0.016244234206183785
-783 -3.23492790712124e-05 0.016330720094090565
-781 -6.611975663594888e-06 0.01621797737533455
-779 5.652376485297452e-05 0.016305349725554398
-777 -0.00010706365590199803 0.016390760880342168
-775 4.3126011769029145e-05 0.01643315955724808
-773 5.515796801584906e-06 0.016455007746775902
-771 3.596117318168637e-05 0.016524380050417002
-769 2.2409654769370784e-06 0.016565838791021092
-767 1.88051552068886e-05 0.016685784711791964
-765 -3.674896017257984e-05 0.016654443192839357
-763 2.7577305162414283e-05 0.01668392110758314
-761 -3.08905223561906e-05 0.016725581684572794
-759 4.2075677856346445e-05 0.01677509062057282
-757 5.175977777676033e-05 0.016815902902309974
-755 7.821960439468948e-07 0.016863303139540226
-753 -8.291348864848284e-06 0.01685513027930998
-751 2.4939498617954647e-05 0.016894149949571415
-749 -1.921842732024194e-05 0.016994734201254955
-747 5.419597368506001e-05 0.017069918097878015
-745 6.2959809857170594e-06 0.017093945962506015
-743 -6.700979246985854e-06 0.017160253898207647
-741 -4.145461630492006e-06 0.01722661780077673
-739 -1.060618227393274e-05 0.017212629473140697
-737 4.593004674440261e-05 0.017275792105426645
-735 -4.9701354260579595e-06 0.01743239548636156
-733 7.459847092766284e-06 0.017399622634494006
-731 -2.8901771368680884e-06 0.017358710583483473
-729 0.00010322930884255614 0.01739282650792655
-727 4.593378499469425e-05 0.01755329186012278
-725 8.558440119923535e-05 0.01754223963371247
-723 -5.039551484576435e-05 0.017561253580506486
-721 -5.40131633000141e-05 0.017643389934612667
-719 -3.4156703064834876e-05 0.01768682327895494
-717 -7.472187742933018e-05 0.017792226246484594
-715 -0.00010475530497566291 0.017838665474688643
-713 -1.908303318514709e-05 0.017812438578006143
-711 -5.5107906929415275e-05 0.017882005838561105
-709 -3.904292603494963e-05 0.017961905774256697
-707 1.016144928102163e-05 0.018051934884380554
-705 7.414523036067885e-06 0.018036651828227477
-703 -4.6808405711632655e-05 0.018115822869837962
-701 -1.9280712867149796e-05 0.018127689138451194
-699 4.314663409754285e-05 0.018238398971196303
-697 1.5130487307161616e-05 0.0182733820761313
-695 -3.316492591413014e-05 0.018369743648201008
-693 -8.201764095954809e-05 0.018329983340564612
-691 -4.310293390099198e-05 0.01847422979576622
-689 -2.7484944920110632e-05 0.018539729861321866
-687 3.884580036668743e-05 0.0185577472414817
-685 -5.272506414170885e-05 0.01863747045969304
-683 -4.406864166820583e-05 0.018653389017397687
-681 -1.2431275623872575e-05 0.018750826857575748
-679 -2.3196265082111975e-05 0.018799568180341543
-677 -1.0393332746013614e-05 0.018859844885748062
-675 -1.659485187622924e-05 0.018905030948327812
-673 -3.637575846878788e-05 0.01897663553998462
-671 4.775974457510246e-07 0.018963887715513814
-669 -3.96927133951722e-05 0.018920230787187728
-667 -7.814991994555273e-06 0.019070936874836873
-665 -4.528864281275141e-05 0.01918966253050468
-663 -8.173085225531327e-05 0.019164875238457935
-661 -1.1675071252083541e-05 0.019224484183128755
-659 -5.317478538691351e-05 0.019337284624101607
-657 -6.978096593318412e-05 0.019390997771823692
-655 5.238445180635822e-05 0.019453604561908113
-653 5.1806369698476725e-05 0.019497767256880766
-651 5.249133764024883e-05 0.019552333737853995
-649 2.1875836920027794e-05 0.01962056871292983
-647 -6.886562496348655e-08 0.019652146679288458
-645 -2.1366407475050634e-06 0.01970845153599958
-643 6.7471236082225565e-06 0.019724109573896736
-641 -5.083460075154037e-05 0.019817726619737176
-639 1.8945705314986804e-05 0.019902338180750104
-637 5.442109786978735e-05 0.01992673113016286
-635 4.80463547340687e-05 0.020027981877996984
-633 1.0232340334983734e-05 0.020105760519456582
-631 -3.999352047653239e-05 0.020197191009166518
-629 -4.281494517189381e-05 0.020325461870890887
-627 -3.564162837174562e-05 0.020382472335664578
-625 -2.9122571783425047e-05 0.020385049686587955
-623 4.3478577274375545e-05 0.020357849461470175
-621 -9.813571054818574e-06 0.020466274016330624
-619 -1.6661503313996765e-06 0.020512252263997145
-617 1.9814969428854287e-05 0.02065022966204344
-615 3.428184481513323e-05 0.020659895499589184
-613 -8.263965128333159e-05 0.02073883021799677
-611 -5.5559181293388465e-05 0.020816446280221466
-609 -2.2128069230616688e-05 0.020889796667469616
-607 -2.0219877719033993e-05 0.020958223494577762
-605 -3.9450300661716264e-05 0.021098768262097993
-603 -1.8059441252773514e-05 0.021116737766193168
-601 -5.225896183392287e-05 0.02116889853553323
-599 -3.9491287687441915e-05 0.02127975894545913
-597 -4.796170986874574e-05 0.021313497524311827
-595 -5.232130317741815e-05 0.02133448901701943
-593 -4.9366959588366044e-05 0.021404545740682866
-591 -0.00011195323658150363 0.021565449486319947
-589 -0.00012326558675972442 0.02162770817261872
-587 -5.1692405288941865e-05 0.02174491479123217
-585 -5.391800191005447e-05 0.021791943781712904
-583 5.054784046894543e-06 0.021832529884227344
-581 3.339682610835329e-05 0.021864397145967506
-579 -3.143880830406499e-05 0.021940399784539065
-577 -6.217294723219908e-09 0.022006931352153647
-575 -1.623858495270703e-05 0.022174855042016526
-573 2.2729803200313282e-05 0.022224536286028954
-571 9.932929649551505e-07 0.022398282553036077
-569 -3.9791881101210214e-05 0.022453436370720236
-567 -3.238819051449997e-05 0.022525527077514592
-565 4.1771390564579176e-05 0.022499861290326408
-563 4.369146030046363e-05 0.022643503286899416
-561 -2.6994219859855032e-05 0.02268739472505542
-559 -2.5562692093522768e-05 0.02266255492376208
-557 1.385891707277455e-05 0.022764785363652486
-555 2.26880995907626e-05 0.02290377518083185
-553 -7.048333581507733e-05 0.02301410697156625
-551 -2.8161238824283866e-05 0.023096302416779218
-549 -1.124242213407425e-05 0.023170865312862086
-547 -6.969138104038128e-07 0.023276997658488317
-545 -4.252805723025652e-05 0.023365334650490007
-543 -5.6393419757686936e-05 0.02341473675824881
-541 -9.385692680686242e-05 0.023566755822690477
-539 -3.12453650972087e-05 0.023647117713323396
-537 -3.988685969107786e-05 0.023711310787874394
-535 -3.177403950106057e-05 0.023802171849692008
-533 1.2339027907776698e-05 0.023878882658410334
-531 1.622614782827127e-05 0.023847848649794008
-529 5.365061000427605e-06 0.023993596905569757
-527 -2.483717113930279e-05 0.024107646021655143
-525 -2.1623540861765442e-05 0.024233445008223033
-523 5.0117725353010574e-05 0.024336522684131775
-521 3.214558351525801e-05 0.02441011997784837
-519 3.338542307476067e-05 0.02450965258325131
-517 0.00010748492619527681 0.024606804060728075
-515 0.00011760054040527442 0.024670395555159676
-513 5.9230953045267346e-05 0.02484178309775392
-511 4.931435941318237e-05 0.024856939869605403
-509 -1.9848893864786012e-06 0.02499424704334405
-507 7.3499030968123825e-06 0.025095688362761583
-505 2.140220891092376e-05 0.02517548874042953
-503 5.410534058821591e-05 0.025268229204014066
-501 2.7937061634027553e-06 0.025447460867238703
-499 1.3251333597638323e-05 0.025494589844445307
-497 6.943417800973746e-05 0.025625413860413344
-495 2.3105628736856513e-05 0.02567049960120102
-493 9.018051360593272e-05 0.0258024451172607
-491 4.815356407009521e-05 0.025828570796525105
-489 6.255520482616365e-05 0.026006565237089267
-487 3.157115574289646e-05 0.02602247592613676
-485 3.60058814788043e-05 0.026184624256492667
-483 -4.032444561822937e-05 0.02632350401792445
-481 1.1160875966294795e-05 0.026417848780933725
-479 -9.155080575137365e-06 0.026554420535937148
-477 6.512653216722675e-05 0.026750822988760012
-475 5.8943781408827605e-05 0.026846836848280573
-473 2.928517078927064e-05 0.026901820548304586
-471 6.132411789488599e-05 0.02691209261932481
-469 2.4247274751294768e-05 0.0271025802386462
-467 4.0623676353249815e-05 0.02719764141197408
-465 -1.6502771416348347e-05 0.02736517078536411
-463 -2.288341404570801e-05 0.027487532386398447
-461 -4.640915267281612e-05 0.027599677542319873
-459 -1.5432087363607475e-05 0.02766874948607553
-457 1.195133556969114e-05 0.027790573269837845
-455 -6.693925262843475e-05 0.027921406706608632
-453 1.750206818581071e-05 0.02805967413581217
-451 1.616784960916933e-05 0.02822465413696408
-449 -4.625689972979021e-05 0.028319187535919527
-447 1.1486954666278276e-05 0.028481984951162685
-445 -3.6039527888999466e-05 0.028649673556619633
-443 5.897227670550233e-06 0.028745291828331954
-441 1.7320362562868485e-06 0.028816018023625756
-439 -3.437780705363421e-05 0.028997623905892958
-437 2.8133803737879995e-05 0.02914884249230372
-435 2.1643780445265376e-05 0.02925532570107981
-433 -4.267478007919912e-05 0.029386262461528735
-431 2.650029894472433e-07 0.029532508694202677
-429 3.7705191753847385e-05 0.02962240499695078
-427 2.1679833028667985e-05 0.029813427799574823
-425 -6.844817529648356e-06 0.029907147052397477
-423 -2.803951593780176e-05 0.030022092985548275
-421 5.276755474887263e-05 0.030150738308150155
-419 -1.6261030615380557e-05 0.03038713019964339
-417 -2.8546711652640162e-06 0.03051245561035776
-415 2.6572537603328305e-05 0.030634913970221753
-413 -4.66326244137557e-05 0.03076768966872485
-411 -7.966985756370103e-05 0.030938668874924375
-409 8.517206530085196e-08 0.03106193256696387
-407 -1.6373704260726838e-05 0.03117526574137176
-405 -2.7294020418188634e-05 0.0313661825743875
-403 6.684718696818737e-05 0.03152909866917682
-401 6.261659595178199e-06 0.031702228517316376
-399 -2.038203549402954e-05 0.031887204416921305
-397 -7.508179982529322e-05 0.032071207017314224
-395 -9.512979107115254e-05 0.03227762553614595
-393 2.747158252634833e-05 0.03237540466824099
-391 3.0293502332053916e-05 0.032559318163407756
-389 3.936868349637649e-06 0.03262080107676984
-387 7.8786388747575e-05 0.03284467170112466
-385 2.72285968591279e-06 0.03305484424581018
-383 3.021590592261039e-05 0.03327128327455718
-381 5.403313308796445e-05 0.033348177457224557
-379 5.329783396349265e-06 0.03356488711243039
-377 -4.425842889010401e-05 0.033713968698407044
-375 7.344109787067365e-05 0.033994158394534776
-373 -4.9969918677899224e-05 0.034124353116714856
-371 -1.301108101205521e-05 0.03424743137814301
-369 2.1609694133075204e-06 0.034434306720267656
-367 5.383149345893771e-07 0.0346281971405565
-365 -1.843167538959381e-05 0.03478208576366919
-363 3.239333887394865e-06 0.034997112947336664
-361 -1.0874170285343007e-05 0.03523577535940616
-359 3.9320762960368396e-05 0.03548974498866806
-357 1.5259460739896526e-05 0.03566137067982483
-355 6.526353755041765e-06 0.0358343653066047
-353 3.1540219534762764e-05 0.03604582461941259
-351 6.994953320648088e-06 0.03631491186369369
-349 -5.9949389506485433e-05 0.03646650697592294
-347 -8.380197697198143e-05 0.036642065707216454
-345 -1.9027977898639323e-05 0.036870143747327395
-343 -6.176997334250013e-06 0.03712525272000218
-341 -7.172924157873269e-05 0.03731821280812262
-339 -4.467328386947601e-05 0.037554150283028775
-337 -7.753166036241946e-05 0.037738813392756504
-335 -4.8775794984259405e-05 0.037985261993960164
-333 -7.398226480071414e-05 0.03819322258774596
-331 7.424835608832994e-06 0.03847313358619915
-329 -2.322440387843579e-06 0.03864788978485213
-327 3.56775875469471e-05 0.03886663820983128
-325 2.991381060381211e-05 0.03910600853552686
-323 7.956059250875067e-05 0.03929017120667599
-321 3.339429999115846e-05 0.03962209633972842
-319 1.801588185756444e-05 0.03991945104459397
-317 8.255316496222501e-06 0.04011942611541898
-315 -1.9964511776992123e-05 0.040373793631584255
-313 1.692609850342238e-05 0.04067880082229388
-311 1.918341916957721e-05 0.04088936019686511
-309 4.7643312456224486e-05 0.04119458828176593
-307 7.633859499111694e-07 0.04136634833906592
-305 -2.3464220810994815e-06 0.04175110691473541
-303 -2.1521593806665524e-05 0.04202016134660985
-301 3.986648856911453e-05 0.04226310548148512
-299 -1.11465924646722e-05 0.042575979165444505
-297 -3.351494363174581e-05 0.04278518413519778
-295 4.280769673862838e-06 0.04307852548035514
-293 7.7308022054034e-05 0.04339815875786263
-291 2.4206236801628936e-05 0.04377969343428819
-289 1.3453452707802172e-05 0.044057802314873856
-287 -6.936004423350595e-05 0.044337931112521496
-285 -1.5944057267842827e-05 0.04463273509848584
-283 -1.542817438837026e-07 0.044935659907751814
-281 2.3562504467442323e-05 0.04525415427411043
-279 -1.727175925194669e-05 0.045582885582197565
-277 -3.1650844414298796e-06 0.045911224161249375
-275 2.6159174690827292e-05 0.04620475845295343
-273 -4.3461891181240046e-05 0.0466142490127584
-271 -7.83961716615617e-05 0.04694023696594745
-269 -5.156289438168853e-05 0.04728385929929443
-267 -2.1124035628440644e-06 0.0476248835280995
-265 1.6093258341982812e-05 0.0480595376382608
-263 2.6212229258262513e-05 0.0484353028058422
-261 -6.9118973735715104e-06 0.04873958257015237
-259 -3.359168990067355e-05 0.04907791201583885
-257 -8.091755905305324e-06 0.04945835334306273
-255 -2.334631339484848e-05 0.049847410506910196
-253 -2.9613293409252755e-05 0.05026357844154321
-251 2.0162909484033106e-05 0.05064076170333193
-249 9.71184454945497e-07 0.05104380922284116
-247 -1.6289051463459172e-05 0.05158554081912512
-245 -3.7208458449075035e-05 0.05193266971889578
-243 2.843756416948128e-05 0.05227535384727182
-241 2.5961123767469896e-05 0.05276977711393101
-239 -8.979975269931386e-06 0.053217148848880916
-237 -3.702798088928365e-05 0.053673541241167036
-235 -1.8293091537364097e-05 0.054094585441211374
-233 8.277231053911878e-06 0.054570948565636365
-231 4.147898940537803e-05 0.05508758737756586
-229 2.6252494934611434e-05 0.0555523776227528
-227 -5.0498421684912625e-05 0.05601735249499708
-225 -8.858234183873223e-06 0.056453358042631914
-223 -2.324407421651116e-05 0.057026989361811636
-221 -3.1847109077379496e-05 0.05748994194043117
-219 -2.4118672065145938e-05 0.05803552768649277
-217 1.878013986658923e-05 0.05857624499435361
-215 -6.384910546536197e-05 0.059101587827365555
-213 -2.1168222118737707e-05 0.05968233972496983
-211 -3.973585475657502e-05 0.06018519929722944
-209 -3.334307327195557e-05 0.06081383383911212
-207 -2.4245221901246353e-05 0.06136276994046622
-205 2.6712176811594985e-05 0.06200070327562413
-203 -1.735386190211928e-05 0.06262042772158706
-201 9.02935003686622e-06 0.06316755283875677
-199 -4.2725513394841134e-05 0.06383860842932136
-197 -2.1597471915956108e-05 0.0644939704350651
-195 -4.0476978666711476e-05 0.0651495130152221
-193 2.264777953532911e-05 0.06576115887074356
-191 5.054700677045414e-05 0.06646547721418233
-189 1.6355034940822888e-05 0.06717130885739082
-187 4.469129465921476e-05 0.06785430575326412
-185 -2.49504087294269e-05 0.06859883795034286
-183 1.3453989769383215e-05 0.0694034962447267
-181 -5.7279761470213515e-05 0.0701753796270224
-179 -4.216096544932971e-05 0.07090894978686689
-177 -1.0332382644352668e-05 0.0716991080477371
-175 1.562450270924777e-05 0.07257144014753593
-173 -4.016028417132301e-05 0.07330966066009074
-171 -4.063789212510575e-05 0.0741226789282904
-169 1.2202083820228708e-05 0.07503356452660738
-167 6.668535218624618e-05 0.07596973757829176
-165 -1.623494140557331e-05 0.07690551970969794
-163 2.7934939610635632e-05 0.07788441009726663
-161 -7.692721404606462e-06 0.07883342660116438
-159 3.836244646986799e-05 0.07982236136467183
-157 7.282021400462812e-05 0.080791619630711
-155 8.099713716666404e-05 0.08185852506141438
-153 6.815272829889879e-05 0.08293778426194294
-151 -1.0222283243501737e-05 0.08401062136682089
-149 -1.4439775610823453e-05 0.0851153775099371
-147 -9.53713602198332e-06 0.08628100355700735
-145 1.202238584073943e-06 0.08743425710351627
-143 -6.233945069852398e-05 0.08867962908125404
-141 -7.300088892924907e-05 0.08992801980701877
-139 -5.8850756673335345e-05 0.09123166257016041
-137 -9.369959253813149e-05 0.09254691625717236
-135 -6.129853591871944e-05 0.09389365037954459
-133 -1.9158064161555394e-05 0.0953573826798671
-131 -4.606236334540338e-06 0.09671740564821307
-129 -1.87779220721381e-05 0.09823069703357329
-127 4.261179284023368e-05 0.0997765022895335
-125 -6.463255889435445e-05 0.101371231442558
-123 2.0404417477222937e-06 0.102940486113672
-121 3.801768252733429e-06 0.10464789395394636
-119 -5.119279434138331e-05 0.10638295113804205
-117 -1.6027350360290335e-05 0.10819079160572041
-115 4.4305265514146385e-05 0.10998459705453431
-113 2.2643827930233032e-08 0.11189803138187923
-111 -1.919556399006784e-05 0.11393877430462329
-109 -8.304329602790007e-05 0.11607152893532013
-107 -2.7557561082596187e-05 0.1182233427925009
-105 -2.4808205849511153e-05 0.12044618066694412
-103 -7.77125429021006e-06 0.1227544081775716
-101 1.1199946945599718e-05 0.12509464375507603
-99 2.3316289337377298e-05 0.12754657519865079
-97 -2.2360712352433168e-05 0.13013550891026418
-95 -9.857714007639421e-06 0.13280997911241507
-93 2.2758449727728488e-05 0.13563249305454067
-91 6.699696752793732e-05 0.13853338478323782
-89 3.87421932331194e-06 0.14169874416455752
-87 -1.3221841597754405e-05 0.14487773368094015
-85 5.869641506346605e-05 0.1481388742629748
-83 8.291508353694223e-05 0.1516963688443875
-81 5.252193559978697e-07 0.15528142681943308
-79 5.6751376824117875e-05 0.15912843652508865
-77 9.296659301989628e-05 0.16318644724060682
-75 4.259911448083061e-05 0.16745393734670252
-73 1.0664351433339018e-06 0.17192992004390395
-71 -7.192144591013261e-05 0.17655144542769904
-69 -7.358998096638765e-05 0.18150942641886583
-67 -0.0001143816896405159 0.18672825944113938
-65 -0.00013829361384865246 0.1922669980054206
-63 -2.714613905949481e-05 0.1981801449558278
-61 3.5665894286432584e-05 0.20447924748938637
-59 -5.7807013583826735e-05 0.2111884953863848
-57 -5.941103285954197e-05 0.21824701059079338
-55 -1.4123124562840741e-05 0.22581451909438283
-53 -2.0503237169926463e-05 0.2338243100144367
-51 -4.202150832622935e-05 0.2426351537389324
-49 -1.494129962060966e-08 0.2519499621409693
-47 1.0834926759526803e-05 0.2619538612499744
-45 1.5689327911417276e-05 0.27289408991558844
-43 7.269090436648689e-05 0.2846495223736847
-41 -2.882770907346406e-06 0.2974973262628679
-39 -1.481578468053094e-05 0.311469692055319
-37 1.0100400172644945e-05 0.3267737382761989
-35 4.9765221988248525e-05 0.343542364773563
-33 5.968614640715002e-06 0.3622284490204791
-31 -7.083377065559128e-06 0.3828123289445219
-29 1.5763014590340957e-05 0.4057977086844216
-27 4.3204410971389374e-05 0.43153959354549765
-25 8.011148915562737e-05 0.46057518266485487
-23 2.2593223620601222e-05 0.49344290646935896
-21 3.23766794734282e-06 0.5310880094299987
-19 1.895818356131671e-05 0.5744403036695851
-17 -1.4866439350297403e-05 0.6250398732131311
-15 -8.767484221378056e-05 0.684511842101732
-13 5.327124310900935e-05 0.7554573846770496
-11 6.965178238406772e-05 0.8412181916418607
-9 8.545491228643955e-05 0.9467935382680179
-7 0.00010054869221885423 1.0792419287406352
-5 8.916280330808938e-05 1.2494382232981962
-3 6.070167289815124e-05 1.4814096000557369
-1 7.894498044348506e-05 1.9877253226274139
1 7.894498044493549e-05 -1.9877253226274139
3 6.070167289847881e-05 -1.4814096000557369
5 8.916280330827642e-05 -1.2494382232981966
7 0.00010054869221894788 -1.0792419287406352
9 8.545491228651144e-05 -0.9467935382680178
11 6.965178238403028e-05 -0.8412181916418607
13 5.327124310910058e-05 -0.7554573846770498
15 -8.767484221394014e-05 -0.684511842101732
17 -1.4866439350066026e-05 -0.6250398732131311
19 1.8958183561234623e-05 -0.5744403036695852
21 3.2376679472655756e-06 -0.5310880094299988
23 2.2593223620709005e-05 -0.49344290646935896
25 8.011148915555632e-05 -0.4605751826648549
27 4.32044109714422e-05 -0.43153959354549765
29 1.576301459033277e-05 -0.40579770868442167
31 -7.083377065527463e-06 -0.382812328944522
33 5.968614640743229e-06 -0.3622284490204792
35 4.976522198823976e-05 -0.3435423647735629
37 1.0100400172625387e-05 -0.3267737382761988
39 -1.4815784680618328e-05 -0.3114696920553188
41 -2.8827709072940223e-06 -0.2974973262628677
43 7.269090436647388e-05 -0.2846495223736846
45 1.5689327911460946e-05 -0.27289408991558844
47 1.0834926759492588e-05 -0.2619538612499744
49 -1.4941299589222006e-08 -0.2519499621409693
51 -4.2021508326216836e-05 -0.24263515373893238
53 -2.0503237169921042e-05 -0.2338243100144367
55 -1.4123124562906698e-05 -0.22581451909438277
57 -5.9411032859480745e-05 -0.21824701059079338
59 -5.7807013583844374e-05 -0.2111884953863848
61 3.56658942864409e-05 -0.20447924748938637
63 -2.7146139059465634e-05 -0.19818014495582775
65 -0.0001382936138487349 -0.1922669980054206
67 -0.00011438168964048034 -0.1867282594411394
69 -7.358998096637927e-05 -0.18150942641886586
71 -7.192144591013121e-05 -0.17655144542769904
73 1.0664351432916332e-06 -0.17192992004390392
75 4.2599114480819935e-05 -0.1674539373467025
77 9.296659301995318e-05 -0.16318644724060666
79 5.675137682432417e-05 -0.15912843652508818
81 5.252193560891595e-07 -0.1552814268194337
83 8.291508353696638e-05 -0.1516963688443877
85 5.869641506345066e-05 -0.1481388742629748
87 -1.322184159773927e-05 -0.1448777336809401
89 3.874219323325083e-06 -0.1416987441645576
91 6.69969675279287e-05 -0.13853338478323782
93 2.2758449727723376e-05 -0.13563249305454067
95 -9.85771400768488e-06 -0.13280997911241504
97 -2.236071235237487e-05 -0.13013550891026418
99 2.331628933733658e-05 -0.12754657519865076
101 1.1199946945581324e-05 -0.12509464375507598
103 -7.771254290161401e-06 -0.12275440817757156
105 -2.4808205849535643e-05 -0.12044618066694415
107 -2.75575610826035e-05 -0.11822334279250091
109 -8.304329602791069e-05 -0.11607152893532012
111 -1.9195563990069316e-05 -0.11393877430462326
113 2.2643827928599952e-08 -0.11189803138187922
115 4.430526551416234e-05 -0.10998459705453434
117 -1.602735036028634e-05 -0.10819079160572041
119 -5.119279434143508e-05 -0.10638295113804218
121 3.8017682529038453e-06 -0.10464789395394633
123 2.040441747723017e-06 -0.10294048611367197
125 -6.463255889441671e-05 -0.101371231442558
127 4.261179284025908e-05 -0.09977650228953347
129 -1.8777922072095923e-05 -0.09823069703357333
131 -4.6062363345463e-06 -0.09671740564821309
133 -1.915806416155861e-05 -0.09535738267986714
135 -6.129853591874644e-05 -0.09389365037954457
137 -9.369959253807726e-05 -0.09254691625717233
139 -5.885075667336925e-05 -0.09123166257016044
141 -7.300088892929455e-05 -0.0899280198070187
143 -6.233945069841858e-05 -0.08867962908125399
145 1.2022385841575722e-06 -0.08743425710351636
147 -9.5371360220149e-06 -0.08628100355700745
149 -1.4439775610810863e-05 -0.08511537750993708
151 -1.0222283243449885e-05 -0.08401062136682087
153 6.815272829892611e-05 -0.08293778426194295
155 8.099713716665425e-05 -0.08185852506141446
157 7.282021400469404e-05 -0.08079161963071108
159 3.8362446469663794e-05 -0.07982236136467223
161 -7.692721404804133e-06 -0.07883342660116432
163 2.793493961064996e-05 -0.07788441009726657
165 -1.6234941405556947e-05 -0.07690551970969793
167 6.668535218624987e-05 -0.07596973757829172
169 1.2202083820208533e-05 -0.07503356452660735
171 -4.0637892125082356e-05 -0.07412267892829039
173 -4.0160284171310325e-05 -0.07330966066009074
175 1.5624502709251513e-05 -0.07257144014753594
177 -1.0332382644298387e-05 -0.07169910804773715
179 -4.216096544934537e-05 -0.07090894978686686
181 -5.7279761470252485e-05 -0.07017537962702239
183 1.3453989769414677e-05 -0.06940349624472675
185 -2.4950408729461223e-05 -0.0685988379503429
187 4.4691294659230964e-05 -0.06785430575326415
189 1.6355034940835946e-05 -0.06717130885739082
191 5.054700677043806e-05 -0.06646547721418235
193 2.2647779535292106e-05 -0.06576115887074356
195 -4.0476978666713435e-05 -0.0651495130152221
197 -2.159747191591897e-05 -0.06449397043506512
199 -4.272551339483432e-05 -0.06383860842932139
201 9.029350036796457e-06 -0.0631675528387567
203 -1.7353861902053145e-05 -0.06262042772158706
205 2.6712176811609683e-05 -0.06200070327562414
207 -2.424522190124359e-05 -0.06136276994046622
209 -3.3343073271933126e-05 -0.06081383383911213
211 -3.973585475655676e-05 -0.06018519929722945
213 -2.116822211872984e-05 -0.05968233972496988
215 -6.384910546540188e-05 -0.05910158782736556
217 1.878013986660428e-05 -0.0585762449943536
219 -2.411867206515091e-05 -0.05803552768649276
221 -3.184710907736923e-05 -0.05748994194043119
223 -2.3244074216538778e-05 -0.05702698936181162
225 -8.858234183928538e-06 -0.05645335804263193
227 -5.049842168486743e-05 -0.05601735249499706
229 2.6252494934618648e-05 -0.05555237762275278
231 4.147898940534693e-05 -0.05508758737756587
233 8.277231053884117e-06 -0.05457094856563637
235 -1.8293091537326668e-05 -0.054094585441211374
237 -3.702798088929052e-05 -0.05367354124116708
239 -8.979975270067873e-06 -0.053217148848880756
241 2.5961123767465783e-05 -0.05276977711393087
243 2.843756416951466e-05 -0.052275353847271805
245 -3.720845844911751e-05 -0.051932669718895826
247 -1.62890514634986e-05 -0.051585540819125114
249 9.711844549697984e-07 -0.051043809222841144
251 2.0162909484052537e-05 -0.050640761703331934
253 -2.9613293409239033e-05 -0.050263578441543215
255 -2.334631339482523e-05 -0.04984741050691016
257 -8.091755905257646e-06 -0.049458353343062755
259 -3.359168990067872e-05 -0.049077912015838866
261 -6.911897373566458e-06 -0.048739582570152394
263 2.621222925831861e-05 -0.048435302805842184
265 1.609325834198219e-05 -0.0480595376382608
267 -2.112403562821386e-06 -0.047624883528099494
269 -5.1562894381661205e-05 -0.04728385929929442
271 -7.839617166156547e-05 -0.04694023696594746
273 -4.346189118124948e-05 -0.0466142490127584
275 2.615917469086042e-05 -0.04620475845295342
277 -3.1650844413474294e-06 -0.04591122416124941
279 -1.7271759251792914e-05 -0.0455828855821976
281 2.3562504467334336e-05 -0.04525415427411053
283 -1.5428174391484545e-07 -0.044935659907751814
285 -1.59440572677934e-05 -0.0446327350984859
287 -6.936004423358129e-05 -0.0443379311125215
289 1.3453452707733552e-05 -0.044057802314873835
291 2.4206236801661387e-05 -0.04377969343428813
293 7.730802205399734e-05 -0.0433981587578626
295 4.280769673913331e-06 -0.043078525480355116
297 -3.3514943631693256e-05 -0.04278518413519777
299 -1.1146592464690123e-05 -0.04257597916544449
301 3.986648856906517e-05 -0.04226310548148511
303 -2.1521593806630074e-05 -0.042020161346609845
305 -2.346422081096139e-06 -0.041751106914735374
307 7.633859499362178e-07 -0.04136634833906592
309 4.7643312456218496e-05 -0.041194588281765934
311 1.918341916954751e-05 -0.04088936019686509
313 1.6926098503402314e-05 -0.040678800822293894
315 -1.996451177697087e-05 -0.04037379363158423
317 8.255316496136416e-06 -0.04011942611541904
319 1.8015881857351655e-05 -0.03991945104459406
321 3.3394299991340294e-05 -0.03962209633972826
323 7.95605925088599e-05 -0.039290171206676064
325 2.9913810603846046e-05 -0.03910600853552684
327 3.567758754694489e-05 -0.03886663820983131
329 -2.322440387854919e-06 -0.038647889784852146
331 7.4248356088192656e-06 -0.03847313358619913
333 -7.398226480068718e-05 -0.03819322258774595
335 -4.877579498425599e-05 -0.03798526199396019
337 -7.753166036245245e-05 -0.03773881339275654
339 -4.467328386948472e-05 -0.03755415028302879
341 -7.172924157874719e-05 -0.03731821280812259
343 -6.176997334223545e-06 -0.03712525272000222
345 -1.9027977898604343e-05 -0.03687014374732745
347 -8.380197697196945e-05 -0.03664206570721648
349 -5.994938950649575e-05 -0.036466506975923
351 6.994953320626028e-06 -0.03631491186369373
353 3.154021953473931e-05 -0.03604582461941256
355 6.526353755013992e-06 -0.03583436530660466
357 1.5259460739885118e-05 -0.03566137067982485
359 3.9320762960501434e-05 -0.03548974498866785
361 -1.0874170285271335e-05 -0.03523577535940619
363 3.239333887340753e-06 -0.03499711294733673
365 -1.8431675389573905e-05 -0.034782085763669146
367 5.383149345864422e-07 -0.034628197140556496
369 2.1609694133182464e-06 -0.03443430672026769
371 -1.3011081012015013e-05 -0.034247431378143026
373 -4.996991867788838e-05 -0.03412435311671484
375 7.344109787066764e-05 -0.03399415839453475
377 -4.425842889007947e-05 -0.033713968698407044
379 5.329783396355455e-06 -0.033564887112430365
381 5.4033133087959865e-05 -0.033348177457224536
383 3.0215905922580843e-05 -0.03327128327455717
385 2.7228596858613393e-06 -0.03305484424581014
387 7.878638874756595e-05 -0.03284467170112464
389 3.9368683496505e-06 -0.03262080107676986
391 3.029350233207508e-05 -0.032559318163407715
393 2.7471582526349818e-05 -0.032375404668240966
395 -9.51297910711517e-05 -0.032277625536145986
397 -7.508179982531502e-05 -0.032071207017314134
399 -2.0382035493902877e-05 -0.031887204416921104
401 6.261659595382912e-06 -0.03170222851731637
403 6.684718696815998e-05 -0.03152909866917687
405 -2.729402041819368e-05 -0.0313661825743875
407 -1.637370426069077e-05 -0.031175265741371735
409 8.517206532290107e-08 -0.03106193256696386
411 -7.966985756367753e-05 -0.030938668874924368
413 -4.663262441378433e-05 -0.030767689668724844
415 2.6572537603342674e-05 -0.03063491397022171
417 -2.854671165258845e-06 -0.030512455610357734
419 -1.6261030615427357e-05 -0.030387130199643418
421 5.276755474886829e-05 -0.03015073830815014
423 -2.8039515937779506e-05 -0.030022092985548306
425 -6.84481752964654e-06 -0.029907147052397498
427 2.1679833028669354e-05 -0.029813427799574813
429 3.770519175385074e-05 -0.029622404996950787
431 2.650029894001008e-07 -0.029532508694202673
433 -4.267478007922281e-05 -0.02938626246152867
435 2.1643780445263177e-05 -0.029255325701079787
437 2.813380373782074e-05 -0.029148842492303706
439 -3.437780705359641e-05 -0.028997623905892913
441 1.7320362563681772e-06 -0.028816018023625857
443 5.897227670537836e-06 -0.02874529182833197
445 -3.6039527889007184e-05 -0.028649673556619636
447 1.1486954666246749e-05 -0.028481984951162647
449 -4.6256899729829186e-05 -0.028319187535919523
451 1.6167849609161805e-05 -0.028224654136964074
453 1.7502068185848013e-05 -0.02805967413581213
455 -6.69392526284689e-05 -0.02792140670660864
457 1.195133556969416e-05 -0.027790573269837835
459 -1.5432087363595325e-05 -0.027668749486075523
461 -4.64091526727885e-05 -0.027599677542319893
463 -2.2883414045699166e-05 -0.027487532386398464
465 -1.6502771416364363e-05 -0.027365170785364133
467 4.062367635323635e-05 -0.027197641411974022
469 2.4247274751307246e-05 -0.027102580238646194
471 6.132411789488816e-05 -0.02691209261932484
473 2.9285170789244528e-05 -0.02690182054830461
475 5.8943781408808964e-05 -0.02684683684828056
477 6.51265321673436e-05 -0.02675082298876007
479 -9.155080574982589e-06 -0.02655442053593727
481 1.1160875966176661e-05 -0.026417848780933676
483 -4.032444561821014e-05 -0.026323504017924364
485 3.600588147876118e-05 -0.026184624256492643
487 3.157115574286736e-05 -0.026022475926136754
489 6.255520482611153e-05 -0.026006565237089233
491 4.8153564070108484e-05 -0.025828570796525105
493 9.018051360590906e-05 -0.025802445117260694
495 2.3105628736853288e-05 -0.02567049960120101
497 6.943417800975464e-05 -0.02562541386041334
499 1.3251333597633103e-05 -0.025494589844445317
501 2.7937061633665616e-06 -0.025447460867238685
503 5.410534058823919e-05 -0.025268229204014076
505 2.140220891090617e-05 -0.025175488740429568
507 7.349903096833184e-06 -0.025095688362761583
509 -1.9848893864761753e-06 -0.024994247043344027
511 4.931435941316422e-05 -0.024856939869605403
513 5.92309530452916e-05 -0.02484178309775394
515 0.00011760054040528854 -0.024670395555159676
517 0.00010748492619521214 -0.02460680406072811
519 3.3385423074654506e-05 -0.024509652583251277
521 3.214558351527311e-05 -0.024410119977848418
523 5.0117725353000816e-05 -0.024336522684131803
525 -2.162354086177963e-05 -0.024233445008223026
527 -2.483717113931613e-05 -0.02410764602165514
529 5.365061000417692e-06 -0.023993596905569774
531 1.6226147828275862e-05 -0.023847848649794
533 1.2339027907772374e-05 -0.023878882658410327
535 -3.1774039501051855e-05 -0.02380217184969204
537 -3.988685969107305e-05 -0.023711310787874435
539 -3.124536509720334e-05 -0.02364711771332336
541 -9.385692680688478e-05 -0.02356675582269047
543 -5.639341975767292e-05 -0.023414736758248775
545 -4.2528057230274234e-05 -0.023365334650490028
547 -6.969138104030335e-07 -0.02327699765848827
549 -1.1242422134108964e-05 -0.02317086531286209
551 -2.816123882426474e-05 -0.023096302416779232
553 -7.048333581507563e-05 -0.023014106971566264
555 2.2688099590746054e-05 -0.02290377518083182
557 1.3858917072773636e-05 -0.022764785363652496
559 -2.5562692093370302e-05 -0.022662554923762006
561 -2.6994219859830075e-05 -0.022687394725055383
563 4.369146030048444e-05 -0.022643503286899402
565 4.177139056456767e-05 -0.02249986129032642
567 -3.238819051448054e-05 -0.022525527077514627
569 -3.979188110124965e-05 -0.02245343637072023
571 9.932929650020757e-07 -0.02239828255303608
573 2.272980320025153e-05 -0.02222453628602894
575 -1.623858495267538e-05 -0.022174855042016467
577 -6.217294639228121e-09 -0.022006931352153685
579 -3.143880830409853e-05 -0.021940399784539082
581 3.3396826108383974e-05 -0.021864397145967503
583 5.054784046896053e-06 -0.021832529884227344
585 -5.391800191004479e-05 -0.021791943781712907
587 -5.16924052889677e-05 -0.021744914791232178
589 -0.00012326558675972713 -0.021627708172618724
591 -0.00011195323658151563 -0.021565449486319978
593 -4.9366959588370544e-05 -0.02140454574068286
595 -5.232130317740893e-05 -0.02133448901701943
597 -4.796170986871169e-05 -0.021313497524311886
599 -3.949128768754986e-05 -0.02127975894545919
601 -5.225896183394058e-05 -0.021168898535533266
603 -1.805944125275496e-05 -0.021116737766193217
605 -3.94503006617138e-05 -0.02109876826209799
607 -2.021987771900818e-05 -0.02095822349457775
609 -2.2128069230589346e-05 -0.020889796667469648
611 -5.555918129341732e-05 -0.020816446280221466
613 -8.263965128332945e-05 -0.020738830217996735
615 3.428184481515154e-05 -0.02065989549958917
617 1.9814969428843323e-05 -0.020650229662043443
619 -1.6661503313943148e-06 -0.02051225226399714
621 -9.813571054822159e-06 -0.02046627401633059
623 4.347857727433797e-05 -0.020357849461470165
625 -2.912257178344018e-05 -0.02038504968658797
627 -3.564162837172726e-05 -0.02038247233566459
629 -4.2814945171880073e-05 -0.02032546187089091
631 -3.9993520476520655e-05 -0.020197191009166487
633 1.0232340335007466e-05 -0.02010576051945655
635 4.8046354734063176e-05 -0.020027981877996984
637 5.442109786980594e-05 -0.0199267311301629
639 1.8945705315064944e-05 -0.019902338180750143
641 -5.083460075151973e-05 -0.01981772661973709
643 6.747123608171443e-06 -0.019724109573896666
645 -2.1366407475400984e-06 -0.019708451535999563
647 -6.886562492916985e-08 -0.019652146679288423
649 2.1875836920042844e-05 -0.019620568712929814
651 5.249133764025844e-05 -0.01955233373785401
653 5.1806369698465206e-05 -0.019497767256880766
655 5.23844518063732e-05 -0.01945360456190811
657 -6.978096593319302e-05 -0.019390997771823692
659 -5.3174785386924213e-05 -0.019337284624101624
661 -1.1675071252079104e-05 -0.019224484183128734
663 -8.17308522553381e-05 -0.019164875238457914
665 -4.528864281276797e-05 -0.019189662530504654
667 -7.814991994501066e-06 -0.019070936874836877
669 -3.969271339517403e-05 -0.01892023078718777
671 4.77597445746476e-07 -0.0189638877155138
673 -3.637575846878275e-05 -0.018976635539984646
675 -1.6594851876241312e-05 -0.018905030948327847
677 -1.0393332746023814e-05 -0.01885984488574803
679 -2.3196265082040963e-05 -0.018799568180341463
681 -1.243127562385888e-05 -0.01875082685757566
683 -4.4068641668188255e-05 -0.018653389017397683
685 -5.2725064141705525e-05 -0.018637470459693065
687 3.884580036668041e-05 -0.018557747241481706
689 -2.7484944920131124e-05 -0.018539729861321873
691 -4.310293390098764e-05 -0.01847422979576622
693 -8.201764095958463e-05 -0.018329983340564605
695 -3.316492591405627e-05 -0.018369743648201008
697 1.5130487307139776e-05 -0.018273382076131318
699 4.314663409761115e-05 -0.01823839897119628
701 -1.9280712867159175e-05 -0.018127689138451267
703 -4.680840571168945e-05 -0.018115822869837962
705 7.414523036010814e-06 -0.01803665182822743
707 1.0161449281016063e-05 -0.0180519348843805
709 -3.9042926034892075e-05 -0.017961905774256718
711 -5.5107906929454116e-05 -0.017882005838561088
713 -1.908303318508003e-05 -0.01781243857800614
715 -0.00010475530497568531 -0.0178386654746887
717 -7.472187742934349e-05 -0.0177922262464846
719 -3.4156703064906704e-05 -0.017686823278954877
721 -5.401316330004438e-05 -0.017643389934612796
723 -5.039551484579291e-05 -0.017561253580506458
725 8.55844011992865e-05 -0.017542239633712438
727 4.593378499465653e-05 -0.017553291860122795
729 0.00010322930884257036 -0.01739282650792657
731 -2.8901771368792998e-06 -0.017358710583483483
733 7.459847092753619e-06 -0.01739962263449401
735 -4.970135426066774e-06 -0.017432395486361545
737 4.5930046744443205e-05 -0.017275792105426676
739 -1.0606182273943317e-05 -0.01721262947314068
741 -4.145461630482262e-06 -0.017226617800776747
743 -6.700979246994631e-06 -0.017160253898207616
745 6.2959809857305425e-06 -0.017093945962505998
747 5.419597368505735e-05 -0.017069918097878053
749 -1.9218427320246687e-05 -0.016994734201254948
751 2.493949861797346e-05 -0.01689414994957145
753 -8.291348864803445e-06 -0.01685513027931001
755 7.821960439399661e-07 -0.016863303139540212
757 5.175977777679196e-05 -0.01681590290230992
759 4.2075677856324084e-05 -0.016775090620572773
761 -3.089052235624052e-05 -0.016725581684572728
763 2.757730516243291e-05 -0.016683921107583096
765 -3.6748960172586386e-05 -0.016654443192839347
767 1.8805155206930428e-05 -0.016685784711791975
769 2.2409654769754863e-06 -0.016565838791021137
771 3.596117318167667e-05 -0.016524380050417033
773 5.515796801601986e-06 -0.016455007746775895
775 4.312601176900193e-05 -0.01643315955724808
777 -0.00010706365590202048 -0.016390760880342168
779 5.652376485297876e-05 -0.016305349725554367
781 -6.6119756635689434e-06 -0.016217977375334536
783 -3.23492790712077e-05 -0.01633072009409059
785 -2.62563576434102e-05 -0.016244234206183792
787 -5.408043412665342e-05 -0.01626221013302811
789 -1.1551260466119015e-05 -0.016223219499038988
791 -1.4880710963818084e-05 -0.016129059519271235
793 -4.041414465680034e-05 -0.016051027238210204
795 4.641877373234567e-05 -0.01608269812400726
797 -1.9745952697519183e-05 -0.016095588545383562
799 -3.0154839904925343e-05 -0.015943980202659074
801 3.373764128647108e-05 -0.01588687571871446
803 8.46626667325464e-05 -0.015936089957100674
805 5.772005695001342e-05 -0.01586383891359089
807 9.65361480857365e-05 -0.01579638841806224
809 7.129480140794929e-05 -0.015797142788921966
811 -4.4065071560979716e-05 -0.01574391311650482
813 -1.608147390789521e-05 -0.015673566717244906
815 2.0412903411123376e-05 -0.015648611625889913
817 -3.8619959794985e-06 -0.015613948162339191
819 1.3164592793187943e-05 -0.015584419731339658
821 1.200737617793568e-05 -0.01554195517054659
823 6.194597093978311e-05 -0.015497457475873342
825 6.579243016322906e-05 -0.015438033310393865
827 2.6159342658665173e-05 -0.01540441639504126
829 -2.6010018042032532e-05 -0.01528353685235304
831 -2.8708215425805e-05 -0.015286727244107748
833 3.927443491024682e-05 -0.015245657946372124
835 -1.423957248189769e-05 -0.01527368398135394
837 -4.797586676860921e-05 -0.015201818460172451
839 2.2386549871534074e-05 -0.015182115098731137
841 -2.5251773350899554e-06 -0.015170570462504864
843 4.642371727895075e-06 -0.015106553876041607
845 -5.099091612540653e-05 -0.015101390868274223
847 3.656620906904063e-05 -0.015031681308164608
849 6.091166758912608e-05 -0.014978227588820626
851 -8.586511015561947e-06 -0.01496667468566094
853 5.030261302941619e-05 -0.01489988243660388
855 9.578594134417078e-06 -0.014861559710072416
857 -1.3831033528829581e-05 -0.014847235280621967
859 1.8829942822731923e-05 -0.014847481003649512
861 2.5687664238700372e-06 -0.014761983073465441
863 -7.169583532474828e-05 -0.014710023421845863
865 -2.5485661035340778e-05 -0.014710001764009065
867 7.011256298260142e-05 -0.014733124993811172
869 -1.1542157812500764e-05 -0.014811692804738154
871 -6.51698701656731e-06 -0.014793984296873865
873 2.4542511615636883e-06 -0.014634476508142388
875 6.38126542581663e-05 -0.014521464970265522
877 5.552240640832633e-05 -0.014457353345770462
879 7.72824086601128e-05 -0.014469725491757766
881 -2.35323169975237e-05 -0.01446250253796791
883 5.387161904655814e-06 -0.0144456024185433
885 2.6143263421933006e-05 -0.014438788448020736
887 5.146428589247702e-05 -0.014401746513036159
889 3.700448625820695e-06 -0.014302242112846468
891 1.709423745723423e-05 -0.01429875647621176
893 -3.4728612138023115e-05 -0.014236967183653306
895 -2.0194205205774722e-05 -0.014224293381794859
897 2.275734334475482e-05 -0.014260495817279178
899 -9.477419916788244e-06 -0.014233349492399733
901 8.588832502376883e-06 -0.014137228574362679
903 7.062672759801733e-05 -0.014068085434717997
905 4.406938316447838e-05 -0.014054953023386371
907 6.355848217433258e-06 -0.014045286992182786
909 2.674713773719284e-05 -0.014066612999475002
911 -5.9925757959365946e-05 -0.014008252295026575
913 -3.203407161068261e-05 -0.013950817379118203
915 3.2937474862233357e-05 -0.013853743346999972
917 4.153293187538554e-05 -0.013943848336717132
919 3.1288590718253476e-05 -0.013858870605265734
921 3.743474376110182e-05 -0.013787785545284786
923 2.4486562228062662e-05 -0.013741497827627009
925 3.477583993299743e-05 -0.01376659977508247
927 -3.663084228169929e-05 -0.013709819558733618
929 -1.4313363966547424e-05 -0.013678958128473615
931 6.223962283112146e-06 -0.013697939089869006
933 2.3500305254388022e-05 -0.013677860864300713
935 -1.621267233954691e-05 -0.013627986845298623
937 -5.94894857912307e-05 -0.013567323818533034
939 -6.964009928586287e-05 -0.01354421990041368
941 -4.1735392806489e-05 -0.013571621774073204
943 -5.0475899626285935e-05 -0.013559392407967398
945 7.948963138871884e-05 -0.013483973030197965
947 3.694031130491688e-05 -0.013472336143408719
949 2.7128209535406873e-05 -0.013460571725849099
951 -6.829943036651111e-05 -0.013465457849746005
953 -7.217702978768082e-05 -0.013359157876396126
955 -4.1984180816567926e-05 -0.013313721194262733
957 -2.817484416892746e-05 -0.01331654304103463
959 -6.9170990453940635e-06 -0.01337473371269754
961 -2.3235648954153148e-05 -0.01335793841605917
963 1.1029914950230359e-05 -0.013245086696452281
965 -5.0246866154409e-06 -0.01316004222547709
967 -1.592751761719156e-05 -0.013130175864191074
969 -6.678730504182917e-05 -0.013109962651130779
971 -7.935072669376832e-05 -0.013081046468186825
973 3.871702723117779e-05 -0.013017222809138708
975 9.986613710191618e-06 -0.013051365838853982
977 6.200045727579277e-05 -0.013053386591962132
979 9.496601768860271e-05 -0.012929452305366898
981 2.3553013954937256e-05 -0.012949787588186447
983 -7.99354756445298e-05 -0.01298825426904005
985 -8.55651789650022e-05 -0.012880724387621797
987 -7.688557950735965e-06 -0.012880789565947699
989 -1.4004205977162515e-05 -0.012838613970275893
991 1.2002526559353054e-05 -0.012734774881400724
993 3.62959873155061e-05 -0.012756659908219779
995 -1.9821755360678905e-05 -0.012855001224229402
997 -2.8153941408502646e-05 -0.012823857805233166
999 -4.447314190012887e-06 -0.012726741885774068
1001 -0.0001063359312547441 -0.012670896424010248
1003 -3.475751068824878e-05 -0.012678528826095518
1005 -9.486125805930977e-05 -0.01264509711031197
1007 3.912719891670091e-05 -0.01259720131145854
1009 2.9136467226017377e-05 -0.012571315369134155
1011 -1.718234609746838e-05 -0.012582817687124541
1013 -7.051612985497469e-07 -0.01260700131469287
1015 3.713231818603086e-05 -0.012582166430629522
1017 0.00013667077344517794 -0.01257714529142741
1019 -1.2583088328018644e-05 -0.012595530640491728
1021 -2.4047915937634514e-05 -0.012518326346729662
1023 -1.6703509868755658e-05 -0.012492964447113212
1025 -1.3409851889980966e-05 -0.012413132049471047
1027 3.382789256851729e-05 -0.012384857375846773
1029 -8.597553100382473e-06 -0.012293793879805778
1031 5.8579813716603975e-05 -0.012328998103829607
1033 3.81057236134253e-05 -0.012369506089914533
1035 3.913491725525436e-05 -0.012329150469383583
1037 -1.1613028875620555e-05 -0.012259566348691263
1039 1.2711930875181605e-05 -0.012332036787404257
1041 1.6345910433345813e-05 -0.012231002116707709
1043 4.8271358357539185e-05 -0.012242466494211821
1045 1.8484835587839604e-05 -0.012219960681289981
1047 5.281242108062367e-05 -0.012169598884271429
1049 7.58807185938325e-05 -0.012206796205966895
1051 8.758581998921814e-05 -0.012145086776440567
1053 4.2387230171772015e-05 -0.012082487103191911
1055 2.8921615616174082e-05 -0.012034680301057348
1057 4.411131196031678e-05 -0.01203015012586787
1059 1.838536329311347e-05 -0.01195116189959964
1061 6.375461445221793e-05 -0.011899191195220715
1063 -1.651698768336028e-05 -0.011878408751759833
1065 -2.7037790867980228e-05 -0.011912752171800232
1067 -8.286473628458967e-06 -0.011891323578830703
1069 1.3641715903873696e-05 -0.011892134301383799
1071 2.932032500105028e-05 -0.011834608772445705
1073 -9.518074063985044e-05 -0.011875927831162831
1075 -3.9927325483799254e-05 -0.01175836792945189
1077 5.200661656052073e-05 -0.011804215287957375
1079 -8.086105044250538e-06 -0.011751474452179833
1081 1.7914491229715655e-05 -0.011778129051963541
1083 2.593609806138329e-05 -0.0117749544878171
1085 -1.7784448546457123e-05 -0.011777902901536302
1087 4.46910048317251e-05 -0.011745234441856186
1089 2.6933362308775993e-05 -0.011647257024799637
1091 -1.3023724549631969e-05 -0.01164334787958779
1093 -1.1314009712061264e-05 -0.011701417711787043
1095 7.551196751171824e-06 -0.011599688090245683
1097 1.4616627341310271e-05 -0.011574641556223217
1099 -8.916933052937812e-05 -0.011497341155314793
1101 -5.47387360605207e-05 -0.011525450689043447
1103 -3.964095834561412e-05 -0.011525715077737477
1105 -0.00011730884204742833 -0.011513960810151018
1107 -7.302575753799493e-05 -0.011467647638782111
1109 -5.493245458161757e-05 -0.011476023878122374
1111 2.562879227081674e-05 -0.011443128443596438
1113 9.65962851718831e-06 -0.011436451887749501
1115 2.4793497381243127e-05 -0.01142509806553289
1117 3.95528544647216e-05 -0.011372980352260309
1119 -1.531244189628938e-05 -0.011326713425255111
1121 -3.6175137611703586e-05 -0.011331620110068682
1123 -3.718907727408419e-05 -0.011299235494074878
1125 2.8147259646229098e-05 -0.011307778662363235
1127 -1.3177661338598465e-05 -0.011344063998101762
1129 -8.381361346373003e-05 -0.01125618038594638
1131 -1.7619180319611627e-05 -0.011255259347844068
1133 3.352084306284761e-05 -0.011211055028357673
1135 -1.5247017032874578e-05 -0.011272193868964006
1137 -6.834301938026614e-05 -0.011235392222313487
1139 -3.376345894568843e-05 -0.011256695085956068
1141 -0.00012582495429560876 -0.01132266579975008
1143 -1.82144414209693e-05 -0.011276289926102068
1145 -4.402485497754537e-06 -0.01127343727803278
1147 1.0982663279109002e-05 -0.011166795208110595
1149 -1.9436589194229133e-05 -0.011118516344308733
1151 -2.5343726942292346e-05 -0.011135542391257549
1153 -5.387330601276129e-05 -0.01111999725460096
1155 2.1816671909351097e-05 -0.010999995319676312
1157 -2.29805407816188e-05 -0.010989318330906286
1159 -2.8579220736687445e-06 -0.01098458691299366
1161 4.444300416272264e-05 -0.010977511761561547
1163 7.380679851172592e-05 -0.01099542183854958
1165 9.186213391900915e-05 -0.010999597729117919
1167 4.842215848376328e-05 -0.010965132500890552
1169 4.024189215459446e-05 -0.010887591680331696
1171 -8.960404857923156e-05 -0.010914781315618304
1173 -5.0206352709089515e-05 -0.010851728356880508
1175 -5.17589341855026e-05 -0.010890876661956494
1177 -1.103109244996842e-05 -0.010828813344633965
1179 3.422111492046206e-05 -0.01081940170738438
1181 1.431312298464737e-05 -0.01073593245310554
1183 5.869188949400626e-06 -0.010727078796256383
1185 4.042619373266725e-06 -0.010698822709681538
1187 4.218179173790812e-05 -0.010717890285545427
1189 5.047152265202345e-05 -0.010654944328676228
1191 -2.621791394988921e-05 -0.01073219000699009
1193 -3.5672339633842887e-06 -0.010728341061895297
1195 -1.2635431312084484e-05 -0.010685681033642268
1197 6.88695525194501e-05 -0.010676604831390513
1199 9.348206735558854e-05 -0.010604328273185299
1201 7.281630333595354e-05 -0.010620273665700916
1203 5.1539524911509775e-06 -0.010582059146786995
1205 -6.190009335721188e-06 -0.010630503586361653
1207 -1.4720409500781291e-05 -0.010557068422474647
1209 -2.885524550739459e-05 -0.010509951204912459
1211 -7.934188171939492e-06 -0.010475566774741468
1213 3.3862359608979614e-05 -0.010399761977177024
1215 -1.744512847972261e-05 -0.010437748025773071
1217 5.381624324774894e-06 -0.01045708661535247
1219 8.698580918593083e-06 -0.010420796854347148
1221 6.131382461422609e-05 -0.010464809892889136
1223 4.917840140586251e-05 -0.010400662990210426
1225 9.208774257452904e-05 -0.010322405308199077
1227 -1.83177471730296e-05 -0.010368115789658761
1229 -3.1569526226805155e-05 -0.010337648388969988
1231 -1.090067712147192e-05 -0.010370491944214546
1233 4.1460361004470484e-05 -0.01030977453172032
1235 4.2196259317219174e-05 -0.010310473833142236
1237 1.7906818933877242e-05 -0.010343358984724405
1239 5.7459532541486264e-05 -0.010308779300822296
1241 4.6140615937459e-05 -0.010300932191823502
1243 1.5622152141460357e-05 -0.01026532672063951
1245 2.732262905044887e-05 -0.010299259894671038
1247 4.531001877504621e-05 -0.010284931168163917
1249 6.351849686676112e-05 -0.010201317396764506
1251 -4.978838837992515e-05 -0.010170446280218137
1253 -9.214347389462054e-05 -0.01019653818421291
1255 -2.2129969388708866e-06 -0.010208556126668081
1257 -2.5590650474322068e-05 -0.01016217318565375
1259 -2.701549179575728e-05 -0.01014081745520915
1261 4.342046749346924e-05 -0.010086567260849534
1263 1.8559997447524142e-05 -0.010110697034207417
1265 -2.2584844761439006e-05 -0.010104160520959943
1267 5.2257954974133664e-05 -0.010068424577311254
1269 -6.789853157928148e-05 -0.010097482350153768
1271 -5.960432460864035e-05 -0.010040563941176615
1273 -7.694240674194024e-05 -0.010021718876360433
1275 -1.4480478889182741e-05 -0.009954693449420403
1277 -0.00012113968398244743 -0.009996809289916513
1279 -1.0985924689392365e-05 -0.009952886939854388
1281 -2.6055069909494908e-05 -0.009891901354502686
1283 -9.180115629222e-06 -0.009872595063187831
1285 -3.575762136933369e-05 -0.009915057707348577
1287 1.727732344191992e-05 -0.009866217321216193
1289 -2.28263187819271e-05 -0.009883405961894048
1291 -2.6010320854519792e-05 -0.009829994160953743
1293 2.162418250942227e-05 -0.009835261421722018
1295 -1.5656799481521032e-05 -0.009857225415324954
1297 -6.54063004500224e-05 -0.009781705190518202
1299 -9.329877901199991e-05 -0.009730025043147732
1301 9.140602745412862e-07 -0.009717904271188552
1303 -3.28801780529679e-05 -0.009786093429683002
1305 5.203487154010029e-05 -0.00983639410281717
1307 -6.534211629858196e-05 -0.00978837277709424
1309 -2.5671628110640226e-05 -0.009747206676449306
1311 -1.9304202941887098e-05 -0.009770947573299011
1313 4.085540008915872e-05 -0.009734576402654103
1315 7.531893075375442e-05 -0.009681250610250885
1317 -7.51629712022639e-06 -0.009754453375615271
1319 2.7175361358955342e-05 -0.009720243576370049
1321 -8.261386442630287e-05 -0.009653107438255962
1323 -6.358386073897335e-05 -0.00965612052457164
1325 -3.827492737567153e-05 -0.00963619238266819
1327 -8.644712605549355e-06 -0.009618123186341337
1329 -3.347911858607144e-05 -0.00968135818178483
1331 3.3085606972608574e-05 -0.009574256254385374
1333 -2.1893166316937258e-05 -0.009546509635999442
1335 -2.280821510520746e-05 -0.009534387033051062
1337 5.4569951224007594e-05 -0.009530351559694429
1339 -6.039629523190181e-05 -0.009568115173611398
1341 -2.698051346569269e-05 -0.009441206846952991
1343 8.426732652478667e-06 -0.009493093584440249
1345 -8.435635980123517e-05 -0.00943561397179219
1347 -9.708975004774567e-06 -0.009374421600715133
1349 3.893593638781553e-05 -0.009452326338497479
1351 -2.1041658352091085e-05 -0.009380725404433738
1353 -9.719095870754546e-05 -0.009318534863598446
1355 -0.00010525283043069975 -0.00922933929394261
1357 9.529866270528476e-06 -0.009336162430408669
1359 4.080644648818457e-06 -0.009324158341463485
1361 -4.7440573661815845e-05 -0.009239043428046202
1363 -9.589524892246637e-05 -0.009342886823447765
1365 3.139438567511202e-06 -0.009284297660148457
1367 -1.0800978049942569e-05 -0.00925116684877399
1369 -9.183124257722357e-06 -0.009242518578054415
1371 5.522150367425152e-05 -0.009230786624338318
1373 -3.481761344760655e-05 -0.009177495980520334
1375 -8.663842654896022e-05 -0.009218000793746836
1377 -9.029923938086849e-05 -0.009165854902503195
1379 -4.6508060099785706e-05 -0.009143493537577624
1381 2.677679861813652e-05 -0.009149339195837235
1383 2.3646810413688634e-05 -0.009192358180199657
1385 -2.638488208561178e-05 -0.00915858731048452
1387 -7.378789789765195e-05 -0.00914605570205148
1389 2.8325773865250144e-06 -0.00911084519144762
1391 8.333383630651826e-05 -0.00912957063081135
1393 -7.63493125167902e-06 -0.00912747987374145
1395 -7.818520901494475e-05 -0.009098288821994805
1397 -3.553856061808548e-05 -0.00912607955122554
1399 -5.547033065974077e-05 -0.009145673411982885
1401 2.337605416940788e-05 -0.009061595643372194
1403 5.281349529337803e-05 -0.009089107772258662
1405 -2.9986558461530195e-05 -0.009133885238824729
1407 8.395601603563791e-05 -0.009112397099032067
1409 7.270337078046823e-05 -0.00906287577175818
1411 6.660024440535707e-05 -0.00901887160293185
1413 9.441597536043198e-06 -0.009012594965463604
1415 -3.3333082868660722e-06 -0.009080395838138466
1417 -9.008089744228622e-06 -0.009088444262308093
1419 6.195615883353186e-05 -0.009054446379652572
1421 4.983259656688623e-05 -0.008987272505234567
1423 -7.014073103073167e-06 -0.008909314268000837
1425 -2.0051389494506467e-05 -0.00891118351484081
1427 -1.997815688957186e-06 -0.008889762897967977
1429 7.470986574204213e-06 -0.008907632028065864
1431 3.977627348376932e-05 -0.00895485738828643
1433 -2.6079186090327408e-05 -0.00892733039023443
1435 -5.676552595464857e-05 -0.008857413390413016
1437 2.569704998231035e-05 -0.008877125354543587
1439 -7.741334144282985e-05 -0.008870431796924042
1441 3.015676293354199e-05 -0.0088314896681508
1443 -3.541627223478629e-05 -0.008788620947511625
1445 -1.4938301265429234e-05 -0.008787571970770907
1447 -6.134205409631273e-05 -0.00884196691606923
1449 -2.2975812824776558e-06 -0.008885325331803539
1451 -5.1609765221842814e-05 -0.008733109250337632
1453 -1.9993642319031473e-05 -0.008762115524252236
1455 -2.961597528688987e-05 -0.008695008110093758
1457 -7.608712062726509e-05 -0.008751929068780263
1459 -5.4096210152669394e-05 -0.008727916284487365
1461 -6.811767764001628e-05 -0.00877960646787196
1463 4.969454069999387e-06 -0.00869318077334748
1465 -2.5713730878360714e-05 -0.008709777559288059
1467 -7.28953634402534e-05 -0.008755355879196059
1469 3.367697100873902e-05 -0.008608579497374346
1471 -1.016876872678372e-05 -0.008624950643807864
1473 -4.377281358073856e-05 -0.0086102772013194
1475 -1.8743810384025876e-05 -0.008629999074541612
1477 -1.0778087140355955e-05 -0.008538119317924014
1479 6.640359080958803e-05 -0.00850854856016834
1481 4.766242016723009e-05 -0.008566241587955966
1483 -2.5400154701296018e-05 -0.008554057096278482
1485 2.184155023429676e-05 -0.008597055853079173
1487 6.168060148440532e-05 -0.00857601109428156
1489 2.726643732967364e-05 -0.008563862006075427
1491 -2.8150999345777564e-06 -0.008516387771673017
1493 -3.09156783322602e-05 -0.008626542338749628
1495 -7.906189623526046e-06 -0.008518807648892035
1497 1.2512833005708956e-05 -0.008432837807613497
1499 -8.504072956469624e-05 -0.008464084161723546
1501 -4.724907209683831e-05 -0.008537666302350777
1503 -5.8122286447714205e-05 -0.008518413684883496
1505 -2.206248504862856e-05 -0.008452832895359884
1507 7.156260580434608e-06 -0.008386144095669852
1509 -1.758165895980266e-05 -0.008338748760586441
1511 -3.7516018473005025e-05 -0.008348653751239797
1513 -3.78532236991899e-05 -0.008421722713716748
1515 -2.0979246641208078e-05 -0.008412326127582642
1517 4.429458051592552e-05 -0.008383692133817056
1519 3.211150475361005e-05 -0.00833758442574128
1521 1.0051356174642994e-05 -0.008394458602252342
1523 -3.3934588368322003e-05 -0.00833803945647174
1525 -8.731430856766087e-05 -0.008340062662270244
1527 -5.4645094049703006e-05 -0.008339732234557296
1529 6.772494488490054e-06 -0.008283425939876188
1531 -4.338494809969363e-05 -0.00833688359836131
1533 -4.095649369885744e-05 -0.008292133642755082
1535 5.470920622949727e-05 -0.008363250756751218
1537 8.937816329844868e-06 -0.008276508605322535
1539 9.261267710439705e-06 -0.008303590127648083
1541 -2.742473412830986e-06 -0.008181218349419726
1543 -4.106384520015968e-05 -0.008154500133358524
1545 7.994391071543445e-05 -0.008173865254488497
1547 2.9806243297922823e-05 -0.008235717320939874
1549 3.849018506445847e-05 -0.008199649984370668
1551 -1.783500859295785e-05 -0.008182087111800712
1553 -2.4929651631502614e-05 -0.008180071563229484
1555 -2.0519549609349078e-05 -0.008205903206521866
1557 -2.3360302084889892e-05 -0.008245591425334854
1559 -5.9643265645897144e-05 -0.008147496761425517
1561 -1.1743593937799854e-05 -0.008088973057972338
1563 4.017985353462183e-05 -0.008118135270801945
1565 5.5078555015034233e-05 -0.008082236005691535
1567 -3.199189475256452e-05 -0.008107820992399007
1569 -2.367711247622754e-05 -0.008065174751970118
1571 3.9561982661053585e-05 -0.008069800010662608
1573 3.4765539099927056e-05 -0.008114790669045377
1575 6.453715754004874e-05 -0.008197260170404133
1577 -3.496911598087659e-06 -0.008072630014102479
1579 6.187820203139983e-06 -0.008043386059020627
1581 3.479101181161753e-06 -0.008047819990054456
1583 4.415035082581032e-06 -0.007984739853143378
1585 3.267145557801415e-05 -0.00801698051321875
1587 -3.877541049083645e-05 -0.007995328026211876
1589 5.599931770795427e-06 -0.007982071580279436
1591 2.356869572129122e-05 -0.008003222070827765
1593 3.292310681058884e-06 -0.00808696545146391
1595 4.1508201504480565e-05 -0.008050221453878266
1597 1.7470629954944478e-05 -0.008006540191078807
1599 -2.0268305527365096e-05 -0.00799388299555296
1601 -9.837965144374793e-06 -0.007980484124932791
1603 -6.193662075519888e-05 -0.007916471025127811
1605 -1.5142008082407443e-05 -0.007905900208207065
1607 -7.558835818312728e-05 -0.007867822238804872
1609 -6.358218514053465e-05 -0.007902603426995131
1611 -3.796554146462985e-05 -0.007906915831588666
1613 -5.9092193891262105e-05 -0.007843416449408037
1615 -3.653030281368624e-05 -0.007852963852428712
1617 -6.793240122249334e-06 -0.007856759265952643
1619 1.6427309479198972e-05 -0.007823575090654757
1621 -4.694446991459721e-05 -0.007795385647611512
1623 -7.197513109028461e-05 -0.007773932142359093
1625 -7.1746338155172e-05 -0.007826848996527495
1627 -9.300081318967308e-05 -0.007844270460703323
1629 -4.427280221475789e-05 -0.007812395237676301
1631 -1.6631901390726597e-06 -0.007745197067619583
1633 -7.047069038520793e-05 -0.0077978273091082635
1635 -7.143448383320086e-05 -0.0078065733203925925
1637 -1.0405986019688088e-05 -0.007759237726546238
1639 0.0 -0.0077683925853274105
1641 0.0 -0.0077589247089284745
1643 0.0 -0.007749479882745968
1645 0.0 -0.007740058022706157
1647 0.0 -0.007730659045143672
1649 0.0 -0.007721282866799047
1651 0.0 -0.00771192940481625
1653 0.0 -0.007702598576740248
1655 0.0 -0.007693290300514579
1657 0.0 -0.007684004494478955
1659 0.0 -0.007674741077366864
1661 0.0 -0.007665499968303207
1663 0.0 -0.007656281086801941
1665 0.0 -0.00764708435276374
1667 0.0 -0.007637909686473683
1669 0.0 -0.007628757008598937
1671 0.0 -0.007619626240186491
1673 0.0 -0.007610517302660865
1675 0.0 -0.007601430117821866
1677 0.0 -0.007592364607842353
1679 0.0 -0.007583320695266007
1681 0.0 -0.007574298303005132
1683 0.0 -0.00756529735433846
1685 0.0 -0.007556317772908978
1687 0.0 -0.007547359482721771
1689 0.0 -0.0075384224081418766
1691 0.0 -0.007529506473892151
1693 0.0 -0.007520611605051168
1695 0.0 -0.007511737727051108
1697 0.0 -0.007502884765675679
1699 0.0 -0.00749405264705805
1701 0.0 -0.007485241297678793
1703 0.0 -0.007476450644363845
1705 0.0 -0.007467680614282478
1707 0.0 -0.0074589311349453
1709 0.0 -0.007450202134202239
1711 0.0 -0.0074414935402405775
1713 0.0 -0.0074328052815829685
1715 0.0 -0.007424137287085496
1717 0.0 -0.007415489485935718
1719 0.0 -0.007406861807650743
1721 0.0 -0.007398254182075321
1723 0.0 -0.007389666539379935
1725 0.0 -0.007381098810058916
1727 0.0 -0.007372550924928562
1729 0.0 -0.007364022815125291
1731 0.0 -0.007355514412103772
1733 0.0 -0.0073470256476351
1735 0.0 -0.007338556453804972
1737 0.0 -0.007330106763011875
1739 0.0 -0.007321676507965284
1741 0.0 -0.007313265621683875
1743 0.0 -0.007304874037493762
1745 0.0 -0.007296501689026721
1747 0.0 -0.007288148510218448
1749 0.0 -0.007279814435306818
1751 0.0 -0.007271499398830169
1753 0.0 -0.007263203335625572
1755 0.0 -0.007254926180827138
1757 0.0 -0.00724666786986433
1759 0.0 -0.007238428338460278
1761 0.0 -0.007230207522630113
1763 0.0 -0.007222005358679312
1765 0.0 -0.007213821783202055
1767 0.0 -0.007205656733079586
1769 0.0 -0.007197510145478592
1771 0.0 -0.007189381957849591
1773 0.0 -0.0071812721079253395
1775 0.0 -0.007173180533719227
1777 0.0 -0.007165107173523707
1779 0.0 -0.007157051965908727
1781 0.0 -0.007149014849720172
1783 0.0 -0.00714099576407831
1785 0.0 -0.007132994648376261
1787 0.0 -0.0071250114422784705
1789 0.0 -0.007117046085719188
1791 0.0 -0.007109098518900964
1793 0.0 -0.007101168682293156
1795 0.0 -0.007093256516630434
1797 0.0 -0.007085361962911312
1799 0.0 -0.007077484962396681
1801 0.0 -0.0070696254566083435
1803 0.0 -0.007061783387327581
1805 0.0 -0.0070539586965937
1807 0.0 -0.007046151326702616
1809 0.0 -0.007038361220205432
1811 0.0 -0.007030588319907028
1813 0.0 -0.00702283256886466
1815 0.0 -0.007015093910386571
1817 0.0 -0.0070073722880306145
1819 0.0 -0.0069996676456028735
1821 0.0 -0.006991979927156303
1823 0.0 -0.0069843090769893725
1825 0.0 -0.006976655039644727
1827 0.0 -0.006969017759907842
1829 0.0 -0.006961397182805701
1831 0.0 -0.006953793253605477
1833 0.0 -0.006946205917813218
1835 0.0 -0.00693863512117255
1837 0.0 -0.006931080809663379
1839 0.0 -0.006923542929500613
1841 0.0 -0.006916021427132878
1843 0.0 -0.006908516249241253
1845 0.0 -0.0069010273427380095
1847 0.0 -0.006893554654765364
1849 0.0 -0.006886098132694228
1851 0.0 -0.006878657724122975
1853 0.0 -0.006871233376876215
1855 0.0 -0.0068638250390035726
1857 0.0 -0.0068564326587784745
1859 0.0 -0.006849056184696948
1861 0.0 -0.0068416955654764244
1863 0.0 -0.00683435075005455
1865 0.0 -0.006827021687588004
1867 0.0 -0.006819708327451327
1869 0.0 -0.006812410619235756
1871 0.0 -0.006805128512748065
1873 0.0 -0.006797861958009411
1875 0.0 -0.006790610905254201
1877 0.0 -0.006783375304928944
1879 0.0 -0.006776155107691128
1881 0.0 -0.006768950264408095
1883 0.0 -0.006761760726155936
1885 0.0 -0.00675458644421837
1887 0.0 -0.006747427370085653
1889 0.0 -0.006740283455453481
1891 0.0 -0.0067331546522219074
1893 0.0 -0.006726040912494256
1895 0.0 -0.006718942188576056
1897 0.0 -0.006711858432973973
1899 0.0 -0.006704789598394748
1901 0.0 -0.006697735637744149
1903 0.0 -0.006690696504125921
1905 0.0 -0.0066836721508407495
1907 0.0 -0.006676662531385227
1909 0.0 -0.006669667599450827
1911 0.0 -0.006662687308922882
1913 0.0 -0.0066557216138795755
1915 0.0 -0.006648770468590929
1917 0.0 -0.006641833827517802
1919 0.0 -0.006634911645310905
1921 0.0 -0.006628003876809801
1923 0.0 -0.006621110477041928
1925 0.0 -0.006614231401221624
1927 0.0 -0.006607366604749158
1929 0.0 -0.00660051604320976
1931 0.0 -0.0065936796723726696
1933 0.0 -0.006586857448190184
1935 0.0 -0.006580049326796706
1937 0.0 -0.00657325526450781
1939 0.0 -0.006566475217819302
1941 0.0 -0.0065597091434063
1943 0.0 -0.0065529569981223
1945 0.0 -0.006546218738998267
1947 0.0 -0.006539494323241719
1949 0.0 -0.006532783708235827
1951 0.0 -0.006526086851538508
1953 0.0 -0.006519403710881529
1955 0.0 -0.00651273424416963
1957 0.0 -0.006506078409479626
1959 0.0 -0.0064994361650595345
1961 0.0 -0.006492807469327703
1963 0.0 -0.006486192280871945
1965 0.0 -0.006479590558448665
1967 0.0 -0.0064730022609820175
1969 0.0 -0.00646642734756304
1971 0.0 -0.006459865777448821
1973 0.0 -0.006453317510061646
1975 0.0 -0.006446782504988166
1977 0.0 -0.006440260721978568
1979 0.0 -0.006433752120945745
1981 0.0 -0.006427256661964477
1983 0.0 -0.006420774305270614
1985 0.0 -0.006414305011260266
1987 0.0 -0.006407848740488993
1989 0.0 -0.006401405453671005
1991 0.0 -0.006394975111678366
1993 0.0 -0.006388557675540204
1995 0.0 -0.006382153106441918
1997 0.0 -0.006375761365724399
1999 0.0 -0.006369382414883255
2001 0.0 -0.0063630162155680296
2003 0.0 -0.006356662729581442
2005 0.0 -0.006350321918878616
2007 0.0 -0.006343993745566331
2009 0.0 -0.006337678171902253
2011 0.0 -0.006331375160294196
2013 0.0 -0.0063250846732993676
2015 0.0 -0.006318806673623637
2017 0.0 -0.006312541124120788
2019 0.0 -0.006306287987791792
2021 0.0 -0.006300047227784081
2023 0.0 -0.00629381880739082
2025 0.0 -0.006287602690050187
2027 0.0 -0.00628139883934466
2029 0.0 -0.006275207219000309
2031 0.0 -0.00626902779288608
2033 0.0 -0.006262860525013098
2035 0.0 -0.006256705379533969
2037 0.0 -0.006250562320742085
2039 0.0 -0.00624443131307093
2041 0.0 -0.006238312321093398
2043 0.0 -0.0062322053095211095
2045 0.0 -0.00622611024320373
2047 0.0 -0.006220027087128299
2049 0.0 -0.006213955806418559
