-2049 0.0 0.006213955806418559
-2047 0.0 0.006220027087128299
-2045 0.0 0.00622611024320373
-2043 0.0 0.0062322053095211095
-2041 0.0 0.006238312321093398
-2039 0.0 0.00624443131307093
-2037 0.0 0.006250562320742085
-2035 0.0 0.006256705379533969
-2033 0.0 0.006262860525013098
-2031 0.0 0.00626902779288608
-2029 0.0 0.006275207219000309
-2027 0.0 0.00628139883934466
-2025 0.0 0.006287602690050187
-2023 0.0 0.00629381880739082
-2021 0.0 0.006300047227784081
-2019 0.0 0.006306287987791792
-2017 0.0 0.006312541124120788
-2015 0.0 0.006318806673623637
-2013 0.0 0.0063250846732993676
-2011 0.0 0.006331375160294196
-2009 0.0 0.006337678171902253
-2007 0.0 0.006343993745566331
-2005 0.0 0.006350321918878616
-2003 0.0 0.006356662729581442
-2001 0.0 0.0063630162155680296
-1999 0.0 0.006369382414883255
-1997 0.0 0.006375761365724399
-1995 0.0 0.006382153106441918
-1993 0.0 0.006388557675540204
-1991 0.0 0.006394975111678366
-1989 0.0 0.006401405453671005
-1987 0.0 0.006407848740488993
-1985 0.0 0.006414305011260266
-1983 0.0 0.006420774305270614
-1981 0.0 0.006427256661964477
-1979 0.0 0.006433752120945745
-1977 0.0 0.006440260721978568
-1975 0.0 0.006446782504988166
-1973 0.0 0.006453317510061646
-1971 0.0 0.006459865777448821
-1969 0.0 0.00646642734756304
-1967 0.0 0.0064730022609820175
-1965 0.0 0.006479590558448665
-1963 0.0 0.006486192280871945
-1961 0.0 0.006492807469327703
-1959 0.0 0.0064994361650595345
-1957 0.0 0.006506078409479626
-1955 0.0 0.00651273424416963
-1953 0.0 0.006519403710881529
-1951 0.0 0.006526086851538508
-1949 0.0 0.006532783708235827
-1947 0.0 0.006539494323241719
-1945 0.0 0.006546218738998267
-1943 0.0 0.0065529569981223
-1941 0.0 0.0065597091434063
-1939 0.0 0.006566475217819302
-1937 0.0 0.00657325526450781
-1935 0.0 0.006580049326796706
-1933 0.0 0.006586857448190184
-1931 0.0 0.0065936796723726696
-1929 0.0 0.00660051604320976
-1927 0.0 0.006607366604749158
-1925 0.0 0.006614231401221624
-1923 0.0 0.006621110477041928
-1921 0.0 0.006628003876809801
-1919 0.0 0.006634911645310905
-1917 0.0 0.006641833827517802
-1915 0.0 0.006648770468590929
-1913 0.0 0.0066557216138795755
-1911 0.0 0.006662687308922882
-1909 0.0 0.006669667599450827
-1907 0.0 0.006676662531385227
-1905 0.0 0.0066836721508407495
-1903 0.0 0.006690696504125921
-1901 0.0 0.006697735637744149
-1899 0.0 0.006704789598394748
-1897 0.0 0.006711858432973973
-1895 0.0 0.006718942188576056
-1893 0.0 0.006726040912494256
-1891 0.0 0.0067331546522219074
-1889 0.0 0.006740283455453481
-1887 0.0 0.006747427370085653
-1885 0.0 0.00675458644421837
-1883 0.0 0.006761760726155936
-1881 0.0 0.006768950264408095
-1879 0.0 0.006776155107691128
-1877 0.0 0.006783375304928944
-1875 0.0 0.006790610905254201
-1873 0.0 0.006797861958009411
-1871 0.0 0.006805128512748065
-1869 0.0 0.006812410619235756
-1867 0.0 0.006819708327451327
-1865 0.0 0.006827021687588004
-1863 0.0 0.00683435075005455
-1861 0.0 0.0068416955654764244
-1859 0.0 0.006849056184696948
-1857 0.0 0.0068564326587784745
-1855 0.0 0.0068638250390035726
-1853 0.0 0.006871233376876215
-1851 0.0 0.006878657724122975
-1849 0.0 0.006886098132694228
-1847 0.0 0.006893554654765364
-1845 0.0 0.0069010273427380095
-1843 0.0 0.006908516249241253
-1841 0.0 0.006916021427132878
-1839 0.0 0.006923542929500613
-1837 0.0 0.006931080809663379
-1835 0.0 0.00693863512117255
-1833 0.0 0.006946205917813218
-1831 0.0 0.006953793253605477
-1829 0.0 0.006961397182805701
-1827 0.0 0.006969017759907842
-1825 0.0 0.006976655039644727
-1823 0.0 0.0069843090769893725
-1821 0.0 0.006991979927156303
-1819 0.0 0.0069996676456028735
-1817 0.0 0.0070073722880306145
-1815 0.0 0.007015093910386571
-1813 0.0 0.00702283256886466
-1811 0.0 0.007030588319907028
-1809 0.0 0.007038361220205432
-1807 0.0 0.007046151326702616
-1805 0.0 0.0070539586965937
-1803 0.0 0.007061783387327581
-1801 0.0 0.0070696254566083435
-1799 0.0 0.007077484962396681
-1797 0.0 0.007085361962911312
-1795 0.0 0.007093256516630434
-1793 0.0 0.007101168682293156
-1791 0.0 0.007109098518900964
-1789 0.0 0.007117046085719188
-1787 0.0 0.0071250114422784705
-1785 0.0 0.007132994648376261
-1783 0.0 0.00714099576407831
-1781 0.0 0.007149014849720172
-1779 0.0 0.007157051965908727
-1777 0.0 0.007165107173523707
-1775 0.0 0.007173180533719227
-1773 0.0 0.0071812721079253395
-1771 0.0 0.007189381957849591
-1769 0.0 0.007197510145478592
-1767 0.0 0.007205656733079586
-1765 0.0 0.007213821783202055
-1763 0.0 0.007222005358679312
-1761 0.0 0.007230207522630113
-1759 0.0 0.007238428338460278
-1757 0.0 0.00724666786986433
-1755 0.0 0.007254926180827138
-1753 0.0 0.007263203335625572
-1751 0.0 0.007271499398830169
-1749 0.0 0.007279814435306818
-1747 0.0 0.007288148510218448
-1745 0.0 0.007296501689026721
-1743 0.0 0.007304874037493762
-1741 0.0 0.007313265621683875
-1739 0.0 0.007321676507965284
-1737 0.0 0.007330106763011875
-1735 0.0 0.007338556453804972
-1733 0.0 0.0073470256476351
-1731 0.0 0.007355514412103772
-1729 0.0 0.007364022815125291
-1727 0.0 0.007372550924928562
-1725 0.0 0.007381098810058916
-1723 0.0 0.007389666539379935
-1721 0.0 0.007398254182075321
-1719 0.0 0.007406861807650743
-1717 0.0 0.007415489485935718
-1715 0.0 0.007424137287085496
-1713 0.0 0.0074328052815829685
-1711 0.0 0.0074414935402405775
-1709 0.0 0.007450202134202239
-1707 0.0 0.0074589311349453
-1705 0.0 0.007467680614282478
-1703 0.0 0.007476450644363845
-1701 0.0 0.007485241297678793
-1699 0.0 0.00749405264705805
-1697 0.0 0.007502884765675679
-1695 0.0 0.007511737727051108
-1693 0.0 0.007520611605051168
-1691 0.0 0.007529506473892151
-1689 0.0 0.0075384224081418766
-1687 0.0 0.007547359482721771
-1685 0.0 0.007556317772908978
-1683 0.0 0.00756529735433846
-1681 0.0 0.007574298303005132
-1679 0.0 0.007583320695266007
-1677 0.0 0.007592364607842353
-1675 0.0 0.007601430117821866
-1673 0.0 0.007610517302660865
-1671 0.0 0.007619626240186491
-1669 0.0 0.007628757008598937
-1667 0.0 0.007637909686473683
-1665 0.0 0.00764708435276374
-1663 0.0 0.007656281086801941
-1661 0.0 0.007665499968303207
-1659 0.0 0.007674741077366864
-1657 0.0 0.007684004494478955
-1655 0.0 0.007693290300514579
-1653 0.0 0.007702598576740248
-1651 0.0 0.00771192940481625
-1649 0.0 0.007721282866799047
-1647 0.0 0.007730659045143672
-1645 0.0 0.007740058022706157
-1643 0.0 0.007749479882745968
-1641 0.0 0.0077589247089284745
-1639 0.0 0.0077683925853274105
-1637 -2.2453462027557675e-05 0.007747308366559791
-1635 2.5996296335688945e-05 0.007700244156426692
-1633 2.4301832525742175e-05 0.007737778582773226
-1631 -3.0417334276036163e-06 0.007772628875117363
-1629 -8.126817412456288e-06 0.007708673409157582
-1627 0.00014377002554238314 0.007732736148484007
-1625 -1.3856068067719114e-05 0.007709659487968808
-1623 5.4458195244948965e-05 0.00782771083658055
-1621 0.00010360601051172746 0.007802122214521964
-1619 3.443695108782203e-05 0.007908914715573614
-1617 -7.933835487114253e-06 0.00782527890071912
-1615 6.237020862793581e-05 0.007954096538633427
-1613 -4.332690585870753e-05 0.007987033901896791
-1611 -5.602002053610849e-05 0.008028558031762403
-1609 -4.639058341751421e-05 0.007870933158206604
-1607 -0.00017443444091079619 0.007904604892189908
-1605 5.698170096581568e-05 0.007964559262279415
-1603 7.070398954032368e-05 0.007921089968575863
-1601 -6.223274230074895e-05 0.007866733919884824
-1599 1.9238249677005058e-05 0.007865439577108923
-1597 -4.409126243858744e-05 0.008024266761947974
-1595 5.675933928328306e-05 0.007995230009585292
-1593 4.021574247127139e-06 0.007920679535975257
-1591 9.295932017371689e-05 0.007996581257429997
-1589 8.0990811043769e-05 0.00805388100419885
-1587 0.00014448049920493458 0.007897675443349017
-1585 2.5421594945184446e-05 0.00805944817223151
-1583 0.0001173922917917208 0.00803022440536805
-1581 7.309574597498358e-05 0.007985621686121
-1579 -2.6566210568250095e-05 0.007921592097155103
-1577 6.403680069675229e-05 0.008029280592227529
-1575 -2.85423353600203e-05 0.00799862315561273
-1573 4.95825860651085e-05 0.008032785655121109
-1571 3.474321624212398e-05 0.008038229425936677
-1569 4.905169832045248e-05 0.008033932607466618
-1567 6.926488111715261e-05 0.008045476206552828
-1565 6.212175667375243e-05 0.008084098815911534
-1563 2.8123489340402283e-05 0.008176317084830173
-1561 2.0340894473278772e-05 0.008176655719411716
-1559 1.5781798150376625e-05 0.00808511552820622
-1557 0.00010799812967412501 0.008182246460272373
-1555 8.812580399386267e-05 0.00816236841138142
-1553 0.00013048263067992326 0.00816646473608611
-1551 2.6349499895714912e-05 0.008223625803198378
-1549 0.00018548887935410292 0.008102762212355927
-1547 -5.813671320144507e-06 0.008377546853731141
-1545 0.0001340501591737699 0.008319355557961702
-1543 8.213146226071098e-05 0.008292730929325537
-1541 6.235237181195412e-05 0.008302668885192595
-1539 7.396449268034041e-05 0.008260909129726013
-1537 -1.512333753380999e-05 0.008309718977340022
-1535 6.854434198494324e-06 0.00822392696466739
-1533 8.65082566034164e-05 0.008274884296529051
-1531 0.00013438016966241728 0.008253330714205288
-1529 5.114651232076543e-05 0.008256731756233437
-1527 -2.3889036710775385e-05 0.008402122533136904
-1525 6.992254339339762e-05 0.00837429333975817
-1523 -3.394920666115819e-05 0.00835350900745101
-1521 -4.2198408310891186e-05 0.008320014033463035
-1519 -0.00012293780787573708 0.008279056851301874
-1517 -1.1636988097416722e-05 0.00832424563593769
-1515 -1.3119170763401569e-05 0.008446418132849355
-1513 -1.2734311320069622e-05 0.008420221375181077
-1511 -4.862510665437978e-07 0.008379506741881492
-1509 -7.77370840585313e-05 0.008417318998785148
-1507 2.5167700518301605e-05 0.008482048386900002
-1505 -4.426345614129865e-05 0.00840623739138191
-1503 -4.8769802036419795e-05 0.008458686603790878
-1501 -0.00011759101677700739 0.00845340210727558
-1499 2.3128873922360574e-06 0.008445074351870347
-1497 -3.4986616513227886e-05 0.008578616614476831
-1495 0.00013518562272663682 0.008349821945352585
-1493 -8.022773423386775e-05 0.00856425834366324
-1491 -0.00011932234637460202 0.008580826341168192
-1489 -0.00013717840059998594 0.008490850477800259
-1487 -0.00013286059026377048 0.008566231867971919
-1485 -3.0083778986702695e-05 0.008515256370520578
-1483 2.845796527067544e-05 0.008658105106599869
-1481 -0.00013051536397875539 0.00855949963782273
-1479 -4.417873271429879e-05 0.00858907500203828
-1477 -7.335821116157316e-05 0.008696839171913651
-1475 -0.00010203727015632307 0.008657319719946287
-1473 1.214853129997818e-05 0.008761006441013587
-1471 7.175058455683617e-06 0.008685344147690864
-1469 -8.521151438177065e-05 0.00867695019142025
-1467 0.0001036605670733175 0.00870321947566198
-1465 8.290370342331153e-05 0.00873138590299937
-1463 -1.7929341300420177e-05 0.008682960329979355
-1461 -7.595423131842404e-05 0.008693782840526158
-1459 -9.178654247279393e-05 0.008738751921732232
-1457 5.438614497680959e-05 0.008786559277086629
-1455 -8.618922537615998e-05 0.008814183950502945
-1453 5.751534720999839e-05 0.008822077181244113
-1451 -5.4375403021873314e-05 0.008903096951143172
-1449 1.0190106371209478e-05 0.008753710152846763
-1447 -4.352971977128966e-06 0.00881276452682397
-1445 0.0001492870838116726 0.00871173344823471
-1443 3.776299290802827e-05 0.0087214176640652
-1441 6.340001853735401e-05 0.00880928352261854
-1439 9.036281581796177e-05 0.00890017733913546
-1437 -1.4245341155498132e-05 0.008864132399488911
-1435 -0.00011416798130445193 0.008945136097464699
-1433 -2.3068074502419377e-05 0.008764765078121696
-1431 8.061509249900515e-06 0.008884880847836386
-1429 1.648846659176135e-05 0.008905414400438075
-1427 2.50864710900026e-05 0.008882483848329271
-1425 -1.6890428710043664e-05 0.009063693302164399
-1423 8.69251737715263e-05 0.008892711197194548
-1421 -1.900603977564173e-05 0.008939532772827203
-1419 -0.00012266833284422398 0.009106127454719296
-1417 -9.804464310479722e-06 0.008985625699893224
-1415 -9.169459378276144e-06 0.008949146589016951
-1413 -6.321272187460125e-05 0.00902549241043385
-1411 -1.5167919384956897e-05 0.00895920661261993
-1409 -6.0524687445293865e-05 0.009023798636276115
-1407 2.7980728420079042e-05 0.008987460805824873
-1405 1.397102544925606e-05 0.00918635871175556
-1403 7.079842169814164e-05 0.009115945566130339
-1401 0.0001307987777552821 0.009117019843331901
-1399 -1.350172543685257e-05 0.009105048476343506
-1397 4.221408422732433e-05 0.009174100628150078
-1395 4.4482344764148727e-05 0.009119958165528842
-1393 -0.00010963144158396373 0.00909688960484454
-1391 -5.575663195446682e-05 0.009082928559511068
-1389 -1.482240883466833e-05 0.009168728623755592
-1387 0.00012168748846626707 0.009167113091928893
-1385 4.533661433136292e-05 0.00917523272037761
-1383 1.0706781929849708e-05 0.009215943753780136
-1381 -4.10424821707006e-05 0.009301524173724318
-1379 -5.785399203529297e-05 0.009247506950574799
-1377 7.862658377185088e-05 0.0093696182038741
-1375 -1.0572961514773427e-05 0.009268448025619672
-1373 5.3358996747230946e-06 0.009312218308416156
-1371 -4.699609134078916e-05 0.009298776412563325
-1369 -3.256882155066319e-05 0.009219626684433694
-1367 -4.32113665915222e-05 0.009427536633283254
-1365 -0.00010811071664838263 0.009365375205445172
-1363 7.837932384308001e-05 0.009433840569151211
-1361 -5.91801313079688e-05 0.009442399349005683
-1359 -2.0699038629534456e-05 0.00937174827356706
-1357 -8.088802620662387e-05 0.009282913360345521
-1355 3.906183262461365e-05 0.009289168054285101
-1353 -4.315671634420591e-05 0.009288068835900611
-1351 0.00010901372846767578 0.00932638921815604
-1349 -2.2727386854774087e-05 0.009368486667992634
-1347 1.921083287308336e-05 0.009349448954598404
-1345 -2.066105287016194e-05 0.009434147659755253
-1343 -8.153288243481651e-05 0.00938660423178839
-1341 -8.760813555569593e-05 0.009591251019679193
-1339 3.600432432113901e-05 0.009503516138183503
-1337 -1.6077789155755756e-05 0.009590385437677316
-1335 -5.091576092116529e-05 0.00961483851594318
-1333 7.953460235395113e-06 0.009535704140232889
-1331 -9.819500395093008e-05 0.009590253745064111
-1329 -8.721829489206609e-05 0.009536754292549852
-1327 -2.775691629757782e-05 0.00957698375148932
-1325 -3.531968181747843e-05 0.00962346227144811
-1323 6.50207349704111e-05 0.00950071587490365
-1321 8.886618541702356e-05 0.009685075592721084
-1319 -5.7234494258389006e-05 0.009794650786120851
-1317 1.27804729934237e-05 0.009847829857874312
-1315 0.00014375457675630835 0.009646583852832194
-1313 -8.106749078794482e-05 0.009730059684675637
-1311 -1.055426740635181e-05 0.009790241475552838
-1309 3.401367313299612e-06 0.009803557823895174
-1307 0.00011825108764384459 0.009762364841100794
-1305 -2.3996581655227854e-05 0.009693892268692784
-1303 -2.653058121992065e-05 0.009690283221260506
-1301 -2.4775353783879348e-05 0.009712141688529817
-1299 -7.832661275945339e-05 0.009766141326798384
-1297 -4.1547302939444364e-05 0.009694965344783136
-1295 5.1901472421506364e-05 0.009751088161240198
-1293 -8.49623421367977e-05 0.009838136639868253
-1291 1.859611622734061e-05 0.009743287172778886
-1289 2.9741661873902855e-05 0.009820304902272472
-1287 -9.725995658366072e-05 0.0098622881537495
-1285 -0.00012572688250658725 0.009983685830678966
-1283 -2.677722437237879e-06 0.00985652159858718
-1281 -0.00013288160092462837 0.009846843631104553
-1279 -4.187327946595682e-05 0.009964291594393456
-1277 -4.3088015913407424e-05 0.009963873272832742
-1275 0.0001222833475084139 0.009890929281069086
-1273 1.0808829927491646e-05 0.009976088322024249
-1271 3.061450010370361e-07 0.010029975224516648
-1269 -6.148835717752793e-05 0.010020760240152674
-1267 -2.6352757496409116e-05 0.009955960230113334
-1265 -2.884695331990496e-05 0.010097424489338853
-1263 3.284326454871013e-05 0.010134181773107528
-1261 -2.5314570515015583e-06 0.009947397656697433
-1259 -0.00010336112735581855 0.010081765920800687
-1257 3.6614553588842626e-05 0.010156639067849742
-1255 -1.7132566777654318e-05 0.010029539212584274
-1253 -7.937110981611913e-05 0.010114009524120997
-1251 -0.00011193370369026959 0.010311860560146048
-1249 -5.308119801317378e-05 0.010224202969296282
-1247 -9.74513320084127e-05 0.010171608289045791
-1245 3.170744538957224e-05 0.010196028626777393
-1243 0.00011235270870345527 0.010239224167986739
-1241 -5.343644333985322e-05 0.010162789388798376
-1239 -1.1122864871618373e-05 0.010326522939633176
-1237 -5.73037496397659e-06 0.010214464853658364
-1235 8.078494446389378e-05 0.010360279315804848
-1233 -8.171018334486604e-05 0.010273994650031157
-1231 -4.155570859578985e-07 0.010285453605062856
-1229 -7.680454654180225e-05 0.01033912798423678
-1227 1.923415870542475e-05 0.01031754361770023
-1225 -5.7376902603637855e-05 0.010425187000538872
-1223 -9.052757326728696e-05 0.010362772428151028
-1221 5.389337680543766e-05 0.010422344841925753
-1219 -3.831598502137489e-05 0.010450069047268296
-1217 7.475985967894547e-05 0.010410285020657389
-1215 6.436098014727498e-05 0.010479097868135145
-1213 -8.668079364000699e-05 0.01047964354073886
-1211 0.00012778323608982208 0.01046886396735913
-1209 0.00010233938720573919 0.01054835264897507
-1207 0.0001909883560384728 0.010546301840577026
-1205 8.907687416499667e-05 0.01052589195311605
-1203 2.0682067149424106e-05 0.01054364972096882
-1201 -4.589812123716595e-05 0.010513244356212549
-1199 -6.214048864215445e-05 0.010528542816298406
-1197 8.673088503582688e-05 0.010662772511969367
-1195 4.7904040725523005e-05 0.010620309755788948
-1193 -0.00015635853752401756 0.010767688922417395
-1191 -0.00010943070266606977 0.01075983925463642
-1189 -9.046575569335752e-05 0.010697561550193824
-1187 3.7265421140196477e-06 0.010861206272015088
-1185 1.5796289047037952e-05 0.010716611761078349
-1183 2.798342797008501e-05 0.010660572109084051
-1181 4.392970528524742e-05 0.010859095567962218
-1179 0.0001294959448662532 0.01081075549051036
-1177 1.7475844783293362e-05 0.010842232937947725
-1175 1.759535030697023e-05 0.010944499410145593
-1173 -0.00012136007915169903 0.010798350217747752
-1171 -0.00021021519687884125 0.01094058368206885
-1169 -9.958846883116048e-05 0.010870001551021014
-1167 -0.00017088991668409123 0.011000708549826326
-1165 -6.244531230491914e-05 0.010956617768127057
-1163 -0.00011306491250235233 0.010910657947721617
-1161 -0.00017221266993642828 0.011010973515449907
-1159 -9.174966748179807e-05 0.010881085515094124
-1157 -8.881202916057644e-05 0.0109030875312894
-1155 -6.93397321435953e-05 0.010928903623602514
-1153 -0.0001396178671134861 0.010996321363811564
-1151 -1.7698607526827e-05 0.011020457174250866
-1149 -3.228029581077187e-05 0.011092865171988618
-1147 -5.336082611000141e-05 0.01109708864581121
-1145 4.28798643887917e-07 0.011210813541446794
-1143 4.7843063288999125e-06 0.01109675623804441
-1141 1.0354608994533726e-05 0.011025112030894764
-1139 -1.7350438649525714e-05 0.011318397620425105
-1137 0.00010287665380709068 0.011231412583271278
-1135 3.8699244108936085e-05 0.01120349110176146
-1133 -4.9799120839849346e-05 0.011288385503670725
-1131 -7.955635582110212e-05 0.011364020063715004
-1129 -0.00010531317045811643 0.011297216513298132
-1127 -7.162981067211394e-05 0.011376703294299585
-1125 -5.0035170295419806e-05 0.011492935967859448
-1123 -0.000144407624703504 0.011414742882734176
-1121 -6.309851836167551e-05 0.011453190021343497
-1119 1.093666682198228e-06 0.011426248363204172
-1117 0.00011296737001537886 0.011409194273779165
-1115 -4.321285941906763e-05 0.011485490597458575
-1113 -4.4148533952510575e-06 0.011389263947189265
-1111 4.106512026309061e-05 0.011545302753305162
-1109 3.406232035807497e-05 0.011467814643123435
-1107 8.195159384907018e-05 0.01152918904873807
-1105 0.00011869983712761245 0.011508696469772366
-1103 1.4245479043674639e-06 0.011581645131512787
-1101 6.326560514846813e-05 0.01159878142604164
-1099 6.768330761160883e-05 0.01149106016491397
-1097 5.7146823949799195e-05 0.011552782544228446
-1095 6.02133117844357e-05 0.011661133606266893
-1093 2.1553654004762986e-05 0.011665814481525887
-1091 -3.140737693123912e-05 0.011740433788253983
-1089 -0.00014165519331991747 0.011738351993067846
-1087 4.498147923885984e-05 0.01165448551820391
-1085 3.317501422245124e-05 0.011779113427202427
-1083 9.348050105701116e-05 0.011786432490132163
-1081 6.104098600543894e-05 0.011809565061710534
-1079 0.0001694450560982181 0.011865795255981413
-1077 0.00020727341024173718 0.011834134949059365
-1075 7.484715611444744e-06 0.011968604628407493
-1073 3.161847225482305e-05 0.011851645833575043
-1071 -3.510168948292776e-05 0.011767800052853643
-1069 8.523615589813713e-05 0.011871458057143998
-1067 9.611913223525575e-05 0.01189951666238961
-1065 -7.845353455248453e-05 0.01194285891735866
-1063 0.00010802035082641115 0.011918308176393454
-1061 -0.00010477503457062016 0.011973181374687664
-1059 6.636014393565092e-05 0.011968732344025549
-1057 1.617600763674039e-06 0.01201485262435965
-1055 -7.486476383084426e-05 0.012111492317153283
-1053 9.727441289867264e-05 0.012110870433522863
-1051 4.149852353325703e-05 0.012097043853344022
-1049 -2.666689453794482e-06 0.012175527619205116
-1047 1.6256984061068656e-05 0.012008027071739535
-1045 0.00013117821422865895 0.01220227473435875
-1043 8.663738531448113e-05 0.01229157781736304
-1041 6.0025129627837356e-05 0.012196256366779339
-1039 8.902336844511673e-05 0.012178444170122925
-1037 3.65819875367122e-05 0.012164000901495595
-1035 -0.00010129222379868212 0.012166787980200721
-1033 6.329648772094562e-05 0.012325378342993668
-1031 2.9706911437995846e-06 0.012305588052261337
-1029 5.462437121209184e-05 0.012498061049097134
-1027 1.3953956375979736e-05 0.012454177423330196
-1025 -4.084228690672127e-05 0.012440901123408997
-1023 -0.00010346155077056001 0.012479473130356028
-1021 -5.749139350880532e-05 0.012539682322868848
-1019 -1.4120273613877661e-05 0.012672420902289715
-1017 0.00012465075715582382 0.01245633843274429
-1015 -4.665310405721701e-05 0.012557407895327038
-1013 5.47691613934852e-05 0.012518681721969516
-1011 6.105831822477716e-06 0.012623105125812382
-1009 -3.350327359848661e-05 0.01272994672009123
-1007 8.273919060393317e-05 0.012671607227759245
-1005 2.776507463912492e-05 0.012786962227737333
-1003 -6.321999889393159e-05 0.01261411508886393
-1001 -4.930757080331156e-05 0.012811826446332688
-999 -0.00012271347558591775 0.01268217193992337
-997 0.00016642808639973853 0.012708945708804018
-995 2.3218215849642244e-05 0.0128397019842215
-993 5.63577917193773e-05 0.012773211574761995
-991 -2.5008362675643147e-05 0.012794368660866145
-989 -7.15672185323975e-05 0.01275380289877353
-987 9.056040077458141e-05 0.012836190959474598
-985 -7.648107644431286e-05 0.012777265438312379
-983 0.00018260725303681377 0.013057951643847491
-981 0.00011470976225703535 0.013008578247685035
-979 2.796979960025927e-05 0.013052765810328264
-977 1.3751228438528677e-05 0.012947072785016868
-975 0.00012419941576622513 0.012956604304149437
-973 -0.0001047767217127475 0.013160669212384221
-971 -1.1252236559073864e-05 0.013119079201221842
-969 -3.9108817688978396e-05 0.013171133021395637
-967 -9.690309649144978e-05 0.013135540304637766
-965 -9.021614276705147e-05 0.013110611508813973
-963 1.894164790779026e-05 0.013227706885328084
-961 -1.0405030851400644e-05 0.013199216744174616
-959 -0.00011777915431700538 0.01321708686534682
-957 -0.00011038952619406333 0.01330899387048405
-955 0.0001006897159619503 0.013339187965669658
-953 0.0001052340884218309 0.013283742789124876
-951 -3.2284418740852375e-05 0.013379594702645582
-949 -4.332928532820523e-05 0.013389829141351173
-947 3.9661688221997904e-05 0.013456981828102715
-945 -0.00010375673006993203 0.013486134632139327
-943 7.475052543656092e-05 0.013582327049796002
-941 -3.5494820778697906e-05 0.013577169954813721
-939 -2.0187892177970948e-05 0.013526612255387356
-937 -5.296170195351868e-05 0.013662544055800578
-935 8.959311672783456e-05 0.013756989929768376
-933 5.383883621584329e-05 0.013767556747006316
-931 -5.4439902543920614e-05 0.01367948005753423
-929 0.00015208270745715668 0.013756827195754195
-927 -7.543879777633537e-05 0.013757117740516937
-925 -9.892349663296898e-05 0.013714991904413587
-923 -1.3817013533910636e-05 0.01385747070263405
-921 2.1613483089801182e-05 0.013817919281524598
-919 -7.465090246077962e-05 0.014088652201609148
-917 8.480571194019579e-05 0.01401823782741001
-915 9.803401963002706e-05 0.014009207494781439
-913 4.999789113498996e-05 0.014068080031144084
-911 7.046211539883937e-06 0.01402971217970598
-909 5.105883956385077e-05 0.014113742717157296
-907 -5.886762670026219e-05 0.014092273121442945
-905 7.931604110504582e-05 0.014030947150577733
-903 5.5070655463342816e-05 0.014127946302290233
-901 4.193762457965285e-05 0.014185310951415678
-899 3.0523007486537817e-06 0.014054112633664913
-897 4.3932527995586304e-05 0.014229135908178354
-895 -2.4588990682281726e-05 0.014168039636780289
-893 0.00018654382864710038 0.014237855280130857
-891 1.4253175691805174e-05 0.014246865562446724
-889 6.313878042084628e-05 0.014236162590730506
-887 1.9704231677989815e-05 0.014263447207543651
-885 7.543259080641211e-05 0.014387621433230136
-883 2.4628488988791165e-05 0.014536773990190195
-881 1.0099753872614402e-05 0.014330391006924391
-879 -5.450529895464609e-05 0.014610046707487005
-877 -1.8295123815622977e-06 0.014624017275053131
-875 1.5863890599692108e-05 0.014580293666091019
-873 -0.00013531180471066764 0.014507299552185257
-871 -8.26194172790797e-07 0.014615632327165408
-869 0.00012188459838275924 0.014628461444599231
-867 2.2133297685795793e-05 0.014631639544493162
-865 6.319120594250181e-06 0.014655745801096805
-863 -9.438496339513135e-05 0.014707370269120834
-861 6.222187344351565e-05 0.014681402845667926
-859 1.7125560376401243e-05 0.014783662229040175
-857 7.147970280185154e-05 0.014853434362568004
-855 -4.4889794433788505e-07 0.014773829121483324
-853 -2.9172204125827957e-05 0.015076410934862733
-851 -2.9792783902019796e-05 0.015022067096006335
-849 2.16052274780969e-05 0.015116479901536741
-847 1.301981674137142e-05 0.015143923783763388
-845 -0.00013395525878495592 0.015125267006896618
-843 -0.0001245237177486986 0.015279412061553182
-841 -9.7592291414574e-05 0.015195586831516146
-839 -0.00010846212242605792 0.015224925232571107
-837 1.3385266920708336e-05 0.015235721176147013
-835 -3.446340744019028e-05 0.015153293414066042
-833 3.493830020799061e-05 0.015370269787737428
-831 -8.218612453603355e-05 0.015285700417571378
-829 -8.845615507462771e-05 0.015433488706456715
-827 -0.00017737625569751915 0.015379416792628376
-825 -0.00021397486081188824 0.015488965441030605
-823 1.632730538112771e-05 0.015592046980035934
-821 -8.745234977021812e-05 0.015632011610625083
-819 4.2563752615599866e-05 0.015641343340277527
-817 -0.00013110764174040113 0.01562244375878362
-815 4.981384920696764e-05 0.015582370249294954
-813 3.153054752380242e-05 0.015629843106463096
-811 -7.428672083073013e-05 0.01568756867015776
-809 -2.5152015133733905e-05 0.015764734702365255
-807 -3.3422426556247022e-06 0.01580048648806188
-805 -7.768529196563487e-06 0.015756683952633323
-803 5.718359843464246e-05 0.015810562941842292
-801 -3.654982366487251e-05 0.01589592238473724
-799 4.145668291735839e-05 0.016016024174716932
-797 9.548612433678216e-05 0.01608740834005166
-795 5.4191130879024906e-05 0.01589147226849939
-793 1.976810808733636e-05 0.01599329611798208
-791 3.5351803289590215e-05 0.016114379510376208
-789 3.939496290934739e-05 0.016063362072941872
-787 -0.00014167562124071877 0.01612807452619025
-785 1.9645772391391324e-05 0.016163221134213264
-783 7.902049610376019e-05 0.01630453535229401
-781 -0.00010012726049721744 0.016427322644035403
-779 6.924296177033199e-06 0.0163749979777241
-777 -5.17896294823401e-05 0.016402630473846595
-775 -1.2045067481878833e-06 0.016307892080864167
-773 3.954793504088571e-05 0.016380741814064542
-771 -7.404650284754122e-05 0.016603518980147045
-769 -7.544945062912619e-06 0.016646177744282627
-767 -1.810330571051644e-05 0.01655556306309352
-765 2.156735375788733e-05 0.016522850179894064
-763 4.703407630675993e-05 0.016718052358473248
-761 0.00018280624596433997 0.016709091013444005
-759 -4.429944959960989e-05 0.016663718001486503
-757 1.0419927875571654e-05 0.016808343609868864
-755 9.263288915321433e-05 0.01673762481828924
-753 -0.0001552073555851529 0.016837682081204917
-751 -8.402276567525267e-05 0.01697474783559886
-749 -0.00017681083926223245 0.01690014723626768
-747 -1.3922787361094902e-05 0.01693535906007479
-745 1.6415533740248285e-05 0.017053654750868046
-743 0.00011906654203763801 0.017010405671232076
-741 6.421248956326456e-05 0.017276393295873337
-739 -2.8106421336021538e-05 0.017204369904930537
-737 8.186432266832282e-05 0.01727197327700723
-735 5.572872111787503e-05 0.01735125301895433
-733 -0.00015789446959927714 0.01737499808568559
-731 -1.1732766883879305e-06 0.017284387167126995
-729 4.241855757367125e-06 0.01718038789574515
-727 -2.938046539120087e-05 0.01755784760455669
-725 -9.473293713531538e-05 0.017519766493523443
-723 5.77857259925577e-05 0.01768650582187308
-721 -7.841435959018578e-05 0.01767421682143527
-719 -3.3497081670741755e-06 0.017709341596670092
-717 -0.00019811952146427163 0.01771601584262789
-715 -0.00014503282601539824 0.017691167726171023
-713 -7.954605832612827e-05 0.017874141485686525
-711 -9.095783135582106e-05 0.017890939835701912
-709 6.724532166342753e-05 0.018003733225936968
-707 7.564898012511497e-05 0.018071830734980136
-705 -1.4113043261118826e-05 0.01808998612043124
-703 -4.721926820160011e-05 0.018188502463173155
-701 1.2113319852651137e-07 0.018233595076905695
-699 -9.31967209031598e-05 0.018283827641098697
-697 3.94915004969203e-05 0.01832424184039818
-695 9.498866222647101e-05 0.0183164216603527
-693 6.205369519124181e-06 0.01825496031115726
-691 4.1870664138456135e-05 0.018406951104695476
-689 -3.4982237952618314e-05 0.018549378287985356
-687 -2.6295933626859625e-05 0.01862190158569415
-685 3.269506298809589e-05 0.018686630438451583
-683 4.4039644390805604e-05 0.018706348346963567
-681 -4.189685277978156e-05 0.018683128115534468
-679 9.68039907941317e-05 0.018836489964810164
-677 0.00016330894760119828 0.01877222450738771
-675 1.853976822276474e-05 0.01894396441901605
-673 0.00011273254686949627 0.01908253399815811
-671 0.00015185184057340165 0.019019534553025727
-669 -4.602159699923588e-05 0.018931145511460593
-667 5.933829569979316e-05 0.019000458375776727
-665 0.0001348592186689674 0.01912062889404202
-663 -1.5377289613250786e-06 0.019209597877337753
-661 4.278196857089789e-05 0.01933894280872618
-659 2.1580492420165384e-05 0.019342247163001154
-657 -4.0091417135728445e-06 0.01936281754136578
-655 2.2980799616526747e-05 0.01944680772014094
-653 2.864615674838407e-05 0.019441580094872183
-651 -0.00015504300854291266 0.01955249708459169
-649 -2.7198885845230536e-05 0.019349852439517406
-647 -0.0001152115956013871 0.019608609867452154
-645 -0.00015786383721080882 0.019728747622491685
-643 8.0973147019516e-05 0.019784519708143513
-641 3.890468479499815e-05 0.019801204625541476
-639 8.349988655917824e-05 0.019939900492014925
-637 7.709306548764561e-05 0.019886414858608124
-635 -1.5216471632349648e-05 0.02004339481251138
-633 3.5805613169793864e-05 0.020038850131283432
-631 3.2146829891140455e-05 0.020201076953046283
-629 4.3792733877835865e-05 0.020366038916062038
-627 -3.024105504355003e-05 0.02036056199994721
-625 4.2553454678248974e-05 0.02047254718775642
-623 -0.00012287599624576356 0.020386016701199834
-621 1.7150455196135654e-05 0.02056323845889773
-619 -1.230263603826646e-05 0.0205029001625213
-617 0.00013334107969968897 0.020566855911403305
-615 0.00012107675666194171 0.02053537709474617
-613 -7.525036750897967e-05 0.020707046472336267
-611 4.534793193883433e-06 0.020801244286248917
-609 5.7074673758301994e-05 0.020870710039356703
-607 2.7653990068341816e-05 0.020939192011909323
-605 -5.7535134996963556e-05 0.021137520717070042
-603 0.0001044147298271237 0.02114604780652791
-601 -6.655038817068553e-05 0.0210349079837796
-599 -5.2804546211182144e-05 0.02121264797939499
-597 -7.068295776587232e-05 0.021340180646664642
-595 3.79977769850661e-05 0.021447401074877626
-593 -6.444680891073047e-05 0.02154295680541664
-591 -4.1650767202931605e-05 0.021545642890445933
-589 -0.00017240618139593753 0.021624931580688494
-587 -2.5017995711580137e-05 0.0217699402600179
-585 -8.420648543182194e-05 0.021787422851550286
-583 -0.00012001229722924246 0.021824329355075216
-581 -4.967105103997717e-05 0.021998837999482178
-579 -6.995471980910964e-05 0.021940827216752803
-577 4.5041695496165404e-05 0.022132175675765198
-575 8.469836652238508e-05 0.02211090616287507
-573 -6.506388367177511e-05 0.022281581044815757
-571 -0.00011558121745547513 0.02227914983346241
-569 -0.0001061461086927627 0.022317395029011217
-567 7.706833120424101e-05 0.02241853525328691
-565 6.409661359617401e-05 0.022420997487560428
-563 0.0001329540509069311 0.022558619021694922
-561 6.14456057547275e-05 0.02255137475962611
-559 -0.00017301946502290606 0.022844904301390884
-557 -8.806732024113002e-05 0.02290823756830156
-555 -7.914785780413064e-05 0.02300071152366508
-553 -6.884550094706517e-05 0.023099073252667045
-551 1.5618235704230448e-05 0.02315514803887867
-549 -0.00010045035803673023 0.02304460939222811
-547 -2.97949072617598e-05 0.023254097567207574
-545 0.00012077217263045976 0.02335331847517335
-543 -5.610524741725298e-05 0.023382932539487193
-541 -6.189167233364402e-06 0.023475894828219806
-539 0.0001748612421762516 0.023695942954717716
-537 7.974479910566518e-05 0.023682612189456123
-535 -2.7102745980147113e-05 0.023761927602535093
-533 3.922522744526589e-05 0.02383337519497285
-531 -1.635186014587392e-05 0.023970152212117835
-529 -7.202785821816763e-05 0.024078012074824368
-527 4.281740991676775e-06 0.024105855778283315
-525 -2.2084357742471172e-05 0.02418001884350541
-523 -2.6765545771359223e-05 0.02435962462316414
-521 2.9835612823904335e-05 0.024464890624992335
-519 3.598771503092397e-05 0.024506459862433775
-517 -9.690911476800723e-05 0.024629473912224642
-515 -9.960170582959388e-05 0.024651770775807588
-513 -1.794435792318349e-05 0.02486266522568467
-511 -9.787731458509404e-05 0.02498645329248881
-509 -1.658740358876375e-06 0.025047324143745015
-507 6.916616691231354e-05 0.025034391832764305
-505 -1.912051633896338e-05 0.02520399704082698
-503 -0.00012850388495999905 0.025261063171376073
-501 8.877001078291536e-05 0.025369006887610297
-499 -2.2928385060308686e-05 0.025508902102378078
-497 0.00010050288918931343 0.025630759739966112
-495 8.123062569131046e-06 0.02576610436156297
-493 5.291171806231189e-05 0.02583697263272602
-491 -3.634177824656405e-05 0.026012608148473396
-489 -1.488590934645514e-05 0.02601087217909907
-487 0.00014805853934306794 0.02603681044002876
-485 -4.364120281165119e-05 0.026221281967060188
-483 -3.3070861083599925e-06 0.02641775494766223
-481 -0.00010909207651626033 0.026616708889277103
-479 5.139276976852592e-05 0.0265935309304665
-477 -6.982486562284859e-05 0.026795781711026766
-475 -8.11512701792026e-05 0.026867955789362755
-473 -3.803214753620011e-05 0.026963366818724365
-471 -7.721211741559261e-05 0.0269843730195335
-469 7.85631224420494e-06 0.02714454664235394
-467 -1.6361451746083366e-05 0.027321102949357703
-465 5.306052712742502e-05 0.027430551331902784
-463 -1.5505260722369185e-05 0.027343607271624208
-461 0.0001705015773451318 0.027607820586574437
-459 -5.153942250263901e-05 0.027719369291334863
-457 -0.00011469919693818692 0.027859064963169557
-455 -5.08213509966837e-05 0.027970221501757896
-453 -0.0001382060215674416 0.028037461984782432
-451 7.349126825093994e-05 0.028255980887051647
-449 -6.157843602440069e-06 0.02829911860172014
-447 -6.443853430451115e-05 0.028445541569944815
-445 5.526078625738991e-06 0.028591568029882025
-443 1.5797033865697564e-05 0.02880312121418243
-441 -6.233817976109899e-05 0.02863947204801403
-439 -0.00010625526406507981 0.02880245801750201
-437 4.468674818965937e-06 0.028996452387426857
-435 1.657934271951685e-05 0.029058949998688726
-433 -1.0929087235543066e-05 0.02938620650228402
-431 -1.93420246476949e-06 0.02948315697231981
-429 3.2616705183222702e-06 0.02954800882618401
-427 4.7499305230903365e-05 0.029685992842591283
-425 -3.897664550427938e-05 0.030027973905787816
-423 -3.193421074266518e-05 0.03001941229286931
-421 -2.0826790560368905e-05 0.030243209240135856
-419 -9.246153319007389e-05 0.030343831719994465
-417 -0.00010861604563587512 0.03064943313151146
-415 -3.998291421456485e-05 0.030485403312915285
-413 -3.0724722770726745e-05 0.030716081410355995
-411 8.480816387697798e-05 0.030972494854725183
-409 4.8774866691761074e-05 0.0309994888513345
-407 -5.592300844297943e-06 0.031189516456318532
-405 -8.172849121653262e-06 0.031404117646375136
-403 4.8590096481419554e-05 0.031547930348999456
-401 -9.391836089707738e-05 0.031731187759543186
-399 -4.1078066666253656e-05 0.03180941902396271
-397 2.415591045408962e-05 0.032091792813544635
-395 -2.3889803336349083e-05 0.03219703531447792
-393 -2.4985626526373946e-05 0.03241186005843341
-391 -8.01508852731246e-05 0.032495033693148476
-389 -5.221630509058453e-07 0.03270978772409662
-387 0.00012166741662426816 0.03291264258917923
-385 0.00012495798053495467 0.03304871497380385
-383 3.444890001341024e-05 0.033212146395537934
-381 -4.997204583606284e-05 0.033397480588116084
-379 -0.00011174291301762425 0.03360674798443053
-377 -0.00011051392524089404 0.03380622349272025
-375 1.164712719957113e-05 0.03377484109991827
-373 4.163250403008103e-05 0.034085485663726565
-371 6.870448229027023e-05 0.03421339200466035
-369 -6.077045225575547e-05 0.034480350924856455
-367 -7.654775831709737e-05 0.03465115783226775
-365 1.2979625344992205e-05 0.03487057923423927
-363 1.7699604726854452e-05 0.03503867776909549
-361 5.875530889207424e-05 0.03522698701791284
-359 -2.3773416107400737e-05 0.035409319757445885
-357 3.1486039125362865e-05 0.035681966634102544
-355 -6.776629336919198e-05 0.035804182347861827
-353 2.6512952904267767e-05 0.036061807792648885
-351 -0.00011073233315229066 0.03617205183332352
-349 -0.00010466743711074572 0.0363541309443828
-347 5.1927212787322904e-05 0.03661566148352215
-345 -6.519135495345707e-05 0.036734186713427756
-343 -0.00012094888743726424 0.03697283624361547
-341 -3.103545990026257e-05 0.03729976483578409
-339 -2.372727454513524e-05 0.03766166249048813
-337 1.1251666325179878e-05 0.03791034617102707
-335 -2.5904364472964757e-05 0.03805648859412607
-333 -3.8593902873172684e-05 0.038292369709399136
-331 -9.731526544643416e-07 0.03854015594330859
-329 -4.806253240917386e-05 0.038681804039778014
-327 6.049618849322383e-05 0.039107839674247545
-325 3.196426359118819e-05 0.03927326929694054
-323 8.776451782621176e-05 0.0393119275706313
-321 4.664911011214963e-05 0.039770451872990706
-319 -1.5065058810719748e-05 0.03984709523468504
-317 9.647512477251795e-05 0.04025538930439217
-315 9.593294172157717e-05 0.04044935906205234
-313 4.918805256483273e-05 0.040686499007780104
-311 -9.015818720656946e-05 0.04083718646858266
-309 -0.00018813148602952814 0.04117526874185163
-307 0.00019010111942857846 0.04143203098982334
-305 1.7929945444692523e-05 0.04164817914012929
-303 -7.781306794478881e-05 0.042017834553639874
-301 6.589283861580508e-05 0.042325188248278585
-299 8.054188210483121e-05 0.04240947529456032
-297 2.8050851715119508e-05 0.042872519441839556
-295 -2.016716022327007e-05 0.04320244842412476
-293 1.607908476665514e-05 0.043449813063366066
-291 -4.344642175263877e-09 0.043677135183308805
-289 5.7929571393954606e-05 0.04392046875259846
-287 -4.794257874241576e-05 0.04418842039681809
-285 -1.8477775882790544e-05 0.044535537695443043
-283 -9.151450008531804e-05 0.044874619255478296
-281 -0.00013714471211291677 0.04520036025808743
-279 -6.005600666309431e-06 0.04554170365323936
-277 2.464285339148328e-05 0.0459769411420463
-275 -0.00010026896082378944 0.046320477504638
-273 -1.953715882216599e-05 0.04663175664604852
-271 -7.704850636512103e-05 0.04693180395275901
-269 -0.00012758072833548675 0.047192623383284504
-267 2.2565503659542636e-05 0.04753114518661335
-265 -4.3332426274506285e-05 0.047997256973619735
-263 -8.414921094262629e-05 0.04824229018468261
-261 -4.6569328060476016e-05 0.048687927332296065
-259 -2.5443699808853864e-05 0.049089269820399066
-257 4.671237264731489e-05 0.04947032180593809
-255 -9.765835468920081e-05 0.04981721533449097
-253 -8.839697324325221e-05 0.050230697191795015
-251 5.103475819917338e-05 0.05069281277332773
-249 2.6032935005632446e-05 0.051078257453559234
-247 -3.1501113600597884e-05 0.05160687116992871
-245 -8.872040839593055e-05 0.05197213176374533
-243 -0.0001214795816931802 0.05232495606923144
-241 1.3396362059621823e-05 0.05268730194505993
-239 4.0507845344438e-05 0.053199965966087365
-237 -3.3424539363694086e-05 0.053763401529975205
-235 4.1632462613941645e-05 0.054166957983871125
-233 5.353042610336518e-05 0.05451252746997588
-231 8.447170113113123e-05 0.05505515906287224
-229 9.16769916713282e-05 0.05551075276201528
-227 -9.172595108275004e-05 0.056013175614771864
-225 9.098803071515963e-05 0.05662953302046169
-223 -7.789289257758223e-05 0.05709430607647931
-221 -1.6974773017633083e-05 0.057574191403623645
-219 0.00010435864273474209 0.05814948070583321
-217 -1.077812763212567e-05 0.05853411744033134
-215 -7.462691913332929e-05 0.059005916425093966
-213 0.00010316765773125168 0.05973110076449441
-211 6.395696116993917e-05 0.06022951382932867
-209 -7.985892464734864e-06 0.060907118697008815
-207 5.125935957583021e-05 0.06141191951849372
-205 -5.6169603119130413e-05 0.06202726674346693
-203 -1.2422060217356e-07 0.06260601007769573
-201 3.408584388064404e-05 0.06337354082527766
-199 1.7117899375883696e-05 0.06383886165020658
-197 0.0001733150331214514 0.06444042503857901
-195 0.00014830503972272933 0.06518883658563111
-193 9.658675377947083e-05 0.06582060318223465
-191 0.00015821846081419662 0.0664904834505752
-189 3.573722805860896e-05 0.06726466577194862
-187 -7.830684253194217e-05 0.06800470350305358
-185 1.800388728026176e-05 0.06868466628524886
-183 -2.7562509988246195e-05 0.06951244318277636
-181 6.326258037762288e-05 0.07037318612662818
-179 7.316359043449434e-05 0.07103822502742084
-177 -3.771665166677839e-05 0.0718227910786853
-175 4.999089394076874e-05 0.0726084451067922
-173 0.00017096049097327682 0.07348462911599285
-171 0.00020145855763948112 0.07442868048328928
-169 0.00015342235228574635 0.07519799281405626
-167 6.445489208596619e-05 0.07601239491287683
-165 -5.579534649975593e-06 0.07695412675557711
-163 -1.0031315502250898e-06 0.0779499400771255
-161 5.0661407896393957e-05 0.0790320486214245
-159 3.360134836944195e-05 0.07992778470681769
-157 3.521446794533485e-05 0.08087327445910704
-155 7.72632225924323e-05 0.08185729126159917
-153 0.00013705831742009023 0.08308497397067334
-151 0.00010000305098305787 0.08417743641872436
-149 4.1702666343127745e-05 0.08530566418073586
-147 2.5353967974207546e-05 0.08639124430567677
-145 0.0001021064879898786 0.08753023272821128
-143 -2.203620992710409e-05 0.08877733295963271
-141 -7.887639298404793e-05 0.09017056141264868
-139 -1.5713733488321747e-05 0.09138068768570708
-137 -3.936086396171863e-05 0.09272777199194157
-135 -0.00011464957148042051 0.09411709661126197
-133 -3.158624173142803e-05 0.09546631433688675
-131 4.7927204148659475e-05 0.09693107824024517
-129 4.39424057486432e-05 0.09844786795292453
-127 0.00011081035131523843 0.09993663771433536
-125 5.991637334113148e-05 0.10145373193146213
-123 -1.1083022172521213e-05 0.10319091459362341
-121 -1.1057063457003916e-05 0.10487254353007186
-119 -1.5202838955344473e-05 0.10668223252956728
-117 1.616041141118924e-05 0.10837099168894215
-115 -4.945729929953916e-05 0.11029122054282497
-113 -3.8850865960921015e-05 0.1121788878453276
-111 -2.6811557759280844e-05 0.11419252484485977
-109 -7.911620873289614e-05 0.11633930221087953
-107 -6.957886459361883e-05 0.11838780057235618
-105 -3.3370828125757124e-05 0.12063502505439039
-103 -2.4577147490967273e-05 0.12292541480674653
-101 -7.811923393001539e-05 0.1253544916492118
-99 8.16140321660145e-05 0.12783525367539983
-97 -0.00011936313120649696 0.13052540363679604
-95 -8.894957758450966e-05 0.13305534114538978
-93 -1.96969628486201e-06 0.1358904088039371
-91 -9.684944219172493e-05 0.13890002008794275
-89 -8.961240546636964e-05 0.14213469948098512
-87 1.5588860573437327e-05 0.14535468104408455
-85 5.693196997373406e-05 0.14845045850773578
-83 1.1444075263234908e-05 0.15209980743007984
-81 -4.004113611756151e-05 0.15577917831978103
-79 -7.2961343545884925e-06 0.15964310864780298
-77 1.1022223983142513e-05 0.16360056057032688
-75 8.538511206831746e-05 0.16800212014682386
-73 0.00014040419068222493 0.17252242190212294
-71 3.5723211673909246e-05 0.1772690054709377
-69 -4.581274857903719e-05 0.18226152888675412
-67 4.6739313591936524e-05 0.18753700488044442
-65 -4.1254204481468645e-06 0.19320857417720017
-63 7.493486447247086e-05 0.1991065842162178
-61 0.00011207037196794064 0.20545522445575382
-59 7.87372590781602e-05 0.2120704686622517
-57 3.059786567319712e-05 0.21935857227959904
-55 0.0001060594418866362 0.2270070721516958
-53 -0.0001144740262432379 0.2352574025668083
-51 3.658007933645161e-05 0.24415298439910094
-49 -0.00010004549045791475 0.25377767235573445
-47 6.51307394687969e-05 0.26385431000983955
-45 -2.3154639613250163e-05 0.27496979174630215
-43 2.3725907321533166e-05 0.2871897984978321
-41 4.8774841115223496e-05 0.3000378866931811
-39 5.28538466113594e-05 0.3145153038661802
-37 -0.0001159857051487149 0.33030634480669463
-35 1.8243281972164152e-05 0.34772761428159515
-33 -1.2155562827031076e-05 0.36687462869599413
-31 -8.47756033152553e-06 0.38818069710232483
-29 -1.4028044037872844e-05 0.4119589588623181
-27 6.255259972553084e-05 0.438817882242324
-25 -7.88452428229523e-05 0.4689581497650527
-23 -4.785772576748577e-06 0.5032751285025038
-21 -4.5671460638623555e-05 0.5427751106242672
-19 -1.84040083368097e-05 0.5884184240212472
-17 -1.1808595191508322e-05 0.6418483981289964
-15 0.00012413285197259398 0.7047599741748155
-13 -7.485671481250077e-05 0.7799814307428697
-11 -6.07828592517877e-05 0.8718571710244086
-9 -3.2298956677480306e-05 0.9865851535117686
-7 -7.157148395772942e-05 1.1369058659913904
-5 6.4944819581814084e-06 1.3486286715675115
-3 -2.1823417925504036e-05 1.694223754235637
-1 -0.00027933062240240554 2.4743274923856404
1 -0.0002793306224011659 -2.4743274923856404
3 -2.182341792526241e-05 -1.6942237542356366
5 6.494481958323073e-06 -1.348628671567512
7 -7.157148395765555e-05 -1.1369058659913907
9 -3.22989566774509e-05 -0.9865851535117687
11 -6.07828592518149e-05 -0.8718571710244086
13 -7.485671481238611e-05 -0.7799814307428699
15 0.000124132851972448 -0.7047599741748155
17 -1.1808595191261117e-05 -0.6418483981289964
19 -1.8404008336890283e-05 -0.5884184240212473
21 -4.567146063870401e-05 -0.5427751106242673
23 -4.785772576614559e-06 -0.5032751285025038
25 -7.884524282303105e-05 -0.4689581497650528
27 6.255259972555945e-05 -0.438817882242324
29 -1.4028044037873187e-05 -0.41195895886231815
31 -8.477560331490646e-06 -0.3881806971023249
33 -1.2155562826996944e-05 -0.3668746286959942
35 1.824328197211247e-05 -0.34772761428159515
37 -0.00011598570514871215 -0.33030634480669463
39 5.2853846611302334e-05 -0.3145153038661801
41 4.877484111529281e-05 -0.30003788669318093
43 2.3725907321544317e-05 -0.2871897984978321
45 -2.315463961322957e-05 -0.2749697917463022
47 6.513073946877501e-05 -0.26385431000983955
49 -0.00010004549045791574 -0.25377767235573445
51 3.658007933646915e-05 -0.2441529843991009
53 -0.00011447402624319563 -0.2352574025668083
55 0.00010605944188657381 -0.22700707215169577
57 3.059786567327839e-05 -0.21935857227959907
59 7.873725907815373e-05 -0.2120704686622517
61 0.00011207037196793312 -0.20545522445575382
63 7.493486447253103e-05 -0.19910658421621782
65 -4.1254204482118895e-06 -0.1932085741772002
67 4.67393135919551e-05 -0.18753700488044442
69 -4.581274857904519e-05 -0.18226152888675412
71 3.572321167390172e-05 -0.1772690054709377
73 0.00014040419068214583 -0.17252242190212297
75 8.538511206831864e-05 -0.16800212014682386
77 1.1022223983155933e-05 -0.16360056057032668
79 -7.296134354514891e-06 -0.15964310864780226
81 -4.004113611749296e-05 -0.15577917831978172
83 1.1444075263230036e-05 -0.15209980743007998
85 5.693196997373921e-05 -0.14845045850773578
87 1.558886057340527e-05 -0.14535468104408447
89 -8.961240546637457e-05 -0.14213469948098512
91 -9.684944219172557e-05 -0.1389000200879428
93 -1.969696284862884e-06 -0.1358904088039371
95 -8.894957758452238e-05 -0.1330553411453898
97 -0.0001193631312064007 -0.13052540363679604
99 8.161403216596107e-05 -0.12783525367539986
101 -7.811923393004531e-05 -0.12535449164921178
103 -2.4577147490899622e-05 -0.12292541480674647
105 -3.3370828125741606e-05 -0.12063502505439042
107 -6.957886459359618e-05 -0.11838780057235622
109 -7.911620873288127e-05 -0.11633930221087951
111 -2.6811557759302897e-05 -0.11419252484485974
113 -3.885086596093113e-05 -0.11217888784532762
115 -4.945729929956117e-05 -0.11029122054282499
117 1.6160411411195307e-05 -0.10837099168894221
119 -1.5202838955416417e-05 -0.10668223252956743
121 -1.1057063456903353e-05 -0.10487254353007183
123 -1.1083022172521742e-05 -0.1031909145936234
125 5.991637334111864e-05 -0.10145373193146211
127 0.00011081035131529038 -0.09993663771433531
129 4.3942405748673816e-05 -0.09844786795292455
131 4.792720414864906e-05 -0.09693107824024519
133 -3.1586241731391006e-05 -0.09546631433688677
135 -0.00011464957148044308 -0.09411709661126194
137 -3.936086396164828e-05 -0.09272777199194154
139 -1.5713733488365962e-05 -0.09138068768570712
141 -7.88763929841199e-05 -0.0901705614126486
143 -2.20362099270122e-05 -0.08877733295963258
145 0.00010210648798994281 -0.08753023272821135
147 2.535396797418349e-05 -0.08639124430567681
149 4.17026663431086e-05 -0.08530566418073585
151 0.00010000305098310978 -0.08417743641872434
153 0.00013705831742011058 -0.08308497397067337
155 7.72632225924123e-05 -0.0818572912615992
157 3.5214467945403596e-05 -0.08087327445910714
159 3.360134836925869e-05 -0.07992778470681823
161 5.0661407896246654e-05 -0.07903204862142459
163 -1.0031315502021115e-06 -0.07794994007712547
165 -5.579534649968673e-06 -0.07695412675557708
167 6.445489208595787e-05 -0.07601239491287681
169 0.00015342235228570618 -0.07519799281405627
171 0.00020145855763950633 -0.07442868048328927
173 0.00017096049097329154 -0.07348462911599284
175 4.999089394074808e-05 -0.07260844510679218
177 -3.7716651666791495e-05 -0.07182279107868532
179 7.316359043452728e-05 -0.07103822502742081
181 6.326258037761639e-05 -0.0703731861266282
183 -2.7562509988243443e-05 -0.06951244318277641
185 1.8003887280236344e-05 -0.06868466628524887
187 -7.830684253195294e-05 -0.06800470350305358
189 3.5737228058599214e-05 -0.06726466577194859
191 0.00015821846081422048 -0.06649048345057523
193 9.658675377945179e-05 -0.06582060318223464
195 0.00014830503972269713 -0.0651888365856311
197 0.00017331503312150698 -0.064440425038579
199 1.711789937598828e-05 -0.06383886165020657
201 3.408584388063159e-05 -0.06337354082527759
203 -1.242206021072204e-07 -0.06260601007769571
205 -5.6169603119146026e-05 -0.06202726674346693
207 5.125935957581719e-05 -0.06141191951849372
209 -7.985892464720079e-06 -0.06090711869700882
211 6.395696116993774e-05 -0.060229513829328674
213 0.000103167657731238 -0.059731100764494435
215 -7.4626919133351e-05 -0.05900591642509396
217 -1.0778127632107429e-05 -0.05853411744033134
219 0.00010435864273472371 -0.05814948070583322
221 -1.697477301764615e-05 -0.057574191403623666
223 -7.789289257762635e-05 -0.05709430607647931
225 9.098803071512146e-05 -0.056629533020461684
227 -9.172595108271801e-05 -0.05601317561477182
229 9.167699167136542e-05 -0.055510752762015274
231 8.447170113115612e-05 -0.05505515906287221
233 5.353042610337044e-05 -0.05451252746997587
235 4.163246261397512e-05 -0.05416695798387111
237 -3.3424539363680594e-05 -0.053763401529975226
239 4.050784534440775e-05 -0.05319996596608736
241 1.3396362059793355e-05 -0.052687301945060015
243 -0.00012147958169313568 -0.05232495606923139
245 -8.872040839593e-05 -0.051972131763745336
247 -3.1501113600597207e-05 -0.05160687116992867
249 2.6032935005660964e-05 -0.05107825745355917
251 5.1034758199184954e-05 -0.050692812773327746
253 -8.839697324325026e-05 -0.050230697191795015
255 -9.765835468919268e-05 -0.04981721533449095
257 4.671237264734556e-05 -0.049470321805938126
259 -2.544369980887981e-05 -0.04908926982039906
261 -4.6569328060491635e-05 -0.04868792733229607
263 -8.414921094257317e-05 -0.04824229018468262
265 -4.333242627450672e-05 -0.047997256973619735
267 2.2565503659521422e-05 -0.04753114518661335
269 -0.00012758072833548616 -0.04719262338328452
271 -7.704850636513778e-05 -0.04693180395275903
273 -1.9537158822140036e-05 -0.046631756646048524
275 -0.00010026896082379502 -0.04632047750463797
277 2.4642853391493125e-05 -0.045976941142046285
279 -6.005600666093122e-06 -0.04554170365323929
281 -0.00013714471211296643 -0.045200360258087414
283 -9.151450008538186e-05 -0.04487461925547832
285 -1.847777588271922e-05 -0.04453553769544311
287 -4.7942578742485585e-05 -0.04418842039681811
289 5.792957139386349e-05 -0.04392046875259848
291 -4.344642143296854e-09 -0.04367713518330871
293 1.6079084766632908e-05 -0.04344981306336603
295 -2.016716022326959e-05 -0.04320244842412476
297 2.8050851715137197e-05 -0.04287251944183958
299 8.054188210485658e-05 -0.042409475294560316
301 6.58928386158005e-05 -0.042325188248278585
303 -7.781306794476228e-05 -0.04201783455363989
305 1.7929945444677195e-05 -0.04164817914012932
307 0.00019010111942861535 -0.04143203098982335
309 -0.0001881314860295496 -0.04117526874185166
311 -9.015818720661795e-05 -0.04083718646858265
313 4.9188052564795335e-05 -0.040686499007780104
315 9.593294172164092e-05 -0.0404493590620523
317 9.647512477249244e-05 -0.040255389304392125
319 -1.5065058810905018e-05 -0.03984709523468509
321 4.664911011255161e-05 -0.03977045187299048
323 8.77645178263273e-05 -0.039311927570631275
325 3.196426359122492e-05 -0.039273269296940534
327 6.0496188493247776e-05 -0.03910783967424754
329 -4.806253240918663e-05 -0.03868180403977799
331 -9.731526544555816e-07 -0.03854015594330861
333 -3.859390287313118e-05 -0.038292369709399136
335 -2.5904364472975483e-05 -0.03805648859412608
337 1.1251666325179162e-05 -0.0379103461710271
339 -2.3727274545154956e-05 -0.03766166249048812
341 -3.103545990027486e-05 -0.037299764835784066
343 -0.00012094888743720216 -0.036972836243615435
345 -6.519135495343933e-05 -0.03673418671342778
347 5.1927212787341484e-05 -0.03661566148352216
349 -0.00010466743711075176 -0.036354130944382834
351 -0.00011073233315232476 -0.03617205183332352
353 2.6512952904231653e-05 -0.03606180779264883
355 -6.776629336924268e-05 -0.03580418234786179
357 3.148603912535208e-05 -0.03568196663410251
359 -2.3773416107253875e-05 -0.03540931975744575
361 5.875530889214487e-05 -0.03522698701791288
363 1.769960472684303e-05 -0.03503867776909553
365 1.2979625345007169e-05 -0.034870579234239224
367 -7.654775831711589e-05 -0.034651157832267715
369 -6.077045225576987e-05 -0.034480350924856455
371 6.87044822902951e-05 -0.03421339200466036
373 4.1632504030051146e-05 -0.03408548566372656
375 1.1647127199575551e-05 -0.03377484109991825
377 -0.00011051392524084102 -0.03380622349272028
379 -0.00011174291301766856 -0.0336067479844305
381 -4.9972045836115775e-05 -0.03339748058811607
383 3.4448900013439304e-05 -0.03321214639553795
385 0.00012495798053491805 -0.0330487149738038
387 0.0001216674166242947 -0.03291264258917924
389 -5.221630509045832e-07 -0.03270978772409661
391 -8.01508852731418e-05 -0.03249503369314845
393 -2.4985626526391943e-05 -0.03241186005843343
395 -2.388980333637439e-05 -0.03219703531447791
397 2.415591045406061e-05 -0.03209179281354453
399 -4.107806666615898e-05 -0.03180941902396281
401 -9.391836089696753e-05 -0.03173118775954345
403 4.859009648137272e-05 -0.0315479303489995
405 -8.172849121698267e-06 -0.03140411764637512
407 -5.592300844284119e-06 -0.03118951645631855
409 4.8774866691788965e-05 -0.03099948885133452
411 8.48081638770002e-05 -0.030972494854725183
413 -3.072472277076054e-05 -0.03071608141035597
415 -3.998291421455235e-05 -0.0304854033129153
417 -0.00010861604563588054 -0.03064943313151143
419 -9.246153319010175e-05 -0.03034383171999449
421 -2.0826790560337565e-05 -0.03024320924013582
423 -3.193421074269396e-05 -0.030019412292869297
425 -3.8976645504339096e-05 -0.030027973905787833
427 4.749930523087366e-05 -0.02968599284259126
429 3.2616705183571138e-06 -0.029548008826184014
431 -1.9342024647898155e-06 -0.02948315697231984
433 -1.092908723557513e-05 -0.029386206502284
435 1.657934271952443e-05 -0.029058949998688716
437 4.468674818956926e-06 -0.02899645238742689
439 -0.00010625526406503802 -0.028802458017501944
441 -6.23381797610437e-05 -0.02863947204801408
443 1.5797033865706095e-05 -0.02880312121418246
445 5.526078625745313e-06 -0.028591568029882025
447 -6.443853430452213e-05 -0.028445541569944777
449 -6.157843602453217e-06 -0.02829911860172014
451 7.349126825095398e-05 -0.02825598088705165
453 -0.00013820602156742296 -0.02803746198478242
455 -5.082135099671309e-05 -0.027970221501757916
457 -0.00011469919693820241 -0.02785906496316957
459 -5.153942250262903e-05 -0.02771936929133485
461 0.00017050157734512729 -0.02760782058657444
463 -1.550526072238183e-05 -0.027343607271624236
465 5.306052712741806e-05 -0.027430551331902787
467 -1.6361451746066486e-05 -0.027321102949357686
469 7.856312244219376e-06 -0.027144546642353926
471 -7.721211741560756e-05 -0.026984373019533468
473 -3.803214753623239e-05 -0.02696336681872433
475 -8.115127017918908e-05 -0.026867955789362727
477 -6.982486562274602e-05 -0.026795781711026787
479 5.139276976871559e-05 -0.02659353093046666
481 -0.00010909207651632104 -0.02661670888927719
483 -3.3070861083496705e-06 -0.026417754947662166
485 -4.364120281167721e-05 -0.02622128196706019
487 0.0001480585393430468 -0.026036810440028733
489 -1.4885909346496077e-05 -0.026010872179099028
491 -3.6341778246536534e-05 -0.02601260814847338
493 5.291171806233126e-05 -0.02583697263272602
495 8.123062569154878e-06 -0.025766104361562955
497 0.00010050288918934705 -0.025630759739966112
499 -2.292838506029272e-05 -0.025508902102378096
501 8.877001078289838e-05 -0.025369006887610283
503 -0.00012850388495997924 -0.025261063171376063
505 -1.912051633899333e-05 -0.02520399704082698
507 6.916616691234832e-05 -0.025034391832764288
509 -1.658740358876951e-06 -0.025047324143745005
511 -9.787731458513657e-05 -0.0249864532924888
513 -1.7944357923206613e-05 -0.024862665225684664
515 -9.960170582957355e-05 -0.02465177077580762
517 -9.690911476802839e-05 -0.02462947391222465
519 3.5987715030828796e-05 -0.02450645986243372
521 2.9835612823914425e-05 -0.02446489062499236
523 -2.67655457713301e-05 -0.024359624623164156
525 -2.2084357742463075e-05 -0.024180018843505402
527 4.2817409916748e-06 -0.024105855778283326
529 -7.202785821817023e-05 -0.024078012074824375
531 -1.635186014586599e-05 -0.023970152212117835
533 3.922522744527604e-05 -0.023833375194972833
535 -2.710274598013769e-05 -0.023761927602535073
537 7.974479910567413e-05 -0.023682612189456116
539 0.00017486124217627792 -0.0236959429547177
541 -6.189167233354597e-06 -0.02347589482821982
543 -5.610524741725631e-05 -0.023382932539487193
545 0.00012077217263046228 -0.02335331847517336
547 -2.9794907261745995e-05 -0.023254097567207522
549 -0.00010045035803675927 -0.023044609392228108
551 1.561823570425231e-05 -0.023155148038878682
553 -6.884550094705476e-05 -0.023099073252667038
555 -7.914785780415928e-05 -0.023000711523665052
557 -8.806732024116716e-05 -0.022908237568301584
559 -0.00017301946502279212 -0.022844904301390755
561 6.144560575470088e-05 -0.022551374759626073
563 0.00013295405090689292 -0.022558619021694933
565 6.409661359616503e-05 -0.022420997487560445
567 7.706833120425279e-05 -0.022418535253286916
569 -0.0001061461086927873 -0.022317395029011214
571 -0.00011558121745544005 -0.022279149833462422
573 -6.506388367183202e-05 -0.022281581044815736
575 8.469836652240026e-05 -0.022110906162875022
577 4.504169549620932e-05 -0.02213217567576525
579 -6.995471980916722e-05 -0.021940827216752834
581 -4.9671051039956345e-05 -0.021998837999482174
583 -0.00012001229722925601 -0.021824329355075243
585 -8.420648543180796e-05 -0.021787422851550307
587 -2.5017995711624437e-05 -0.021769940260017856
589 -0.00017240618139593598 -0.021624931580688494
591 -4.165076720294477e-05 -0.021545642890445953
593 -6.444680891071533e-05 -0.021542956805416624
595 3.79977769850826e-05 -0.021447401074877595
597 -7.068295776584802e-05 -0.021340180646664694
599 -5.280454621116087e-05 -0.02121264797939499
601 -6.655038817065067e-05 -0.02103490798377951
603 0.0001044147298271644 -0.021146047806527936
605 -5.753513499695681e-05 -0.021137520717070042
607 2.7653990068353434e-05 -0.02093919201190928
609 5.7074673758331376e-05 -0.020870710039356716
611 4.534793193862193e-06 -0.020801244286248903
613 -7.525036750899834e-05 -0.020707046472336243
615 0.00012107675666194834 -0.020535377094746156
617 0.0001333410796997087 -0.02056685591140333
619 -1.2302636038297897e-05 -0.020502900162521313
621 1.7150455196128e-05 -0.020563238458897716
623 -0.00012287599624576215 -0.02038601670119985
625 4.255345467822063e-05 -0.020472547187756467
627 -3.0241055043555716e-05 -0.020360561999947204
629 4.379273387783887e-05 -0.02036603891606203
631 3.214682989114705e-05 -0.020201076953046286
633 3.5805613169833464e-05 -0.020038850131283426
635 -1.5216471632356173e-05 -0.020043394812511394
637 7.709306548758487e-05 -0.01988641485860816
639 8.349988655915616e-05 -0.019939900492014898
641 3.8904684794922643e-05 -0.019801204625541365
643 8.097314701944779e-05 -0.01978451970814348
645 -0.00015786383721081294 -0.01972874762249169
647 -0.0001152115956013642 -0.01960860986745218
649 -2.719888584520119e-05 -0.019349852439517416
651 -0.00015504300854289718 -0.019552497084591697
653 2.8646156748352684e-05 -0.01944158009487218
655 2.298079961654459e-05 -0.019446807720140923
657 -4.0091417135532975e-06 -0.019362817541365766
659 2.1580492420149544e-05 -0.01934224716300117
661 4.2781968570887864e-05 -0.019338942808726178
663 -1.5377289613142493e-06 -0.019209597877337725
665 0.00013485921866897207 -0.01912062889404199
667 5.9338295699803897e-05 -0.019000458375776724
669 -4.602159699924804e-05 -0.018931145511460596
671 0.00015185184057339067 -0.019019534553025713
673 0.00011273254686948977 -0.01908253399815815
675 1.853976822275137e-05 -0.018943964419016055
677 0.0001633089476011807 -0.018772224507387674
679 9.680399079418104e-05 -0.018836489964810275
681 -4.189685277975404e-05 -0.018683128115534523
683 4.403964439081248e-05 -0.01870634834696356
685 3.269506298809753e-05 -0.018686630438451597
687 -2.6295933626899493e-05 -0.01862190158569414
689 -3.4982237952656275e-05 -0.018549378287985367
691 4.187066413846215e-05 -0.018406951104695493
693 6.205369519109422e-06 -0.01825496031115727
695 9.498866222653461e-05 -0.01831642166035273
697 3.949150049686738e-05 -0.018324241840398218
699 -9.319672090307184e-05 -0.018283827641098666
701 1.2113319853270488e-07 -0.018233595076905775
703 -4.7219268201670904e-05 -0.018188502463173196
705 -1.4113043261184039e-05 -0.018089986120431223
707 7.5648980125118e-05 -0.018071830734980074
709 6.724532166351807e-05 -0.01800373322593698
711 -9.095783135589111e-05 -0.017890939835701884
713 -7.954605832608344e-05 -0.01787414148568652
715 -0.00014503282601543974 -0.01769116772617105
717 -0.00019811952146423778 -0.017716015842627914
719 -3.349708167134784e-06 -0.017709341596669932
721 -7.841435959019563e-05 -0.017674216821435242
723 5.77857259925156e-05 -0.017686505821873068
725 -9.473293713530183e-05 -0.01751976649352343
727 -2.938046539119156e-05 -0.017557847604556708
729 4.24185575740167e-06 -0.017180387895745202
731 -1.1732766883843933e-06 -0.017284387167127022
733 -0.0001578944695992852 -0.017374998085685576
735 5.5728721117875624e-05 -0.017351253018954262
737 8.186432266837565e-05 -0.017271973277007233
739 -2.8106421336019142e-05 -0.017204369904930534
741 6.421248956328373e-05 -0.01727639329587334
743 0.00011906654203761962 -0.017010405671232062
745 1.641553374023586e-05 -0.017053654750868005
747 -1.3922787361075481e-05 -0.01693535906007481
749 -0.0001768108392622305 -0.01690014723626765
751 -8.402276567522768e-05 -0.016974747835598894
753 -0.000155207355585118 -0.01683768208120494
755 9.263288915322382e-05 -0.0167376248182892
757 1.041992787561812e-05 -0.016808343609868902
759 -4.429944959964504e-05 -0.016663718001486555
761 0.000182806245964302 -0.016709091013444054
763 4.703407630677116e-05 -0.01671805235847327
765 2.1567353757855778e-05 -0.016522850179894046
767 -1.8103305710508994e-05 -0.01655556306309351
769 -7.544945062904305e-06 -0.01664617774428263
771 -7.404650284756703e-05 -0.016603518980147065
773 3.954793504089916e-05 -0.01638074181406454
775 -1.2045067481985085e-06 -0.016307892080864174
777 -5.1789629482317266e-05 -0.016402630473846592
779 6.924296176989035e-06 -0.016374997977724088
781 -0.00010012726049724194 -0.01642732264403542
783 7.902049610374874e-05 -0.016304535352293988
785 1.964577239138854e-05 -0.016163221134213257
787 -0.0001416756212407152 -0.016128074526190247
789 3.939496290936784e-05 -0.016063362072941872
791 3.5351803289608334e-05 -0.01611437951037624
793 1.9768108087319746e-05 -0.015993296117982125
795 5.419113087896577e-05 -0.015891472268499303
797 9.548612433689672e-05 -0.016087408340051675
799 4.145668291731463e-05 -0.01601602417471764
801 -3.654982366519857e-05 -0.015895922384737173
803 5.718359843463813e-05 -0.015810562941842368
805 -7.768529196600024e-06 -0.015756683952633247
807 -3.3422426556175364e-06 -0.015800486488061892
809 -2.5152015133718388e-05 -0.015764734702365234
811 -7.42867208306911e-05 -0.01568756867015774
813 3.1530547523818233e-05 -0.015629843106463124
815 4.981384920697297e-05 -0.015582370249294956
817 -0.00013110764174040018 -0.015622443758783612
819 4.256375261561052e-05 -0.015641343340277516
821 -8.745234977021232e-05 -0.015632011610625086
823 1.6327305381134034e-05 -0.01559204698003595
825 -0.00021397486081187617 -0.015488965441030584
827 -0.00017737625569753083 -0.015379416792628374
829 -8.845615507463748e-05 -0.01543348870645672
831 -8.218612453608299e-05 -0.015285700417571393
833 3.4938300207973725e-05 -0.015370269787737404
835 -3.446340744018688e-05 -0.015153293414066052
837 1.3385266920697474e-05 -0.015235721176146981
839 -0.0001084621224259958 -0.015224925232571148
841 -9.759229141455751e-05 -0.0151955868315161
843 -0.0001245237177486839 -0.015279412061553106
845 -0.00013395525878492104 -0.015125267006896643
847 1.3019816741341542e-05 -0.01514392378376341
849 2.1605227478093634e-05 -0.01511647990153672
851 -2.9792783901952277e-05 -0.015022067096006344
853 -2.9172204125800448e-05 -0.01507641093486279
855 -4.488979443835215e-07 -0.014773829121483327
857 7.147970280185695e-05 -0.014853434362567993
859 1.7125560376430178e-05 -0.014783662229040154
861 6.222187344354541e-05 -0.014681402845667893
863 -9.438496339513641e-05 -0.014707370269120883
865 6.319120594231712e-06 -0.01465574580109678
867 2.2133297685811737e-05 -0.014631639544493145
869 0.0001218845983827995 -0.014628461444599238
871 -8.26194172802154e-07 -0.014615632327165416
873 -0.0001353118047106682 -0.01450729955218524
875 1.5863890599677495e-05 -0.01458029366609101
877 -1.8295123815733938e-06 -0.014624017275053115
879 -5.4505298954629885e-05 -0.014610046707486824
881 1.0099753872618659e-05 -0.014330391006924351
883 2.462848898882096e-05 -0.01453677399019019
885 7.54325908064063e-05 -0.01438762143323013
887 1.9704231677956367e-05 -0.014263447207543639
889 6.313878042083797e-05 -0.014236162590730515
891 1.4253175691812102e-05 -0.014246865562446729
893 0.0001865438286470911 -0.014237855280130817
895 -2.458899068226909e-05 -0.0141680396367803
897 4.393252799560938e-05 -0.01422913590817831
899 3.0523007486617387e-06 -0.014054112633664934
901 4.193762457968931e-05 -0.014185310951415701
903 5.507065546330797e-05 -0.014127946302290197
905 7.93160411050308e-05 -0.014030947150577714
907 -5.8867626700263364e-05 -0.01409227312144294
909 5.105883956385225e-05 -0.014113742717157316
911 7.046211539867573e-06 -0.014029712179706022
913 4.9997891134995686e-05 -0.014068080031144091
915 9.803401963002438e-05 -0.014009207494781416
917 8.480571194018394e-05 -0.014018237827410018
919 -7.46509024607326e-05 -0.014088652201609191
921 2.161348308989757e-05 -0.013817919281524612
923 -1.3817013533921495e-05 -0.013857470702634066
925 -9.892349663297308e-05 -0.013714991904413608
927 -7.543879777632882e-05 -0.013757117740516911
929 0.0001520827074571859 -0.013756827195754205
931 -5.443990254390395e-05 -0.013679480057534209
933 5.383883621584476e-05 -0.013767556747006287
935 8.959311672785093e-05 -0.013756989929768391
937 -5.29617019534712e-05 -0.013662544055800594
939 -2.0187892177991534e-05 -0.013526612255387354
941 -3.549482077870559e-05 -0.013577169954813709
943 7.475052543651629e-05 -0.013582327049796006
945 -0.00010375673006995372 -0.013486134632139334
947 3.966168822199972e-05 -0.013456981828102699
949 -4.3329285328218204e-05 -0.013389829141351204
951 -3.2284418740836606e-05 -0.013379594702645551
953 0.00010523408842185898 -0.013283742789124852
955 0.00010068971596194182 -0.013339187965669694
957 -0.00011038952619410325 -0.013308993870483999
959 -0.00011777915431685568 -0.013217086865347033
961 -1.0405030851295788e-05 -0.013199216744174697
963 1.8941647907752576e-05 -0.013227706885328068
965 -9.021614276702493e-05 -0.013110611508813978
967 -9.690309649146287e-05 -0.013135540304637752
969 -3.9108817688962526e-05 -0.013171133021395625
971 -1.1252236559109432e-05 -0.013119079201221833
973 -0.0001047767217128114 -0.013160669212384195
975 0.00012419941576624898 -0.012956604304149466
977 1.375122843859335e-05 -0.012947072785016922
979 2.7969799600239908e-05 -0.013052765810328283
981 0.0001147097622570993 -0.013008578247684994
983 0.00018260725303674354 -0.013057951643847465
985 -7.648107644426631e-05 -0.012777265438312414
987 9.056040077453078e-05 -0.012836190959474518
989 -7.156721853244228e-05 -0.012753802898773583
991 -2.5008362675578285e-05 -0.01279436866086616
993 5.635779171947014e-05 -0.012773211574762
995 2.3218215849563324e-05 -0.012839701984221484
997 0.00016642808639972373 -0.012708945708804108
999 -0.00012271347558585527 -0.012682171939923293
1001 -4.930757080337394e-05 -0.012811826446332645
1003 -6.321999889386249e-05 -0.012614115088863955
1005 2.7765074639097223e-05 -0.012786962227737357
1007 8.27391906039441e-05 -0.012671607227759252
1009 -3.3503273598507166e-05 -0.012729946720091187
1011 6.1058318224324235e-06 -0.012623105125812401
1013 5.476916139351269e-05 -0.01251868172196954
1015 -4.665310405721778e-05 -0.012557407895327001
1017 0.00012465075715582832 -0.012456338432744303
1019 -1.412027361386723e-05 -0.012672420902289695
1021 -5.7491393508794705e-05 -0.01253968232286884
1023 -0.000103461550770552 -0.012479473130356022
1025 -4.0842286906769656e-05 -0.012440901123408976
1027 1.3953956376003697e-05 -0.012454177423330229
1029 5.462437121208807e-05 -0.012498061049097148
1031 2.9706911437942483e-06 -0.012305588052261366
1033 6.329648772093766e-05 -0.0123253783429937
1035 -0.00010129222379866832 -0.01216678798020071
1037 3.658198753668986e-05 -0.01216400090149562
1039 8.902336844516281e-05 -0.012178444170122859
1041 6.002512962794356e-05 -0.012196256366779384
1043 8.663738531448746e-05 -0.01229157781736306
1045 0.0001311782142286341 -0.012202274734358795
1047 1.625698406109665e-05 -0.012008027071739502
1049 -2.6666894538023426e-06 -0.012175527619205087
1051 4.149852353323817e-05 -0.012097043853344052
1053 9.727441289867873e-05 -0.012110870433522877
1055 -7.486476383085011e-05 -0.012111492317153314
1057 1.617600763674781e-06 -0.0120148526243597
1059 6.63601439356574e-05 -0.011968732344025517
1061 -0.00010477503457064321 -0.011973181374687652
1063 0.00010802035082644476 -0.011918308176393506
1065 -7.845353455244962e-05 -0.011942858917358669
1067 9.611913223524965e-05 -0.011899516662389623
1069 8.523615589814377e-05 -0.011871458057144008
1071 -3.510168948292343e-05 -0.011767800052853675
1073 3.1618472254826656e-05 -0.01185164583357507
1075 7.484715611442851e-06 -0.011968604628407464
1077 0.00020727341024171777 -0.011834134949059397
1079 0.0001694450560983651 -0.011865795255981375
1081 6.104098600545778e-05 -0.011809565061710485
1083 9.348050105697737e-05 -0.011786432490132184
1085 3.317501422245262e-05 -0.0117791134272024
1087 4.4981479238872445e-05 -0.011654485518203922
1089 -0.00014165519331992547 -0.0117383519930678
1091 -3.1407376931214525e-05 -0.011740433788254002
1093 2.155365400478821e-05 -0.011665814481525906
1095 6.021331178442622e-05 -0.011661133606266857
1097 5.714682394983836e-05 -0.01155278254422844
1099 6.768330761162706e-05 -0.011491060164913988
1101 6.326560514847063e-05 -0.01159878142604165
1103 1.4245479043927732e-06 -0.011581645131512773
1105 0.00011869983712760012 -0.01150869646977234
1107 8.195159384907576e-05 -0.011529189048738082
1109 3.406232035811828e-05 -0.01146781464312344
1111 4.106512026308855e-05 -0.011545302753305176
1113 -4.414853395258027e-06 -0.011389263947189289
1115 -4.321285941908201e-05 -0.01148549059745857
1117 0.00011296737001535224 -0.011409194273779202
1119 1.0936666821057185e-06 -0.011426248363204227
1121 -6.309851836170356e-05 -0.01145319002134354
1123 -0.0001444076247034379 -0.01141474288273424
1125 -5.003517029541337e-05 -0.011492935967859446
1127 -7.162981067209823e-05 -0.011376703294299568
1129 -0.00010531317045809504 -0.011297216513298097
1131 -7.955635582110723e-05 -0.011364020063715008
1133 -4.9799120839898575e-05 -0.011288385503670725
1135 3.869924410892845e-05 -0.011203491101761422
1137 0.00010287665380710021 -0.01123141258327131
1139 -1.7350438649558708e-05 -0.01131839762042514
1141 1.035460899457937e-05 -0.011025112030894721
1143 4.784306328917514e-06 -0.011096756238044377
1145 4.2879864385969045e-07 -0.011210813541446795
1147 -5.336082610999591e-05 -0.011097088645811212
1149 -3.228029581075645e-05 -0.011092865171988599
1151 -1.7698607526868004e-05 -0.011020457174250882
1153 -0.00013961786711348868 -0.010996321363811568
1155 -6.93397321435729e-05 -0.01092890362360249
1157 -8.881202916058805e-05 -0.010903087531289378
1159 -9.174966748177508e-05 -0.010881085515094029
1161 -0.0001722126699364376 -0.011010973515449917
1163 -0.00011306491250234266 -0.010910657947721617
1165 -6.244531230492983e-05 -0.01095661776812707
1167 -0.00017088991668412062 -0.011000708549826333
1169 -9.958846883117173e-05 -0.010870001551021012
1171 -0.00021021519687885643 -0.010940583682068824
1173 -0.00012136007915167968 -0.01079835021774772
1175 1.759535030696369e-05 -0.010944499410145577
1177 1.7475844783283316e-05 -0.010842232937947721
1179 0.00012949594486625287 -0.010810755490510348
1181 4.392970528524103e-05 -0.010859095567962239
1183 2.7983427970028407e-05 -0.010660572109084044
1185 1.5796289046989627e-05 -0.010716611761078318
1187 3.726542114010056e-06 -0.010861206272015074
1189 -9.046575569341038e-05 -0.010697561550193822
1191 -0.00010943070266605608 -0.010759839254636408
1193 -0.00015635853752402924 -0.010767688922417421
1195 4.790404072553776e-05 -0.010620309755788943
1197 8.673088503582236e-05 -0.010662772511969358
1199 -6.21404886422357e-05 -0.010528542816298427
1201 -4.5898121237294184e-05 -0.01051324435621264
1203 2.0682067149401056e-05 -0.010543649720968858
1205 8.907687416497245e-05 -0.01052589195311605
1207 0.0001909883560384974 -0.01054630184057703
1209 0.00010233938720571374 -0.010548352648975091
1211 0.00012778323608983973 -0.010468863967359136
1213 -8.668079363996258e-05 -0.010479643540738858
1215 6.436098014728494e-05 -0.010479097868135187
1217 7.475985967899332e-05 -0.01041028502065743
1219 -3.831598502136702e-05 -0.010450069047268293
1221 5.38933768054133e-05 -0.01042234484192573
1223 -9.052757326725034e-05 -0.010362772428151043
1225 -5.7376902603623625e-05 -0.01042518700053893
1227 1.923415870541248e-05 -0.010317543617700205
1229 -7.680454654182191e-05 -0.010339127984236796
1231 -4.15557085943028e-07 -0.010285453605062882
1233 -8.171018334485457e-05 -0.010273994650031119
1235 8.078494446388879e-05 -0.01036027931580487
1237 -5.730374963993432e-06 -0.010214464853658371
1239 -1.1122864871659071e-05 -0.010326522939633112
1241 -5.3436443339902395e-05 -0.010162789388798384
1243 0.00011235270870347934 -0.010239224167986736
1245 3.170744538957469e-05 -0.010196028626777409
1247 -9.74513320084245e-05 -0.010171608289045802
1249 -5.308119801320946e-05 -0.010224202969296308
1251 -0.00011193370369024111 -0.010311860560146052
1253 -7.937110981616404e-05 -0.010114009524121004
1255 -1.7132566777632366e-05 -0.010029539212584279
1257 3.6614553588862345e-05 -0.010156639067849705
1259 -0.0001033611273558385 -0.01008176592080072
1261 -2.5314570514766284e-06 -0.009947397656697436
1263 3.284326454871603e-05 -0.010134181773107508
1265 -2.8846953319954216e-05 -0.010097424489338836
1267 -2.6352757496372046e-05 -0.009955960230113288
1269 -6.148835717756654e-05 -0.010020760240152719
1271 3.0614500100966676e-07 -0.01002997522451662
1273 1.0808829927524669e-05 -0.009976088322024233
1275 0.0001222833475083861 -0.00989092928106925
1277 -4.308801591340597e-05 -0.009963873272832456
1279 -4.1873279465893444e-05 -0.00996429159439363
1281 -0.00013288160092464626 -0.009846843631104444
1283 -2.67772243733378e-06 -0.009856521598587461
1285 -0.00012572688250662647 -0.009983685830678803
1287 -9.725995658361046e-05 -0.009862288153749552
1289 2.974166187388394e-05 -0.009820304902272536
1291 1.8596116227289657e-05 -0.009743287172778834
1293 -8.496234213675039e-05 -0.0098381366398683
1295 5.190147242149909e-05 -0.009751088161240182
1297 -4.15473029393988e-05 -0.009694965344783119
1299 -7.832661275942704e-05 -0.00976614132679842
1301 -2.477535378393296e-05 -0.009712141688529812
1303 -2.6530581219923768e-05 -0.009690283221260509
1305 -2.3996581655238313e-05 -0.009693892268692788
1307 0.00011825108764381655 -0.00976236484110079
1309 3.401367313308838e-06 -0.009803557823895172
1311 -1.0554267406351207e-05 -0.00979024147555288
1313 -8.106749078794741e-05 -0.009730059684675626
1315 0.00014375457675631025 -0.009646583852832197
1317 1.2780472993421986e-05 -0.009847829857874314
1319 -5.723449425840088e-05 -0.00979465078612087
1321 8.886618541705768e-05 -0.009685075592721163
1323 6.502073497042398e-05 -0.009500715874903615
1325 -3.531968181746302e-05 -0.00962346227144809
1327 -2.7756916297563537e-05 -0.009576983751489352
1329 -8.721829489203995e-05 -0.009536754292549873
1331 -9.819500395091794e-05 -0.009590253745064158
1333 7.953460235401357e-06 -0.009535704140232894
1335 -5.091576092115751e-05 -0.009614838515943143
1337 -1.6077789155729095e-05 -0.00959038543767731
1339 3.6004324321117064e-05 -0.009503516138183522
1341 -8.760813555570485e-05 -0.009591251019679196
1343 -8.153288243483497e-05 -0.009386604231788402
1345 -2.0661052870205173e-05 -0.009434147659755216
1347 1.921083287311197e-05 -0.009349448954598385
1349 -2.2727386854767646e-05 -0.009368486667992617
1351 0.00010901372846767748 -0.009326389218156041
1353 -4.31567163442007e-05 -0.009288068835900597
1355 3.906183262459553e-05 -0.009289168054285079
1357 -8.088802620661983e-05 -0.00928291336034557
1359 -2.0699038629416065e-05 -0.00937174827356704
1361 -5.918013130797328e-05 -0.009442399349005657
1363 7.837932384310407e-05 -0.00943384056915125
1365 -0.00010811071664836863 -0.0093653752054452
1367 -4.321136659153961e-05 -0.00942753663328324
1369 -3.2568821550648804e-05 -0.00921962668443367
1371 -4.69960913407759e-05 -0.009298776412563364
1373 5.3358996746883815e-06 -0.009312218308416127
1375 -1.0572961514761785e-05 -0.009268448025619677
1377 7.862658377184993e-05 -0.009369618203874143
1379 -5.785399203530348e-05 -0.009247506950574762
1381 -4.104248217069281e-05 -0.009301524173724325
1383 1.070678192984243e-05 -0.009215943753780147
1385 4.533661433136907e-05 -0.009175232720377598
1387 0.00012168748846624835 -0.009167113091928913
1389 -1.4822408834679708e-05 -0.00916872862375559
1391 -5.5756631954417215e-05 -0.00908292855951103
1393 -0.00010963144158394582 -0.009096889604844487
1395 4.448234476412519e-05 -0.009119958165528852
1397 4.221408422731826e-05 -0.00917410062815007
1399 -1.3501725436899347e-05 -0.009105048476343502
1401 0.0001307987777551931 -0.009117019843331891
1403 7.079842169816476e-05 -0.009115945566130294
1405 1.3971025449229562e-05 -0.009186358711755542
1407 2.7980728420099005e-05 -0.00898746080582488
1409 -6.052468744525939e-05 -0.009023798636276125
1411 -1.5167919384970308e-05 -0.00895920661261992
1413 -6.321272187457076e-05 -0.009025492410433876
1415 -9.169459378292255e-06 -0.00894914658901695
1417 -9.804464310440667e-06 -0.008985625699893215
1419 -0.0001226683328441892 -0.009106127454719266
1421 -1.9006039775671865e-05 -0.008939532772827132
1423 8.692517377157807e-05 -0.00889271119719456
1425 -1.6890428709964212e-05 -0.009063693302164458
1427 2.5086471089982843e-05 -0.008882483848329282
1429 1.6488466591730824e-05 -0.008905414400438056
1431 8.061509249877717e-06 -0.008884880847836375
1433 -2.306807450244248e-05 -0.008764765078121682
1435 -0.00011416798130440054 -0.008945136097464702
1437 -1.4245341155514845e-05 -0.008864132399488937
1439 9.03628158180031e-05 -0.008900177339135588
1441 6.340001853728297e-05 -0.00880928352261847
1443 3.7762992908014965e-05 -0.008721417664065175
1445 0.00014928708381171623 -0.008711733448234726
1447 -4.352971977192459e-06 -0.008812764526824002
1449 1.0190106371223044e-05 -0.00875371015284676
1451 -5.4375403021848676e-05 -0.008903096951143176
1453 5.75153472100151e-05 -0.00882207718124412
1455 -8.618922537619893e-05 -0.008814183950502931
1457 5.438614497677881e-05 -0.00878655927708662
1459 -9.178654247281712e-05 -0.00873875192173226
1461 -7.59542313184492e-05 -0.008693782840526158
1463 -1.7929341300419564e-05 -0.00868296032997934
1465 8.290370342333742e-05 -0.008731385902999383
1467 0.00010366056707331866 -0.00870321947566199
1469 -8.5211514381734e-05 -0.008676950191420226
1471 7.175058455633551e-06 -0.00868534414769085
1473 1.2148531299947369e-05 -0.008761006441013597
1475 -0.00010203727015632071 -0.00865731971994625
1477 -7.335821116158846e-05 -0.008696839171913646
1479 -4.417873271429478e-05 -0.008589075002038302
1481 -0.00013051536397871066 -0.00855949963782275
1483 2.8457965270697844e-05 -0.008658105106599883
1485 -3.0083778986703976e-05 -0.008515256370520535
1487 -0.00013286059026373014 -0.008566231867971912
1489 -0.00013717840059995507 -0.008490850477800254
1491 -0.00011932234637462043 -0.00858082634116823
1493 -8.022773423386307e-05 -0.008564258343663261
1495 0.00013518562272661904 -0.008349821945352573
1497 -3.498661651322558e-05 -0.008578616614476788
1499 2.3128873922138296e-06 -0.008445074351870353
1501 -0.00011759101677698802 -0.008453402107275606
1503 -4.87698020364298e-05 -0.00845868660379088
1505 -4.426345614130402e-05 -0.008406237391381868
1507 2.5167700518292785e-05 -0.0084820483869
1509 -7.773708405853031e-05 -0.008417318998785173
1511 -4.862510665242143e-07 -0.008379506741881466
1513 -1.273431132004984e-05 -0.00842022137518106
1515 -1.3119170763395978e-05 -0.008446418132849349
1517 -1.1636988097453415e-05 -0.008324245635937673
1519 -0.0001229378078756977 -0.008279056851301923
1521 -4.2198408310705496e-05 -0.008320014033463248
1523 -3.3949206661144736e-05 -0.008353509007451038
1525 6.992254339340041e-05 -0.00837429333975817
1527 -2.3889036710789466e-05 -0.008402122533136897
1529 5.1146512320779456e-05 -0.008256731756233392
1531 0.00013438016966239242 -0.008253330714205287
1533 8.650825660341265e-05 -0.008274884296529068
1535 6.854434198462509e-06 -0.008223926964667368
1537 -1.5123337533846793e-05 -0.008309718977340043
1539 7.396449268036752e-05 -0.008260909129726043
1541 6.235237181195811e-05 -0.008302668885192613
1543 8.213146226070347e-05 -0.008292730929325549
1545 0.0001340501591737824 -0.008319355557961719
1547 -5.813671320155878e-06 -0.008377546853731153
1549 0.00018548887935410498 -0.008102762212355947
1551 2.6349499895699957e-05 -0.008223625803198402
1553 0.00013048263067991982 -0.008166464736086091
1555 8.812580399391272e-05 -0.00816236841138137
1557 0.00010799812967411508 -0.008182246460272397
1559 1.5781798150362412e-05 -0.008085115528206243
1561 2.034089447325785e-05 -0.008176655719411629
1563 2.8123489340395117e-05 -0.00817631708483016
1565 6.212175667373726e-05 -0.008084098815911546
1567 6.926488111716397e-05 -0.008045476206552844
1569 4.9051698320465406e-05 -0.008033932607466628
1571 3.474321624211784e-05 -0.008038229425936693
1573 4.958258606512373e-05 -0.008032785655121085
1575 -2.854233535999866e-05 -0.00799862315561272
1577 6.403680069682317e-05 -0.008029280592227512
1579 -2.6566210568274645e-05 -0.007921592097155086
1581 7.309574597498329e-05 -0.007985621686121016
1583 0.0001173922917917481 -0.00803022440536806
1585 2.54215949451734e-05 -0.00805944817223153
1587 0.0001444804992049221 -0.007897675443349045
1589 8.099081104375526e-05 -0.00805388100419887
1591 9.295932017373235e-05 -0.007996581257429997
1593 4.021574247134715e-06 -0.007920679535975236
1595 5.675933928340266e-05 -0.00799523000958527
1597 -4.409126243861511e-05 -0.00802426676194821
1599 1.923824967651653e-05 -0.007865439577109536
1601 -6.223274230125201e-05 -0.007866733919885013
1603 7.070398954043961e-05 -0.007921089968575844
1605 5.6981700965826306e-05 -0.007964559262279368
1607 -0.0001744344409108627 -0.00790460489218992
1609 -4.6390583417559334e-05 -0.007870933158206616
1611 -5.60200205361339e-05 -0.008028558031762372
1613 -4.332690585870141e-05 -0.007987033901896774
1615 6.237020862795252e-05 -0.007954096538633425
1617 -7.933835487091573e-06 -0.007825278900719173
1619 3.4436951087782146e-05 -0.007908914715573655
1621 0.00010360601051172022 -0.007802122214521948
1623 5.445819524500055e-05 -0.007827710836580534
1625 -1.3856068067664116e-05 -0.007709659487968827
1627 0.0001437700255424206 -0.007732736148484127
1629 -8.126817412506304e-06 -0.007708673409157681
1631 -3.041733427729018e-06 -0.007772628875117379
1633 2.4301832525616998e-05 -0.007737778582773128
1635 2.5996296335638756e-05 -0.00770024415642661
1637 -2.245346202755454e-05 -0.007747308366559718
1639 0.0 -0.0077683925853274105
1641 0.0 -0.0077589247089284745
1643 0.0 -0.007749479882745968
1645 0.0 -0.007740058022706157
1647 0.0 -0.007730659045143672
1649 0.0 -0.007721282866799047
1651 0.0 -0.00771192940481625
1653 0.0 -0.007702598576740248
1655 0.0 -0.007693290300514579
1657 0.0 -0.007684004494478955
1659 0.0 -0.007674741077366864
1661 0.0 -0.007665499968303207
1663 0.0 -0.007656281086801941
1665 0.0 -0.00764708435276374
1667 0.0 -0.007637909686473683
1669 0.0 -0.007628757008598937
1671 0.0 -0.007619626240186491
1673 0.0 -0.007610517302660865
1675 0.0 -0.007601430117821866
1677 0.0 -0.007592364607842353
1679 0.0 -0.007583320695266007
1681 0.0 -0.007574298303005132
1683 0.0 -0.00756529735433846
1685 0.0 -0.007556317772908978
1687 0.0 -0.007547359482721771
1689 0.0 -0.0075384224081418766
1691 0.0 -0.007529506473892151
1693 0.0 -0.007520611605051168
1695 0.0 -0.007511737727051108
1697 0.0 -0.007502884765675679
1699 0.0 -0.00749405264705805
1701 0.0 -0.007485241297678793
1703 0.0 -0.007476450644363845
1705 0.0 -0.007467680614282478
1707 0.0 -0.0074589311349453
1709 0.0 -0.007450202134202239
1711 0.0 -0.0074414935402405775
1713 0.0 -0.0074328052815829685
1715 0.0 -0.007424137287085496
1717 0.0 -0.007415489485935718
1719 0.0 -0.007406861807650743
1721 0.0 -0.007398254182075321
1723 0.0 -0.007389666539379935
1725 0.0 -0.007381098810058916
1727 0.0 -0.007372550924928562
1729 0.0 -0.007364022815125291
1731 0.0 -0.007355514412103772
1733 0.0 -0.0073470256476351
1735 0.0 -0.007338556453804972
1737 0.0 -0.007330106763011875
1739 0.0 -0.007321676507965284
1741 0.0 -0.007313265621683875
1743 0.0 -0.007304874037493762
1745 0.0 -0.007296501689026721
1747 0.0 -0.007288148510218448
1749 0.0 -0.007279814435306818
1751 0.0 -0.007271499398830169
1753 0.0 -0.007263203335625572
1755 0.0 -0.007254926180827138
1757 0.0 -0.00724666786986433
1759 0.0 -0.007238428338460278
1761 0.0 -0.007230207522630113
1763 0.0 -0.007222005358679312
1765 0.0 -0.007213821783202055
1767 0.0 -0.007205656733079586
1769 0.0 -0.007197510145478592
1771 0.0 -0.007189381957849591
1773 0.0 -0.0071812721079253395
1775 0.0 -0.007173180533719227
1777 0.0 -0.007165107173523707
1779 0.0 -0.007157051965908727
1781 0.0 -0.007149014849720172
1783 0.0 -0.00714099576407831
1785 0.0 -0.007132994648376261
1787 0.0 -0.0071250114422784705
1789 0.0 -0.007117046085719188
1791 0.0 -0.007109098518900964
1793 0.0 -0.007101168682293156
1795 0.0 -0.007093256516630434
1797 0.0 -0.007085361962911312
1799 0.0 -0.007077484962396681
1801 0.0 -0.0070696254566083435
1803 0.0 -0.007061783387327581
1805 0.0 -0.0070539586965937
1807 0.0 -0.007046151326702616
1809 0.0 -0.007038361220205432
1811 0.0 -0.007030588319907028
1813 0.0 -0.00702283256886466
1815 0.0 -0.007015093910386571
1817 0.0 -0.0070073722880306145
1819 0.0 -0.0069996676456028735
1821 0.0 -0.006991979927156303
1823 0.0 -0.0069843090769893725
1825 0.0 -0.006976655039644727
1827 0.0 -0.006969017759907842
1829 0.0 -0.006961397182805701
1831 0.0 -0.006953793253605477
1833 0.0 -0.006946205917813218
1835 0.0 -0.00693863512117255
1837 0.0 -0.006931080809663379
1839 0.0 -0.006923542929500613
1841 0.0 -0.006916021427132878
1843 0.0 -0.006908516249241253
1845 0.0 -0.0069010273427380095
1847 0.0 -0.006893554654765364
1849 0.0 -0.006886098132694228
1851 0.0 -0.006878657724122975
1853 0.0 -0.006871233376876215
1855 0.0 -0.0068638250390035726
1857 0.0 -0.0068564326587784745
1859 0.0 -0.006849056184696948
1861 0.0 -0.0068416955654764244
1863 0.0 -0.00683435075005455
1865 0.0 -0.006827021687588004
1867 0.0 -0.006819708327451327
1869 0.0 -0.006812410619235756
1871 0.0 -0.006805128512748065
1873 0.0 -0.006797861958009411
1875 0.0 -0.006790610905254201
1877 0.0 -0.006783375304928944
1879 0.0 -0.006776155107691128
1881 0.0 -0.006768950264408095
1883 0.0 -0.006761760726155936
1885 0.0 -0.00675458644421837
1887 0.0 -0.006747427370085653
1889 0.0 -0.006740283455453481
1891 0.0 -0.0067331546522219074
1893 0.0 -0.006726040912494256
1895 0.0 -0.006718942188576056
1897 0.0 -0.006711858432973973
1899 0.0 -0.006704789598394748
1901 0.0 -0.006697735637744149
1903 0.0 -0.006690696504125921
1905 0.0 -0.0066836721508407495
1907 0.0 -0.006676662531385227
1909 0.0 -0.006669667599450827
1911 0.0 -0.006662687308922882
1913 0.0 -0.0066557216138795755
1915 0.0 -0.006648770468590929
1917 0.0 -0.006641833827517802
1919 0.0 -0.006634911645310905
1921 0.0 -0.006628003876809801
1923 0.0 -0.006621110477041928
1925 0.0 -0.006614231401221624
1927 0.0 -0.006607366604749158
1929 0.0 -0.00660051604320976
1931 0.0 -0.0065936796723726696
1933 0.0 -0.006586857448190184
1935 0.0 -0.006580049326796706
1937 0.0 -0.00657325526450781
1939 0.0 -0.006566475217819302
1941 0.0 -0.0065597091434063
1943 0.0 -0.0065529569981223
1945 0.0 -0.006546218738998267
1947 0.0 -0.006539494323241719
1949 0.0 -0.006532783708235827
1951 0.0 -0.006526086851538508
1953 0.0 -0.006519403710881529
1955 0.0 -0.00651273424416963
1957 0.0 -0.006506078409479626
1959 0.0 -0.0064994361650595345
1961 0.0 -0.006492807469327703
1963 0.0 -0.006486192280871945
1965 0.0 -0.006479590558448665
1967 0.0 -0.0064730022609820175
1969 0.0 -0.00646642734756304
1971 0.0 -0.006459865777448821
1973 0.0 -0.006453317510061646
1975 0.0 -0.006446782504988166
1977 0.0 -0.006440260721978568
1979 0.0 -0.006433752120945745
1981 0.0 -0.006427256661964477
1983 0.0 -0.006420774305270614
1985 0.0 -0.006414305011260266
1987 0.0 -0.006407848740488993
1989 0.0 -0.006401405453671005
1991 0.0 -0.006394975111678366
1993 0.0 -0.006388557675540204
1995 0.0 -0.006382153106441918
1997 0.0 -0.006375761365724399
1999 0.0 -0.006369382414883255
2001 0.0 -0.0063630162155680296
2003 0.0 -0.006356662729581442
2005 0.0 -0.006350321918878616
2007 0.0 -0.006343993745566331
2009 0.0 -0.006337678171902253
2011 0.0 -0.006331375160294196
2013 0.0 -0.0063250846732993676
2015 0.0 -0.006318806673623637
2017 0.0 -0.006312541124120788
2019 0.0 -0.006306287987791792
2021 0.0 -0.006300047227784081
2023 0.0 -0.00629381880739082
2025 0.0 -0.006287602690050187
2027 0.0 -0.00628139883934466
2029 0.0 -0.006275207219000309
2031 0.0 -0.00626902779288608
2033 0.0 -0.006262860525013098
2035 0.0 -0.006256705379533969
2037 0.0 -0.006250562320742085
2039 0.0 -0.00624443131307093
2041 0.0 -0.006238312321093398
2043 0.0 -0.0062322053095211095
2045 0.0 -0.00622611024320373
2047 0.0 -0.006220027087128299
2049 0.0 -0.006213955806418559
