-2049 0.0 0.006213955806418559
-2047 0.0 0.006220027087128299
-2045 0.0 0.00622611024320373
-2043 0.0 0.0062322053095211095
-2041 0.0 0.006238312321093398
-2039 0.0 0.00624443131307093
-2037 0.0 0.006250562320742085
-2035 0.0 0.006256705379533969
-2033 0.0 0.006262860525013098
-2031 0.0 0.00626902779288608
-2029 0.0 0.006275207219000309
-2027 0.0 0.00628139883934466
-2025 0.0 0.006287602690050187
-2023 0.0 0.00629381880739082
-2021 0.0 0.006300047227784081
-2019 0.0 0.006306287987791792
-2017 0.0 0.006312541124120788
-2015 0.0 0.006318806673623637
-2013 0.0 0.0063250846732993676
-2011 0.0 0.006331375160294196
-2009 0.0 0.006337678171902253
-2007 0.0 0.006343993745566331
-2005 0.0 0.006350321918878616
-2003 0.0 0.006356662729581442
-2001 0.0 0.0063630162155680296
-1999 0.0 0.006369382414883255
-1997 0.0 0.006375761365724399
-1995 0.0 0.006382153106441918
-1993 0.0 0.006388557675540204
-1991 0.0 0.006394975111678366
-1989 0.0 0.006401405453671005
-1987 0.0 0.006407848740488993
-1985 0.0 0.006414305011260266
-1983 0.0 0.006420774305270614
-1981 0.0 0.006427256661964477
-1979 0.0 0.006433752120945745
-1977 0.0 0.006440260721978568
-1975 0.0 0.006446782504988166
-1973 0.0 0.006453317510061646
-1971 0.0 0.006459865777448821
-1969 0.0 0.00646642734756304
-1967 0.0 0.0064730022609820175
-1965 0.0 0.006479590558448665
-1963 0.0 0.006486192280871945
-1961 0.0 0.006492807469327703
-1959 0.0 0.0064994361650595345
-1957 0.0 0.006506078409479626
-1955 0.0 0.00651273424416963
-1953 0.0 0.006519403710881529
-1951 0.0 0.006526086851538508
-1949 0.0 0.006532783708235827
-1947 0.0 0.006539494323241719
-1945 0.0 0.006546218738998267
-1943 0.0 0.0065529569981223
-1941 0.0 0.0065597091434063
-1939 0.0 0.006566475217819302
-1937 0.0 0.00657325526450781
-1935 0.0 0.006580049326796706
-1933 0.0 0.006586857448190184
-1931 0.0 0.0065936796723726696
-1929 0.0 0.00660051604320976
-1927 0.0 0.006607366604749158
-1925 0.0 0.006614231401221624
-1923 0.0 0.006621110477041928
-1921 0.0 0.006628003876809801
-1919 0.0 0.006634911645310905
-1917 0.0 0.006641833827517802
-1915 0.0 0.006648770468590929
-1913 0.0 0.0066557216138795755
-1911 0.0 0.006662687308922882
-1909 0.0 0.006669667599450827
-1907 0.0 0.006676662531385227
-1905 0.0 0.0066836721508407495
-1903 0.0 0.006690696504125921
-1901 0.0 0.006697735637744149
-1899 0.0 0.006704789598394748
-1897 0.0 0.006711858432973973
-1895 0.0 0.006718942188576056
-1893 0.0 0.006726040912494256
-1891 0.0 0.0067331546522219074
-1889 0.0 0.006740283455453481
-1887 0.0 0.006747427370085653
-1885 0.0 0.00675458644421837
-1883 0.0 0.006761760726155936
-1881 0.0 0.006768950264408095
-1879 0.0 0.006776155107691128
-1877 0.0 0.006783375304928944
-1875 0.0 0.006790610905254201
-1873 0.0 0.006797861958009411
-1871 0.0 0.006805128512748065
-1869 0.0 0.006812410619235756
-1867 0.0 0.006819708327451327
-1865 0.0 0.006827021687588004
-1863 0.0 0.00683435075005455
-1861 0.0 0.0068416955654764244
-1859 0.0 0.006849056184696948
-1857 0.0 0.0068564326587784745
-1855 0.0 0.0068638250390035726
-1853 0.0 0.006871233376876215
-1851 0.0 0.006878657724122975
-1849 0.0 0.006886098132694228
-1847 0.0 0.006893554654765364
-1845 0.0 0.0069010273427380095
-1843 0.0 0.006908516249241253
-1841 0.0 0.006916021427132878
-1839 0.0 0.006923542929500613
-1837 0.0 0.006931080809663379
-1835 0.0 0.00693863512117255
-1833 0.0 0.006946205917813218
-1831 0.0 0.006953793253605477
-1829 0.0 0.006961397182805701
-1827 0.0 0.006969017759907842
-1825 0.0 0.006976655039644727
-1823 0.0 0.0069843090769893725
-1821 0.0 0.006991979927156303
-1819 0.0 0.0069996676456028735
-1817 0.0 0.0070073722880306145
-1815 0.0 0.007015093910386571
-1813 0.0 0.00702283256886466
-1811 0.0 0.007030588319907028
-1809 0.0 0.007038361220205432
-1807 0.0 0.007046151326702616
-1805 0.0 0.0070539586965937
-1803 0.0 0.007061783387327581
-1801 0.0 0.0070696254566083435
-1799 0.0 0.007077484962396681
-1797 0.0 0.007085361962911312
-1795 0.0 0.007093256516630434
-1793 0.0 0.007101168682293156
-1791 0.0 0.007109098518900964
-1789 0.0 0.007117046085719188
-1787 0.0 0.0071250114422784705
-1785 0.0 0.007132994648376261
-1783 0.0 0.00714099576407831
-1781 0.0 0.007149014849720172
-1779 0.0 0.007157051965908727
-1777 0.0 0.007165107173523707
-1775 0.0 0.007173180533719227
-1773 0.0 0.0071812721079253395
-1771 0.0 0.007189381957849591
-1769 0.0 0.007197510145478592
-1767 0.0 0.007205656733079586
-1765 0.0 0.007213821783202055
-1763 0.0 0.007222005358679312
-1761 0.0 0.007230207522630113
-1759 0.0 0.007238428338460278
-1757 0.0 0.00724666786986433
-1755 0.0 0.007254926180827138
-1753 0.0 0.007263203335625572
-1751 0.0 0.007271499398830169
-1749 0.0 0.007279814435306818
-1747 0.0 0.007288148510218448
-1745 0.0 0.007296501689026721
-1743 0.0 0.007304874037493762
-1741 0.0 0.007313265621683875
-1739 0.0 0.007321676507965284
-1737 0.0 0.007330106763011875
-1735 0.0 0.007338556453804972
-1733 0.0 0.0073470256476351
-1731 0.0 0.007355514412103772
-1729 0.0 0.007364022815125291
-1727 0.0 0.007372550924928562
-1725 0.0 0.007381098810058916
-1723 0.0 0.007389666539379935
-1721 0.0 0.007398254182075321
-1719 0.0 0.007406861807650743
-1717 0.0 0.007415489485935718
-1715 0.0 0.007424137287085496
-1713 0.0 0.0074328052815829685
-1711 0.0 0.0074414935402405775
-1709 0.0 0.007450202134202239
-1707 0.0 0.0074589311349453
-1705 0.0 0.007467680614282478
-1703 0.0 0.007476450644363845
-1701 0.0 0.007485241297678793
-1699 0.0 0.00749405264705805
-1697 0.0 0.007502884765675679
-1695 0.0 0.007511737727051108
-1693 0.0 0.007520611605051168
-1691 0.0 0.007529506473892151
-1689 0.0 0.0075384224081418766
-1687 0.0 0.007547359482721771
-1685 0.0 0.007556317772908978
-1683 0.0 0.00756529735433846
-1681 0.0 0.007574298303005132
-1679 0.0 0.007583320695266007
-1677 0.0 0.007592364607842353
-1675 0.0 0.007601430117821866
-1673 0.0 0.007610517302660865
-1671 0.0 0.007619626240186491
-1669 0.0 0.007628757008598937
-1667 0.0 0.007637909686473683
-1665 0.0 0.00764708435276374
-1663 0.0 0.007656281086801941
-1661 0.0 0.007665499968303207
-1659 0.0 0.007674741077366864
-1657 0.0 0.007684004494478955
-1655 0.0 0.007693290300514579
-1653 0.0 0.007702598576740248
-1651 0.0 0.00771192940481625
-1649 0.0 0.007721282866799047
-1647 0.0 0.007730659045143672
-1645 0.0 0.007740058022706157
-1643 0.0 0.007749479882745968
-1641 0.0 0.0077589247089284745
-1639 0.0 0.0077683925853274105
-1637 8.247424933952122e-05 0.007741461415374878
-1635 8.87136334046506e-05 0.007791221313919604
-1633 7.474748783498342e-05 0.007798070360182759
-1631 -5.6191854579047925e-06 0.0078100294973841595
-1629 8.262919454598487e-05 0.007792368494193331
-1627 3.1890825152327476e-05 0.007807223528919275
-1625 6.314972879755801e-06 0.0077941263846963635
-1623 -1.4025633027929326e-05 0.007767729187731518
-1621 -4.410506442701132e-05 0.007856223541626059
-1619 -6.183101181007036e-05 0.007844877788345181
-1617 1.1135601167591989e-05 0.00788393556794884
-1615 -4.481138186611239e-06 0.007838755149536797
-1613 9.952687958259737e-06 0.007895842580137551
-1611 2.0604025166277023e-05 0.00795047731839277
-1609 7.135236781200052e-05 0.007973153231722475
-1607 8.735493170987729e-05 0.007858234438764
-1605 5.353840827791819e-05 0.00786208257123346
-1603 0.00010589536696665997 0.007907211494769448
-1601 0.0001376712594258583 0.00794478383612402
-1599 6.079948691818056e-05 0.007883531158831905
-1597 -1.664451315464692e-06 0.007867311474962004
-1595 -2.3527318635493265e-05 0.00792831900649249
-1593 -5.02167317266774e-06 0.008001123233821492
-1591 -8.668978266824026e-06 0.00798219580080274
-1589 5.372881898875806e-06 0.00802703827276865
-1587 -6.205510286780183e-06 0.008035495578580926
-1585 9.160558025085238e-06 0.008061830230613442
-1583 3.5507470320119477e-05 0.008031743169724558
-1581 3.5628915310683616e-05 0.008103359893075432
-1579 5.785514213797651e-06 0.008076225557256012
-1577 4.447509978670365e-05 0.008022411218853739
-1575 0.00010686210042144279 0.008029397716805513
-1573 5.9026351039085645e-05 0.008010796174909926
-1571 2.3813556611841556e-05 0.008073477702957469
-1569 4.933186862456425e-05 0.008064620582698826
-1567 -2.6964557288066383e-05 0.008096603585840216
-1565 -3.168060388957377e-05 0.008138247727958577
-1563 -3.871287887351638e-05 0.008137578928961688
-1561 -2.6792776717636155e-05 0.008147724045753535
-1559 -2.5310885495527333e-05 0.008164814157964424
-1557 -2.7878547065998127e-05 0.008192199681906528
-1555 -1.95655130583579e-05 0.008136350766511015
-1553 -6.350789848576282e-06 0.008226264828916384
-1551 -1.2419641710362171e-05 0.008211707562092285
-1549 -7.682093528265654e-05 0.008209485368733106
-1547 -8.066459468219631e-06 0.008163613780345212
-1545 2.059913769468773e-05 0.008200715681250045
-1543 9.086950807911236e-06 0.008209499981661783
-1541 -4.525386260618381e-05 0.008241177133260492
-1539 -3.7228272315898994e-05 0.008288833009889878
-1537 -4.108010884672805e-05 0.00832654902610507
-1535 -7.036808203663653e-05 0.008305675692231375
-1533 -8.243238295699436e-05 0.008238394186412168
-1531 -3.727508598198604e-05 0.00826912431041701
-1529 1.4168085280709656e-05 0.008264396912376005
-1527 7.3443681895732576e-06 0.00829796801999485
-1525 2.898566150699125e-06 0.008349093628691651
-1523 2.5754126518001277e-05 0.008361467676181684
-1521 -1.5847143138464554e-05 0.008329041692450856
-1519 4.365278853417969e-05 0.00840266264687152
-1517 3.252996299717373e-05 0.008453353529702968
-1515 -6.452372610314797e-07 0.0084616617719564
-1513 -1.8356445799308247e-05 0.008512811699681879
-1511 3.736194614132916e-05 0.00843437840580094
-1509 -1.788077643171151e-05 0.00848295779500127
-1507 -3.061904379228139e-06 0.008433729859975347
-1505 3.17167454080845e-05 0.008513397984569413
-1503 1.4102090151881411e-05 0.008487734024251088
-1501 4.1235013964583444e-05 0.008525978456390066
-1499 8.058179296158404e-05 0.00852386941278305
-1497 4.178313445227422e-05 0.008495461037057863
-1495 4.601761572104639e-06 0.008547450637860375
-1493 2.985688894014397e-05 0.008505351123283258
-1491 1.4652152189725625e-05 0.008520059303712326
-1489 -4.934264153523034e-05 0.00854416841401598
-1487 -6.53817935862157e-05 0.008559512147539375
-1485 -3.915986458681024e-05 0.008598157614797897
-1483 -6.381789783852347e-05 0.008614356225757921
-1481 3.0287829677012995e-05 0.008610217187025402
-1479 -4.4036945226682295e-06 0.008579035518763519
-1477 -2.825239351113471e-05 0.008642563656723183
-1475 -4.564361400032756e-05 0.008624033910068671
-1473 9.55625022413895e-06 0.008673327516040073
-1471 1.838415741331866e-05 0.00867147502377037
-1469 3.2958553121781726e-05 0.00871539389078306
-1467 2.870215017343788e-05 0.008707265303721259
-1465 -7.083894992797606e-07 0.008731167314545887
-1463 4.367158557958514e-05 0.008757907022338987
-1461 7.206720440615364e-05 0.008732998464655374
-1459 -2.8009239835791698e-05 0.008730367956512159
-1457 -6.228944542649148e-05 0.008748004636812415
-1455 -7.705918348295002e-05 0.008768789470624015
-1453 -5.525574770242078e-05 0.008728065416874042
-1451 -5.57866536547729e-05 0.008707903047186433
-1449 1.2726078168680762e-05 0.00876289233901982
-1447 -7.4976259093387216e-06 0.008829529691133157
-1445 3.4962460444705836e-05 0.008792004962022617
-1443 2.7731608619423765e-05 0.008896968408672998
-1441 -9.105653990770618e-06 0.008900538757243599
-1439 6.826947321768554e-06 0.00883328917488451
-1437 3.811776286126678e-05 0.008855916989676402
-1435 6.161935438784804e-05 0.008845443832223177
-1433 4.0053196632763245e-05 0.008878812332837351
-1431 4.643171322561514e-05 0.008851211238390786
-1429 -8.938793529502637e-06 0.008906801033588822
-1427 -3.958877312633995e-05 0.008891911549035637
-1425 -1.4221603497722141e-05 0.008872820637641084
-1423 2.6477009342083582e-05 0.008924198719963479
-1421 5.55212162444788e-05 0.008998838257049224
-1419 2.8500154092621822e-05 0.009016341703392935
-1417 5.29740792279111e-05 0.009038864395731695
-1415 3.2359811750842956e-05 0.009014920003468293
-1413 1.883458765344958e-05 0.008974502286207922
-1411 1.744892524626569e-05 0.0090315358787392
-1409 9.662316808671118e-06 0.00905283744559157
-1407 1.450139956937306e-05 0.009024383044879356
-1405 4.827473019633612e-05 0.00903132474746033
-1403 3.695753805288532e-05 0.0090460989517349
-1401 2.0363182236697935e-05 0.009094554218031037
-1399 -8.460878583415238e-05 0.00904012597937036
-1397 -0.00010978573269543554 0.009096917706193551
-1395 -8.14533155047763e-05 0.009097641032514165
-1393 -7.908879356156237e-05 0.009112710851161068
-1391 -4.5462976036737834e-05 0.009153631377822831
-1389 -6.792097140833172e-05 0.009253583100108041
-1387 -2.524472957327303e-05 0.009291403267056787
-1385 -5.1493258919176975e-06 0.009227313114726236
-1383 -4.594620712517893e-06 0.009198800180950307
-1381 -3.3914715515679286e-05 0.009254921293070501
-1379 2.2239811907799433e-05 0.009276204386008603
-1377 -1.4087856830836157e-05 0.009348869017286699
-1375 1.637176837479445e-05 0.009320990800667011
-1373 4.3452482443649514e-05 0.009263905263283481
-1371 -1.8021254475047767e-05 0.009210280289753537
-1369 -9.208533093177423e-06 0.009276611709177329
-1367 1.7795029369445903e-05 0.009301435535529864
-1365 3.123876815040704e-05 0.00935694390354568
-1363 -8.134773299200658e-06 0.00932123637326621
-1361 -2.4127784220062947e-05 0.009333817634934165
-1359 -3.42146032019645e-05 0.009436516875210839
-1357 -4.177530245416143e-05 0.009371817076832175
-1355 -6.0914806456069005e-05 0.00939712171958762
-1353 -6.633663498971254e-05 0.00943027954416441
-1351 -8.006356121512493e-05 0.00942898445180538
-1349 -8.641246744538744e-05 0.009357204195766092
-1347 -4.083906555101495e-05 0.009496805417622036
-1345 1.378461679442207e-07 0.009500786916802987
-1343 1.721290311704292e-05 0.009492463489599283
-1341 -1.5801907138610383e-05 0.009475078449478555
-1339 1.1521819058052773e-06 0.009533585144232547
-1337 -6.247009012005731e-05 0.00947818271481995
-1335 -7.784021049820495e-05 0.009511448339459723
-1333 -1.7409068712054508e-05 0.009473643551946945
-1331 3.912054063274696e-05 0.009467935141171379
-1329 6.19190038673456e-05 0.009497473831288662
-1327 1.2842105374852078e-05 0.009590967659920959
-1325 2.8318524783751643e-05 0.009591295934072201
-1323 3.923681358508475e-05 0.009617837055287293
-1321 1.4883341140482196e-07 0.009659519958346316
-1319 5.995896582083857e-05 0.009716504805585597
-1317 -1.1053654806185752e-05 0.009643856840210378
-1315 1.5163425980082002e-05 0.00967025060977308
-1313 1.893478972734812e-05 0.009734066837706725
-1311 -2.117929536361512e-05 0.009731562556318489
-1309 -5.783490682427637e-06 0.009716324491159563
-1307 3.643175044490266e-06 0.009737263366349946
-1305 1.8550583077272612e-05 0.009715421607364865
-1303 -5.402500431211474e-05 0.0097440051494564
-1301 -2.4637749303286832e-05 0.009742129511971887
-1299 -4.021263236970627e-05 0.009745670084283507
-1297 -6.8914316097723894e-06 0.009784021745332962
-1295 1.804116498816788e-05 0.009805198323663887
-1293 -2.1638691200979253e-05 0.00973522761898872
-1291 -3.618186728115477e-05 0.009819263659586632
-1289 1.1402205592378881e-05 0.009812357213168426
-1287 -1.4468363432489575e-05 0.009813053254298695
-1285 -2.1459462376119047e-05 0.009888455318975725
-1283 -2.5471576303466836e-05 0.00993380876571872
-1281 -4.710695784644949e-05 0.009935994196742981
-1279 -1.1156346850862035e-05 0.009924129299926492
-1277 -3.552205373417644e-05 0.009917068817841391
-1275 7.695225466216247e-06 0.01004214363942619
-1273 -2.1974517871461958e-05 0.01005459703031497
-1271 -4.648477017958688e-05 0.010098317828704724
-1269 -2.4996336296369844e-05 0.010082949146735966
-1267 9.232842613804396e-06 0.010040850537246144
-1265 -2.447204075291611e-05 0.010056702111883841
-1263 -9.0521028525514e-05 0.01008375775540956
-1261 -6.723870871158331e-05 0.01003818279466307
-1259 -5.266619940369235e-05 0.010048135919673087
-1257 -1.76058063631821e-05 0.010107760068718333
-1255 1.4963357014220267e-05 0.010139080912999691
-1253 4.2494696907358807e-07 0.01020945034732154
-1251 9.200662494217312e-06 0.010271369625059628
-1249 -3.934379595566289e-05 0.01021728260868155
-1247 1.7909951531293795e-05 0.010254667320931164
-1245 -3.2770708201146726e-05 0.010251341702643389
-1243 -4.393364583775484e-05 0.010317552659619733
-1241 -6.0976420486012336e-05 0.010276470977019704
-1239 1.0548043782998633e-05 0.010279390252806896
-1237 3.4484952806908015e-05 0.010288018599611863
-1235 -4.1407509321017265e-05 0.01029769680560079
-1233 -3.606277828794919e-05 0.010362373655757168
-1231 -2.5685073611947926e-05 0.010342686618401997
-1229 3.936647653444637e-05 0.010380330412302928
-1227 2.9691309582932614e-05 0.010373743429585568
-1225 2.3940816682239797e-05 0.010371030136613953
-1223 7.29986005113972e-05 0.010417468110007998
-1221 -1.776203542974008e-05 0.010374015947575458
-1219 1.6066265900049393e-05 0.010416563268788872
-1217 -2.0811630859960192e-05 0.010438772198799675
-1215 6.8397912373179105e-06 0.010393403540186278
-1213 -1.016941488591344e-05 0.010456272435568736
-1211 1.7848351803340958e-05 0.010473797298350877
-1209 -1.5216951342610197e-05 0.01055235855178858
-1207 2.3988575289207824e-05 0.010594639322305614
-1205 2.2318263185753907e-05 0.010608276852737112
-1203 -1.7613983242368508e-06 0.010605561363719006
-1201 2.5915201132303654e-05 0.01061357769924167
-1199 3.8918310868709236e-06 0.010650242019480696
-1197 -1.6043178465688854e-05 0.0106418016745884
-1195 -3.57342661306581e-05 0.010623647011865849
-1193 -2.9218973061360133e-05 0.010694340467322158
-1191 7.243794865416005e-06 0.010714685484276768
-1189 -1.584893418019273e-05 0.010709188027327126
-1187 -2.804438765043411e-05 0.010666175218244369
-1185 -4.0248688172301044e-05 0.010733903944275605
-1183 -5.797372199829642e-05 0.010822519955220392
-1181 4.4038731649483174e-05 0.01081533354102642
-1179 -2.3688343313600677e-05 0.01080868800064032
-1177 4.4757660961260284e-05 0.010864509254948996
-1175 5.5684666535963546e-05 0.010870785544639362
-1173 5.3328846124007476e-05 0.010872089989336546
-1171 -1.088772911867536e-05 0.010878051379523369
-1169 -6.794306328283926e-06 0.010838013421526058
-1167 1.0282593563830181e-05 0.01090063090152005
-1165 3.2089305004763256e-06 0.01086259515511089
-1163 1.4705925689769388e-05 0.010949557248317773
-1161 -1.757911247638819e-07 0.01096397548204767
-1159 -4.6988285869522097e-05 0.011060239388118903
-1157 -1.987796283190264e-07 0.01099202116752654
-1155 -4.531589817848357e-06 0.011067762092114282
-1153 4.976633182993856e-06 0.011100309723726732
-1151 1.4797221885074222e-05 0.011133537751481872
-1149 -2.6716520229297567e-06 0.01108130706022957
-1147 3.419926461248479e-05 0.011149476325989989
-1145 2.1603628544517225e-05 0.01112131866226766
-1143 2.372973107878913e-05 0.011131504731321214
-1141 2.0586314807680096e-05 0.011128556603620103
-1139 -1.908296559198859e-05 0.011158050767276401
-1137 6.454999142694985e-05 0.011171013027662682
-1135 -7.497632870577883e-07 0.011243852756933953
-1133 5.3714468153310166e-05 0.011225179058891836
-1131 7.908002491921709e-05 0.011308069248689613
-1129 1.095561789994508e-05 0.011347334512598737
-1127 -1.2773650325118697e-06 0.011335253180564988
-1125 2.0951195865271013e-05 0.01131520106479783
-1123 9.357549682161556e-06 0.011357479633203592
-1121 1.2314205727681321e-05 0.011336404979017091
-1119 1.5079147108725848e-05 0.011315644701017782
-1117 1.9132063417276373e-05 0.011349429040288846
-1115 -3.2564514958172894e-05 0.011401165682736195
-1113 -3.814383173843564e-05 0.011436687278204695
-1111 -3.5716933910747396e-05 0.011480254888137508
-1109 -5.9045888804157404e-05 0.011517447131075971
-1107 -4.791795077139406e-05 0.011534207685315765
-1105 -5.0881639846036244e-05 0.011558801724826605
-1103 5.354857290358991e-05 0.011507104016359723
-1101 1.4719466015620244e-05 0.011594646667780928
-1099 3.84114404870867e-06 0.01164158638723512
-1097 -1.59895036530544e-05 0.011634657075023154
-1095 -1.7997345247041365e-05 0.011627916728727145
-1093 -1.559014370606883e-05 0.011628143247557393
-1091 4.900698519946486e-05 0.01166876782342306
-1089 4.576169394239361e-05 0.011690829179304621
-1087 -6.029609305607857e-05 0.01173871433892626
-1085 -0.00013781679925492404 0.011797909155059457
-1083 -7.09035509115281e-05 0.011802266733497433
-1081 1.2977201598420366e-05 0.01180276974954405
-1079 7.246269922523927e-05 0.011777441481359856
-1077 3.6962936767395265e-05 0.01181809386619437
-1075 -3.388018609429262e-05 0.011798268123496365
-1073 -3.716499128924453e-05 0.0118484585434643
-1071 -2.4500415754852575e-05 0.011863128018511974
-1069 -4.5705113341223475e-06 0.011880149729834989
-1067 -1.9619064937159243e-05 0.011940968539819718
-1065 9.126045346281951e-06 0.011985285578746688
-1063 3.31281503321589e-05 0.012022094892906572
-1061 3.038480605477394e-05 0.011982323430308075
-1059 -9.61305641987039e-07 0.012005784807387482
-1057 2.2627831390475757e-05 0.01203296448801305
-1055 3.209726772428889e-05 0.011998041806634475
-1053 5.33722384006734e-05 0.012056466324434193
-1051 5.261619199936587e-06 0.012145613535682684
-1049 5.30442959388471e-05 0.01214488681222612
-1047 7.095668895810021e-05 0.012149005584934602
-1045 4.070801782325473e-05 0.012210838005214126
-1043 -4.026496429391845e-05 0.012219703902118833
-1041 1.1424432980363686e-05 0.01220542034586347
-1039 1.8815689609885677e-05 0.012246959594394403
-1037 3.5068004485084766e-05 0.012233489706125731
-1035 -2.688836845744173e-05 0.012309273097444713
-1033 8.943066582219432e-07 0.012386192798679613
-1031 4.881440145935852e-06 0.012412099469128513
-1029 -3.7182612006849235e-05 0.012435030244864424
-1027 -5.514190547768962e-05 0.012404216140132132
-1025 -1.7174057936029585e-05 0.012355197483835277
-1023 1.1464585402992856e-05 0.012396656273170442
-1021 -3.724776492713482e-05 0.012486879935326413
-1019 -9.685332308359459e-06 0.012503834454899828
-1017 -2.1999853553630096e-05 0.012508092504674473
-1015 1.926799682743048e-05 0.012512962186634464
-1013 2.059931237286834e-05 0.012614418766075225
-1011 -2.6138979643018503e-05 0.01268021157871814
-1009 -8.93583852997848e-05 0.012653764565751381
-1007 -5.631504520904279e-05 0.012651747006784031
-1005 -7.995176983949957e-05 0.012736286048807539
-1003 -5.029474407439021e-05 0.012731810211978624
-1001 -3.0246867965020554e-05 0.012727845454388728
-999 -1.634569057652713e-05 0.012724377694757821
-997 -3.210127699387812e-05 0.012688978846269313
-995 -1.2917480071501685e-05 0.012735373310402379
-993 2.200543510056947e-06 0.01276069034545604
-991 3.5422094534372024e-05 0.012793134690046414
-989 6.983048657347732e-05 0.01287815957096613
-987 2.1103207633355436e-05 0.012912498890992094
-985 1.8361260802087733e-05 0.012926456255519688
-983 -8.10065074796447e-06 0.012922710177658465
-981 1.04194222637506e-06 0.012981687238313533
-979 -3.271487836815378e-05 0.012999189138205166
-977 -8.664598404554977e-06 0.012984613055251724
-975 1.3350567494852142e-05 0.01300941304941201
-973 3.585713889592598e-05 0.013020963208782965
-971 -2.499919592039929e-05 0.013024854727850812
-969 -5.79465622186043e-05 0.013096977635611927
-967 2.408663301388213e-05 0.01312920524386654
-965 4.26536922567901e-05 0.013161855824378812
-963 -8.065236274254932e-05 0.013190520298395457
-961 -4.972643024041604e-05 0.013201905301810781
-959 1.220968581749034e-05 0.013278708378416963
-957 4.691758626770232e-05 0.013290663738897389
-955 2.6940444987257694e-05 0.013228363646504001
-953 1.3291914701033285e-05 0.013336957259926816
-951 5.77591033441893e-05 0.013414581378386803
-949 7.282525729911057e-05 0.013355493949075542
-947 8.82124732309641e-05 0.01338251039270855
-945 6.12890785641981e-05 0.013387525475065762
-943 6.143834974033298e-05 0.013530324946982144
-941 4.785866994057597e-05 0.0135794804702624
-939 4.387066679303387e-05 0.01353129705030942
-937 3.489294988930658e-05 0.013585661091543697
-935 -1.6863454266570592e-05 0.013581786433825703
-933 -2.0828277130089592e-05 0.013620873161980783
-931 -4.0666073835711505e-05 0.013639915109365486
-929 -3.574307869492651e-05 0.013703692054453542
-927 1.0877139039723438e-05 0.01371908027932139
-925 4.873525351387242e-05 0.013802918940565978
-923 5.885816723670881e-05 0.013819096481111215
-921 7.321350028220648e-06 0.013847263497588662
-919 2.7727909084922324e-05 0.013846398855455626
-917 6.231753464354723e-05 0.013861889603964525
-915 -6.155091585346299e-06 0.013910989857229961
-913 2.3639850719239433e-05 0.01396665366217591
-911 3.229762814433938e-05 0.013978094328851925
-909 3.752181303714764e-05 0.013987086657651462
-907 -7.244638046659142e-06 0.014064613008672455
-905 -1.6009921053029726e-05 0.014075724817618533
-903 4.265041414841591e-05 0.014080061228193514
-901 -3.809330774893671e-05 0.014116747556569373
-899 2.5243677290337867e-05 0.014143003187436417
-897 -3.0442028407803288e-05 0.01420136121454476
-895 -4.239526722519156e-05 0.014198061576722126
-893 8.288001104634782e-06 0.014252011548549765
-891 6.014834010290488e-06 0.014250830605766764
-889 -4.719323108616742e-05 0.014383165533214374
-887 -2.715164523330043e-05 0.014366472855174334
-885 -1.545569145895431e-06 0.014325208358614953
-883 1.0780489662527317e-05 0.014373569332488756
-881 -7.737243840222421e-05 0.014430765862715134
-879 -7.309603682882346e-05 0.01448965336280798
-877 -2.2212307939548044e-05 0.0145068122648822
-875 1.79268039464205e-05 0.014573245686563032
-873 -1.7353672108550213e-05 0.01465605352915016
-871 1.2869497625290333e-05 0.014665638298395395
-869 9.588994914734331e-05 0.014663262402163074
-867 5.767588454255977e-05 0.01465636541873537
-865 5.9716309449516706e-05 0.014705093225923005
-863 1.2471705638488833e-05 0.014799276336350241
-861 1.8849652266509036e-05 0.014824868731219423
-859 5.410729536930115e-05 0.014773709274221725
-857 3.3434450851415113e-06 0.014836254838399388
-855 -1.5453461878975136e-05 0.014875146357690688
-853 -7.2069387904739055e-06 0.014963573644983472
-851 -4.867471904390572e-05 0.01496163984697456
-849 -5.8242888307051325e-05 0.015036024547189242
-847 -5.148902453859516e-05 0.015080341719118751
-845 -6.155356441008201e-05 0.015069170795712352
-843 -0.00010421660028296268 0.015153980561263367
-841 -6.785182066699942e-05 0.015128162540633424
-839 -3.3393262425498426e-06 0.015143463272886855
-837 -1.5970429420923074e-07 0.015193776780869514
-835 -8.141720086064875e-06 0.015252378088762803
-833 -8.706203230502444e-06 0.015271922267978945
-831 5.263915958905513e-05 0.015260447420552024
-829 -6.366097372837034e-05 0.01530340358085068
-827 -3.5208818952293884e-05 0.015348218270147795
-825 -5.1311885458137615e-05 0.015361350057750993
-823 2.4436522590155358e-05 0.01543918597512564
-821 -1.6297901552284863e-05 0.0154966393004894
-819 5.030074761160973e-05 0.01552160761410405
-817 -1.8073349314713617e-05 0.015550579165344738
-815 1.1091455385058886e-05 0.01561567808175146
-813 2.1583384111841367e-05 0.015676646358715334
-811 -2.5375836511137675e-05 0.015667591200980147
-809 -1.1143618052040751e-05 0.01571565202668538
-807 3.537824621167968e-05 0.015781842078439554
-805 2.2330882565535548e-05 0.01583332148559351
-803 -3.6610967759101477e-05 0.015862147234959982
-801 3.04563262034026e-06 0.015888585719899206
-799 -1.3546148510550456e-05 0.01591818439488877
-797 -6.554148598322566e-05 0.01603865171679415
-795 -6.880257932920509e-05 0.0160237957146836
-793 -4.655490081071837e-05 0.01610112157810336
-791 -1.8741667172970423e-05 0.016192978909727613
-789 8.959479339848226e-07 0.016169595521580177
-787 4.110300751702092e-05 0.016211421457877222
-785 -2.5932937566205846e-05 0.016256916835971955
-783 2.9952683491724553e-05 0.016261847286611973
-781 -4.265956467602479e-05 0.016243738294626508
-779 -3.137374653956329e-05 0.016356386300489432
-777 -1.58555321871056e-05 0.016410331756801202
-775 1.8511026110668972e-05 0.01645288728278678
-773 4.661765496276588e-06 0.016449847716399475
-771 -1.0564628999106333e-05 0.016507870566979953
-769 4.16188712974488e-05 0.01661997224451536
-767 -3.3609366559637286e-06 0.016686913103985877
-765 3.968005683571411e-05 0.01676246704791655
-763 -3.943319542549735e-06 0.016770067782869814
-761 -5.016474183617501e-05 0.01671726080908354
-759 1.1875933521460292e-06 0.016766619816273903
-757 3.1238425845024535e-05 0.016846144000920035
-755 -4.771089586393561e-05 0.016899477418815843
-753 -4.5577846650531165e-05 0.016879551536131715
-751 -2.1867969781272294e-05 0.016953752704227373
-749 -2.9687326037749017e-05 0.017014245866472377
-747 -3.484271214193498e-05 0.017063861837701703
-745 -5.941351931314685e-05 0.017101171768486956
-743 -2.3818846452143892e-05 0.017171048260948764
-741 -1.916341567418522e-05 0.01717223752728809
-739 9.77564157313426e-06 0.017180944585858685
-737 -8.155603253002346e-06 0.01723791614381352
-735 -6.127582641947784e-05 0.017364363557378623
-733 3.475653708763339e-06 0.017370826633697413
-731 -4.223049108639291e-05 0.01741180909088056
-729 -7.650565966517547e-05 0.01743403986996967
-727 1.2765766364383375e-05 0.017531901931944753
-725 2.804942681506579e-05 0.01764005724006229
-723 6.27955424160303e-06 0.017613706562920134
-721 6.0011713621831073e-05 0.017640917178947276
-719 2.3737249253650292e-05 0.01769905041979959
-717 -7.478289937062032e-06 0.01770163174750099
-715 1.3216487578888046e-05 0.01783262616164996
-713 3.945090433666642e-05 0.017882159500851428
-711 2.201298659123213e-05 0.017970093859498736
-709 -1.2477933936219796e-05 0.018037157331021687
-707 3.643365722654616e-05 0.018096627697163553
-705 3.8792504515604055e-05 0.01811533394470475
-703 6.99539115119456e-05 0.018133772512338418
-701 -1.1415652320065262e-05 0.018201422047083114
-699 6.0178895339287924e-05 0.018208525770955414
-697 4.436154790875782e-06 0.01824400409977
-695 -1.976040928710282e-05 0.0183233556938975
-693 -3.188455814343312e-05 0.018330120699710666
-691 -1.5127283837594812e-06 0.01839646369567755
-689 3.2276038993733346e-05 0.018532289933599812
-687 2.422925406718013e-05 0.018549182988001844
-685 5.902382664188976e-06 0.018558319810425227
-683 6.211025872567542e-06 0.018582975839614
-681 -2.8757865777652752e-05 0.018617871615750844
-679 4.6417468701446876e-05 0.018723113651990742
-677 4.0783381073748714e-05 0.018757529421013767
-675 -1.0494155988604664e-05 0.01882227447095582
-673 8.322100956153233e-06 0.018939293055916614
-671 -3.469092476724631e-05 0.01895415815284884
-669 -1.8811361262064487e-05 0.01905621314897212
-667 7.427797111920498e-05 0.01905407061948932
-665 -1.6524851620265028e-06 0.01913672016887987
-663 -1.969724966433126e-05 0.01923282570705871
-661 -1.6914850372415016e-05 0.019270637392544573
-659 -6.047251237350223e-05 0.019312134634982225
-657 5.883465066158716e-05 0.019363450791942564
-655 3.5910961447219785e-05 0.019408873012285586
-653 6.968742232595364e-06 0.019502137114221007
-651 1.7964356431284857e-06 0.019569480469407256
-649 4.21288400223113e-05 0.019585971785592415
-647 2.588435434332763e-05 0.01955662828838458
-645 -8.235842386503186e-05 0.019703514045648105
-643 -0.0001031176838112183 0.01976060472434207
-641 -2.1744443264035544e-06 0.01978520089259685
-639 -7.389591118616632e-05 0.0198780893590261
-637 -5.824709189584175e-05 0.01993642490134247
-635 -4.063142010254096e-05 0.02011414722868923
-633 -1.925589831938585e-05 0.020167505136697503
-631 -5.060992821074331e-05 0.020167941947021484
-629 3.568190263135371e-05 0.020252098745087956
-627 1.698919758366253e-05 0.020305411234359114
-625 -2.924534931701921e-05 0.02036944837433574
-623 -1.2893810796916063e-05 0.020388094363183968
-621 -4.4090511503473644e-05 0.02036024144359616
-619 -1.2229230996799115e-05 0.020452026309919775
-617 -6.0788095247697934e-05 0.02052421263498452
-615 -4.3560384710610864e-05 0.020621407536707968
-613 -2.1398489926740752e-05 0.020727989162768932
-611 -3.585312107528364e-05 0.020798488322734957
-609 2.29943962914861e-05 0.020905485498575873
-607 1.324691665516523e-05 0.020949790286723047
-605 3.4077345864998566e-05 0.021012960927107794
-603 7.141285433441693e-05 0.021042410651446967
-601 -1.780682948596901e-05 0.02115005471611272
-599 -3.1996248236935886e-05 0.02123847255175452
-597 -1.1702340651675634e-05 0.02125422421170133
-595 2.2438100702002873e-05 0.021427064718220614
-593 1.5087160265539256e-05 0.02149748066737096
-591 2.9850208320438245e-05 0.021487589033187583
-589 -4.8757998596079234e-05 0.021529398750052463
-587 -4.5813000433540306e-05 0.02161247801862956
-585 4.899279324448277e-05 0.021691337365716466
-583 2.449201013765775e-05 0.021794930070350476
-581 8.908004981736655e-05 0.02188914211174186
-579 3.494908908838849e-05 0.02197132822125094
-577 4.50404203665119e-05 0.022037622945320575
-575 5.694665527715233e-05 0.022116166849374234
-573 4.7390260857271526e-05 0.022201843562092736
-571 7.036935660520746e-05 0.022293478765545133
-569 9.6282130501196e-05 0.022385379163700047
-567 4.8743512540515174e-05 0.022491524511590904
-565 4.2054515887646906e-05 0.022597564083043892
-563 0.00016458166000749548 0.022673623233577442
-561 0.00015329923918090997 0.022720931971585402
-559 7.112010789451115e-05 0.02279097015365305
-557 0.00012163244281695688 0.022881110370168885
-555 9.337898425103742e-05 0.0228506711959263
-553 2.026002435047246e-05 0.022980484496525275
-551 4.1557767368263464e-05 0.02308064265056147
-549 1.117644704577844e-05 0.0232019309285638
-547 4.565570918560587e-06 0.023305687391779233
-545 4.825576254402608e-05 0.02339365947377793
-543 5.6801710626068813e-05 0.023406049369248432
-541 -2.7186828641807403e-06 0.023572850371799934
-539 3.628222145250301e-05 0.02365614341462482
-537 5.212283428590946e-06 0.023714140408677
-535 -5.451529908836766e-05 0.023839658377071436
-533 4.3313012882769094e-05 0.023895806208264526
-531 -3.34313165246918e-05 0.023966072342600814
-529 -1.6765169559802403e-05 0.02406022101124275
-527 3.538782275444766e-05 0.02417164422095213
-525 2.22819084479458e-05 0.024258916047372795
-523 -2.7874595235786802e-05 0.024327966464068315
-521 -3.741636759951994e-05 0.02444008167622131
-519 -2.842008005668166e-05 0.024584502102598868
-517 -7.88664580544368e-06 0.024635764663179537
-515 2.3122420126172675e-05 0.0247468085062065
-513 1.9107846438941712e-05 0.024883247910714713
-511 2.3114376080501813e-06 0.024878872927334147
-509 2.2952754677976317e-05 0.024996102454938097
-507 8.112508323301298e-05 0.025170431830392647
-505 1.3905454988165982e-05 0.02520644064995448
-503 -6.706828055648167e-05 0.025266805123739272
-501 2.6183722466910593e-05 0.025428848152375567
-499 4.229080794689606e-05 0.025523090683522535
-497 6.553697572015674e-06 0.025563014848108887
-495 -2.3744680965569504e-05 0.025703692582197925
-493 -6.0863930355185215e-05 0.02575140256071332
-491 -4.227458315703241e-05 0.025842212342775544
-489 1.4358820845140464e-05 0.025945481752177955
-487 6.0795371244924454e-05 0.026039804721277274
-485 3.5292634061519266e-05 0.02622827846191881
-483 -4.2633221807684494e-05 0.026341302203569533
-481 3.337701016512295e-05 0.026487601955632947
-479 -8.29163526433717e-06 0.02658623003377857
-477 4.8072125406457743e-05 0.026725214518364505
-475 4.4647951339636254e-05 0.026801080105942877
-473 -3.010606410046792e-05 0.02688556629903687
-471 -2.3874258778284786e-05 0.02702289047301301
-469 4.559324179829182e-06 0.027049300660697863
-467 -3.446675350382809e-05 0.027227674349284164
-465 -1.957720537234211e-05 0.027352695258755073
-463 -4.051663459588229e-05 0.02746284272031828
-461 -7.895999586937394e-06 0.027660844245895884
-459 5.715361269631533e-05 0.027761797724767487
-457 6.958583558735749e-05 0.027896241410215405
-455 -1.1277698185630083e-05 0.028013811524799814
-453 -4.655535073604634e-05 0.02812846501275546
-451 -0.00010463959523538514 0.028122912583682574
-449 -8.156139165768964e-05 0.028306405838181257
-447 -8.218915584566982e-05 0.028495683026540507
-445 -3.8968126486241406e-05 0.0286256327677658
-443 -2.3532980228113743e-05 0.028815830842748226
-441 -3.4966575004770276e-05 0.02891560605124721
-439 -5.4241545915906906e-05 0.028963324968346513
-437 -1.4585847401470919e-05 0.029143233191332593
-435 1.1444898189766413e-05 0.029325591579627098
-433 -1.120183204530359e-07 0.029489992465331787
-431 -6.455476504479248e-06 0.029600370662699334
-429 -1.5187156918091463e-05 0.029632825408326405
-427 -2.3219097790925794e-05 0.0297596165923053
-425 -4.1370593230803706e-05 0.029968318343892342
-423 -2.785346588909029e-05 0.030115093426009435
-421 -2.6142389220140264e-05 0.030284189474738318
-419 -7.837012721171303e-05 0.03040104218818676
-417 -8.919309395441075e-05 0.03056603552561029
-415 -7.85531637980065e-05 0.030648009273763186
-413 -9.463661813881625e-05 0.03079680402420176
-411 -6.662378734746008e-06 0.030959079237392436
-409 3.6624978491611737e-06 0.03106909482811437
-407 -7.595329466372513e-06 0.031277165815800194
-405 -1.090263096724398e-05 0.03143044666943577
-403 -4.2938232536049635e-05 0.03157686175950733
-401 -3.918176935697024e-05 0.031727558505097134
-399 -5.3778599037360425e-06 0.0319452315291273
-397 -4.6382669615294234e-05 0.03210559838394197
-395 -2.8458408479405368e-05 0.032223751490706255
-393 3.243892299598682e-05 0.032390914185268536
-391 -7.126959999458396e-05 0.03253177705164228
-389 3.401239503105147e-06 0.03272862321285959
-387 -1.553600286210567e-05 0.032896203233358776
-385 -5.162038931950449e-05 0.03299916780206915
-383 2.901122887502284e-05 0.03311210227365036
-381 -8.371570241442567e-07 0.03335139801979861
-379 1.893556451028534e-05 0.03364538946789556
-377 1.5803499064527386e-06 0.03380161043569209
-375 1.3565846103722478e-06 0.033983519417885466
-373 1.818142674153732e-05 0.03412861359944356
-371 5.140591841543965e-05 0.034290342950455355
-369 -3.218241788955286e-05 0.034475588892517665
-367 -2.061346431987698e-05 0.034731271808836894
-365 -0.00010077879699491535 0.034889613202936286
-363 -0.0001206348806353808 0.03506604018296054
-361 -7.003884946520052e-05 0.035208919293738566
-359 1.1050161329259943e-05 0.03538244824270109
-357 -6.467756373911818e-06 0.03562553358433985
-355 -5.171606782553119e-05 0.0358932873478972
-353 -6.188363194238695e-05 0.03617545143944905
-351 -6.300600873974352e-05 0.03633517149662888
-349 -7.356114735470237e-05 0.036498966522057155
-347 -3.152411333339015e-05 0.03667641416841127
-345 9.24568098873106e-05 0.036914869196062974
-343 3.8768211239037505e-05 0.03705789076596312
-341 3.681396946152592e-05 0.03725655589786829
-339 2.5231752511829938e-05 0.03754259249106774
-337 1.741403557049473e-05 0.03777042077614603
-335 -2.8607338168932797e-05 0.03800057954923067
-333 7.302659155276747e-05 0.03820269514219946
-331 -9.955906668629464e-06 0.0384945675554082
-329 -4.3992509069120064e-05 0.03869776661154319
-327 1.3341419453622153e-05 0.038946994079689545
-325 -3.8996900126318226e-05 0.039164299101832854
-323 -5.407114062073225e-06 0.0394410940389666
-321 2.4091034748047888e-05 0.039732496679918926
-319 2.2953536242355098e-05 0.03990025702996975
-317 7.549614492109208e-05 0.04011181915021673
-315 8.226975604472404e-05 0.04039812997992099
-313 2.4516803746669433e-05 0.0406805525596053
-311 3.905933113292413e-05 0.04093792568044943
-309 4.5202212008992785e-05 0.041186104711254695
-307 -5.4157424273790264e-06 0.04145180884636952
-305 9.684385931223254e-06 0.04171874819910958
-303 -1.5331460956328276e-05 0.04200358173738718
-301 -5.240844451509226e-05 0.04230397352610385
-299 5.447367594846588e-06 0.04249648931124419
-297 -1.4096747771798402e-05 0.042823467120799256
-295 8.871564732467803e-05 0.0431075241212441
-293 2.9520381673280538e-05 0.043431483970949654
-291 5.341081015052092e-05 0.043700038283381815
-289 5.917421331277197e-05 0.04405533416180582
-287 4.459689430645721e-05 0.04435643214062471
-285 3.999843959331153e-05 0.04470971545532115
-283 5.129350134619739e-05 0.045055828305583
-281 2.34884081854639e-05 0.045337695845497836
-279 4.294996911641979e-05 0.04563939006960651
-277 5.698259334204239e-05 0.04595553131766963
-275 9.778187234887859e-05 0.04626545267900997
-273 9.628341520663329e-06 0.046574931316883394
-271 2.758950680153899e-06 0.04689134525431826
-269 -2.1715500959087782e-05 0.04723227439483164
-267 -1.7168599424028357e-05 0.047551578321295314
-265 -1.4211373551702778e-05 0.04794021646371565
-263 -3.70373254623537e-07 0.04833433208516676
-261 -2.541629095408561e-06 0.048754839408710886
-259 -2.548623099305829e-05 0.04912972311175279
-257 -2.295950144636576e-06 0.04946853024105855
-255 1.548287453286679e-05 0.04988776582512923
-253 1.8772088404145653e-06 0.05027387003923849
-251 -5.846208567635401e-05 0.05067752124141652
-249 -2.5937790185475333e-05 0.05105915098544578
-247 -6.489523489120456e-05 0.05143602696769807
-245 -4.850366614097847e-05 0.05186005872036883
-243 3.6614084673637505e-05 0.052254406481052305
-241 1.4500449706254062e-05 0.05271828000374089
-239 4.291989232417543e-05 0.05314904483590862
-237 1.6922804478726458e-05 0.05360488665344637
-235 -3.6407900925853165e-05 0.05409699347319881
-233 1.0286099286322962e-05 0.05450720489863896
-231 -2.213499458205378e-06 0.05497125118439205
-229 -4.7117847256521e-05 0.0554935121225267
-227 -4.186723296529713e-05 0.05603685002630776
-225 -3.4390670405615924e-05 0.056472773313021564
-223 1.62620588863256e-05 0.05702203361659507
-221 6.272588751133456e-05 0.05754078792858267
-219 5.749124802966417e-05 0.058074054586613286
-217 2.1923265718422356e-05 0.058542976517621775
-215 -8.53707900756808e-06 0.059093143670679645
-213 -1.4004455870738555e-05 0.05962160619735141
-211 8.065003354726712e-06 0.06018986158788517
-209 -4.999413081781723e-06 0.0607820746156224
-207 -2.8566671586751675e-05 0.061270780300996114
-205 1.538970128614646e-05 0.06196571440849727
-203 1.6180927500544207e-05 0.06265590851486147
-201 -7.95755257211238e-07 0.06326235875779115
-199 -9.671360202361974e-06 0.0638512414810777
-197 -4.0123778596533216e-05 0.06454874559535143
-195 -1.9337880961655464e-05 0.06516641937932618
-193 -5.118937177514088e-06 0.06586321075258764
-191 1.2262256303100243e-05 0.06654874859964796
-189 1.5442687559327874e-05 0.06722793217009404
-187 -7.340219965400401e-07 0.06794177355379691
-185 1.653778158511292e-05 0.06868658576241779
-183 1.6843098649700667e-05 0.06940289357459258
-181 -5.511307004768046e-05 0.07011103251487394
-179 -1.3685035802812658e-05 0.07091070236520325
-177 -5.001293015690345e-06 0.07175575336214633
-175 6.379608054507702e-05 0.07262974655268485
-173 5.188033065817616e-05 0.07339698489682066
-171 1.841382874305567e-05 0.07421706118161127
-169 -1.39509128587941e-05 0.07511152584966536
-167 1.1184710582465796e-05 0.07603053625209971
-165 3.7200411462614167e-05 0.07698491471166283
-163 -4.4163664225191536e-05 0.0779152420576801
-161 -2.733826675976949e-05 0.07892185060321445
-159 -7.342392727339409e-05 0.0798520294087756
-157 -6.260181106343006e-05 0.08083411765253898
-155 -1.1746706575590462e-05 0.08189565227665084
-153 -3.175761795561431e-05 0.08294776862830415
-151 -7.00651703274565e-05 0.08405068599337462
-149 -3.408834543709902e-05 0.08517919856570498
-147 1.4539752434640084e-05 0.08629990017710883
-145 3.813274823213975e-05 0.08752788589201699
-143 6.423713524720095e-05 0.08867387296721455
-141 2.6798413728390634e-05 0.08985632421589226
-139 1.813571766923656e-05 0.09114822237285355
-137 1.9280586360220935e-05 0.09248690807590045
-135 1.8766006494861794e-05 0.09391482784711082
-133 1.1215826089299915e-05 0.09529521887727348
-131 -7.893926174564908e-05 0.09677105841075635
-129 -8.817993738593817e-05 0.09824964144472484
-127 -2.257101865012889e-05 0.09977402070946834
-125 8.8402413400798e-06 0.10139428988039788
-123 5.6428129127165025e-05 0.10304045628900421
-121 4.25379342220029e-05 0.10474709639092764
-119 5.843320727392756e-05 0.10641279891507757
-117 5.8631665147296326e-05 0.10819416049693543
-115 1.102157507943363e-05 0.11008516822808279
-113 2.742902835648519e-05 0.11200948303668362
-111 6.64174379334302e-05 0.11405589061469892
-109 0.00010002778589863811 0.11610929876193157
-107 3.55943096368439e-05 0.11815796798026479
-105 7.063450150039913e-05 0.12041590469298222
-103 8.370504330920606e-05 0.12269766006336054
-101 5.848070275286344e-05 0.12510056354016968
-99 6.705478676522041e-05 0.12758150209158006
-97 5.5868349116554555e-05 0.13021804476681473
-95 7.294053698157706e-05 0.1328876185601712
-93 8.638704733218208e-05 0.13566640701933705
-91 9.894379013787838e-05 0.13860052763546862
-89 7.169160037865379e-05 0.14163734990389412
-87 -2.5007127721025013e-05 0.144832910012306
-85 -1.609583642749461e-05 0.14814277177670518
-83 -1.4269870737049155e-05 0.15161971572853766
-81 2.065001185657126e-05 0.15530306616418588
-79 5.9618105055572935e-05 0.15919317241126307
-77 -4.151572313220517e-05 0.1631570793836894
-75 -3.377006901283945e-05 0.16744422956028687
-73 1.4879732949637447e-05 0.17190080488564882
-71 -5.728087581364883e-06 0.17663193195458293
-69 -9.582989444296424e-07 0.18159282934106494
-67 -2.1401133772217804e-05 0.18678496641223397
-65 -2.214715000151006e-05 0.19238390876974518
-63 -7.829104735880466e-06 0.1982170656992808
-61 -2.8108156609225814e-06 0.20450357753782072
-59 1.992451426954357e-05 0.2111183756728964
-57 -2.9922210276688342e-06 0.21817658075363988
-55 1.264566406560514e-06 0.225829009308086
-53 6.470599202327752e-06 0.2338721671511915
-51 1.426827695013205e-06 0.24259276142906183
-49 7.715523783283583e-06 0.25188304077479806
-47 1.4595797850016912e-05 0.26197135633581337
-45 -2.3228278959819493e-06 0.27283743474910555
-43 9.13718140538708e-06 0.2846418130932663
-41 -4.4295552311841466e-05 0.2974571631438507
-39 4.709769016818973e-05 0.3114105054828944
-37 2.7485019341910308e-05 0.32673955863622933
-35 3.229924740005221e-05 0.34368378090111235
-33 1.1876653342666985e-05 0.3622184420029814
-31 8.459449108960827e-06 0.3828088431777582
-29 6.880625259364348e-05 0.40577596763934126
-27 8.517055749630034e-06 0.43149823237048346
-25 -5.29909939980069e-05 0.4605717245774477
-23 -2.92805303560382e-05 0.49357375300265677
-21 4.2580517898192555e-05 0.5312726063194844
-19 2.4862875493482453e-05 0.5747398226973496
-17 3.75717167554079e-05 0.6254828054157152
-15 3.791785907223086e-05 0.6850788964463049
-13 4.551121163540236e-05 0.7563220899390419
-11 9.353870055636311e-05 0.8425897915593135
-9 5.457656599101836e-05 0.949040153660463
-7 9.644668797465511e-05 1.0832992885581332
-5 0.0001419595481249521 1.2568931104151098
-3 0.00012846522813811037 1.4882155083362099
-1 9.749144140957218e-05 1.7489951054809758
1 9.749144141120161e-05 -1.7489951054809758
3 0.0001284652281384926 -1.4882155083362094
5 0.00014195954812514874 -1.2568931104151102
7 9.644668797476135e-05 -1.083299288558133
9 5.4576565991073386e-05 -0.9490401536604631
11 9.35387005563621e-05 -0.8425897915593135
13 4.551121163551114e-05 -0.756322089939042
15 3.791785907204868e-05 -0.6850788964463048
17 3.7571716755615604e-05 -0.6254828054157153
19 2.4862875493463113e-05 -0.5747398226973496
21 4.2580517898163986e-05 -0.5312726063194844
23 -2.928053035594066e-05 -0.49357375300265677
25 -5.299099399811917e-05 -0.46057172457744777
27 8.51705574966891e-06 -0.4314982323704834
29 6.880625259362902e-05 -0.4057759676393413
31 8.459449108973292e-06 -0.38280884317775826
33 1.1876653342683986e-05 -0.3622184420029814
35 3.229924740001545e-05 -0.3436837809011123
37 2.7485019341915627e-05 -0.3267395586362293
39 4.7097690168033814e-05 -0.31141050548289423
41 -4.429555231185937e-05 -0.2974571631438505
43 9.137181405385079e-06 -0.28464181309326625
45 -2.322827895975388e-06 -0.2728374347491056
47 1.4595797849989169e-05 -0.2619713563358133
49 7.715523783338545e-06 -0.25188304077479806
51 1.4268276950106402e-06 -0.24259276142906183
53 6.470599202359541e-06 -0.23387216715119152
55 1.264566406474735e-06 -0.22582900930808594
57 -2.9922210276254183e-06 -0.21817658075363988
59 1.9924514269530878e-05 -0.2111183756728964
61 -2.810815660940908e-06 -0.2045035775378207
63 -7.829104735835919e-06 -0.19821706569928074
65 -2.214715000159301e-05 -0.19238390876974518
67 -2.140113377219679e-05 -0.18678496641223397
69 -9.582989444402896e-07 -0.18159282934106497
71 -5.728087581351327e-06 -0.17663193195458293
73 1.4879732949602539e-05 -0.17190080488564885
75 -3.377006901287917e-05 -0.1674442295602869
77 -4.151572313214869e-05 -0.1631570793836892
79 5.961810505565959e-05 -0.15919317241126243
81 2.0650011856470636e-05 -0.15530306616418657
83 -1.4269870737037017e-05 -0.1516197157285378
85 -1.609583642748802e-05 -0.14814277177670523
87 -2.5007127721021902e-05 -0.14483291001230592
89 7.169160037868741e-05 -0.14163734990389418
91 9.894379013786901e-05 -0.13860052763546865
93 8.638704733218655e-05 -0.13566640701933705
95 7.294053698155849e-05 -0.13288761856017117
97 5.5868349116605824e-05 -0.1302180447668147
99 6.705478676518073e-05 -0.12758150209158006
101 5.848070275287191e-05 -0.12510056354016966
103 8.37050433092574e-05 -0.12269766006336051
105 7.063450150039875e-05 -0.12041590469298226
107 3.559430963683936e-05 -0.11815796798026483
109 0.00010002778589863063 -0.11610929876193156
111 6.641743793342508e-05 -0.11405589061469888
113 2.7429028356482247e-05 -0.11200948303668362
115 1.1021575079430597e-05 -0.1100851682280828
117 5.863166514729012e-05 -0.1081941604969355
119 5.8433207273974786e-05 -0.1064127989150777
121 4.253793422222348e-05 -0.1047470963909276
123 5.642812912717641e-05 -0.10304045628900423
125 8.840241340039286e-06 -0.10139428988039784
127 -2.2571018650065715e-05 -0.0997740207094683
129 -8.817993738588718e-05 -0.09824964144472485
131 -7.893926174565629e-05 -0.09677105841075632
133 1.1215826089289138e-05 -0.0952952188772735
135 1.876600649480488e-05 -0.09391482784711086
137 1.9280586360259363e-05 -0.09248690807590045
139 1.813571766919491e-05 -0.09114822237285358
141 2.679841372834612e-05 -0.0898563242158922
143 6.423713524734368e-05 -0.08867387296721445
145 3.813274823226689e-05 -0.08752788589201708
147 1.4539752434598854e-05 -0.0862999001771089
149 -3.40883454371109e-05 -0.08517919856570494
151 -7.006517032745514e-05 -0.08405068599337458
153 -3.175761795563622e-05 -0.08294776862830416
155 -1.1746706575624296e-05 -0.08189565227665087
157 -6.260181106337246e-05 -0.08083411765253912
159 -7.342392727359609e-05 -0.07985202940877592
161 -2.7338266759991966e-05 -0.07892185060321424
163 -4.41636642251133e-05 -0.07791524205768006
165 3.7200411462594055e-05 -0.0769849147116628
167 1.1184710582439877e-05 -0.07603053625209973
169 -1.3950912858831459e-05 -0.07511152584966538
171 1.841382874307198e-05 -0.07421706118161127
173 5.1880330658193126e-05 -0.07339698489682064
175 6.379608054506642e-05 -0.07262974655268487
177 -5.001293015657381e-06 -0.07175575336214637
179 -1.3685035802792074e-05 -0.07091070236520326
181 -5.511307004769922e-05 -0.07011103251487392
183 1.6843098649751787e-05 -0.06940289357459262
185 1.65377815850892e-05 -0.06868658576241782
187 -7.340219965692288e-07 -0.06794177355379692
189 1.544268755934404e-05 -0.06722793217009404
191 1.2262256303069551e-05 -0.06654874859964796
193 -5.118937177572649e-06 -0.06586321075258762
195 -1.933788096167376e-05 -0.0651664193793262
197 -4.0123778596468326e-05 -0.0645487455953514
199 -9.67136020231639e-06 -0.06385124148107771
201 -7.957552572605489e-07 -0.06326235875779106
203 1.618092750061845e-05 -0.06265590851486146
205 1.538970128615855e-05 -0.0619657144084973
207 -2.8566671586754847e-05 -0.06127078030099613
209 -4.999413081752056e-06 -0.06078207461562242
211 8.065003354738631e-06 -0.060189861587885175
213 -1.4004455870719747e-05 -0.059621606197351434
215 -8.537079007613389e-06 -0.059093143670679645
217 2.1923265718432666e-05 -0.058542976517621755
219 5.7491248029687015e-05 -0.058074054586613265
221 6.272588751134617e-05 -0.057540787928582665
223 1.62620588863152e-05 -0.057022033616595066
225 -3.439067040566215e-05 -0.056472773313021564
227 -4.186723296525699e-05 -0.056036850026307754
229 -4.7117847256513554e-05 -0.05549351212252674
231 -2.2134994582315826e-06 -0.05497125118439203
233 1.0286099286334006e-05 -0.054507204898638986
235 -3.64079009258508e-05 -0.05409699347319879
237 1.6922804478728464e-05 -0.05360488665344641
239 4.2919892324134884e-05 -0.05314904483590858
241 1.4500449706362145e-05 -0.052718280003740826
243 3.661408467365818e-05 -0.05225440648105231
245 -4.850366614100232e-05 -0.051860058720368855
247 -6.489523489119068e-05 -0.051436026967698105
249 -2.5937790185462987e-05 -0.051059150985445806
251 -5.846208567635622e-05 -0.05067752124141653
253 1.8772088404094696e-06 -0.05027387003923847
255 1.5482874532857534e-05 -0.0498877658251292
257 -2.295950144642185e-06 -0.04946853024105856
259 -2.5486230993077374e-05 -0.04912972311175278
261 -2.54162909541575e-06 -0.048754839408710886
263 -3.7037325462155833e-07 -0.04833433208516674
265 -1.4211373551716993e-05 -0.047940216463715636
267 -1.7168599424027205e-05 -0.04755157832129529
269 -2.17155009590917e-05 -0.047232274394831644
271 2.7589506801699953e-06 -0.046891345254318234
273 9.628341520693541e-06 -0.046574931316883374
275 9.778187234885765e-05 -0.04626545267900996
277 5.6982593342072046e-05 -0.04595553131766965
279 4.2949969116566366e-05 -0.0456393900696065
281 2.3488408185347362e-05 -0.045337695845497857
283 5.129350134615198e-05 -0.04505582830558304
285 3.999843959336727e-05 -0.044709715455321215
287 4.459689430638489e-05 -0.044356432140624714
289 5.917421331268371e-05 -0.0440553341618058
291 5.341081015054911e-05 -0.04370003828338173
293 2.952038167325673e-05 -0.04343148397094962
295 8.871564732472547e-05 -0.04310752412124411
297 -1.409674777177713e-05 -0.042823467120799284
299 5.4473675948633355e-06 -0.04249648931124418
301 -5.2408444515113835e-05 -0.042303973526103864
303 -1.5331460956312237e-05 -0.042003581737387226
305 9.684385931232505e-06 -0.04171874819910958
307 -5.4157424273574525e-06 -0.04145180884636954
309 4.520221200897871e-05 -0.041186104711254716
311 3.9059331132929494e-05 -0.04093792568044942
313 2.4516803746676728e-05 -0.0406805525596053
315 8.22697560446996e-05 -0.04039812997992095
317 7.549614492099935e-05 -0.040111819150216735
319 2.2953536242325726e-05 -0.03990025702996993
321 2.4091034748416957e-05 -0.039732496679918815
323 -5.407114061961884e-06 -0.03944109403896664
325 -3.899690012628203e-05 -0.039164299101832896
327 1.3341419453646428e-05 -0.03894699407968954
329 -4.399250906916351e-05 -0.03869776661154319
331 -9.955906668626376e-06 -0.03849456755540818
333 7.302659155278941e-05 -0.03820269514219949
335 -2.860733816894809e-05 -0.03800057954923069
337 1.741403557049e-05 -0.03777042077614604
339 2.5231752511812157e-05 -0.03754259249106773
341 3.681396946153175e-05 -0.03725655589786824
343 3.876821123905981e-05 -0.037057890765963136
345 9.24568098872919e-05 -0.036914869196063016
347 -3.1524113333376434e-05 -0.036676414168411324
349 -7.356114735470886e-05 -0.03649896652205718
351 -6.300600873975061e-05 -0.03633517149662891
353 -6.188363194238452e-05 -0.03617545143944903
355 -5.171606782557372e-05 -0.035893287347897145
357 -6.467756373957515e-06 -0.03562553358433981
359 1.1050161329369376e-05 -0.035382448242701085
361 -7.003884946517325e-05 -0.03520891929373881
363 -0.00012063488063544659 -0.03506604018296057
365 -0.00010077879699491648 -0.03488961320293626
367 -2.0613464319878377e-05 -0.03473127180883685
369 -3.21824178895649e-05 -0.03447558889251766
371 5.140591841545767e-05 -0.03429034295045538
373 1.818142674153277e-05 -0.03412861359944357
375 1.3565846103412786e-06 -0.033983519417885445
377 1.5803499064669823e-06 -0.03380161043569209
379 1.8935564510274206e-05 -0.03364538946789553
381 -8.371570241577228e-07 -0.03335139801979861
383 2.9011228875003192e-05 -0.03311210227365038
385 -5.162038931954645e-05 -0.032999167802069136
387 -1.5536002862087525e-05 -0.03289620323335878
389 3.4012395031045573e-06 -0.03272862321285959
391 -7.12695999945782e-05 -0.032531777051642265
393 3.243892299598276e-05 -0.03239091418526857
395 -2.8458408479422505e-05 -0.03222375149070622
397 -4.638266961529341e-05 -0.03210559838394189
399 -5.377859903454851e-06 -0.031945231529127205
401 -3.9181769356693557e-05 -0.0317275585050972
403 -4.293823253605877e-05 -0.031576861759507434
405 -1.0902630967296518e-05 -0.03143044666943577
407 -7.595329466373369e-06 -0.03127716581580022
409 3.6624978491442135e-06 -0.031069094828114402
411 -6.662378734719759e-06 -0.03095907923739244
413 -9.463661813886328e-05 -0.03079680402420178
415 -7.855316379802219e-05 -0.030648009273763183
417 -8.919309395439523e-05 -0.030566035525610276
419 -7.8370127211744e-05 -0.030401042188186816
421 -2.6142389220114236e-05 -0.03028418947473832
423 -2.7853465889076794e-05 -0.030115093426009418
425 -4.137059323082428e-05 -0.02996831834389236
427 -2.3219097790936115e-05 -0.029759616592305305
429 -1.5187156918070211e-05 -0.0296328254083264
431 -6.4554765045006775e-06 -0.02960037066269939
433 -1.12018320466253e-07 -0.029489992465331787
435 1.1444898189790624e-05 -0.02932559157962709
437 -1.458584740153195e-05 -0.02914323319133258
439 -5.424154591588668e-05 -0.028963324968346416
441 -3.496657500465231e-05 -0.02891560605124726
443 -2.353298022815139e-05 -0.02881583084274825
445 -3.8968126486248576e-05 -0.028625632767765793
447 -8.218915584567116e-05 -0.028495683026540503
449 -8.156139165770446e-05 -0.028306405838181274
451 -0.00010463959523539061 -0.02812291258368258
453 -4.655535073603397e-05 -0.028128465012755427
455 -1.1277698185630858e-05 -0.028013811524799814
457 6.958583558736904e-05 -0.02789624141021541
459 5.715361269633495e-05 -0.027761797724767463
461 -7.895999586905196e-06 -0.02766084424589588
463 -4.0516634595887317e-05 -0.027462842720318292
465 -1.957720537237551e-05 -0.027352695258755073
467 -3.4466753503826694e-05 -0.027227674349284144
469 4.559324179833768e-06 -0.02704930066069786
471 -2.387425877828875e-05 -0.027022890473013043
473 -3.0106064100485827e-05 -0.02688556629903689
475 4.464795133965997e-05 -0.026801080105942877
477 4.80721254065725e-05 -0.026725214518364532
479 -8.29163526430342e-06 -0.026586230033778677
481 3.337701016484396e-05 -0.026487601955632968
483 -4.263322180767296e-05 -0.026341302203569537
485 3.529263406149942e-05 -0.026228278461918806
487 6.0795371244969516e-05 -0.02603980472127727
489 1.4358820845169875e-05 -0.025945481752177955
491 -4.2274583157053986e-05 -0.025842212342775527
493 -6.0863930355209704e-05 -0.025751402560713326
495 -2.3744680965544812e-05 -0.025703692582197894
497 6.55369757202192e-06 -0.02556301484810888
499 4.229080794686072e-05 -0.025523090683522532
501 2.6183722466866764e-05 -0.025428848152375543
503 -6.706828055649658e-05 -0.025266805123739286
505 1.3905454988132826e-05 -0.025206440649954483
507 8.11250832330554e-05 -0.025170431830392633
509 2.2952754677963307e-05 -0.02499610245493811
511 2.311437608071067e-06 -0.024878872927334143
513 1.9107846438957338e-05 -0.024883247910714723
515 2.3122420126160898e-05 -0.02474680850620655
517 -7.886645805468644e-06 -0.024635764663179495
519 -2.842008005673073e-05 -0.024584502102598906
521 -3.7416367599437335e-05 -0.024440081676221376
523 -2.787459523579709e-05 -0.024327966464068304
525 2.228190844797573e-05 -0.024258916047372778
527 3.53878227544363e-05 -0.024171644220952124
529 -1.6765169559814665e-05 -0.024060221011242746
531 -3.343131652466845e-05 -0.023966072342600824
533 4.331301288276149e-05 -0.023895806208264533
535 -5.451529908837266e-05 -0.02383965837707141
537 5.212283428609389e-06 -0.023714140408676976
539 3.628222145248614e-05 -0.023656143414624846
541 -2.718682864203185e-06 -0.023572850371799983
543 5.6801710626064544e-05 -0.023406049369248377
545 4.825576254399627e-05 -0.023393659473777945
547 4.5655709185635926e-06 -0.023305687391779184
549 1.1176447045758216e-05 -0.023201930928563798
551 4.1557767368270674e-05 -0.023080642650561495
553 2.0260024350463573e-05 -0.022980484496525302
555 9.337898425098673e-05 -0.022850671195926264
557 0.00012163244281691526 -0.02288111037016887
559 7.112010789467999e-05 -0.022790970153653115
561 0.0001532992391809705 -0.022720931971585423
563 0.0001645816600074795 -0.022673623233577384
565 4.2054515887643315e-05 -0.0225975640830439
567 4.874351254052461e-05 -0.022491524511590914
569 9.628213050118791e-05 -0.02238537916370003
571 7.03693566052788e-05 -0.022293478765545157
573 4.739026085722913e-05 -0.022201843562092708
575 5.6946655277181346e-05 -0.022116166849374192
577 4.5040420366577053e-05 -0.022037622945320627
579 3.494908908834341e-05 -0.021971328221250953
581 8.908004981739596e-05 -0.021889142111741845
583 2.4492010137618313e-05 -0.02179493007035051
585 4.899279324447409e-05 -0.02169133736571648
587 -4.581300043356617e-05 -0.02161247801862953
589 -4.8757998596068175e-05 -0.02152939875005248
591 2.9850208320414674e-05 -0.0214875890331876
593 1.508716026554655e-05 -0.021497480667370936
595 2.243810070206537e-05 -0.021427064718220572
597 -1.1702340651648251e-05 -0.021254224211701363
599 -3.1996248236944384e-05 -0.021238472551754456
601 -1.7806829485953332e-05 -0.02115005471611261
603 7.141285433440712e-05 -0.021042410651447
605 3.4077345865000694e-05 -0.021012960927107797
607 1.3246916655165686e-05 -0.020949790286723037
609 2.299439629149223e-05 -0.02090548549857591
611 -3.585312107529522e-05 -0.020798488322734957
613 -2.1398489926728914e-05 -0.020727989162768908
615 -4.356038471059477e-05 -0.020621407536707968
617 -6.078809524768565e-05 -0.020524212634984502
619 -1.2229230996808603e-05 -0.020452026309919803
621 -4.409051150347725e-05 -0.020360241443596157
623 -1.2893810796926797e-05 -0.020388094363183926
625 -2.924534931701223e-05 -0.020369448374335766
627 1.6989197583640095e-05 -0.020305411234359104
629 3.568190263134948e-05 -0.02025209874508795
631 -5.0609928210727053e-05 -0.020167941947021456
633 -1.9255898319350524e-05 -0.02016750513669749
635 -4.0631420102549113e-05 -0.02011414722868927
637 -5.824709189585543e-05 -0.01993642490134255
639 -7.389591118627828e-05 -0.019878089359026203
641 -2.174444326443941e-06 -0.01978520089259673
643 -0.00010311768381127203 -0.019760604724342032
645 -8.235842386504059e-05 -0.01970351404564813
647 2.5884354343346167e-05 -0.019556628288384604
649 4.212884002231717e-05 -0.01958597178559244
651 1.7964356431426548e-06 -0.019569480469407267
653 6.968742232591847e-06 -0.019502137114221003
655 3.5910961447229814e-05 -0.019408873012285572
657 5.883465066159397e-05 -0.01936345079194256
659 -6.047251237353168e-05 -0.019312134634982235
661 -1.691485037243031e-05 -0.019270637392544584
663 -1.9697249664329796e-05 -0.019232825707058716
665 -1.6524851620204262e-06 -0.01913672016887986
667 7.427797111925353e-05 -0.019054070619489306
669 -1.881136126208948e-05 -0.01905621314897213
671 -3.4690924767242304e-05 -0.01895415815284885
673 8.322100956172019e-06 -0.018939293055916632
675 -1.0494155988588736e-05 -0.01882227447095581
677 4.078338107370831e-05 -0.018757529421013785
679 4.6417468701556184e-05 -0.018723113651990683
681 -2.8757865777613433e-05 -0.0186178716157508
683 6.211025872565511e-06 -0.018582975839613988
685 5.902382664215403e-06 -0.018558319810425206
687 2.4229254067134154e-05 -0.018549182988001848
689 3.227603899368192e-05 -0.01853228993359984
691 -1.5127283837221812e-06 -0.01839646369567755
693 -3.1884558143460894e-05 -0.01833012069971065
695 -1.9760409287034e-05 -0.018323355693897522
697 4.436154790779657e-06 -0.018244004099769964
699 6.01788953393708e-05 -0.01820852577095539
701 -1.1415652320060346e-05 -0.01820142204708318
703 6.995391151183457e-05 -0.018133772512338435
705 3.8792504515536835e-05 -0.018115333944704746
707 3.643365722651051e-05 -0.018096627697163487
709 -1.2477933936160273e-05 -0.018037157331021687
711 2.201298659119261e-05 -0.01797009385949871
713 3.945090433675675e-05 -0.01788215950085143
715 1.3216487578851453e-05 -0.017832626161650017
717 -7.4782899370789e-06 -0.017701631747500987
719 2.3737249253542827e-05 -0.017699050419799484
721 6.001171362172297e-05 -0.017640917178947346
723 6.2795542415855474e-06 -0.017613706562920144
725 2.8049426815103228e-05 -0.0176400572400623
727 1.2765766364383116e-05 -0.017531901931944722
729 -7.650565966514269e-05 -0.017434039869969654
731 -4.223049108639257e-05 -0.017411809090880553
733 3.475653708775584e-06 -0.01737082663369737
735 -6.127582641948333e-05 -0.017364363557378592
737 -8.155603252946427e-06 -0.017237916143813554
739 9.775641573137124e-06 -0.017180944585858667
741 -1.9163415674179403e-05 -0.017172237527288088
743 -2.381884645215134e-05 -0.017171048260948753
745 -5.941351931314044e-05 -0.01710117176848695
747 -3.484271214195262e-05 -0.017063861837701727
749 -2.9687326037779113e-05 -0.017014245866472384
751 -2.1867969781274158e-05 -0.01695375270422738
753 -4.557784665053861e-05 -0.016879551536131743
755 -4.771089586393034e-05 -0.01689947741881584
757 3.1238425845066615e-05 -0.01684614400092001
759 1.187593352113903e-06 -0.016766619816273916
761 -5.0164741836208906e-05 -0.01671726080908357
763 -3.943319542554354e-06 -0.0167700677828698
765 3.9680056835728465e-05 -0.016762467047916525
767 -3.3609366559037765e-06 -0.016686913103985873
769 4.161887129751213e-05 -0.01661997224451537
771 -1.05646289991633e-05 -0.01650787056698
773 4.6617654963197695e-06 -0.016449847716399492
775 1.851102611066441e-05 -0.016452887282786783
777 -1.5855532187115302e-05 -0.01641033175680119
779 -3.1373746539557785e-05 -0.01635638630048942
781 -4.265956467601855e-05 -0.016243738294626518
783 2.9952683491692914e-05 -0.016261847286611952
785 -2.5932937566208266e-05 -0.016256916835971927
787 4.1103007517024806e-05 -0.016211421457877212
789 8.959479339674534e-07 -0.016169595521580184
791 -1.874166717295044e-05 -0.016192978909727693
793 -4.6554900810719564e-05 -0.016101121578103395
795 -6.880257932925156e-05 -0.016023795714683514
797 -6.554148598313095e-05 -0.016038651716794087
799 -1.3546148510778757e-05 -0.015918184394889283
801 3.045632619854624e-06 -0.015888585719898488
803 -3.661096775919783e-05 -0.015862147234959975
805 2.2330882565517116e-05 -0.015833321485593466
807 3.537824621171243e-05 -0.01578184207843951
809 -1.1143618051996432e-05 -0.01571565202668534
811 -2.5375836511128487e-05 -0.015667591200980154
813 2.1583384111862336e-05 -0.01567664635871537
815 1.1091455385035696e-05 -0.01561567808175146
817 -1.8073349314706526e-05 -0.015550579165344745
819 5.03007476115868e-05 -0.015521607614104045
821 -1.629790155229925e-05 -0.01549663930048939
823 2.443652259017266e-05 -0.015439185975125665
825 -5.131188545812513e-05 -0.015361350057751006
827 -3.520881895230626e-05 -0.015348218270147781
829 -6.366097372838755e-05 -0.01530340358085071
831 5.263915958900813e-05 -0.015260447420552022
833 -8.706203230523774e-06 -0.01527192226797891
835 -8.1417200860671e-06 -0.015252378088762786
837 -1.5970429414789115e-07 -0.015193776780869497
839 -3.3393262426066734e-06 -0.015143463272886935
841 -6.785182066707614e-05 -0.015128162540633438
843 -0.0001042166002829166 -0.015153980561263295
845 -6.155356441005495e-05 -0.015069170795712385
847 -5.148902453863716e-05 -0.015080341719118769
849 -5.824288830707124e-05 -0.015036024547189213
851 -4.867471904383573e-05 -0.014961639846974533
853 -7.206938790444749e-06 -0.014963573644983526
855 -1.5453461879063068e-05 -0.014875146357690697
857 3.343445085099473e-06 -0.014836254838399404
859 5.410729536933094e-05 -0.014773709274221685
861 1.8849652266532316e-05 -0.014824868731219394
863 1.2471705638498269e-05 -0.014799276336350297
865 5.971630944949595e-05 -0.014705093225922974
867 5.7675884542572034e-05 -0.014656365418735336
869 9.588994914733242e-05 -0.014663262402163079
871 1.286949762528324e-05 -0.014665638298395437
873 -1.7353672108543037e-05 -0.01465605352915017
875 1.792680394643467e-05 -0.014573245686563029
877 -2.221230793953107e-05 -0.014506812264882199
879 -7.309603682883579e-05 -0.01448965336280798
881 -7.737243840229681e-05 -0.014430765862715194
883 1.0780489662570242e-05 -0.01437356933248874
885 -1.545569145859881e-06 -0.014325208358614934
887 -2.7151645233314303e-05 -0.014366472855174303
889 -4.719323108615371e-05 -0.014383165533214358
891 6.014834010295298e-06 -0.014250830605766799
893 8.288001104597807e-06 -0.01425201154854973
895 -4.2395267225191515e-05 -0.014198061576722152
897 -3.044202840779158e-05 -0.014201361214544782
899 2.5243677290336573e-05 -0.014143003187436415
901 -3.809330774892089e-05 -0.014116747556569349
903 4.2650414148418095e-05 -0.014080061228193533
905 -1.6009921053004816e-05 -0.014075724817618535
907 -7.244638046648546e-06 -0.014064613008672436
909 3.75218130371605e-05 -0.0139870866576515
911 3.229762814431494e-05 -0.013978094328851968
913 2.3639850719215967e-05 -0.013966653662175922
915 -6.155091585343452e-06 -0.013910989857229954
917 6.231753464358143e-05 -0.013861889603964598
919 2.7727909084957032e-05 -0.013846398855455714
921 7.321350028337532e-06 -0.013847263497588684
923 5.885816723674381e-05 -0.01381909648111126
925 4.873525351385627e-05 -0.013802918940565994
927 1.0877139039704467e-05 -0.013719080279321396
929 -3.574307869492045e-05 -0.013703692054453556
931 -4.0666073835714655e-05 -0.01363991510936548
933 -2.0828277130090155e-05 -0.013620873161980743
935 -1.686345426658237e-05 -0.013581786433825727
937 3.489294988929897e-05 -0.01358566109154369
939 4.387066679303622e-05 -0.013531297050309409
941 4.785866994061545e-05 -0.013579480470262388
943 6.143834974034708e-05 -0.013530324946982163
945 6.12890785642249e-05 -0.0133875254750658
947 8.821247323095606e-05 -0.013382510392708527
949 7.282525729908519e-05 -0.013355493949075585
951 5.775910334420167e-05 -0.013414581378386803
953 1.3291914701077565e-05 -0.01333695725992684
955 2.694044498722857e-05 -0.013228363646504001
957 4.691758626768696e-05 -0.013290663738897373
959 1.220968581733986e-05 -0.013278708378417095
961 -4.9726430240461216e-05 -0.013201905301810786
963 -8.065236274257183e-05 -0.013190520298395477
965 4.265369225677071e-05 -0.01316185582437881
967 2.408663301388677e-05 -0.013129205243866522
969 -5.7946562218571466e-05 -0.013096977635611944
971 -2.499919592037896e-05 -0.013024854727850784
973 3.585713889587567e-05 -0.013020963208782934
975 1.3350567494843966e-05 -0.013009413049412
977 -8.664598404520004e-06 -0.012984613055251757
979 -3.271487836819766e-05 -0.012999189138205186
981 1.0419422264138694e-06 -0.01298168723831347
983 -8.100650748016807e-06 -0.012922710177658442
985 1.83612608021612e-05 -0.012926456255519754
987 2.1103207633309998e-05 -0.012912498890992025
989 6.983048657344586e-05 -0.012878159570966191
991 3.542209453445666e-05 -0.012793134690046433
993 2.2005435101286973e-06 -0.012760690345456047
995 -1.2917480071562844e-05 -0.012735373310402351
997 -3.210127699390818e-05 -0.012688978846269409
999 -1.63456905765207e-05 -0.01272437769475774
1001 -3.0246867965146226e-05 -0.01272784545438872
1003 -5.02947440743145e-05 -0.012731810211978669
1005 -7.995176983950636e-05 -0.01273628604880753
1007 -5.6315045209030765e-05 -0.012651747006784082
1009 -8.935838529982371e-05 -0.012653764565751378
1011 -2.6138979643043603e-05 -0.012680211578718164
1013 2.0599312372878564e-05 -0.012614418766075252
1015 1.926799682743216e-05 -0.01251296218663442
1017 -2.1999853553640573e-05 -0.012508092504674481
1019 -9.68533230836835e-06 -0.012503834454899845
1021 -3.724776492713737e-05 -0.012486879935326437
1023 1.146458540303146e-05 -0.012396656273170461
1025 -1.7174057936054617e-05 -0.01235519748383526
1027 -5.514190547768226e-05 -0.012404216140132145
1029 -3.718261200687848e-05 -0.01243503024486443
1031 4.881440145954625e-06 -0.01241209946912853
1033 8.943066582383418e-07 -0.012386192798679621
1035 -2.688836845745536e-05 -0.012309273097444673
1037 3.506800448504631e-05 -0.012233489706125764
1039 1.8815689609836996e-05 -0.012246959594394447
1041 1.1424432980399985e-05 -0.012205420345863407
1043 -4.0264964293917766e-05 -0.01221970390211886
1045 4.070801782321847e-05 -0.012210838005214138
1047 7.095668895816617e-05 -0.012149005584934567
1049 5.304429593888382e-05 -0.012144886812226089
1051 5.261619199947222e-06 -0.01214561353568268
1053 5.337223840067826e-05 -0.012056466324434193
1055 3.209726772426782e-05 -0.011998041806634462
1057 2.2627831390452114e-05 -0.012032964488013036
1059 -9.613056419582264e-07 -0.012005784807387452
1061 3.0384806054768968e-05 -0.011982323430308084
1063 3.312815033213709e-05 -0.012022094892906584
1065 9.126045346261306e-06 -0.011985285578746677
1067 -1.9619064937132335e-05 -0.011940968539819732
1069 -4.570511334097431e-06 -0.011880149729834994
1071 -2.450041575485162e-05 -0.011863128018511953
1073 -3.716499128929019e-05 -0.01184845854346426
1075 -3.388018609428674e-05 -0.011798268123496386
1077 3.696293676742173e-05 -0.011818093866194392
1079 7.246269922534134e-05 -0.011777441481359846
1081 1.2977201598370279e-05 -0.011802769749544091
1083 -7.090355091155358e-05 -0.011802266733497432
1085 -0.00013781679925489184 -0.011797909155059428
1087 -6.0296093056100565e-05 -0.011738714338926249
1089 4.576169394237504e-05 -0.01169082917930458
1091 4.900698519946682e-05 -0.011668767823423088
1093 -1.559014370608946e-05 -0.011628143247557387
1095 -1.799734524704845e-05 -0.011627916728727136
1097 -1.5989503653014696e-05 -0.011634657075023189
1099 3.841144048710986e-06 -0.011641586387235133
1101 1.4719466015613291e-05 -0.011594646667780923
1103 5.3548572903617554e-05 -0.01150710401635972
1105 -5.088163984604231e-05 -0.011558801724826605
1107 -4.79179507714172e-05 -0.011534207685315774
1109 -5.9045888804161646e-05 -0.011517447131075956
1111 -3.5716933910725875e-05 -0.011480254888137495
1113 -3.8143831738409365e-05 -0.011436687278204698
1115 -3.2564514958211125e-05 -0.011401165682736159
1117 1.9132063417319037e-05 -0.011349429040288865
1119 1.5079147108669761e-05 -0.011315644701017839
1121 1.231420572764604e-05 -0.011336404979017157
1123 9.357549682254279e-06 -0.01135747963320365
1125 2.0951195865279165e-05 -0.01131520106479785
1127 -1.277365032482941e-06 -0.011335253180564967
1129 1.0955617899973157e-05 -0.011347334512598709
1131 7.908002491917058e-05 -0.011308069248689663
1133 5.37144681532499e-05 -0.011225179058891848
1135 -7.49763287042457e-07 -0.011243852756933924
1137 6.454999142695103e-05 -0.011171013027662696
1139 -1.9082965592044176e-05 -0.01115805076727638
1141 2.0586314807656826e-05 -0.011128556603620022
1143 2.372973107882188e-05 -0.011131504731321153
1145 2.160362854449175e-05 -0.011121318662267657
1147 3.4199264612459097e-05 -0.011149476325990011
1149 -2.6716520229205884e-06 -0.011081307060229603
1151 1.4797221885041354e-05 -0.011133537751481867
1153 4.976633182990192e-06 -0.011100309723726729
1155 -4.531589817842592e-06 -0.011067762092114285
1157 -1.9877962833590946e-07 -0.010992021167526515
1159 -4.6988285869478695e-05 -0.011060239388118856
1161 -1.757911247394467e-07 -0.010963975482047713
1163 1.4705925689767136e-05 -0.010949557248317737
1165 3.2089305004771125e-06 -0.010862595155110896
1167 1.0282593563794508e-05 -0.01090063090152002
1169 -6.794306328294978e-06 -0.010838013421526032
1171 -1.0887729118690917e-05 -0.010878051379523353
1173 5.332884612401013e-05 -0.010872089989336522
1175 5.568466653597537e-05 -0.010870785544639404
1177 4.475766096127103e-05 -0.010864509254949029
1179 -2.3688343313624526e-05 -0.01080868800064032
1181 4.403873164947291e-05 -0.010815333541026465
1183 -5.797372199827618e-05 -0.010822519955220402
1185 -4.024868817228002e-05 -0.010733903944275565
1187 -2.804438765042236e-05 -0.010666175218244348
1189 -1.5848934180219497e-05 -0.010709188027327102
1191 7.243794865443003e-06 -0.010714685484276763
1193 -2.9218973061362762e-05 -0.01069434046732218
1195 -3.573426613065439e-05 -0.010623647011865871
1197 -1.604317846570781e-05 -0.010641801674588367
1199 3.891831086824164e-06 -0.01065024201948057
1201 2.5915201132251182e-05 -0.010613577699241669
1203 -1.7613983242847827e-06 -0.01060556136371899
1205 2.2318263185702594e-05 -0.010608276852737112
1207 2.398857528923119e-05 -0.010594639322305595
1209 -1.5216951342612341e-05 -0.01055235855178859
1211 1.7848351803358024e-05 -0.010473797298350867
1213 -1.0169414885911608e-05 -0.010456272435568756
1215 6.8397912373266926e-06 -0.010393403540186266
1217 -2.0811630859929198e-05 -0.010438772198799687
1219 1.6066265900037745e-05 -0.01041656326878889
1221 -1.776203542977234e-05 -0.010374015947575433
1223 7.299860051142185e-05 -0.01041746811000803
1225 2.3940816682218804e-05 -0.01037103013661399
1227 2.9691309582900833e-05 -0.010373743429585558
1229 3.936647653443924e-05 -0.010380330412302918
1231 -2.5685073611909258e-05 -0.010342686618402035
1233 -3.6062778287919905e-05 -0.010362373655757175
1235 -4.140750932101022e-05 -0.010297696805600788
1237 3.448495280684296e-05 -0.010288018599611837
1239 1.0548043782927602e-05 -0.010279390252806902
1241 -6.097642048603528e-05 -0.010276470977019732
1243 -4.39336458377938e-05 -0.010317552659619696
1245 -3.27707082011241e-05 -0.010251341702643383
1247 1.7909951531334524e-05 -0.010254667320931162
1249 -3.9343795955674905e-05 -0.010217282608681558
1251 9.200662494261158e-06 -0.010271369625059666
1253 4.249469690421979e-07 -0.010209450347321514
1255 1.4963357014243857e-05 -0.010139080912999672
1257 -1.7605806363119904e-05 -0.010107760068718332
1259 -5.2666199403736436e-05 -0.010048135919673087
1261 -6.72387087115904e-05 -0.010038182794663047
1263 -9.052102852544761e-05 -0.010083757755409544
1265 -2.4472040752965746e-05 -0.010056702111883826
1267 9.23284261382673e-06 -0.0100408505372461
1269 -2.499633629639812e-05 -0.010082949146736018
1271 -4.648477017963583e-05 -0.01009831782870469
1273 -2.197451787144091e-05 -0.010054597030314954
1275 7.695225466218409e-06 -0.010042143639426359
1277 -3.5522053734216224e-05 -0.009917068817841096
1279 -1.1156346850744564e-05 -0.00992412929992681
1281 -4.7106957846502776e-05 -0.009935994196743061
1283 -2.547157630354997e-05 -0.009933808765719039
1285 -2.14594623761654e-05 -0.009888455318975522
1287 -1.446836343244277e-05 -0.009813053254298744
1289 1.1402205592341378e-05 -0.009812357213168492
1291 -3.6181867281193305e-05 -0.009819263659586588
1293 -2.163869120095252e-05 -0.009735227618988793
1295 1.8041164988124107e-05 -0.009805198323663852
1297 -6.891431609755981e-06 -0.009784021745332936
1299 -4.021263236968118e-05 -0.00974567008428353
1301 -2.463774930333856e-05 -0.009742129511971852
1303 -5.402500431212409e-05 -0.009744005149456383
1305 1.8550583077254573e-05 -0.009715421607364891
1307 3.64317504446486e-06 -0.009737263366349969
1309 -5.783490682378788e-06 -0.009716324491159552
1311 -2.1179295363662224e-05 -0.009731562556318494
1313 1.8934789727312576e-05 -0.009734066837706657
1315 1.5163425980110605e-05 -0.009670250609773093
1317 -1.1053654806189967e-05 -0.009643856840210371
1319 5.995896582091606e-05 -0.009716504805585568
1321 1.4883341148645221e-07 -0.009659519958346288
1323 3.923681358506793e-05 -0.009617837055287284
1325 2.831852478373711e-05 -0.009591295934072194
1327 1.284210537484717e-05 -0.009590967659920992
1329 6.191900386734542e-05 -0.009497473831288676
1331 3.9120540632759546e-05 -0.009467935141171368
1333 -1.740906871205224e-05 -0.009473643551946942
1335 -7.78402104982041e-05 -0.009511448339459683
1337 -6.247009012002166e-05 -0.00947818271481995
1339 1.1521819057764112e-06 -0.009533585144232595
1341 -1.5801907138629862e-05 -0.00947507844947858
1343 1.7212903117033032e-05 -0.009492463489599283
1345 1.3784616791746464e-07 -0.009500786916802935
1347 -4.0839065550994394e-05 -0.009496805417622014
1349 -8.641246744536476e-05 -0.009357204195766052
1351 -8.00635612151134e-05 -0.009428984451805402
1353 -6.633663498969273e-05 -0.00943027954416442
1355 -6.091480645611278e-05 -0.009397121719587606
1357 -4.1775302454220515e-05 -0.009371817076832165
1359 -3.421460320195946e-05 -0.009436516875210866
1361 -2.412778422001327e-05 -0.009333817634934181
1363 -8.134773299227455e-06 -0.009321236373266206
1365 3.12387681503966e-05 -0.009356943903545736
1367 1.779502936945095e-05 -0.009301435535529843
1369 -9.208533093176655e-06 -0.009276611709177329
1371 -1.802125447504011e-05 -0.00921028028975355
1373 4.345248244364916e-05 -0.009263905263283473
1375 1.637176837479146e-05 -0.009320990800667034
1377 -1.4087856830851148e-05 -0.009348869017286756
1379 2.2239811907829242e-05 -0.009276204386008586
1381 -3.3914715515636636e-05 -0.00925492129307052
1383 -4.5946207125198036e-06 -0.0091988001809503
1385 -5.149325891913388e-06 -0.0092273131147262
1387 -2.5244729573304105e-05 -0.009291403267056802
1389 -6.792097140834728e-05 -0.009253583100108024
1391 -4.546297603671337e-05 -0.009153631377822843
1393 -7.908879356155645e-05 -0.009112710851161063
1395 -8.145331550475597e-05 -0.009097641032514146
1397 -0.00010978573269536286 -0.009096917706193627
1399 -8.460878583426126e-05 -0.009040125979370381
1401 2.03631822366101e-05 -0.009094554218031086
1403 3.695753805297424e-05 -0.00904609895173496
1405 4.8274730196288816e-05 -0.009031324747460307
1407 1.4501399569394508e-05 -0.009024383044879354
1409 9.662316808666242e-06 -0.00905283744559156
1411 1.7448925246249547e-05 -0.0090315358787392
1413 1.8834587653489275e-05 -0.008974502286207959
1415 3.235981175077267e-05 -0.009014920003468293
1417 5.297407922787782e-05 -0.009038864395731695
1419 2.8500154092637584e-05 -0.009016341703392917
1421 5.5521216244449755e-05 -0.008998838257049151
1423 2.6477009342101722e-05 -0.008924198719963477
1425 -1.4221603497626393e-05 -0.008872820637641117
1427 -3.95887731263388e-05 -0.008891911549035666
1429 -8.93879352955245e-06 -0.008906801033588827
1431 4.643171322562026e-05 -0.008851211238390808
1433 4.005319663275945e-05 -0.008878812332837376
1435 6.161935438785936e-05 -0.008845443832223196
1437 3.811776286127063e-05 -0.008855916989676488
1439 6.826947321831103e-06 -0.00883328917488464
1441 -9.10565399067537e-06 -0.00890053875724351
1443 2.7731608619414993e-05 -0.008896968408673048
1445 3.49624604447209e-05 -0.008792004962022633
1447 -7.497625909354537e-06 -0.008829529691133183
1449 1.2726078168734445e-05 -0.00876289233901982
1451 -5.5786653654793464e-05 -0.008707903047186437
1453 -5.525574770242646e-05 -0.008728065416874037
1455 -7.705918348295827e-05 -0.008768789470624015
1457 -6.22894454264632e-05 -0.008748004636812433
1459 -2.8009239835806064e-05 -0.008730367956512186
1461 7.206720440613084e-05 -0.00873299846465538
1463 4.3671585579557414e-05 -0.008757907022338994
1465 -7.083894992836434e-07 -0.00873116731454589
1467 2.8702150173424823e-05 -0.00870726530372127
1469 3.295855312179506e-05 -0.008715393890783074
1471 1.8384157413304416e-05 -0.008671475023770322
1473 9.556250224141777e-06 -0.008673327516040046
1475 -4.564361400032988e-05 -0.00862403391006864
1477 -2.825239351114049e-05 -0.008642563656723225
1479 -4.40369452268805e-06 -0.008579035518763541
1481 3.0287829676986873e-05 -0.008610217187025437
1483 -6.381789783852037e-05 -0.008614356225757912
1485 -3.915986458678992e-05 -0.008598157614797866
1487 -6.53817935861883e-05 -0.008559512147539356
1489 -4.934264153519551e-05 -0.008544168414015963
1491 1.4652152189704715e-05 -0.008520059303712366
1493 2.9856888940116782e-05 -0.008505351123283308
1495 4.601761572086622e-06 -0.00854745063786036
1497 4.1783134452284595e-05 -0.008495461037057851
1499 8.058179296156726e-05 -0.00852386941278303
1501 4.123501396458442e-05 -0.008525978456390065
1503 1.4102090151879626e-05 -0.008487734024251127
1505 3.171674540806553e-05 -0.008513397984569383
1507 -3.061904379206306e-06 -0.008433729859975357
1509 -1.788077643169253e-05 -0.00848295779500127
1511 3.7361946141313256e-05 -0.008434378405800944
1513 -1.8356445799303754e-05 -0.008512811699681858
1515 -6.452372610106664e-07 -0.00846166177195638
1517 3.252996299709971e-05 -0.008453353529702995
1519 4.365278853413041e-05 -0.008402662646871551
1521 -1.5847143138474966e-05 -0.008329041692450903
1523 2.5754126517979413e-05 -0.008361467676181712
1525 2.8985661507033193e-06 -0.008349093628691632
1527 7.344368189532093e-06 -0.008297968019994854
1529 1.4168085280724062e-05 -0.008264396912375979
1531 -3.7275085982002854e-05 -0.008269124310416988
1533 -8.243238295703285e-05 -0.008238394186412193
1535 -7.036808203661286e-05 -0.008305675692231337
1537 -4.108010884670141e-05 -0.008326549026105093
1539 -3.7228272315867484e-05 -0.008288833009889902
1541 -4.525386260618918e-05 -0.008241177133260478
1543 9.086950807880885e-06 -0.00820949998166178
1545 2.059913769467585e-05 -0.00820071568125006
1547 -8.066459468196202e-06 -0.008163613780345216
1549 -7.682093528266844e-05 -0.008209485368733142
1551 -1.2419641710394911e-05 -0.008211707562092295
1553 -6.350789848588095e-06 -0.008226264828916353
1555 -1.9565513058311686e-05 -0.00813635076651097
1557 -2.7878547065963283e-05 -0.00819219968190655
1559 -2.531088549552181e-05 -0.008164814157964401
1561 -2.679277671762702e-05 -0.00814772404575345
1563 -3.8712878873490516e-05 -0.008137578928961673
1565 -3.168060388959947e-05 -0.008138247727958554
1567 -2.6964557288060078e-05 -0.008096603585840197
1569 4.933186862455826e-05 -0.008064620582698826
1571 2.3813556611836606e-05 -0.008073477702957476
1573 5.902635103909032e-05 -0.008010796174909874
1575 0.0001068621004214931 -0.008029397716805543
1577 4.4475099786735824e-05 -0.008022411218853777
1579 5.785514213774096e-06 -0.008076225557256045
1581 3.5628915310710294e-05 -0.008103359893075462
1583 3.550747032013399e-05 -0.00803174316972456
1585 9.160558025097076e-06 -0.00806183023061345
1587 -6.20551028678515e-06 -0.008035495578580965
1589 5.372881898855906e-06 -0.008027038272768704
1591 -8.668978266788071e-06 -0.007982195800802727
1593 -5.0216731726225085e-06 -0.008001123233821447
1595 -2.3527318635442108e-05 -0.00792831900649252
1597 -1.6644513154578277e-06 -0.007867311474962205
1599 6.079948691863884e-05 -0.007883531158832037
1601 0.00013767125942583156 -0.007944783836124325
1603 0.0001058953669667295 -0.0079072114947694
1605 5.3538408277962655e-05 -0.007862082571233353
1607 8.735493170984661e-05 -0.007858234438764019
1609 7.135236781197095e-05 -0.007973153231722473
1611 2.0604025166293543e-05 -0.007950477318392773
1613 9.952687958276476e-06 -0.007895842580137534
1615 -4.481138186597783e-06 -0.007838755149536806
1617 1.1135601167627476e-05 -0.007883935567948882
1619 -6.18310118100963e-05 -0.0078448777883452
1621 -4.410506442700518e-05 -0.007856223541626036
1623 -1.4025633027899282e-05 -0.00776772918773148
1625 6.3149728797941485e-06 -0.007794126384696403
1627 3.189082515238897e-05 -0.0078072235289193565
1629 8.262919454594074e-05 -0.007792368494193429
1631 -5.6191854580384e-06 -0.007810029497384216
1633 7.47474878348524e-05 -0.007798070360182682
1635 8.871363340460995e-05 -0.007791221313919498
1637 8.247424933953971e-05 -0.007741461415374831
1639 0.0 -0.0077683925853274105
1641 0.0 -0.0077589247089284745
1643 0.0 -0.007749479882745968
1645 0.0 -0.007740058022706157
1647 0.0 -0.007730659045143672
1649 0.0 -0.007721282866799047
1651 0.0 -0.00771192940481625
1653 0.0 -0.007702598576740248
1655 0.0 -0.007693290300514579
1657 0.0 -0.007684004494478955
1659 0.0 -0.007674741077366864
1661 0.0 -0.007665499968303207
1663 0.0 -0.007656281086801941
1665 0.0 -0.00764708435276374
1667 0.0 -0.007637909686473683
1669 0.0 -0.007628757008598937
1671 0.0 -0.007619626240186491
1673 0.0 -0.007610517302660865
1675 0.0 -0.007601430117821866
1677 0.0 -0.007592364607842353
1679 0.0 -0.007583320695266007
1681 0.0 -0.007574298303005132
1683 0.0 -0.00756529735433846
1685 0.0 -0.007556317772908978
1687 0.0 -0.007547359482721771
1689 0.0 -0.0075384224081418766
1691 0.0 -0.007529506473892151
1693 0.0 -0.007520611605051168
1695 0.0 -0.007511737727051108
1697 0.0 -0.007502884765675679
1699 0.0 -0.00749405264705805
1701 0.0 -0.007485241297678793
1703 0.0 -0.007476450644363845
1705 0.0 -0.007467680614282478
1707 0.0 -0.0074589311349453
1709 0.0 -0.007450202134202239
1711 0.0 -0.0074414935402405775
1713 0.0 -0.0074328052815829685
1715 0.0 -0.007424137287085496
1717 0.0 -0.007415489485935718
1719 0.0 -0.007406861807650743
1721 0.0 -0.007398254182075321
1723 0.0 -0.007389666539379935
1725 0.0 -0.007381098810058916
1727 0.0 -0.007372550924928562
1729 0.0 -0.007364022815125291
1731 0.0 -0.007355514412103772
1733 0.0 -0.0073470256476351
1735 0.0 -0.007338556453804972
1737 0.0 -0.007330106763011875
1739 0.0 -0.007321676507965284
1741 0.0 -0.007313265621683875
1743 0.0 -0.007304874037493762
1745 0.0 -0.007296501689026721
1747 0.0 -0.007288148510218448
1749 0.0 -0.007279814435306818
1751 0.0 -0.007271499398830169
1753 0.0 -0.007263203335625572
1755 0.0 -0.007254926180827138
1757 0.0 -0.00724666786986433
1759 0.0 -0.007238428338460278
1761 0.0 -0.007230207522630113
1763 0.0 -0.007222005358679312
1765 0.0 -0.007213821783202055
1767 0.0 -0.007205656733079586
1769 0.0 -0.007197510145478592
1771 0.0 -0.007189381957849591
1773 0.0 -0.0071812721079253395
1775 0.0 -0.007173180533719227
1777 0.0 -0.007165107173523707
1779 0.0 -0.007157051965908727
1781 0.0 -0.007149014849720172
1783 0.0 -0.00714099576407831
1785 0.0 -0.007132994648376261
1787 0.0 -0.0071250114422784705
1789 0.0 -0.007117046085719188
1791 0.0 -0.007109098518900964
1793 0.0 -0.007101168682293156
1795 0.0 -0.007093256516630434
1797 0.0 -0.007085361962911312
1799 0.0 -0.007077484962396681
1801 0.0 -0.0070696254566083435
1803 0.0 -0.007061783387327581
1805 0.0 -0.0070539586965937
1807 0.0 -0.007046151326702616
1809 0.0 -0.007038361220205432
1811 0.0 -0.007030588319907028
1813 0.0 -0.00702283256886466
1815 0.0 -0.007015093910386571
1817 0.0 -0.0070073722880306145
1819 0.0 -0.0069996676456028735
1821 0.0 -0.006991979927156303
1823 0.0 -0.0069843090769893725
1825 0.0 -0.006976655039644727
1827 0.0 -0.006969017759907842
1829 0.0 -0.006961397182805701
1831 0.0 -0.006953793253605477
1833 0.0 -0.006946205917813218
1835 0.0 -0.00693863512117255
1837 0.0 -0.006931080809663379
1839 0.0 -0.006923542929500613
1841 0.0 -0.006916021427132878
1843 0.0 -0.006908516249241253
1845 0.0 -0.0069010273427380095
1847 0.0 -0.006893554654765364
1849 0.0 -0.006886098132694228
1851 0.0 -0.006878657724122975
1853 0.0 -0.006871233376876215
1855 0.0 -0.0068638250390035726
1857 0.0 -0.0068564326587784745
1859 0.0 -0.006849056184696948
1861 0.0 -0.0068416955654764244
1863 0.0 -0.00683435075005455
1865 0.0 -0.006827021687588004
1867 0.0 -0.006819708327451327
1869 0.0 -0.006812410619235756
1871 0.0 -0.006805128512748065
1873 0.0 -0.006797861958009411
1875 0.0 -0.006790610905254201
1877 0.0 -0.006783375304928944
1879 0.0 -0.006776155107691128
1881 0.0 -0.006768950264408095
1883 0.0 -0.006761760726155936
1885 0.0 -0.00675458644421837
1887 0.0 -0.006747427370085653
1889 0.0 -0.006740283455453481
1891 0.0 -0.0067331546522219074
1893 0.0 -0.006726040912494256
1895 0.0 -0.006718942188576056
1897 0.0 -0.006711858432973973
1899 0.0 -0.006704789598394748
1901 0.0 -0.006697735637744149
1903 0.0 -0.006690696504125921
1905 0.0 -0.0066836721508407495
1907 0.0 -0.006676662531385227
1909 0.0 -0.006669667599450827
1911 0.0 -0.006662687308922882
1913 0.0 -0.0066557216138795755
1915 0.0 -0.006648770468590929
1917 0.0 -0.006641833827517802
1919 0.0 -0.006634911645310905
1921 0.0 -0.006628003876809801
1923 0.0 -0.006621110477041928
1925 0.0 -0.006614231401221624
1927 0.0 -0.006607366604749158
1929 0.0 -0.00660051604320976
1931 0.0 -0.0065936796723726696
1933 0.0 -0.006586857448190184
1935 0.0 -0.006580049326796706
1937 0.0 -0.00657325526450781
1939 0.0 -0.006566475217819302
1941 0.0 -0.0065597091434063
1943 0.0 -0.0065529569981223
1945 0.0 -0.006546218738998267
1947 0.0 -0.006539494323241719
1949 0.0 -0.006532783708235827
1951 0.0 -0.006526086851538508
1953 0.0 -0.006519403710881529
1955 0.0 -0.00651273424416963
1957 0.0 -0.006506078409479626
1959 0.0 -0.0064994361650595345
1961 0.0 -0.006492807469327703
1963 0.0 -0.006486192280871945
1965 0.0 -0.006479590558448665
1967 0.0 -0.0064730022609820175
1969 0.0 -0.00646642734756304
1971 0.0 -0.006459865777448821
1973 0.0 -0.006453317510061646
1975 0.0 -0.006446782504988166
1977 0.0 -0.006440260721978568
1979 0.0 -0.006433752120945745
1981 0.0 -0.006427256661964477
1983 0.0 -0.006420774305270614
1985 0.0 -0.006414305011260266
1987 0.0 -0.006407848740488993
1989 0.0 -0.006401405453671005
1991 0.0 -0.006394975111678366
1993 0.0 -0.006388557675540204
1995 0.0 -0.006382153106441918
1997 0.0 -0.006375761365724399
1999 0.0 -0.006369382414883255
2001 0.0 -0.0063630162155680296
2003 0.0 -0.006356662729581442
2005 0.0 -0.006350321918878616
2007 0.0 -0.006343993745566331
2009 0.0 -0.006337678171902253
2011 0.0 -0.006331375160294196
2013 0.0 -0.0063250846732993676
2015 0.0 -0.006318806673623637
2017 0.0 -0.006312541124120788
2019 0.0 -0.006306287987791792
2021 0.0 -0.006300047227784081
2023 0.0 -0.00629381880739082
2025 0.0 -0.006287602690050187
2027 0.0 -0.00628139883934466
2029 0.0 -0.006275207219000309
2031 0.0 -0.00626902779288608
2033 0.0 -0.006262860525013098
2035 0.0 -0.006256705379533969
2037 0.0 -0.006250562320742085
2039 0.0 -0.00624443131307093
2041 0.0 -0.006238312321093398
2043 0.0 -0.0062322053095211095
2045 0.0 -0.00622611024320373
2047 0.0 -0.006220027087128299
2049 0.0 -0.006213955806418559
