-2049 0.0 0.006213955806418559
-2047 0.0 0.006220027087128299
-2045 0.0 0.00622611024320373
-2043 0.0 0.0062322053095211095
-2041 0.0 0.006238312321093398
-2039 0.0 0.00624443131307093
-2037 0.0 0.006250562320742085
-2035 0.0 0.006256705379533969
-2033 0.0 0.006262860525013098
-2031 0.0 0.00626902779288608
-2029 0.0 0.006275207219000309
-2027 0.0 0.00628139883934466
-2025 0.0 0.006287602690050187
-2023 0.0 0.00629381880739082
-2021 0.0 0.006300047227784081
-2019 0.0 0.006306287987791792
-2017 0.0 0.006312541124120788
-2015 0.0 0.006318806673623637
-2013 0.0 0.0063250846732993676
-2011 0.0 0.006331375160294196
-2009 0.0 0.006337678171902253
-2007 0.0 0.006343993745566331
-2005 0.0 0.006350321918878616
-2003 0.0 0.006356662729581442
-2001 0.0 0.0063630162155680296
-1999 0.0 0.006369382414883255
-1997 0.0 0.006375761365724399
-1995 0.0 0.006382153106441918
-1993 0.0 0.006388557675540204
-1991 0.0 0.006394975111678366
-1989 0.0 0.006401405453671005
-1987 0.0 0.006407848740488993
-1985 0.0 0.006414305011260266
-1983 0.0 0.006420774305270614
-1981 0.0 0.006427256661964477
-1979 0.0 0.006433752120945745
-1977 0.0 0.006440260721978568
-1975 0.0 0.006446782504988166
-1973 0.0 0.006453317510061646
-1971 0.0 0.006459865777448821
-1969 0.0 0.00646642734756304
-1967 0.0 0.0064730022609820175
-1965 0.0 0.006479590558448665
-1963 0.0 0.006486192280871945
-1961 0.0 0.006492807469327703
-1959 0.0 0.0064994361650595345
-1957 0.0 0.006506078409479626
-1955 0.0 0.00651273424416963
-1953 0.0 0.006519403710881529
-1951 0.0 0.006526086851538508
-1949 0.0 0.006532783708235827
-1947 0.0 0.006539494323241719
-1945 0.0 0.006546218738998267
-1943 0.0 0.0065529569981223
-1941 0.0 0.0065597091434063
-1939 0.0 0.006566475217819302
-1937 0.0 0.00657325526450781
-1935 0.0 0.006580049326796706
-1933 0.0 0.006586857448190184
-1931 0.0 0.0065936796723726696
-1929 0.0 0.00660051604320976
-1927 0.0 0.006607366604749158
-1925 0.0 0.006614231401221624
-1923 0.0 0.006621110477041928
-1921 0.0 0.006628003876809801
-1919 0.0 0.006634911645310905
-1917 0.0 0.006641833827517802
-1915 0.0 0.006648770468590929
-1913 0.0 0.0066557216138795755
-1911 0.0 0.006662687308922882
-1909 0.0 0.006669667599450827
-1907 0.0 0.006676662531385227
-1905 0.0 0.0066836721508407495
-1903 0.0 0.006690696504125921
-1901 0.0 0.006697735637744149
-1899 0.0 0.006704789598394748
-1897 0.0 0.006711858432973973
-1895 0.0 0.006718942188576056
-1893 0.0 0.006726040912494256
-1891 0.0 0.0067331546522219074
-1889 0.0 0.006740283455453481
-1887 0.0 0.006747427370085653
-1885 0.0 0.00675458644421837
-1883 0.0 0.006761760726155936
-1881 0.0 0.006768950264408095
-1879 0.0 0.006776155107691128
-1877 0.0 0.006783375304928944
-1875 0.0 0.006790610905254201
-1873 0.0 0.006797861958009411
-1871 0.0 0.006805128512748065
-1869 0.0 0.006812410619235756
-1867 0.0 0.006819708327451327
-1865 0.0 0.006827021687588004
-1863 0.0 0.00683435075005455
-1861 0.0 0.0068416955654764244
-1859 0.0 0.006849056184696948
-1857 0.0 0.0068564326587784745
-1855 0.0 0.0068638250390035726
-1853 0.0 0.006871233376876215
-1851 0.0 0.006878657724122975
-1849 0.0 0.006886098132694228
-1847 0.0 0.006893554654765364
-1845 0.0 0.0069010273427380095
-1843 0.0 0.006908516249241253
-1841 0.0 0.006916021427132878
-1839 0.0 0.006923542929500613
-1837 0.0 0.006931080809663379
-1835 0.0 0.00693863512117255
-1833 0.0 0.006946205917813218
-1831 0.0 0.006953793253605477
-1829 0.0 0.006961397182805701
-1827 0.0 0.006969017759907842
-1825 0.0 0.006976655039644727
-1823 0.0 0.0069843090769893725
-1821 0.0 0.006991979927156303
-1819 0.0 0.0069996676456028735
-1817 0.0 0.0070073722880306145
-1815 0.0 0.007015093910386571
-1813 0.0 0.00702283256886466
-1811 0.0 0.007030588319907028
-1809 0.0 0.007038361220205432
-1807 0.0 0.007046151326702616
-1805 0.0 0.0070539586965937
-1803 0.0 0.007061783387327581
-1801 0.0 0.0070696254566083435
-1799 0.0 0.007077484962396681
-1797 0.0 0.007085361962911312
-1795 0.0 0.007093256516630434
-1793 0.0 0.007101168682293156
-1791 0.0 0.007109098518900964
-1789 0.0 0.007117046085719188
-1787 0.0 0.0071250114422784705
-1785 0.0 0.007132994648376261
-1783 0.0 0.00714099576407831
-1781 0.0 0.007149014849720172
-1779 0.0 0.007157051965908727
-1777 0.0 0.007165107173523707
-1775 0.0 0.007173180533719227
-1773 0.0 0.0071812721079253395
-1771 0.0 0.007189381957849591
-1769 0.0 0.007197510145478592
-1767 0.0 0.007205656733079586
-1765 0.0 0.007213821783202055
-1763 0.0 0.007222005358679312
-1761 0.0 0.007230207522630113
-1759 0.0 0.007238428338460278
-1757 0.0 0.00724666786986433
-1755 0.0 0.007254926180827138
-1753 0.0 0.007263203335625572
-1751 0.0 0.007271499398830169
-1749 0.0 0.007279814435306818
-1747 0.0 0.007288148510218448
-1745 0.0 0.007296501689026721
-1743 0.0 0.007304874037493762
-1741 0.0 0.007313265621683875
-1739 0.0 0.007321676507965284
-1737 0.0 0.007330106763011875
-1735 0.0 0.007338556453804972
-1733 0.0 0.0073470256476351
-1731 0.0 0.007355514412103772
-1729 0.0 0.007364022815125291
-1727 0.0 0.007372550924928562
-1725 0.0 0.007381098810058916
-1723 0.0 0.007389666539379935
-1721 0.0 0.007398254182075321
-1719 0.0 0.007406861807650743
-1717 0.0 0.007415489485935718
-1715 0.0 0.007424137287085496
-1713 0.0 0.0074328052815829685
-1711 0.0 0.0074414935402405775
-1709 0.0 0.007450202134202239
-1707 0.0 0.0074589311349453
-1705 0.0 0.007467680614282478
-1703 0.0 0.007476450644363845
-1701 0.0 0.007485241297678793
-1699 0.0 0.00749405264705805
-1697 0.0 0.007502884765675679
-1695 0.0 0.007511737727051108
-1693 0.0 0.007520611605051168
-1691 0.0 0.007529506473892151
-1689 0.0 0.0075384224081418766
-1687 0.0 0.007547359482721771
-1685 0.0 0.007556317772908978
-1683 0.0 0.00756529735433846
-1681 0.0 0.007574298303005132
-1679 0.0 0.007583320695266007
-1677 0.0 0.007592364607842353
-1675 0.0 0.007601430117821866
-1673 0.0 0.007610517302660865
-1671 0.0 0.007619626240186491
-1669 0.0 0.007628757008598937
-1667 0.0 0.007637909686473683
-1665 0.0 0.00764708435276374
-1663 0.0 0.007656281086801941
-1661 0.0 0.007665499968303207
-1659 0.0 0.007674741077366864
-1657 0.0 0.007684004494478955
-1655 0.0 0.007693290300514579
-1653 0.0 0.007702598576740248
-1651 0.0 0.00771192940481625
-1649 0.0 0.007721282866799047
-1647 0.0 0.007730659045143672
-1645 0.0 0.007740058022706157
-1643 0.0 0.007749479882745968
-1641 0.0 0.0077589247089284745
-1639 0.0 0.0077683925853274105
-1637 -9.096991598280783e-06 0.007676684878674269
-1635 -1.7394919736992024e-06 0.007694732031923488
-1633 1.1687822708652267e-05 0.007713863643543448
-1631 3.300030361016922e-06 0.007743533566142725
-1629 -7.588086850553793e-06 0.007749629662958405
-1627 -5.054160069047006e-05 0.007757286179963694
-1625 -7.656108961374042e-05 0.007824618152436937
-1623 -1.6291343385233412e-05 0.007747125741456102
-1621 8.055582772602931e-06 0.007776910989906606
-1619 -1.9156911007188243e-05 0.007898412958816122
-1617 -2.772628271638078e-05 0.00781984183906994
-1615 2.2708745754444153e-05 0.00784096109061821
-1613 -3.2331111880784706e-05 0.007887848488700758
-1611 -1.2644819065935142e-05 0.007831665939018425
-1609 -1.0830649227715638e-05 0.007850124127030575
-1607 4.1101690559489906e-05 0.00787396226742057
-1605 -2.2226187249892377e-05 0.007873267443514546
-1603 -3.5497335019690425e-05 0.007952853035066211
-1601 -2.2382756902959397e-05 0.007914247993956187
-1599 8.15372206598686e-05 0.00791924889004892
-1597 -3.8531511817960695e-05 0.007975646744034729
-1595 -4.163943097842139e-05 0.008009488032284736
-1593 -8.4218029763168e-05 0.008023144969017154
-1591 -4.38777076261511e-05 0.00799491888927639
-1589 -1.3670476574748853e-05 0.008078650446135345
-1587 4.1015244908960475e-07 0.008007180117786209
-1585 -2.9329368189848276e-05 0.008022891195839748
-1583 -1.8775579523266505e-05 0.008040138260753504
-1581 3.0566138799398426e-05 0.008084983184119682
-1579 -4.58909902486221e-05 0.008044533822461699
-1577 1.934212185587838e-06 0.008148781728707569
-1575 2.2635914884688084e-05 0.008221995993011552
-1573 3.959386493009574e-05 0.00821854861986706
-1571 -4.707215001930461e-05 0.00815397006709067
-1569 -7.180133525539407e-05 0.008156192767720815
-1567 -3.806280313911276e-05 0.00812202236947287
-1565 -6.83555881846816e-05 0.008178115108847599
-1563 -6.321997231719584e-05 0.008267826564051874
-1561 -0.00010023487507733883 0.008140466698380077
-1559 -3.329900833388875e-05 0.008127992884817123
-1557 3.590585360992338e-05 0.008116922860324723
-1555 8.758529629086436e-05 0.008175455657855197
-1553 0.00010416616475112627 0.008160971855932538
-1551 5.047940564231076e-05 0.008217321766769443
-1549 1.6072487102863234e-05 0.008249540670578532
-1547 2.3820337481274567e-05 0.008222948865601622
-1545 1.84239344560743e-05 0.008308126314967267
-1543 -2.6076010233520946e-05 0.008292720996500124
-1541 1.1870659342679657e-05 0.008325174521352752
-1539 -4.913988966138477e-05 0.00830991816825885
-1537 -5.065435630495551e-05 0.008252297339050594
-1535 1.5869748384207151e-06 0.008215526620094659
-1533 -1.0195838178265064e-06 0.008256134735986043
-1531 -9.57710641978463e-06 0.008283250536989646
-1529 2.2019071909372642e-05 0.008353967832772525
-1527 -7.300221347294919e-06 0.008283822916515424
-1525 2.624868883602417e-05 0.008292677620066753
-1523 -8.532847431714534e-06 0.008346823048585101
-1521 -1.0981551872800743e-05 0.008362738256409877
-1519 2.792419452024814e-05 0.00834262525338548
-1517 2.6187298975823982e-05 0.008403492510650217
-1515 1.8456232336279763e-06 0.008324928502348356
-1513 3.7879339636970696e-05 0.008368466797145806
-1511 -1.0795258536549625e-05 0.008419206042653784
-1509 -1.8371167954039007e-06 0.00841368863516268
-1507 -2.854034346698592e-05 0.008476091661632717
-1505 -1.158111213892458e-05 0.008450126471168062
-1503 6.310351378565605e-05 0.008478935123370935
-1501 -3.184191843297027e-05 0.008474685900093336
-1499 1.959567093076062e-05 0.00849102645894247
-1497 4.180861488000905e-06 0.008471428613365901
-1495 3.548668434093865e-05 0.008515254386048669
-1493 3.3957670815883744e-05 0.008607874456705033
-1491 1.8951508738181006e-05 0.008560536966019782
-1489 -1.8371935747662252e-05 0.008583388178660459
-1487 5.061799909513952e-05 0.008632094702319796
-1485 -1.3046574348624802e-05 0.008598209574334267
-1483 2.5916168689996444e-05 0.008615752930508425
-1481 3.369775468696956e-05 0.0086819486793829
-1479 1.8401324613198367e-05 0.00865229860301402
-1477 -1.7588537289144848e-05 0.008680821442116845
-1475 -8.457758275427785e-06 0.008693890351158631
-1473 2.1417091695308378e-05 0.008744587001903446
-1471 3.910794589709434e-06 0.008643085245799808
-1469 1.6255573269943817e-06 0.008680680620182735
-1467 3.013611671509085e-05 0.008750909836273532
-1465 4.4089955848339706e-05 0.008756239831289737
-1463 -4.105462992931866e-05 0.008740582761401756
-1461 -7.637197434294422e-05 0.008702224031527745
-1459 -4.8318130553213673e-05 0.008728323545886041
-1457 -4.055867722847762e-05 0.008749514089784647
-1455 -3.4038236890780824e-05 0.008735506321616258
-1453 -6.935698475720096e-05 0.008747638041987318
-1451 -6.473835961589097e-05 0.008753980113173377
-1449 -1.6795707407457036e-05 0.008813105328446223
-1447 1.7291577738705696e-05 0.008790701130077953
-1445 2.6425740509541458e-05 0.008867145599109366
-1443 -3.624601516999806e-05 0.008892588642517333
-1441 3.5423524275548386e-05 0.008859184186580854
-1439 -2.1898783035593407e-05 0.008923984139418724
-1437 8.372881726106816e-06 0.008973797804490511
-1435 2.004700179046325e-05 0.008923381149478143
-1433 5.884300507312657e-05 0.00894325753896227
-1431 1.9326427734760203e-05 0.008916938005186744
-1429 4.372454727132436e-05 0.008959228390895926
-1427 4.153860930485423e-05 0.009009762215593655
-1425 -1.9427354430533105e-05 0.008946228892949989
-1423 -3.7277179737124146e-05 0.008950051007450773
-1421 -3.348328632900982e-05 0.009056965232425763
-1419 -1.8256116859163245e-05 0.008977642746856782
-1417 -0.00011485196437709436 0.008984196380550893
-1415 -0.00011603012489312667 0.008965294826219236
-1413 -8.723010476842453e-05 0.00900710744255593
-1411 -1.7631245588561245e-05 0.009059025982076316
-1409 1.733071273555696e-05 0.009103113049973934
-1407 7.412923883577776e-05 0.009037077049216578
-1405 7.642589574252437e-05 0.009065615230273074
-1403 7.972074657851136e-05 0.009099230008886969
-1401 5.0306774270461143e-05 0.00916297958125542
-1399 7.754337574276682e-06 0.009137541361429757
-1397 0.00010150594623581193 0.009119016618608018
-1395 5.101457711594829e-05 0.00917029569111426
-1393 3.189271246275045e-05 0.009178009478844963
-1391 -1.5083618429002687e-05 0.00922546302092381
-1389 5.717737197375755e-06 0.009135334249967394
-1387 -4.5950057509872236e-05 0.009137425969173336
-1385 1.2544452685311037e-06 0.009157689133060035
-1383 1.306061930642205e-05 0.009177177095112139
-1381 1.9876946712220903e-05 0.009271391583217265
-1379 2.7771185432853157e-05 0.00922178452638196
-1377 -3.764808670667169e-06 0.009236954468554796
-1375 -1.8974725809556583e-05 0.009197508148674434
-1373 3.116232877317053e-05 0.009263565537806981
-1371 -2.859158079849686e-05 0.009306562347423322
-1369 5.36955817003725e-05 0.009314264732730759
-1367 4.406680567828438e-06 0.00928710353683474
-1365 4.58081620270953e-06 0.009346847716508924
-1363 -2.1816209164525424e-05 0.009362208096313433
-1361 1.8036389798197702e-05 0.00935874541578731
-1359 1.412481701449334e-05 0.009312156060831038
-1357 -3.1864264916139994e-05 0.009341859504688878
-1355 1.1473067928891628e-06 0.009356578469373369
-1353 -7.169112551366358e-05 0.009345515377311127
-1351 -1.7346068762302824e-05 0.009355660097040213
-1349 7.757935543498418e-06 0.009380168210871212
-1347 -1.2597921203628134e-05 0.009389667966203542
-1345 6.983366250478844e-06 0.00937217800189078
-1343 8.270330217248645e-06 0.009390452667422841
-1341 -5.88990064309301e-05 0.009391930872480726
-1339 -5.6225255631152034e-05 0.009500461726380013
-1337 -5.231156622012893e-06 0.009559531681374255
-1335 -1.3362257823366496e-06 0.009557292383640548
-1333 -3.785415080640059e-05 0.009632397003494378
-1331 -5.417737337205826e-06 0.009604793806086608
-1329 -1.4300502984721031e-06 0.009596554127395766
-1327 -1.6052072424179777e-05 0.009588179936746344
-1325 -1.1221086617575301e-06 0.00963494429919629
-1323 2.1415926363234972e-05 0.009574406320739937
-1321 -6.642573555972895e-05 0.009583634403037868
-1319 -9.308240732487544e-05 0.009659819317304991
-1317 -3.634500719195054e-05 0.009734078480580168
-1315 -4.161192304893942e-05 0.009743721579073354
-1313 -8.158159998154196e-05 0.009741056482221757
-1311 -0.00010281343721246967 0.009735748854751343
-1309 -8.27952969034725e-05 0.009790179388913623
-1307 -1.3780142004806497e-05 0.00976938389024733
-1305 5.620018922298755e-05 0.009756416889301123
-1303 -4.957519322612918e-06 0.009823506977500358
-1301 2.8523358970122132e-05 0.009847091238512004
-1299 -1.060789875848804e-05 0.009829912142314398
-1297 -3.211291383369098e-05 0.00987142078746001
-1295 -4.675716623034158e-05 0.009844135103454681
-1293 -2.1563248740134443e-07 0.009889116474425681
-1291 -5.778768577790332e-06 0.0099188030039791
-1289 3.4749081995418575e-05 0.009948237953232728
-1287 -2.1721632625547404e-05 0.009922213185869055
-1285 -6.812065776493944e-06 0.009931939066839528
-1283 2.3207913812468e-05 0.009941508055091934
-1281 -3.963681258722089e-05 0.009909972299841602
-1279 -7.61958879943002e-05 0.009995029535995072
-1277 -2.4321821510609234e-05 0.010028427088244578
-1275 -2.6390028087616017e-05 0.010007974203765707
-1273 6.59072401022151e-06 0.009998694750440944
-1271 1.2369931463447175e-07 0.01001004794639258
-1269 -4.97342752486808e-05 0.009966402797982752
-1267 -6.069229987567667e-05 0.009983273543997844
-1265 3.602483514865693e-05 0.010072516799485795
-1263 3.524941436769945e-05 0.01013297411439923
-1261 -2.0439067742589687e-06 0.010142298006118818
-1259 7.971011451269026e-06 0.010142079033279837
-1257 7.164604437987191e-05 0.010096781063735079
-1255 7.800809324724291e-05 0.010183567758469384
-1253 4.573176217543087e-05 0.01017095239818843
-1251 9.866147491359719e-05 0.01019509160314221
-1249 5.126655647225455e-05 0.010242549785000296
-1247 8.709603582301687e-05 0.010167482655263743
-1245 3.771425896204329e-05 0.01023692998425422
-1243 7.36912327990594e-05 0.010286954155462134
-1241 -4.280780212069491e-05 0.010340622528484297
-1239 2.7065357811227752e-06 0.01028716145525873
-1237 2.3187881069001767e-05 0.01030604662908943
-1235 -1.9847850838161585e-05 0.010353075540988323
-1233 -3.5123886917056245e-05 0.01028986923669265
-1231 8.044866441814755e-06 0.010405636235239827
-1229 3.2286812963906164e-05 0.010470768665680585
-1227 3.94706959607995e-05 0.010461522763709595
-1225 1.0106063524674183e-05 0.010452324236751635
-1223 5.428324456774386e-05 0.010470152180908117
-1221 -6.408187316284566e-05 0.010439785915305946
-1219 -1.3520422014921282e-05 0.010445706025937113
-1217 -0.00010409327882196528 0.010456834660866495
-1215 -3.93741639583008e-05 0.010459289452135923
-1213 -9.030943122334615e-05 0.010515947868521787
-1211 -9.201014139861288e-05 0.010483367799065498
-1209 -0.00011078375886882921 0.0105217515631904
-1207 -6.674651765146259e-05 0.010540330165042208
-1205 9.090935424429135e-06 0.010602878433685157
-1203 2.392883894747213e-05 0.010585687908489268
-1201 9.985824074762499e-05 0.010688866619338716
-1199 7.556979013295683e-05 0.010701620332518525
-1197 2.9285734245581668e-05 0.01068203990884021
-1195 4.6539402066614834e-05 0.010622119510780447
-1193 0.00011715154758506062 0.010766247365994434
-1191 3.444785203695656e-05 0.0107090548902627
-1189 2.0065424975825705e-05 0.010690170011491298
-1187 -4.846316165466563e-07 0.010691630356908703
-1185 3.71822337518204e-05 0.010720257770431724
-1183 2.646693444774561e-05 0.010790012483854697
-1181 1.7348898952393584e-06 0.010764555657225843
-1179 -3.0016851040125465e-05 0.010776546781012931
-1177 5.384811073008712e-05 0.010789504825559104
-1175 1.798195662292957e-05 0.010862982721646843
-1173 6.791548712388968e-06 0.010889755699078517
-1171 4.748869011416506e-06 0.010923248079550592
-1169 4.244352959065706e-05 0.010896115040680531
-1167 2.781782231932523e-05 0.010871905230490383
-1165 4.8986384199574303e-05 0.010928988319015337
-1163 3.0872652296852294e-05 0.01097537069419135
-1161 0.00012127279567858266 0.01097391406931884
-1159 9.561701256057974e-05 0.011046106189137721
-1157 2.6335838645895037e-05 0.011051871884984445
-1155 6.129310175621025e-05 0.011000052063050346
-1153 3.2849588397941166e-05 0.011045790085911689
-1151 3.7681881626356006e-06 0.011010211538233177
-1149 9.913818935380016e-05 0.01113550615785254
-1147 9.068906415127106e-05 0.011171716145688536
-1145 2.3955758607206038e-05 0.011212733648978193
-1143 6.680968795289797e-05 0.011206881844111961
-1141 0.00011994422965555589 0.011224935531035037
-1139 0.00011759679870521131 0.011194617606397972
-1137 4.9230205935075716e-05 0.011233493492312702
-1135 0.00015155571756479995 0.011254956765755565
-1133 0.0001345913433163058 0.01123076381773448
-1131 4.1492614234392395e-05 0.01129232712006459
-1129 -4.3978423975225836e-05 0.011315715403067219
-1127 -5.1169756318674814e-05 0.011338189348017587
-1125 -4.59456898420064e-05 0.011328525895775793
-1123 -5.277936892091998e-05 0.011338672845650074
-1121 -4.8779787263419625e-05 0.011399564957006468
-1119 -0.00010737274821070867 0.01141789991904584
-1117 -3.152357998377028e-05 0.011397394706211324
-1115 -3.557652024165796e-05 0.01142266868493946
-1113 3.733996667972686e-05 0.011486524747479014
-1111 4.008598287032035e-05 0.011494728883501358
-1109 -1.2329615127981981e-06 0.011535324385345736
-1107 -1.650814605909533e-05 0.01157108152876815
-1105 2.2277966925019148e-05 0.011556457219922512
-1103 -5.2039274037687305e-05 0.011565143086914184
-1101 2.843137137219413e-05 0.011569080700038642
-1099 3.606231993646673e-05 0.011555987678721567
-1097 -5.706795157577392e-05 0.0115795400902495
-1095 -9.141499052908127e-06 0.011596686760956572
-1093 -4.64668633319654e-06 0.011680353779868102
-1091 4.706078778662517e-05 0.01172007309518416
-1089 8.779212681409486e-05 0.011708619578585726
-1087 7.92236593621991e-05 0.01166645614950891
-1085 6.12409713017368e-05 0.011754145972391208
-1083 4.180788463873741e-05 0.011806226354234128
-1081 2.493220797306974e-05 0.01174367741722243
-1079 7.958314489823755e-05 0.011765559643827658
-1077 3.3222675895826925e-05 0.011851814378318198
-1075 -6.075611863815942e-05 0.011874829059989205
-1073 1.5017803071387529e-05 0.011858094813940493
-1071 -5.0054660940288345e-06 0.011897070255632067
-1069 1.742578271183636e-05 0.011920700612423646
-1067 -1.4475564140810529e-05 0.011926052497224992
-1065 -4.5421582789227194e-05 0.011973542923472268
-1063 1.068310154983702e-05 0.01194161325325712
-1061 8.848465045881748e-05 0.011979920994185694
-1059 3.353706756504638e-05 0.011995330533231438
-1057 -2.871151058669658e-05 0.011946130787847417
-1055 3.749841389069493e-05 0.012034313863069567
-1053 2.87218090390003e-05 0.012095956645781242
-1051 6.000438431984782e-05 0.012105794324033707
-1049 7.126369579950353e-05 0.012065032457006603
-1047 8.452984937483497e-05 0.012102341077145811
-1045 5.0378843142428946e-05 0.012138626404138436
-1043 -3.908521648842097e-05 0.012152396735497038
-1041 -1.5135632474209472e-05 0.012185475567251308
-1039 5.919032071997878e-05 0.012155981254907283
-1037 3.7868974386987475e-05 0.012152161088941398
-1035 2.7983615539831646e-05 0.01222634793904338
-1033 5.4417116799687175e-05 0.012309500365411591
-1031 4.886833408018488e-05 0.012349953481880501
-1029 1.729755757203222e-05 0.01232085643762319
-1027 -2.3897785946514716e-05 0.012336087632837613
-1025 2.36075552907224e-05 0.012377672949703388
-1023 4.012312913250308e-05 0.012452795036990578
-1021 2.0740260897214848e-05 0.012457895848443932
-1019 -2.1643997564961438e-05 0.01248262681969388
-1017 -1.1643080286466172e-05 0.012437913288764813
-1015 -3.074394415897952e-05 0.012519506474195629
-1013 -1.697535966625282e-05 0.012524099008535896
-1011 2.8927336904155936e-05 0.012579755756682878
-1009 4.24042752844342e-05 0.012582263922249712
-1007 -4.2922010645533656e-06 0.01262195474016052
-1005 -2.6179207774865565e-05 0.012623812349663824
-1003 -1.0409705935158824e-05 0.012720066781887786
-1001 -2.0725024907720596e-05 0.012728706999259147
-999 2.5173088197109752e-05 0.012768614769581044
-997 -2.079011173356024e-05 0.012754554572392187
-995 3.5095198083789905e-05 0.012766686387388803
-993 1.9333417040626624e-05 0.012792029583273138
-991 5.640622161674495e-05 0.012797553358074743
-989 9.782486877071974e-05 0.012947373801835
-987 0.00011906628883949261 0.012952546381184864
-985 0.0001306096791252282 0.013006424310182308
-983 0.00011930911019700477 0.013004430486418462
-981 3.698318906814539e-05 0.013073633058891272
-979 -5.0928298152045266e-05 0.013045617770256588
-977 -1.903035882765515e-05 0.013044509087620905
-975 -2.3962824064675505e-05 0.013083282540703496
-973 -4.765119760478758e-06 0.01310047368358055
-971 -2.246607963488253e-05 0.013158592514221051
-969 -1.1275986348389568e-05 0.013251177437256864
-967 2.2802284955809233e-05 0.013169076578826294
-965 -9.535322111386606e-06 0.013210600162743235
-963 3.9864160784243067e-05 0.013206245152277961
-961 2.6788834049083147e-05 0.013274261436315002
-959 -3.796851820705097e-05 0.013317163711157971
-957 -5.916804414931649e-07 0.013304599746291406
-955 -8.790692339716196e-06 0.013328916733125916
-953 -5.28383553794859e-05 0.01337548157972002
-951 2.647976844046852e-05 0.013438282725975848
-949 1.3720022911096838e-05 0.013424364703742088
-947 6.285337558925822e-05 0.013478866148814045
-945 9.376471697328858e-05 0.013488438785657673
-943 6.706643037903779e-05 0.013522275235903469
-941 -7.38135491075625e-06 0.013525904412534118
-939 -5.994324531285613e-05 0.013532910424010966
-937 -0.000132589908807985 0.013550806074183568
-935 -0.00010150862600943876 0.013539811986219584
-933 -4.950458748875058e-05 0.013630976067484629
-931 1.5059244737735858e-05 0.013698869841729454
-929 -3.722548976305631e-05 0.013679699928848023
-927 -4.8838194437393536e-05 0.013738403312855356
-925 3.211599339306541e-05 0.013772837898671127
-923 2.2359802972736222e-05 0.013806546081540538
-921 6.379871221942336e-05 0.013849274490675169
-919 -1.133690631215341e-05 0.013839010723108388
-917 5.1536763146817606e-05 0.013887462823561198
-915 5.331898806127578e-06 0.01388909181644772
-913 6.563087005845343e-06 0.013878241418319092
-911 -1.4410693399795978e-05 0.013915008689751611
-909 8.497121128707942e-05 0.014077518037955723
-907 -1.0631627383736005e-05 0.014100149538012032
-905 -6.005933791387077e-06 0.01414954414803134
-903 -5.180787202041584e-05 0.014166321660564049
-901 -2.765825962085685e-05 0.014232093694231346
-899 -4.6700356186990774e-05 0.014181484804951907
-897 -9.664616358220161e-05 0.014185404204814364
-895 -0.00011408870036710805 0.014262374789164145
-893 -8.944227746912522e-05 0.014265354992312552
-891 -4.138826188440598e-06 0.014309681305343316
-889 2.4560989188564104e-05 0.014315017858491574
-887 -9.301043500361812e-06 0.014334701123351027
-885 -1.932691645332144e-06 0.014487574741119617
-883 -4.9868422599348145e-05 0.014419465803973177
-881 -4.109881344015256e-05 0.014478699136669
-879 -4.6046058791277876e-05 0.014485537341821564
-877 -4.6458100923463205e-05 0.014473679665484353
-875 -1.6185477238739807e-07 0.014526649868237027
-873 -1.6408654736620944e-05 0.014622496093946695
-871 -4.27317910032006e-05 0.01462227051778895
-869 -0.00010217296719374538 0.014655107338216034
-867 -3.9105859430856044e-05 0.014644043137114026
-865 -6.662938440912524e-06 0.014704246842181214
-863 -1.7946848233520824e-05 0.014703863382115013
-861 -5.72730863514017e-05 0.014800566925697506
-859 4.739384422560711e-06 0.014785434264748867
-857 -2.7103397865544226e-05 0.014845280257754155
-855 7.735482152606441e-06 0.01494205914051578
-853 2.9862158423281614e-05 0.014933474091444944
-851 -7.59176436144192e-05 0.014952129389707587
-849 -7.998630913860153e-05 0.015042074696135041
-847 -5.260017145869112e-05 0.015078297483664536
-845 7.711582642195661e-05 0.01511824465754831
-843 0.00010694421607960062 0.015217368474762906
-841 8.834420273394139e-05 0.015175835437367531
-839 -1.697809880318435e-05 0.015154055381495588
-837 -3.0243317597355575e-05 0.015222399867751644
-835 -2.4414144646956915e-05 0.015224042447371293
-833 2.755571271934164e-05 0.015385034352922702
-831 9.60518542098316e-05 0.015304443708475913
-829 4.5921856261062715e-05 0.01532541017977246
-827 -4.801698221367012e-06 0.015398255988984942
-825 4.13219435675593e-06 0.015462530889286275
-823 6.363359266754176e-05 0.015512897142951185
-821 -7.397965789208702e-06 0.015580543670271025
-819 9.534601590431107e-06 0.015622391062194464
-817 -1.726634129976523e-05 0.015622587587897637
-815 -3.302725542426934e-05 0.01568702478911236
-813 6.070621405093764e-06 0.015727866667078347
-811 -4.2919520298278054e-05 0.015782448190663288
-809 -6.309134717329335e-06 0.01576327745687835
-807 -2.0422381183563465e-05 0.015840833772672824
-805 -3.096931249080234e-05 0.015846278676945113
-803 9.101758372207958e-07 0.01585040791041852
-801 1.3676330361336278e-05 0.015906668610786486
-799 -2.0684957075514974e-05 0.015912955181032622
-797 2.1736911814930573e-05 0.01600914700340109
-795 -6.416179740887923e-05 0.016028320445154988
-793 -8.51816203721662e-05 0.016028573961415986
-791 -6.374536475940973e-06 0.016035813650346425
-789 5.200193792943818e-06 0.01606420341785348
-787 -5.979270134283518e-06 0.016186420821372
-785 -1.5051843822964818e-05 0.01619159251771556
-783 3.911530277934503e-05 0.01628083692879373
-781 0.00010759950164272193 0.016229067141632927
-779 8.44324084433921e-06 0.01631890834118551
-777 -4.905330091077455e-05 0.01633266927209679
-775 -9.828051676951988e-06 0.016382050604816217
-773 1.0718434117606529e-05 0.01648187618620127
-771 5.658916470840615e-05 0.016470575520858514
-769 -2.3254774526151458e-06 0.016469914320034425
-767 -1.2609529842505256e-05 0.01657430678432447
-765 -4.692283746871141e-05 0.016608665227169122
-763 -4.3161185827257135e-05 0.016746621690280586
-761 -7.101785480158278e-05 0.01669560499307869
-759 -4.2991147391051196e-05 0.016781168609281114
-757 -9.391976362690437e-06 0.01687367032788222
-755 -5.3968904263094656e-05 0.01689380899582499
-753 -1.195417866148843e-05 0.016900545188413642
-751 -6.126845704419649e-05 0.01693223095006514
-749 -4.185368373220785e-05 0.016941177132347135
-747 -4.2106661777225575e-05 0.016960160483168805
-745 2.120868688675325e-05 0.01703182090382765
-743 -1.4105799063379285e-05 0.017080143965491876
-741 -1.1113776049424264e-06 0.017168062320136908
-739 4.0258158673901485e-05 0.017160481094189887
-737 -5.431922430533809e-06 0.017199136269476622
-735 2.1309543553431735e-05 0.017237081964672114
-733 3.360215306359181e-05 0.017359587683098986
-731 4.978477265498689e-05 0.01741771276690894
-729 -2.40272550720399e-05 0.017425813850219626
-727 1.3730997469649227e-05 0.01746935081688957
-725 6.1581107825980534e-06 0.017585058561658474
-723 -2.748786997818549e-05 0.01758070053348166
-721 7.514637929277127e-05 0.01760941436799457
-719 -2.9532676605363843e-05 0.01764700008637457
-717 -9.390991025953612e-07 0.017661727368588495
-715 4.513959334181522e-05 0.01769816792418406
-713 -1.07351413408148e-05 0.01780524528176751
-711 -2.4591294764595675e-06 0.01785753191931816
-709 -4.105821080156568e-05 0.01796146112634243
-707 -8.14602352327943e-05 0.017994464479692534
-705 -9.201623697861201e-05 0.01812646439990196
-703 -5.878091641169458e-05 0.018171430322904004
-701 -7.689802233018789e-05 0.018141406331647906
-699 -6.996821399841327e-05 0.01820528516383949
-697 -7.957717753630651e-06 0.018252705940791404
-695 -8.09672292930316e-06 0.018308897709330196
-693 3.464953183202708e-05 0.018307095056651616
-691 3.6097004033239946e-05 0.018364687632605715
-689 -6.817653710837306e-06 0.018352141630624194
-687 -7.788891211091151e-05 0.018475610594512266
-685 -8.172160561630886e-05 0.018487405042059837
-683 -4.6206115738687e-05 0.018653423928344393
-681 3.133525237873493e-05 0.01869224827013804
-679 3.1736011650448844e-05 0.018754200985662047
-677 2.618452932436734e-06 0.0188085448846718
-675 -7.238792722967924e-05 0.018865818842923446
-673 -6.23177034016014e-05 0.018907603209862327
-671 1.8322638388933037e-05 0.018888877665819648
-669 -4.643757003300467e-05 0.01900500156074816
-667 3.241678338974683e-05 0.019060358407740903
-665 5.344743440047799e-05 0.01910587930965602
-663 6.595889433199085e-05 0.01920702838363315
-661 2.0804808780849682e-05 0.019343472217911887
-659 3.5383322507947916e-05 0.019354675429909277
-657 -1.2139203134073703e-05 0.019386724642978328
-655 -5.129478495162327e-07 0.01944060746919151
-653 7.511376162183882e-05 0.019527238543231164
-651 1.782462826154013e-05 0.01958513268543764
-649 9.40220391946046e-05 0.01960311187447918
-647 3.135846991341697e-05 0.019679565964825327
-645 -2.5118733103090927e-05 0.01976020064548321
-643 4.989088447624037e-06 0.019784105050836682
-641 -1.4843274746698511e-05 0.01989742676264557
-639 2.9469174603749497e-05 0.01990690560977851
-637 3.208967694870263e-05 0.020014431391587106
-635 -4.854384879868936e-06 0.02006430743570619
-633 -4.4805218815515575e-05 0.02013943428245358
-631 1.605112820895987e-05 0.020187304703274022
-629 7.920398764712049e-06 0.020309992117307794
-627 1.7517628105291162e-05 0.0204001241690931
-625 -9.942975469714482e-06 0.02045425126252804
-623 -0.00010048799101958447 0.020468254006721403
-621 -1.6939818167049015e-05 0.02054589062912497
-619 -8.20984243651307e-05 0.02057378440489766
-617 5.756876666978923e-05 0.02063378526504983
-615 3.2392931709852124e-05 0.020671086939288954
-613 -2.416173063721882e-05 0.020855650166962055
-611 -3.4508206814801872e-06 0.020899488092036483
-609 4.9889815717208105e-05 0.020866742840595958
-607 2.3546612013016317e-05 0.020945213610923663
-605 3.7165063238102445e-05 0.02105551114173313
-603 -2.831994348667775e-05 0.02107513086459854
-601 -3.4749686388212464e-06 0.021135039050128725
-599 8.054953455452512e-05 0.02128672730445652
-597 -2.5627328940001635e-05 0.02131339353835834
-595 2.1606933768846997e-05 0.021385972918336806
-593 -2.0863940645508032e-05 0.021477738131349924
-591 2.4498938241422768e-05 0.021655718490637767
-589 -1.713019231520905e-05 0.021755857804711218
-587 3.0103441255852417e-05 0.021743656424150767
-585 3.309788365612147e-05 0.021806812185770897
-583 4.132186788541988e-05 0.021862249280576108
-581 -2.3904557508458192e-05 0.02196587871014523
-579 -1.7380370091646463e-05 0.022029330510984012
-577 -9.239966377347127e-06 0.022112928179399787
-575 2.1529763291684442e-05 0.022144835519715363
-573 8.042602945374757e-05 0.022205982618066267
-571 3.832254787538947e-05 0.02221974777992325
-569 -7.201227100747009e-06 0.022352127178594056
-567 -2.8880900098799403e-05 0.022532318229430574
-565 -1.7844859711130767e-05 0.02260568104104932
-563 -1.8902758432368845e-05 0.02269089141093541
-561 2.8974221603578594e-05 0.022653403662207278
-559 1.3464827608755595e-05 0.022724931307651526
-557 -7.235170132132916e-05 0.022822604369634732
-555 -1.2767431706145097e-05 0.022921464305600055
-553 -1.4571970863909028e-05 0.023073010005810024
-551 7.493941409523806e-05 0.02308743948069875
-549 5.0944713159252835e-05 0.023178396789955598
-547 9.532433985721978e-05 0.023230741746034025
-545 6.3627192249864295e-06 0.023333587073465285
-543 -3.121053853431101e-05 0.023475313239387986
-541 -2.124020856362732e-05 0.023550850298832353
-539 -5.033841244574216e-06 0.02360233504886489
-537 -1.842414651357247e-05 0.023657118796122336
-535 -3.5608579847550294e-05 0.023682336033037443
-533 -2.2058208511871965e-06 0.023843395793516742
-531 4.537611667652121e-06 0.023958910534939856
-529 1.0341557980911377e-05 0.024063857890208408
-527 -6.892843474871121e-05 0.024176421217579094
-525 -8.098367452744779e-05 0.02422089130363673
-523 -5.54543085620379e-05 0.02430107826059201
-521 -4.555024742091612e-05 0.024450066575128153
-519 5.976985248384813e-05 0.024495411578178493
-517 2.769835737453088e-05 0.02466295896693927
-515 3.68532783787239e-05 0.02474263826790273
-513 -2.9297844905023357e-05 0.024876311244899488
-511 1.2960689580107112e-05 0.024938144087568056
-509 2.6610102675569914e-05 0.02498569283345295
-507 9.763446096894861e-06 0.02522749640224057
-505 2.2236681150803637e-05 0.025231016724949037
-503 2.3950353874824483e-05 0.02528505873904657
-501 1.3682301800999189e-05 0.025339050954698628
-499 -2.4449547398602235e-05 0.025465851741926757
-497 -2.8312982693534127e-05 0.025585791157686423
-495 -4.782679029511592e-05 0.025688501669221243
-493 -3.765756869396635e-05 0.025825585355415834
-491 -1.656598723165851e-05 0.025874693215803796
-489 1.902583456974289e-05 0.02600943161538593
-487 4.8739195888615254e-05 0.026202757405087505
-485 6.29573764088218e-05 0.02636670863545109
-483 4.6755670961437386e-05 0.026427813117327458
-481 -5.571545282250401e-05 0.026460411812417355
-479 1.0349873482071482e-05 0.02661444630322548
-477 -3.597275735061394e-06 0.026752585440416744
-475 6.018721535478227e-05 0.02679122217446396
-473 4.423546923823254e-05 0.02698222957824203
-471 1.1328610135884938e-05 0.02706410812225522
-469 -1.868768365005167e-05 0.0271719232213644
-467 -3.336023037195827e-05 0.02723329804005103
-465 2.5969410276719697e-05 0.02738852113514447
-463 0.00010302457540641713 0.02742663049298397
-461 1.1868811514765572e-05 0.02754049225553
-459 -2.3298371471280107e-06 0.027711989069331994
-457 5.866012406889493e-05 0.027861305073713732
-455 7.422337325439823e-05 0.027913764155640643
-453 4.237578204443343e-06 0.028007865891333493
-451 -9.661073131069642e-06 0.028171806385900593
-449 -3.0002067468057273e-05 0.02832787181227397
-447 -2.0317336846487222e-05 0.0285093956261717
-445 -6.585419565785869e-05 0.028520252780442266
-443 -2.4153462295093476e-05 0.02872392765074588
-441 8.214557828562026e-05 0.028880360490457866
-439 -9.574287234478261e-06 0.028953792258442954
-437 -4.047239576940433e-05 0.029083650329055927
-435 -5.012050740523895e-05 0.029292108241134915
-433 -3.8679644980489346e-05 0.02935474053832745
-431 -2.3899486715539314e-05 0.029499439436291786
-429 1.0300388628268572e-05 0.02958985200211461
-427 -2.7980015935127348e-06 0.029747171381020898
-425 4.515135862274096e-06 0.029837527976302135
-423 6.393707088889981e-06 0.02994473432116444
-421 -4.1074857517382196e-05 0.03015178399382643
-419 -3.554613522350435e-06 0.03033309771601207
-417 3.637620745545803e-05 0.030455042922297205
-415 2.736846238917884e-05 0.03066504792306784
-413 6.404925999180496e-06 0.03078187991824689
-411 8.55002916699678e-06 0.030959544963316654
-409 4.034313596827874e-05 0.031080499132080705
-407 3.881751318993176e-05 0.031221962379990982
-405 1.7524864306634194e-05 0.03141080809110512
-403 1.3405216214303509e-06 0.03157865087432612
-401 2.081154748440693e-05 0.031693660731361345
-399 2.4725173121907033e-06 0.03191729516716281
-397 -3.975700533686454e-05 0.03205066423913262
-395 3.243576457959782e-05 0.032164614856753766
-393 4.05089877451219e-05 0.03237461347875424
-391 -2.1497500074866337e-05 0.03250050845522521
-389 -7.565692147617143e-05 0.03266850668899627
-387 -7.311876698942641e-05 0.03288714741635069
-385 -0.00010808159772287248 0.032919657930716724
-383 -3.349157086577673e-05 0.03312132583393529
-381 3.248217589145683e-05 0.03330251779064816
-379 2.8916703408228873e-05 0.03351890668763316
-377 -5.210631782003164e-05 0.03375804750830816
-375 5.307612070066158e-06 0.03393608988549964
-373 2.762935603632393e-05 0.03410055465038722
-371 3.0088155653160263e-05 0.034380468163226284
-369 -2.6104336037435758e-05 0.0344964683838075
-367 -3.865818354262552e-05 0.03463279133907163
-365 4.61750779972119e-05 0.034889812341485936
-363 -2.138448694808976e-05 0.03510188247762589
-361 1.3416288451558046e-05 0.035288577618644325
-359 -4.6637365897702335e-05 0.03543644940631414
-357 -7.929336464115646e-05 0.0357536246925713
-355 -4.70473353698885e-05 0.035897814056515986
-353 -4.037828432974327e-05 0.03606522953811732
-351 3.182875368187038e-05 0.03626600644835322
-349 8.77264232572265e-06 0.036467386575249464
-347 1.628555940545206e-05 0.03665905348577825
-345 -2.7951013227704594e-05 0.036901495808480664
-343 1.978042410402336e-05 0.03708141941175547
-341 -3.2530933691626675e-05 0.03734385103233142
-339 -4.884970155333325e-05 0.037492640700593334
-337 -0.00010821020409755894 0.037781072445499005
-335 -4.400194118811843e-05 0.03802478361224567
-333 2.6339133983950663e-06 0.03826347725925913
-331 2.8102731002977344e-05 0.0384802076207362
-329 6.589432764799043e-05 0.03868383229585205
-327 -3.036823959183079e-05 0.038843027807961394
-325 -2.6572426390258404e-05 0.039186957051836065
-323 -4.9223679152430535e-05 0.03941529094927977
-321 -4.9187142041122186e-05 0.039672662188982404
-319 -3.5640371681911456e-05 0.03988079472236914
-317 3.271947690428582e-05 0.04007702768368414
-315 2.1944871901665486e-05 0.04040357580297203
-313 3.637197522843504e-06 0.04061095383264501
-311 1.5084514876427751e-05 0.04091141611470253
-309 0.00011305070104919326 0.04116165938338288
-307 8.018079256197618e-05 0.04151138697085132
-305 6.601054865800253e-05 0.04176070916350752
-303 3.0184922365426842e-05 0.04197269755643306
-301 2.0505160661744973e-05 0.04220387150609914
-299 -2.782293982183468e-05 0.042581507191060304
-297 -3.17091855607078e-05 0.042804076442044
-295 3.437894961664988e-05 0.04309008745865734
-293 -2.457245208485725e-05 0.04341680394873839
-291 2.7751763044220652e-05 0.043706032259217605
-289 2.5489141847487633e-05 0.04399664293542486
-287 -1.2730239659026635e-05 0.04433137588774728
-285 9.382672185604052e-06 0.04459525281063145
-283 -4.962856104239983e-05 0.044948579631763956
-281 -2.3460888273548014e-06 0.045348034226736285
-279 -0.00011063183101617416 0.04560170459560802
-277 -7.695659926551667e-05 0.0459549914660482
-275 -3.750571304253642e-05 0.04620273476558764
-273 3.498645736288538e-06 0.04658602978555197
-271 1.4572832661077294e-05 0.04692353100506083
-269 6.21854699293342e-06 0.04730546402243648
-267 3.0191775183615245e-06 0.047537890091541316
-265 -1.555111229749452e-05 0.04796981625228976
-263 5.335510957167849e-05 0.048319290580877146
-261 -7.035270174215038e-06 0.048734177463688313
-259 1.4983353428532377e-05 0.049110318396845196
-257 3.964489033899131e-05 0.0493955814573497
-255 -3.610118203767921e-05 0.04979003773976122
-253 -5.264554896800335e-05 0.050137652863451294
-251 -7.334724687985751e-05 0.05058807608207412
-249 -2.841891783456772e-05 0.05106189053907365
-247 8.453079120906019e-05 0.051490710691906576
-245 -2.5899519180645392e-05 0.051986095922903486
-243 1.0155849381915265e-05 0.05228783415079847
-241 -1.9049371921038373e-05 0.052778243195410295
-239 -6.247554190608497e-05 0.05320566341620047
-237 -9.946172182059418e-06 0.05363579612776663
-235 6.860082391271158e-06 0.05407838980758519
-233 2.5373796126969798e-05 0.05458881577921384
-231 -3.751076027175297e-05 0.055117954092666684
-229 2.2940082438754083e-05 0.05553471742744534
-227 2.3903602941994297e-05 0.05600629138869724
-225 -5.050600111659802e-06 0.056557066003366206
-223 -2.4975632975032788e-05 0.056967969056310956
-221 -9.131658406280179e-05 0.05756865988551466
-219 -1.7609459111435928e-05 0.058048232869839254
-217 -4.014358922177307e-05 0.05853375772177791
-215 2.9622521585849935e-05 0.05900035525472795
-213 -1.4123056125289814e-05 0.05966207656801778
-211 -8.865369348632073e-06 0.06020921954181487
-209 4.4231007813284515e-05 0.06074229000126478
-207 5.476292666847907e-05 0.06136288869112367
-205 6.321344794199054e-05 0.06199323420877232
-203 3.652993276117665e-05 0.06259528812836018
-201 3.3238294988664615e-05 0.0631440012245939
-199 -1.9102337933286295e-05 0.06382864365723229
-197 3.385419786004136e-05 0.06447018998826377
-195 -3.07156885695282e-06 0.0651495395904841
-193 6.724157535880785e-05 0.06580243033232822
-191 3.987239385382419e-05 0.06653113665261909
-189 5.087357710954049e-07 0.06721026899413084
-187 -4.8382631547600266e-05 0.06784099154539537
-185 -2.6454624639356123e-05 0.06864872758136514
-183 -2.8747900487148153e-05 0.06940827022873827
-181 -2.7587024928821664e-05 0.07017508869122047
-179 -6.336382052743225e-05 0.07088780716154211
-177 -0.00011488100621391344 0.07177632737667632
-175 -2.9204417259030845e-05 0.0725069743627193
-173 -8.643092075191308e-07 0.07333297274687113
-171 -2.0816234140044296e-05 0.07424846067850739
-169 6.78205420995108e-05 0.07509733228600289
-167 -3.2737116729149955e-05 0.07591640029360099
-165 1.65846124919394e-05 0.07689746991871187
-163 -2.0855436109876218e-05 0.07782454330718837
-161 -4.973164134753057e-05 0.07883727637789768
-159 1.1177445360499181e-05 0.07980569222690667
-157 1.7972795190529946e-05 0.08090432474165514
-155 -2.2461452706474806e-05 0.08190894204596734
-153 7.045293001730741e-05 0.08287727978927235
-151 5.040294327852954e-05 0.08395106774640067
-149 4.238909549157432e-05 0.08517538420545129
-147 -1.1875166984955154e-05 0.0864292545822116
-145 -2.791734743127299e-05 0.08750095014924283
-143 -1.5516887346651864e-05 0.0886707768351713
-141 4.3834261056233834e-05 0.08999308495241244
-139 -2.0303216692202303e-05 0.09128519486888176
-137 -2.611199865289448e-05 0.09258462113501958
-135 -4.584120736917219e-05 0.09394824381335994
-133 4.988309612214251e-05 0.09537595952476836
-131 -2.1921074305826414e-05 0.0968614471263099
-129 3.963359807806654e-05 0.09836076415837905
-127 2.0238377533943637e-05 0.09981243487272272
-125 6.323917489941451e-05 0.10136175259949061
-123 -1.1412814657100234e-05 0.10296477173193565
-121 4.412602532679804e-05 0.1046343651395478
-119 7.302959563907206e-05 0.10631506766769247
-117 1.4350553925719156e-05 0.10817745820738735
-115 -9.765469896916214e-06 0.11012890113235634
-113 2.7582615144483035e-05 0.11191871904805624
-111 -1.2958410229520069e-05 0.11397533554119273
-109 1.3551668841828547e-05 0.11607297860618201
-107 -2.0210020931388666e-05 0.11817792942741875
-105 -1.3775507351822786e-05 0.12033452890878213
-103 -6.022071131548285e-05 0.12257945293599877
-101 3.260863854656347e-05 0.1250520935530679
-99 3.813453306655784e-05 0.1276159138811286
-97 3.5898957848287544e-05 0.13020817370290175
-95 -1.2887687815621987e-05 0.13291777856158812
-93 4.8582915704262515e-05 0.13563271599196147
-91 6.560030138578414e-05 0.1386070494618241
-89 4.714113179215689e-05 0.14165847159863681
-87 2.8972847295297722e-05 0.14488951159923302
-85 6.919170847736428e-05 0.1481822078959988
-83 8.633426248091548e-06 0.1516618677202506
-81 -4.514245554315396e-05 0.1553642425712395
-79 -7.03984744390498e-05 0.15916647250894572
-77 -6.873891117078255e-05 0.16315257127028698
-75 -6.903997896429904e-05 0.16743905006637652
-73 -4.968387182445457e-05 0.17190898457333087
-71 3.99837531473711e-05 0.17659196674870825
-69 -4.817941581100049e-05 0.18158136098736188
-67 -1.3966827359035535e-05 0.18673169013184446
-65 9.391731357146428e-06 0.19231800568780577
-63 -6.776711938105827e-06 0.19814247412461064
-61 -1.42645059053614e-05 0.20445421685935677
-59 -1.6043008088293126e-06 0.21107141827089554
-57 5.211805097854969e-05 0.21822760171281388
-55 5.910866329612715e-05 0.22576003662155336
-53 3.7103686937589155e-05 0.23390667524383835
-51 -6.855491621345673e-05 0.2425534595392786
-49 -2.849808130557159e-05 0.25188449769050525
-47 -6.10584570632818e-05 0.26191364263950556
-45 -1.3183272615109976e-05 0.27285684707000385
-43 2.2354226158032886e-05 0.28458288097634465
-41 -2.1135878836401236e-05 0.2974441467543809
-39 1.161273036144056e-05 0.3114288848133377
-37 -3.2155957766367944e-05 0.3268218651533653
-35 -3.548781769590638e-05 0.343620153917554
-33 1.4114372455960629e-05 0.36217144021067893
-31 3.486196367198896e-06 0.3827688557089613
-29 2.1420939179505865e-05 0.40576286233421033
-27 1.747203659497557e-05 0.4315044943135384
-25 2.330303583609372e-05 0.4606091803423832
-23 9.432084510732285e-06 0.49351246834582413
-21 2.63798803423091e-05 0.5312365744180245
-19 1.3642306741726948e-05 0.5746638289332607
-17 -5.817266224227991e-06 0.6252874508224149
-15 2.07200332992011e-05 0.6849270755815118
-13 -2.9842863307035156e-07 0.7560375193975237
-11 5.053657930487419e-05 0.8421683182431486
-9 2.087359057147253e-05 0.9483129213821428
-7 4.488987250132337e-05 1.0818297195090403
-5 9.566548906073665e-05 1.2536776103052265
-3 0.0001728778902716388 1.4796678576385744
-1 0.00029808357629109057 1.8574242850827538
1 0.0002980835762925941 -1.8574242850827538
3 0.00017287789027197235 -1.479667857638574
5 9.566548906093815e-05 -1.253677610305227
7 4.4889872501422e-05 -1.0818297195090403
9 2.087359057150693e-05 -0.948312921382143
11 5.053657930486463e-05 -0.8421683182431486
13 -2.98428632954203e-07 -0.7560375193975237
15 2.0720033299034372e-05 -0.6849270755815117
17 -5.8172662239573e-06 -0.625287450822415
19 1.3642306741632903e-05 -0.5746638289332608
21 2.6379880342229297e-05 -0.5312365744180245
23 9.432084510893022e-06 -0.49351246834582413
25 2.330303583601009e-05 -0.46060918034238324
27 1.747203659503739e-05 -0.4315044943135383
29 2.142093917950656e-05 -0.4057628623342104
31 3.4861963671914386e-06 -0.3827688557089614
33 1.4114372455950255e-05 -0.362171440210679
35 -3.548781769592829e-05 -0.343620153917554
37 -3.215595776636415e-05 -0.3268218651533653
39 1.1612730361346644e-05 -0.31142888481333764
41 -2.1135878836369157e-05 -0.2974441467543808
43 2.2354226158058138e-05 -0.2845828809763446
45 -1.3183272615082783e-05 -0.2728568470700039
47 -6.10584570632987e-05 -0.26191364263950556
49 -2.8498081305540467e-05 -0.25188449769050525
51 -6.855491621347103e-05 -0.2425534595392786
53 3.710368693761733e-05 -0.23390667524383835
55 5.910866329605001e-05 -0.2257600366215533
57 5.211805097857567e-05 -0.2182276017128139
59 -1.6043008088203476e-06 -0.21107141827089554
61 -1.4264505905367368e-05 -0.20445421685935675
63 -6.7767119380663826e-06 -0.19814247412461064
65 9.391731357073203e-06 -0.19231800568780583
67 -1.3966827359022684e-05 -0.18673169013184443
69 -4.817941581097981e-05 -0.18158136098736188
71 3.9983753147373e-05 -0.17659196674870828
73 -4.968387182450042e-05 -0.1719089845733309
75 -6.903997896434329e-05 -0.1674390500663765
77 -6.873891117076288e-05 -0.16315257127028687
79 -7.039847443896315e-05 -0.159166472508945
81 -4.5142455543133335e-05 -0.15536424257124024
83 8.633426248075115e-06 -0.15166186772025075
85 6.919170847732486e-05 -0.14818220789599884
87 2.897284729533144e-05 -0.14488951159923297
89 4.714113179220082e-05 -0.14165847159863687
91 6.560030138578674e-05 -0.1386070494618241
93 4.858291570424773e-05 -0.13563271599196144
95 -1.2887687815662201e-05 -0.13291777856158815
97 3.589895784831182e-05 -0.1302081737029018
99 3.813453306654197e-05 -0.1276159138811286
101 3.2608638546566904e-05 -0.12505209355306787
103 -6.022071131547926e-05 -0.12257945293599871
105 -1.3775507351828328e-05 -0.12033452890878216
107 -2.021002093138954e-05 -0.11817792942741875
109 1.3551668841849336e-05 -0.11607297860618201
111 -1.2958410229545246e-05 -0.11397533554119268
113 2.7582615144435154e-05 -0.11191871904805623
115 -9.765469896908372e-06 -0.11012890113235635
117 1.4350553925773092e-05 -0.1081774582073874
119 7.302959563903385e-05 -0.1063150676676925
121 4.412602532693195e-05 -0.10463436513954766
123 -1.1412814657094406e-05 -0.10296477173193565
125 6.323917489936515e-05 -0.10136175259949058
127 2.023837753397948e-05 -0.0998124348727227
129 3.9633598078078624e-05 -0.09836076415837912
131 -2.192107430582021e-05 -0.09686144712630988
133 4.9883096122137014e-05 -0.09537595952476838
135 -4.58412073691954e-05 -0.09394824381335995
137 -2.611199865283261e-05 -0.09258462113501961
139 -2.0303216692207945e-05 -0.09128519486888177
141 4.383426105621018e-05 -0.08999308495241236
143 -1.5516887346565724e-05 -0.0886707768351712
145 -2.7917347431235125e-05 -0.08750095014924295
147 -1.1875166985005402e-05 -0.08642925458221166
149 4.2389095491570804e-05 -0.08517538420545129
151 5.040294327856782e-05 -0.08395106774640065
153 7.045293001733327e-05 -0.08287727978927237
155 -2.2461452706503338e-05 -0.0819089420459674
157 1.7972795190581767e-05 -0.08090432474165522
159 1.1177445360265063e-05 -0.07980569222690702
161 -4.973164134777401e-05 -0.07883727637789749
163 -2.0855436109862872e-05 -0.0778245433071883
165 1.6584612491916156e-05 -0.07689746991871184
167 -3.273711672911587e-05 -0.07591640029360097
169 6.782054209952232e-05 -0.07509733228600288
171 -2.081623414006465e-05 -0.07424846067850739
173 -8.64309207537054e-07 -0.07333297274687112
175 -2.9204417259032136e-05 -0.07250697436271926
177 -0.0001148810062139224 -0.07177632737667633
179 -6.336382052738877e-05 -0.07088780716154211
181 -2.758702492882614e-05 -0.07017508869122047
183 -2.8747900487105937e-05 -0.0694082702287383
185 -2.6454624639374263e-05 -0.06864872758136513
187 -4.838263154759413e-05 -0.06784099154539537
189 5.087357710911189e-07 -0.06721026899413084
191 3.987239385379478e-05 -0.0665311366526191
193 6.72415753587657e-05 -0.06580243033232822
195 -3.071568856966237e-06 -0.0651495395904841
197 3.3854197860050824e-05 -0.06447018998826376
199 -1.91023379332113e-05 -0.06382864365723234
201 3.3238294988641454e-05 -0.06314400122459386
203 3.65299327612182e-05 -0.06259528812836021
205 6.321344794198905e-05 -0.061993234208772355
207 5.476292666849794e-05 -0.06136288869112366
209 4.423100781333276e-05 -0.060742290001264805
211 -8.865369348617917e-06 -0.060209219541814886
213 -1.412305612528728e-05 -0.0596620765680178
215 2.9622521585812324e-05 -0.059000355254727944
217 -4.0143589221764674e-05 -0.058533757721777865
219 -1.760945911143025e-05 -0.05804823286983925
221 -9.131658406279051e-05 -0.05756865988551467
223 -2.4975632975047286e-05 -0.05696796905631096
225 -5.050600111699529e-06 -0.05655706600336622
227 2.3903602942016435e-05 -0.05600629138869723
229 2.2940082438761974e-05 -0.055534717427445354
231 -3.7510760271779775e-05 -0.05511795409266668
233 2.5373796126948385e-05 -0.05458881577921385
235 6.86008239128833e-06 -0.05407838980758517
237 -9.946172182055214e-06 -0.053635796127766595
239 -6.247554190612803e-05 -0.05320566341620038
241 -1.904937192087682e-05 -0.0527782431954103
243 1.015584938192041e-05 -0.05228783415079839
245 -2.5899519180701076e-05 -0.051986095922903534
247 8.453079120904402e-05 -0.051490710691906603
249 -2.8418917834556877e-05 -0.05106189053907367
251 -7.33472468798703e-05 -0.05058807608207416
253 -5.2645548967998726e-05 -0.05013765286345131
255 -3.610118203767772e-05 -0.04979003773976117
257 3.9644890339016104e-05 -0.049395581457349735
259 1.4983353428526478e-05 -0.04911031839684518
261 -7.035270174220818e-06 -0.048734177463688286
263 5.335510957171142e-05 -0.04831929058087716
265 -1.5551112297510874e-05 -0.04796981625228976
267 3.0191775183637352e-06 -0.04753789009154133
269 6.2185469929565145e-06 -0.0473054640224365
271 1.4572832661115071e-05 -0.04692353100506082
273 3.498645736339836e-06 -0.046586029785551944
275 -3.750571304251208e-05 -0.04620273476558764
277 -7.695659926546693e-05 -0.045954991466048166
279 -0.00011063183101612124 -0.045601704595607986
281 -2.3460888275883996e-06 -0.045348034226736306
283 -4.962856104247263e-05 -0.044948579631763956
285 9.38267218566674e-06 -0.044595252810631536
287 -1.2730239659130128e-05 -0.044331375887747285
289 2.5489141847399413e-05 -0.04399664293542482
291 2.7751763044282523e-05 -0.043706032259217535
293 -2.457245208488335e-05 -0.04341680394873836
295 3.437894961668685e-05 -0.043090087458657333
297 -3.170918556066741e-05 -0.042804076442044016
299 -2.782293982181783e-05 -0.04258150719106031
301 2.0505160661723093e-05 -0.04220387150609914
303 3.0184922365468133e-05 -0.041972697556433056
305 6.601054865801812e-05 -0.041760709163507506
307 8.018079256200113e-05 -0.04151138697085133
309 0.00011305070104920122 -0.04116165938338286
311 1.5084514876375537e-05 -0.04091141611470253
313 3.6371975228198057e-06 -0.040610953832645014
315 2.194487190169583e-05 -0.040403575802972026
317 3.271947690428996e-05 -0.0400770276836842
319 -3.564037168218936e-05 -0.039880794722369085
321 -4.918714204084868e-05 -0.03967266218898217
323 -4.922367915226855e-05 -0.03941529094927981
325 -2.6572426390214283e-05 -0.0391869570518361
327 -3.0368239591790375e-05 -0.03884302780796138
329 6.589432764797508e-05 -0.03868383229585205
331 2.8102731002978035e-05 -0.03848020762073617
333 2.6339133984351174e-06 -0.038263477259259146
335 -4.400194118813327e-05 -0.038024783612245656
337 -0.00010821020409757256 -0.03778107244549902
339 -4.884970155333499e-05 -0.037492640700593334
341 -3.253093369162974e-05 -0.037343851032331385
343 1.9780424104061444e-05 -0.037081419411755454
345 -2.795101322768917e-05 -0.03690149580848068
347 1.6285559405467597e-05 -0.03665905348577826
349 8.772642325723067e-06 -0.0364673865752495
351 3.1828753681882076e-05 -0.03626600644835323
353 -4.0378284329760906e-05 -0.03606522953811727
355 -4.704733536992874e-05 -0.03589781405651598
357 -7.929336464117128e-05 -0.03575362469257126
359 -4.663736589763045e-05 -0.03543644940631406
361 1.341628845155123e-05 -0.03528857761864445
363 -2.1384486948144876e-05 -0.03510188247762591
365 4.617507799723203e-05 -0.03488981234148591
367 -3.8658183542616986e-05 -0.03463279133907158
369 -2.6104336037444628e-05 -0.034496468383807474
371 3.0088155653201222e-05 -0.03438046816322632
373 2.762935603630515e-05 -0.03410055465038723
375 5.307612070033996e-06 -0.03393608988549962
377 -5.210631782001103e-05 -0.03375804750830813
379 2.8916703408222523e-05 -0.033518906687633174
381 3.2482175891447815e-05 -0.03330251779064817
383 -3.349157086576666e-05 -0.03312132583393529
385 -0.00010808159772291291 -0.032919657930716724
387 -7.311876698941133e-05 -0.03288714741635067
389 -7.565692147617936e-05 -0.03266850668899627
391 -2.149750007487992e-05 -0.0325005084552252
393 4.050898774509982e-05 -0.032374613478754276
395 3.2435764579560536e-05 -0.032164614856753745
397 -3.975700533684131e-05 -0.032050664239132526
399 2.4725173124050323e-06 -0.03191729516716263
401 2.081154748460595e-05 -0.03169366073136136
403 1.340521621421358e-06 -0.031578650874326174
405 1.7524864306574556e-05 -0.0314108080911051
407 3.8817513189930104e-05 -0.031221962379991
409 4.034313596826943e-05 -0.031080499132080743
411 8.550029167004564e-06 -0.03095954496331664
413 6.404925999134005e-06 -0.030781879918246893
415 2.736846238919897e-05 -0.030665047923067824
417 3.637620745545077e-05 -0.030455042922297188
419 -3.554613522387247e-06 -0.030333097716012097
421 -4.107485751735309e-05 -0.030151783993826373
423 6.3937070888901196e-06 -0.02994473432116445
425 4.515135862281645e-06 -0.02983752797630214
427 -2.7980015935437607e-06 -0.029747171381020916
429 1.030038862829293e-05 -0.029589852002114662
431 -2.3899486715552223e-05 -0.029499439436291793
433 -3.8679644980514974e-05 -0.029354740538327408
435 -5.0120507405231344e-05 -0.029292108241134904
437 -4.047239576945307e-05 -0.029083650329055917
439 -9.574287234438578e-06 -0.02895379225844288
441 8.214557828575399e-05 -0.028880360490457842
443 -2.415346229509494e-05 -0.02872392765074588
445 -6.585419565786199e-05 -0.028520252780442273
447 -2.0317336846513738e-05 -0.028509395626171694
449 -3.00020674680698e-05 -0.02832787181227398
451 -9.66107313103845e-06 -0.02817180638590061
453 4.237578204443628e-06 -0.028007865891333483
455 7.422337325434742e-05 -0.02791376415564061
457 5.86601240688635e-05 -0.02786130507371374
459 -2.3298371471152713e-06 -0.027711989069331977
461 1.1868811514772579e-05 -0.02754049225552999
463 0.0001030245754064051 -0.02742663049298403
465 2.5969410276686155e-05 -0.02738852113514444
467 -3.336023037194755e-05 -0.02723329804005101
469 -1.8687683650019868e-05 -0.02717192322136441
471 1.1328610135866769e-05 -0.027064108122255216
473 4.4235469238215774e-05 -0.026982229578242006
475 6.018721535478453e-05 -0.026791222174463957
477 -3.5972757349709747e-06 -0.026752585440416754
479 1.0349873482314518e-05 -0.0266144463032257
481 -5.571545282265918e-05 -0.026460411812417463
483 4.675567096142957e-05 -0.02642781311732736
485 6.295737640881128e-05 -0.02636670863545109
487 4.873919588862164e-05 -0.026202757405087485
489 1.902583456971365e-05 -0.02600943161538593
491 -1.656598723164706e-05 -0.025874693215803785
493 -3.765756869397144e-05 -0.025825585355415837
495 -4.782679029510682e-05 -0.02568850166922124
497 -2.831298269352044e-05 -0.02558579115768645
499 -2.4449547398601442e-05 -0.02546585174192677
501 1.3682301800975252e-05 -0.025339050954698638
503 2.3950353874813885e-05 -0.02528505873904657
505 2.223668115078425e-05 -0.02523101672494905
507 9.763446096908763e-06 -0.025227496402240576
509 2.6610102675554803e-05 -0.024985692833452925
511 1.2960689580078972e-05 -0.024938144087568063
513 -2.929784490505159e-05 -0.024876311244899467
515 3.685327837874641e-05 -0.02474263826790277
517 2.7698357374531597e-05 -0.024662958966939267
519 5.9769852483680045e-05 -0.02449541157817842
521 -4.5550247420962064e-05 -0.024450066575128163
523 -5.545430856198904e-05 -0.024301078260592017
525 -8.098367452742779e-05 -0.024220891303636756
527 -6.892843474870419e-05 -0.024176421217579097
529 1.0341557980921357e-05 -0.024063857890208422
531 4.537611667667319e-06 -0.023958910534939863
533 -2.2058208511993666e-06 -0.023843395793516728
535 -3.5608579847571016e-05 -0.023682336033037474
537 -1.8424146513574302e-05 -0.023657118796122367
539 -5.033841244545843e-06 -0.02360233504886488
541 -2.124020856361022e-05 -0.023550850298832398
543 -3.121053853427915e-05 -0.023475313239387976
545 6.362719224984861e-06 -0.023333587073465323
547 9.532433985721714e-05 -0.023230741746034008
549 5.094471315922539e-05 -0.023178396789955594
551 7.493941409526065e-05 -0.02308743948069874
553 -1.4571970863876062e-05 -0.02307301000581001
555 -1.2767431706161635e-05 -0.022921464305600037
557 -7.235170132136722e-05 -0.022822604369634736
559 1.3464827608859042e-05 -0.02272493130765151
561 2.8974221603541396e-05 -0.022653403662207253
563 -1.8902758432409306e-05 -0.02269089141093541
565 -1.7844859711150723e-05 -0.02260568104104934
567 -2.888090009876027e-05 -0.022532318229430554
569 -7.2012271007430785e-06 -0.02235212717859402
571 3.83225478754559e-05 -0.02221974777992326
573 8.042602945371158e-05 -0.022205982618066264
575 2.152976329171088e-05 -0.022144835519715307
577 -9.239966377298981e-06 -0.02211292817939986
579 -1.7380370091692785e-05 -0.022029330510984026
581 -2.3904557508426343e-05 -0.021965878710145215
583 4.1321867885386326e-05 -0.021862249280576153
585 3.309788365615545e-05 -0.021806812185770914
587 3.010344125582851e-05 -0.021743656424150746
589 -1.713019231523996e-05 -0.021755857804711235
591 2.449893824140332e-05 -0.021655718490637774
593 -2.086394064553955e-05 -0.021477738131349906
595 2.160693376886393e-05 -0.021385972918336747
597 -2.5627328939979703e-05 -0.021313393538358337
599 8.054953455445703e-05 -0.02128672730445649
601 -3.474968638840181e-06 -0.021135039050128607
603 -2.831994348664588e-05 -0.02107513086459856
605 3.7165063238125986e-05 -0.021055511141733145
607 2.3546612013017872e-05 -0.020945213610923642
609 4.988981571723125e-05 -0.020866742840595965
611 -3.4508206814715187e-06 -0.020899488092036497
613 -2.4161730637211964e-05 -0.020855650166962066
615 3.2392931709874025e-05 -0.020671086939288964
617 5.756876666980105e-05 -0.020633785265049866
619 -8.209842436512203e-05 -0.020573784404897693
621 -1.693981816701992e-05 -0.020545890629124965
623 -0.00010048799101958051 -0.02046825400672138
625 -9.942975469701617e-06 -0.020454251262528037
627 1.7517628105305213e-05 -0.020400124169093106
629 7.920398764717893e-06 -0.02030999211730778
631 1.6051128208954127e-05 -0.020187304703274005
633 -4.480521881551844e-05 -0.020139434282453548
635 -4.854384879891507e-06 -0.020064307435706197
637 3.208967694869474e-05 -0.020014431391587147
639 2.9469174603722413e-05 -0.019906905609778616
641 -1.4843274746676371e-05 -0.019897426762645568
643 4.989088447630063e-06 -0.019784105050836647
645 -2.5118733103088105e-05 -0.019760200645483207
647 3.1358469913442366e-05 -0.019679565964825372
649 9.402203919464155e-05 -0.01960311187447923
651 1.782462826155171e-05 -0.019585132685437632
653 7.511376162180994e-05 -0.019527238543231164
655 -5.129478495658299e-07 -0.019440607469191545
657 -1.2139203134078899e-05 -0.01938672464297838
659 3.538332250792102e-05 -0.019354675429909273
661 2.0804808780817176e-05 -0.01934347221791188
663 6.595889433200827e-05 -0.019207028383633168
665 5.344743440048474e-05 -0.019105879309656033
667 3.241678338975203e-05 -0.019060358407740903
669 -4.6437570033037716e-05 -0.019005001560748188
671 1.8322638388952736e-05 -0.018888877665819582
673 -6.231770340158095e-05 -0.018907603209862327
675 -7.238792722970092e-05 -0.018865818842923456
677 2.618452932440859e-06 -0.018808544884671756
679 3.173601165045306e-05 -0.01875420098566205
681 3.1335252378715715e-05 -0.01869224827013802
683 -4.620611573867618e-05 -0.018653423928344362
685 -8.172160561630435e-05 -0.018487405042059857
687 -7.788891211091525e-05 -0.018475610594512297
689 -6.8176537108614714e-06 -0.018352141630624246
691 3.609700403326067e-05 -0.018364687632605726
693 3.464953183202328e-05 -0.018307095056651616
695 -8.09672292921798e-06 -0.018308897709330224
697 -7.95771775367409e-06 -0.018252705940791404
699 -6.996821399832834e-05 -0.018205285163839464
701 -7.689802233018515e-05 -0.01814140633164798
703 -5.87809164117539e-05 -0.018171430322904036
705 -9.201623697868949e-05 -0.01812646439990198
707 -8.146023523278373e-05 -0.017994464479692447
709 -4.105821080148776e-05 -0.01796146112634243
711 -2.4591294765144485e-06 -0.01785753191931816
713 -1.073514134073592e-05 -0.017805245281767513
715 4.513959334180333e-05 -0.01769816792418406
717 -9.390991025807888e-07 -0.017661727368588457
719 -2.9532676605345577e-05 -0.01764700008637453
721 7.514637929273513e-05 -0.017609414367994625
723 -2.7487869978233126e-05 -0.017580700533481562
725 6.158110782654312e-06 -0.017585058561658415
727 1.373099746964194e-05 -0.0174693508168896
729 -2.4027255072034016e-05 -0.01742581385021964
731 4.978477265496462e-05 -0.017417712766908955
733 3.360215306358424e-05 -0.017359587683098955
735 2.1309543553451434e-05 -0.01723708196467208
737 -5.431922430471229e-06 -0.017199136269476625
739 4.0258158673877375e-05 -0.017160481094189876
741 -1.1113776049457772e-06 -0.017168062320136932
743 -1.4105799063379119e-05 -0.01708014396549183
745 2.1208686886747077e-05 -0.01703182090382761
747 -4.210666177721168e-05 -0.016960160483168837
749 -4.185368373221358e-05 -0.01694117713234713
751 -6.126845704420092e-05 -0.016932230950065165
753 -1.1954178661495721e-05 -0.016900545188413656
755 -5.396890426308994e-05 -0.016893808995824957
757 -9.391976362666628e-06 -0.016873670327882208
759 -4.299114739103418e-05 -0.016781168609281135
761 -7.101785480158551e-05 -0.016695604993078702
763 -4.316118582725418e-05 -0.01674662169028055
765 -4.6922837468740666e-05 -0.016608665227169108
767 -1.2609529842460742e-05 -0.01657430678432446
769 -2.325477452584368e-06 -0.016469914320034435
771 5.6589164708387164e-05 -0.01647057552085854
773 1.0718434117627806e-05 -0.016481876186201266
775 -9.82805167698111e-06 -0.016382050604816227
777 -4.9053300910811994e-05 -0.01633266927209679
779 8.44324084436248e-06 -0.016318908341185517
781 0.00010759950164274783 -0.01622906714163292
783 3.9115302779350787e-05 -0.016280836928793722
785 -1.5051843822898408e-05 -0.016191592517715524
787 -5.979270134324474e-06 -0.016186420821371977
789 5.200193792913162e-06 -0.016064203417853487
791 -6.374536475919092e-06 -0.016035813650346453
793 -8.518162037214226e-05 -0.01602857396141605
795 -6.416179740890612e-05 -0.016028320445154957
797 2.1736911815035073e-05 -0.01600914700340109
799 -2.068495707550785e-05 -0.01591295518103291
801 1.3676330361458288e-05 -0.01590666861078594
803 9.101758372045175e-07 -0.015850407910418574
805 -3.0969312490785534e-05 -0.0158462786769451
807 -2.0422381183581568e-05 -0.01584083377267282
809 -6.309134717356298e-06 -0.01576327745687829
811 -4.291952029828571e-05 -0.015782448190663306
813 6.070621405085951e-06 -0.01572786666707837
815 -3.302725542425092e-05 -0.015687024789112353
817 -1.726634129973652e-05 -0.015622587587897658
819 9.534601590425276e-06 -0.015622391062194476
821 -7.397965789220377e-06 -0.015580543670271027
823 6.363359266754782e-05 -0.01551289714295119
825 4.132194356759932e-06 -0.015462530889286273
827 -4.801698221369553e-06 -0.01539825598898496
829 4.592185626106501e-05 -0.015325410179772483
831 9.605185420977436e-05 -0.01530444370847593
833 2.755571271931122e-05 -0.01538503435292271
835 -2.4414144646932775e-05 -0.01522404244737127
837 -3.0243317597359912e-05 -0.015222399867751644
839 -1.6978098803163516e-05 -0.015154055381495599
841 8.834420273394025e-05 -0.015175835437367474
843 0.00010694421607960362 -0.015217368474762892
845 7.711582642199802e-05 -0.015118244657548296
847 -5.2600171458707256e-05 -0.015078297483664557
849 -7.99863091386176e-05 -0.01504207469613503
851 -7.591764361436707e-05 -0.014952129389707568
853 2.986215842327618e-05 -0.014933474091444987
855 7.73548215256684e-06 -0.014942059140515789
857 -2.710339786555698e-05 -0.01484528025775411
859 4.739384422578448e-06 -0.014785434264748881
861 -5.72730863513674e-05 -0.01480056692569751
863 -1.794684823351547e-05 -0.014703863382115021
865 -6.6629384409081945e-06 -0.014704246842181181
867 -3.910585943083971e-05 -0.014644043137114007
869 -0.0001021729671937226 -0.014655107338216036
871 -4.273179100320084e-05 -0.014622270517788975
873 -1.6408654736591145e-05 -0.014622496093946688
875 -1.6185477240366788e-07 -0.014526649868237007
877 -4.645810092345681e-05 -0.014473679665484348
879 -4.604605879132601e-05 -0.014485537341821399
881 -4.109881344016141e-05 -0.014478699136669021
883 -4.9868422599340725e-05 -0.014419465803973176
885 -1.9326916453448426e-06 -0.01448757474111961
887 -9.301043500339647e-06 -0.014334701123351019
889 2.4560989188594783e-05 -0.014315017858491574
891 -4.138826188448611e-06 -0.014309681305343314
893 -8.944227746914171e-05 -0.014265354992312542
895 -0.00011408870036712733 -0.014262374789164162
897 -9.664616358221462e-05 -0.014185404204814372
899 -4.670035618700717e-05 -0.014181484804951872
901 -2.7658259620866796e-05 -0.014232093694231314
903 -5.1807872020447286e-05 -0.014166321660564082
905 -6.005933791409493e-06 -0.014149544148031342
907 -1.0631627383732385e-05 -0.014100149538012039
909 8.497121128707148e-05 -0.014077518037955743
911 -1.4410693399816127e-05 -0.013915008689751611
913 6.563087005814247e-06 -0.013878241418319085
915 5.331898806148114e-06 -0.013889091816447706
917 5.15367631468204e-05 -0.013887462823561193
919 -1.1336906312210127e-05 -0.013839010723108428
921 6.379871221947602e-05 -0.013849274490675162
923 2.23598029727176e-05 -0.01380654608154054
925 3.211599339307266e-05 -0.013772837898671174
927 -4.883819443743562e-05 -0.013738403312855363
929 -3.722548976308523e-05 -0.01367969992884804
931 1.5059244737756305e-05 -0.013698869841729447
933 -4.950458748873546e-05 -0.013630976067484611
935 -0.00010150862600944238 -0.013539811986219586
937 -0.00013258990880792699 -0.013550806074183554
939 -5.994324531287115e-05 -0.013532910424010969
941 -7.381354910774041e-06 -0.013525904412534102
943 6.706643037900667e-05 -0.0135222752359035
945 9.376471697327242e-05 -0.013488438785657706
947 6.285337558927506e-05 -0.013478866148813998
949 1.3720022911075429e-05 -0.013424364703742118
951 2.6479768440467828e-05 -0.013438282725975815
953 -5.2838355379480344e-05 -0.013375481579719996
955 -8.790692339684154e-06 -0.013328916733125922
957 -5.916804414931039e-07 -0.01330459974629136
959 -3.796851820711383e-05 -0.013317163711158198
961 2.678883404900215e-05 -0.013274261436315066
963 3.986416078424839e-05 -0.013206245152277937
965 -9.535322111366493e-06 -0.013210600162743247
967 2.2802284955787153e-05 -0.013169076578826289
969 -1.1275986348370858e-05 -0.013251177437256881
971 -2.24660796348573e-05 -0.01315859251422106
973 -4.765119760519866e-06 -0.013100473683580511
975 -2.396282406466266e-05 -0.013083282540703511
977 -1.903035882761998e-05 -0.013044509087620924
979 -5.092829815208528e-05 -0.01304561777025666
981 3.698318906820534e-05 -0.013073633058891245
983 0.00011930911019689838 -0.01300443048641844
985 0.00013060967912529675 -0.01300642431018236
987 0.00011906628883942887 -0.012952546381184748
989 9.782486877067892e-05 -0.012947373801835025
991 5.64062216168404e-05 -0.012797553358074747
993 1.9333417040708173e-05 -0.012792029583273133
995 3.5095198083751674e-05 -0.012766686387388794
997 -2.0790111733620727e-05 -0.012754554572392277
999 2.5173088197213683e-05 -0.012768614769581018
1001 -2.0725024907729934e-05 -0.012728706999259194
1003 -1.0409705935138828e-05 -0.01272006678188779
1005 -2.6179207774866656e-05 -0.012623812349663801
1007 -4.292201064513487e-06 -0.012621954740160571
1009 4.2404275284390575e-05 -0.012582263922249703
1011 2.8927336904143763e-05 -0.012579755756682881
1013 -1.6975359666234047e-05 -0.012524099008535891
1015 -3.074394415901463e-05 -0.012519506474195596
1017 -1.1643080286456857e-05 -0.012437913288764788
1019 -2.164399756499358e-05 -0.012482626819693868
1021 2.0740260897200275e-05 -0.012457895848443956
1023 4.0123129132522047e-05 -0.012452795036990575
1025 2.360755529068729e-05 -0.012377672949703383
1027 -2.389778594650187e-05 -0.012336087632837622
1029 1.72975575719999e-05 -0.012320856437623179
1031 4.886833408020681e-05 -0.012349953481880512
1033 5.441711679972418e-05 -0.012309500365411598
1035 2.798361553982666e-05 -0.01222634793904337
1037 3.7868974387020163e-05 -0.012152161088941476
1039 5.91903207198879e-05 -0.012155981254907208
1041 -1.5135632474265565e-05 -0.012185475567251275
1043 -3.908521648835347e-05 -0.012152396735497074
1045 5.0378843142407994e-05 -0.01213862640413845
1047 8.452984937485806e-05 -0.012102341077145801
1049 7.12636957995129e-05 -0.012065032457006603
1051 6.000438431980755e-05 -0.012105794324033699
1053 2.8721809038999218e-05 -0.012095956645781265
1055 3.7498413890658304e-05 -0.01203431386306954
1057 -2.871151058672646e-05 -0.011946130787847406
1059 3.35370675650875e-05 -0.011995330533231431
1061 8.848465045881141e-05 -0.011979920994185706
1063 1.0683101549851694e-05 -0.011941613253257155
1065 -4.542158278922286e-05 -0.011973542923472249
1067 -1.4475564140803397e-05 -0.011926052497224997
1069 1.742578271185712e-05 -0.011920700612423644
1071 -5.005466094023988e-06 -0.011897070255632056
1073 1.5017803071365625e-05 -0.011858094813940484
1075 -6.0756118638119334e-05 -0.011874829059989196
1077 3.3222675895849314e-05 -0.011851814378318202
1079 7.958314489833918e-05 -0.011765559643827658
1081 2.493220797306572e-05 -0.011743677417222416
1083 4.180788463872523e-05 -0.01180622635423414
1085 6.124097130175158e-05 -0.01175414597239118
1087 7.922365936218742e-05 -0.011666456149508954
1089 8.77921268140736e-05 -0.011708619578585723
1091 4.7060787786619955e-05 -0.011720073095184164
1093 -4.646686333199336e-06 -0.011680353779868107
1095 -9.141499052919303e-06 -0.01159668676095649
1097 -5.706795157576864e-05 -0.011579540090249472
1099 3.606231993644144e-05 -0.011555987678721584
1101 2.8431371372181843e-05 -0.011569080700038634
1103 -5.2039274037690686e-05 -0.011565143086914175
1105 2.2277966924999036e-05 -0.011556457219922536
1107 -1.6508146059123297e-05 -0.01157108152876814
1109 -1.2329615127859551e-06 -0.011535324385345722
1111 4.008598287035652e-05 -0.011494728883501355
1113 3.7339966679737827e-05 -0.011486524747478973
1115 -3.557652024169477e-05 -0.01142266868493944
1117 -3.15235799837086e-05 -0.011397394706211313
1119 -0.00010737274821086935 -0.011417899919045878
1121 -4.877978726357639e-05 -0.01139956495700654
1123 -5.277936892078061e-05 -0.011338672845650072
1125 -4.594568984201881e-05 -0.011328525895775805
1127 -5.116975631864783e-05 -0.011338189348017572
1129 -4.397842397516931e-05 -0.011315715403067202
1131 4.149261423437159e-05 -0.011292327120064621
1133 0.00013459134331624562 -0.011230763817734472
1135 0.0001515557175648283 -0.011254956765755497
1137 4.9230205935065646e-05 -0.01123349349231275
1139 0.00011759679870513575 -0.011194617606397983
1141 0.00011994422965554258 -0.011224935531034956
1143 6.680968795292281e-05 -0.011206881844111947
1145 2.3955758607168684e-05 -0.011212733648978183
1147 9.06890641512621e-05 -0.011171716145688553
1149 9.91381893538031e-05 -0.011135506157852554
1151 3.768188162633085e-06 -0.01101021153823318
1153 3.2849588397952164e-05 -0.01104579008591169
1155 6.129310175621969e-05 -0.01100005206305034
1157 2.6335838645840647e-05 -0.011051871884984427
1159 9.561701256062942e-05 -0.011046106189137674
1161 0.00012127279567856371 -0.010973914069318904
1163 3.087265229683199e-05 -0.010975370694191348
1165 4.8986384199568544e-05 -0.010928988319015339
1167 2.7817822319315937e-05 -0.010871905230490413
1169 4.244352959064101e-05 -0.010896115040680528
1171 4.748869011402708e-06 -0.010923248079550573
1173 6.791548712387648e-06 -0.010889755699078487
1175 1.7981956622906357e-05 -0.010862982721646847
1177 5.384811073008544e-05 -0.010789504825559123
1179 -3.0016851040151293e-05 -0.010776546781012947
1181 1.7348898952337815e-06 -0.010764555657225876
1183 2.6466934447739734e-05 -0.010790012483854743
1185 3.71822337518041e-05 -0.01072025777043172
1187 -4.84631616522881e-07 -0.010691630356908724
1189 2.0065424975792003e-05 -0.010690170011491298
1191 3.4447852036955236e-05 -0.010709054890262644
1193 0.0001171515475850504 -0.010766247365994415
1195 4.653940206662807e-05 -0.01062211951078043
1197 2.9285734245570697e-05 -0.010682039908840223
1199 7.556979013297213e-05 -0.010701620332518522
1201 9.985824074761315e-05 -0.010688866619338782
1203 2.3928838947445875e-05 -0.01058568790848932
1205 9.090935424395233e-06 -0.01060287843368512
1207 -6.67465176514428e-05 -0.010540330165042244
1209 -0.00011078375886883092 -0.010521751563190452
1211 -9.201014139861156e-05 -0.010483367799065491
1213 -9.03094312233514e-05 -0.010515947868521787
1215 -3.9374163958297344e-05 -0.010459289452135945
1217 -0.00010409327882194593 -0.010456834660866495
1219 -1.3520422014889378e-05 -0.010445706025937139
1221 -6.408187316284354e-05 -0.010439785915305946
1223 5.4283244567750866e-05 -0.010470152180908108
1225 1.010606352468183e-05 -0.010452324236751657
1227 3.947069596078073e-05 -0.010461522763709577
1229 3.228681296391387e-05 -0.0104707686656806
1231 8.044866441833954e-06 -0.010405636235239855
1233 -3.512388691705345e-05 -0.0102898692366926
1235 -1.984785083815035e-05 -0.01035307554098838
1237 2.31878810689817e-05 -0.010306046629089417
1239 2.706535781056222e-06 -0.010287161455258707
1241 -4.280780212070724e-05 -0.010340622528484352
1243 7.369123279903542e-05 -0.010286954155462115
1245 3.7714258962067554e-05 -0.010236929984254229
1247 8.709603582300238e-05 -0.01016748265526374
1249 5.1266556472208516e-05 -0.010242549785000334
1251 9.86614749136611e-05 -0.01019509160314221
1253 4.5731762175409354e-05 -0.010170952398188432
1255 7.80080932472561e-05 -0.01018356775846936
1257 7.16460443799148e-05 -0.010096781063735079
1259 7.971011451225363e-06 -0.010142079033279842
1261 -2.0439067742323414e-06 -0.010142298006118829
1263 3.524941436770543e-05 -0.01013297411439928
1265 3.602483514856268e-05 -0.01007251679948581
1267 -6.069229987564443e-05 -0.009983273543997789
1269 -4.973427524873329e-05 -0.009966402797982788
1271 1.2369931465114136e-07 -0.010010047946392535
1273 6.5907240102868036e-06 -0.009998694750440908
1275 -2.6390028087646978e-05 -0.010007974203765872
1277 -2.4321821510646923e-05 -0.010028427088244266
1279 -7.619588799416004e-05 -0.009995029535995403
1281 -3.963681258716012e-05 -0.009909972299841684
1283 2.3207913812366824e-05 -0.009941508055092254
1285 -6.812065776519887e-06 -0.009931939066839368
1287 -2.1721632625528424e-05 -0.00992221318586909
1289 3.474908199538612e-05 -0.00994823795323277
1291 -5.778768577823798e-06 -0.009918803003979074
1293 -2.1563248736995e-07 -0.00988911647442574
1295 -4.675716623038322e-05 -0.009844135103454665
1297 -3.211291383360935e-05 -0.00987142078745997
1299 -1.0607898758489613e-05 -0.009829912142314408
1301 2.852335897005216e-05 -0.009847091238511985
1303 -4.9575193225423586e-06 -0.0098235069775003
1305 5.6200189222981756e-05 -0.009756416889301095
1307 -1.3780142004820792e-05 -0.009769383890247332
1309 -8.279529690340958e-05 -0.009790179388913625
1311 -0.000102813437212498 -0.009735748854751378
1313 -8.1581599981546e-05 -0.009741056482221774
1315 -4.161192304891117e-05 -0.009743721579073321
1317 -3.634500719196529e-05 -0.009734078480580156
1319 -9.308240732485513e-05 -0.009659819317305043
1321 -6.642573555965343e-05 -0.00958363440303792
1323 2.141592636322237e-05 -0.009574406320739907
1325 -1.1221086617533763e-06 -0.009634944299196277
1327 -1.6052072424184767e-05 -0.009588179936746374
1329 -1.4300502984656606e-06 -0.009596554127395782
1331 -5.417737337203158e-06 -0.009604793806086618
1333 -3.785415080642165e-05 -0.009632397003494395
1335 -1.3362257823252977e-06 -0.009557292383640531
1337 -5.2311566219750205e-06 -0.009559531681374247
1339 -5.622525563115615e-05 -0.009500461726380045
1341 -5.889900643092492e-05 -0.009391930872480752
1343 8.270330217227532e-06 -0.009390452667422857
1345 6.983366250441464e-06 -0.009372178001890741
1347 -1.2597921203615683e-05 -0.009389667966203542
1349 7.757935543493017e-06 -0.00938016821087119
1351 -1.734606876228995e-05 -0.009355660097040213
1353 -7.169112551364982e-05 -0.009345515377311153
1355 1.1473067929105402e-06 -0.009356578469373369
1357 -3.186426491614178e-05 -0.009341859504688792
1359 1.4124817014637967e-05 -0.00931215606083106
1361 1.8036389798181947e-05 -0.009358745415787325
1363 -2.1816209164524143e-05 -0.009362208096313386
1365 4.580816202732609e-06 -0.009346847716508944
1367 4.406680567821138e-06 -0.009287103536834759
1369 5.369558170037067e-05 -0.009314264732730752
1371 -2.8591580798468098e-05 -0.009306562347423317
1373 3.116232877319038e-05 -0.009263565537806955
1375 -1.8974725809600157e-05 -0.009197508148674429
1377 -3.7648086707071627e-06 -0.009236954468554815
1379 2.777118543286215e-05 -0.009221784526381933
1381 1.9876946712228025e-05 -0.009271391583217277
1383 1.3060619306422334e-05 -0.009177177095112172
1385 1.2544452685233822e-06 -0.009157689133060046
1387 -4.5950057509889116e-05 -0.009137425969173338
1389 5.71773719736431e-06 -0.009135334249967382
1391 -1.508361842897448e-05 -0.009225463020923827
1393 3.189271246273307e-05 -0.009178009478844942
1395 5.101457711594193e-05 -0.009170295691114267
1397 0.00010150594623579484 -0.009119016618608037
1399 7.75433757429921e-06 -0.009137541361429698
1401 5.0306774270517095e-05 -0.009162979581255337
1403 7.972074657854814e-05 -0.009099230008886973
1405 7.642589574249381e-05 -0.00906561523027305
1407 7.412923883579054e-05 -0.009037077049216583
1409 1.733071273559156e-05 -0.009103113049973932
1411 -1.7631245588606696e-05 -0.00905902598207629
1413 -8.723010476838238e-05 -0.009007107442555947
1415 -0.00011603012489315834 -0.008965294826219243
1417 -0.00011485196437708328 -0.008984196380550898
1419 -1.8256116859171746e-05 -0.008977642746856727
1421 -3.3483286329057345e-05 -0.009056965232425693
1423 -3.727717973707564e-05 -0.008950051007450764
1425 -1.9427354430450916e-05 -0.008946228892950015
1427 4.153860930486496e-05 -0.009009762215593648
1429 4.3724547271310264e-05 -0.008959228390895926
1431 1.932642773474504e-05 -0.008916938005186743
1433 5.884300507309176e-05 -0.008943257538962298
1435 2.004700179050141e-05 -0.008923381149478157
1437 8.372881726066343e-06 -0.00897379780449048
1439 -2.189878303553107e-05 -0.008923984139418905
1441 3.542352427553567e-05 -0.008859184186580863
1443 -3.624601517008538e-05 -0.008892588642517277
1445 2.6425740509566337e-05 -0.008867145599109361
1447 1.7291577738655725e-05 -0.008790701130077995
1449 -1.6795707407464886e-05 -0.008813105328446234
1451 -6.47383596158973e-05 -0.008753980113173356
1453 -6.935698475721789e-05 -0.008747638041987317
1455 -3.403823689081929e-05 -0.008735506321616297
1457 -4.0558677228457246e-05 -0.008749514089784662
1459 -4.83181305532249e-05 -0.008728323545886062
1461 -7.637197434297085e-05 -0.008702224031527754
1463 -4.1054629929280806e-05 -0.008740582761401765
1465 4.4089955848364846e-05 -0.008756239831289783
1467 3.01361167150876e-05 -0.00875090983627353
1469 1.6255573269924504e-06 -0.008680680620182716
1471 3.9107945896845446e-06 -0.008643085245799821
1473 2.1417091695315368e-05 -0.008744587001903455
1475 -8.457758275420871e-06 -0.008693890351158653
1477 -1.758853728911131e-05 -0.00868082144211686
1479 1.8401324613175474e-05 -0.008652298603014046
1481 3.369775468695189e-05 -0.008681948679382894
1483 2.591616869002306e-05 -0.0086157529305084
1485 -1.304657434861782e-05 -0.008598209574334232
1487 5.061799909517972e-05 -0.008632094702319773
1489 -1.837193574761126e-05 -0.008583388178660462
1491 1.8951508738165766e-05 -0.008560536966019822
1493 3.395767081589019e-05 -0.00860787445670505
1495 3.54866843409312e-05 -0.008515254386048693
1497 4.1808614880012436e-06 -0.008471428613365913
1499 1.959567093076125e-05 -0.00849102645894247
1501 -3.184191843295643e-05 -0.008474685900093341
1503 6.310351378559719e-05 -0.008478935123370984
1505 -1.1581112138948334e-05 -0.00845012647116804
1507 -2.8540343466951913e-05 -0.0084760916616327
1509 -1.837116795402542e-06 -0.008413688635162692
1511 -1.0795258536553617e-05 -0.008419206042653787
1513 3.7879339636937736e-05 -0.008368466797145807
1515 1.845623233655615e-06 -0.008324928502348351
1517 2.6187298975806614e-05 -0.008403492510650217
1519 2.792419452020448e-05 -0.00834262525338543
1521 -1.0981551872928912e-05 -0.00836273825640979
1523 -8.532847431715979e-06 -0.008346823048585104
1525 2.6248688836051675e-05 -0.008292677620066757
1527 -7.300221347318578e-06 -0.008283822916515447
1529 2.2019071909365256e-05 -0.008353967832772528
1531 -9.577106419764944e-06 -0.008283250536989636
1533 -1.0195838178289221e-06 -0.008256134735986053
1535 1.5869748384065138e-06 -0.008215526620094612
1537 -5.065435630493965e-05 -0.008252297339050588
1539 -4.91398896614077e-05 -0.008309918168258835
1541 1.1870659342638955e-05 -0.008325174521352723
1543 -2.6076010233519584e-05 -0.00829272099650008
1545 1.8423934456058847e-05 -0.008308126314967246
1547 2.3820337481301726e-05 -0.008222948865601643
1549 1.6072487102878494e-05 -0.008249540670578544
1551 5.047940564227468e-05 -0.008217321766769484
1553 0.00010416616475110762 -0.008160971855932526
1555 8.758529629093059e-05 -0.008175455657855133
1557 3.590585360989826e-05 -0.008116922860324787
1559 -3.329900833391277e-05 -0.008127992884817112
1561 -0.00010023487507735245 -0.008140466698380037
1563 -6.321997231721565e-05 -0.008267826564051896
1565 -6.835558818467785e-05 -0.008178115108847578
1567 -3.806280313913513e-05 -0.008122022369472907
1569 -7.180133525540644e-05 -0.008156192767720815
1571 -4.7072150019334926e-05 -0.008153970067090677
1573 3.9593864930108647e-05 -0.008218548619867023
1575 2.2635914884686763e-05 -0.00822199599301153
1577 1.9342121856067887e-06 -0.008148781728707534
1579 -4.58909902486899e-05 -0.008044533822461708
1581 3.056613879937235e-05 -0.008084983184119713
1583 -1.8775579523222954e-05 -0.008040138260753482
1585 -2.9329368189817278e-05 -0.008022891195839736
1587 4.1015244908669096e-07 -0.008007180117786214
1589 -1.3670476574746524e-05 -0.00807865044613542
1591 -4.387770762615952e-05 -0.007994918889276392
1593 -8.421802976312758e-05 -0.008023144969017168
1595 -4.163943097833189e-05 -0.00800948803228488
1597 -3.8531511818019e-05 -0.00797564674403515
1599 8.153722065958266e-05 -0.007919248890047394
1601 -2.2382756903187845e-05 -0.00791424799395636
1603 -3.549733501976966e-05 -0.00795285303506616
1605 -2.222618724989098e-05 -0.007873267443514572
1607 4.110169055946672e-05 -0.007873962267420632
1609 -1.0830649227768727e-05 -0.007850124127030622
1611 -1.2644819065934171e-05 -0.007831665939018413
1613 -3.233111188074431e-05 -0.007887848488700739
1615 2.2708745754436293e-05 -0.007840961090618225
1617 -2.7726282716362177e-05 -0.007819841839069953
1619 -1.915691100721324e-05 -0.007898412958816152
1621 8.055582772585035e-06 -0.007776910989906592
1623 -1.6291343385240283e-05 -0.00774712574145604
1625 -7.656108961372321e-05 -0.007824618152436966
1627 -5.054160069043834e-05 -0.007757286179963789
1629 -7.588086850594444e-06 -0.007749629662958495
1631 3.3000303609146954e-06 -0.007743533566142775
1633 1.1687822708555394e-05 -0.00771386364354338
1635 -1.7394919737642427e-06 -0.007694732031923358
1637 -9.096991598224673e-06 -0.007676684878674199
1639 0.0 -0.0077683925853274105
1641 0.0 -0.0077589247089284745
1643 0.0 -0.007749479882745968
1645 0.0 -0.007740058022706157
1647 0.0 -0.007730659045143672
1649 0.0 -0.007721282866799047
1651 0.0 -0.00771192940481625
1653 0.0 -0.007702598576740248
1655 0.0 -0.007693290300514579
1657 0.0 -0.007684004494478955
1659 0.0 -0.007674741077366864
1661 0.0 -0.007665499968303207
1663 0.0 -0.007656281086801941
1665 0.0 -0.00764708435276374
1667 0.0 -0.007637909686473683
1669 0.0 -0.007628757008598937
1671 0.0 -0.007619626240186491
1673 0.0 -0.007610517302660865
1675 0.0 -0.007601430117821866
1677 0.0 -0.007592364607842353
1679 0.0 -0.007583320695266007
1681 0.0 -0.007574298303005132
1683 0.0 -0.00756529735433846
1685 0.0 -0.007556317772908978
1687 0.0 -0.007547359482721771
1689 0.0 -0.0075384224081418766
1691 0.0 -0.007529506473892151
1693 0.0 -0.007520611605051168
1695 0.0 -0.007511737727051108
1697 0.0 -0.007502884765675679
1699 0.0 -0.00749405264705805
1701 0.0 -0.007485241297678793
1703 0.0 -0.007476450644363845
1705 0.0 -0.007467680614282478
1707 0.0 -0.0074589311349453
1709 0.0 -0.007450202134202239
1711 0.0 -0.0074414935402405775
1713 0.0 -0.0074328052815829685
1715 0.0 -0.007424137287085496
1717 0.0 -0.007415489485935718
1719 0.0 -0.007406861807650743
1721 0.0 -0.007398254182075321
1723 0.0 -0.007389666539379935
1725 0.0 -0.007381098810058916
1727 0.0 -0.007372550924928562
1729 0.0 -0.007364022815125291
1731 0.0 -0.007355514412103772
1733 0.0 -0.0073470256476351
1735 0.0 -0.007338556453804972
1737 0.0 -0.007330106763011875
1739 0.0 -0.007321676507965284
1741 0.0 -0.007313265621683875
1743 0.0 -0.007304874037493762
1745 0.0 -0.007296501689026721
1747 0.0 -0.007288148510218448
1749 0.0 -0.007279814435306818
1751 0.0 -0.007271499398830169
1753 0.0 -0.007263203335625572
1755 0.0 -0.007254926180827138
1757 0.0 -0.00724666786986433
1759 0.0 -0.007238428338460278
1761 0.0 -0.007230207522630113
1763 0.0 -0.007222005358679312
1765 0.0 -0.007213821783202055
1767 0.0 -0.007205656733079586
1769 0.0 -0.007197510145478592
1771 0.0 -0.007189381957849591
1773 0.0 -0.0071812721079253395
1775 0.0 -0.007173180533719227
1777 0.0 -0.007165107173523707
1779 0.0 -0.007157051965908727
1781 0.0 -0.007149014849720172
1783 0.0 -0.00714099576407831
1785 0.0 -0.007132994648376261
1787 0.0 -0.0071250114422784705
1789 0.0 -0.007117046085719188
1791 0.0 -0.007109098518900964
1793 0.0 -0.007101168682293156
1795 0.0 -0.007093256516630434
1797 0.0 -0.007085361962911312
1799 0.0 -0.007077484962396681
1801 0.0 -0.0070696254566083435
1803 0.0 -0.007061783387327581
1805 0.0 -0.0070539586965937
1807 0.0 -0.007046151326702616
1809 0.0 -0.007038361220205432
1811 0.0 -0.007030588319907028
1813 0.0 -0.00702283256886466
1815 0.0 -0.007015093910386571
1817 0.0 -0.0070073722880306145
1819 0.0 -0.0069996676456028735
1821 0.0 -0.006991979927156303
1823 0.0 -0.0069843090769893725
1825 0.0 -0.006976655039644727
1827 0.0 -0.006969017759907842
1829 0.0 -0.006961397182805701
1831 0.0 -0.006953793253605477
1833 0.0 -0.006946205917813218
1835 0.0 -0.00693863512117255
1837 0.0 -0.006931080809663379
1839 0.0 -0.006923542929500613
1841 0.0 -0.006916021427132878
1843 0.0 -0.006908516249241253
1845 0.0 -0.0069010273427380095
1847 0.0 -0.006893554654765364
1849 0.0 -0.006886098132694228
1851 0.0 -0.006878657724122975
1853 0.0 -0.006871233376876215
1855 0.0 -0.0068638250390035726
1857 0.0 -0.0068564326587784745
1859 0.0 -0.006849056184696948
1861 0.0 -0.0068416955654764244
1863 0.0 -0.00683435075005455
1865 0.0 -0.006827021687588004
1867 0.0 -0.006819708327451327
1869 0.0 -0.006812410619235756
1871 0.0 -0.006805128512748065
1873 0.0 -0.006797861958009411
1875 0.0 -0.006790610905254201
1877 0.0 -0.006783375304928944
1879 0.0 -0.006776155107691128
1881 0.0 -0.006768950264408095
1883 0.0 -0.006761760726155936
1885 0.0 -0.00675458644421837
1887 0.0 -0.006747427370085653
1889 0.0 -0.006740283455453481
1891 0.0 -0.0067331546522219074
1893 0.0 -0.006726040912494256
1895 0.0 -0.006718942188576056
1897 0.0 -0.006711858432973973
1899 0.0 -0.006704789598394748
1901 0.0 -0.006697735637744149
1903 0.0 -0.006690696504125921
1905 0.0 -0.0066836721508407495
1907 0.0 -0.006676662531385227
1909 0.0 -0.006669667599450827
1911 0.0 -0.006662687308922882
1913 0.0 -0.0066557216138795755
1915 0.0 -0.006648770468590929
1917 0.0 -0.006641833827517802
1919 0.0 -0.006634911645310905
1921 0.0 -0.006628003876809801
1923 0.0 -0.006621110477041928
1925 0.0 -0.006614231401221624
1927 0.0 -0.006607366604749158
1929 0.0 -0.00660051604320976
1931 0.0 -0.0065936796723726696
1933 0.0 -0.006586857448190184
1935 0.0 -0.006580049326796706
1937 0.0 -0.00657325526450781
1939 0.0 -0.006566475217819302
1941 0.0 -0.0065597091434063
1943 0.0 -0.0065529569981223
1945 0.0 -0.006546218738998267
1947 0.0 -0.006539494323241719
1949 0.0 -0.006532783708235827
1951 0.0 -0.006526086851538508
1953 0.0 -0.006519403710881529
1955 0.0 -0.00651273424416963
1957 0.0 -0.006506078409479626
1959 0.0 -0.0064994361650595345
1961 0.0 -0.006492807469327703
1963 0.0 -0.006486192280871945
1965 0.0 -0.006479590558448665
1967 0.0 -0.0064730022609820175
1969 0.0 -0.00646642734756304
1971 0.0 -0.006459865777448821
1973 0.0 -0.006453317510061646
1975 0.0 -0.006446782504988166
1977 0.0 -0.006440260721978568
1979 0.0 -0.006433752120945745
1981 0.0 -0.006427256661964477
1983 0.0 -0.006420774305270614
1985 0.0 -0.006414305011260266
1987 0.0 -0.006407848740488993
1989 0.0 -0.006401405453671005
1991 0.0 -0.006394975111678366
1993 0.0 -0.006388557675540204
1995 0.0 -0.006382153106441918
1997 0.0 -0.006375761365724399
1999 0.0 -0.006369382414883255
2001 0.0 -0.0063630162155680296
2003 0.0 -0.006356662729581442
2005 0.0 -0.006350321918878616
2007 0.0 -0.006343993745566331
2009 0.0 -0.006337678171902253
2011 0.0 -0.006331375160294196
2013 0.0 -0.0063250846732993676
2015 0.0 -0.006318806673623637
2017 0.0 -0.006312541124120788
2019 0.0 -0.006306287987791792
2021 0.0 -0.006300047227784081
2023 0.0 -0.00629381880739082
2025 0.0 -0.006287602690050187
2027 0.0 -0.00628139883934466
2029 0.0 -0.006275207219000309
2031 0.0 -0.00626902779288608
2033 0.0 -0.006262860525013098
2035 0.0 -0.006256705379533969
2037 0.0 -0.006250562320742085
2039 0.0 -0.00624443131307093
2041 0.0 -0.006238312321093398
2043 0.0 -0.0062322053095211095
2045 0.0 -0.00622611024320373
2047 0.0 -0.006220027087128299
2049 0.0 -0.006213955806418559
