-2049 0.0 0.006213955806418559
-2047 0.0 0.006220027087128299
-2045 0.0 0.00622611024320373
-2043 0.0 0.0062322053095211095
-2041 0.0 0.006238312321093398
-2039 0.0 0.00624443131307093
-2037 0.0 0.006250562320742085
-2035 0.0 0.006256705379533969
-2033 0.0 0.006262860525013098
-2031 0.0 0.00626902779288608
-2029 0.0 0.006275207219000309
-2027 0.0 0.00628139883934466
-2025 0.0 0.006287602690050187
-2023 0.0 0.00629381880739082
-2021 0.0 0.006300047227784081
-2019 0.0 0.006306287987791792
-2017 0.0 0.006312541124120788
-2015 0.0 0.006318806673623637
-2013 0.0 0.0063250846732993676
-2011 0.0 0.006331375160294196
-2009 0.0 0.006337678171902253
-2007 0.0 0.006343993745566331
-2005 0.0 0.006350321918878616
-2003 0.0 0.006356662729581442
-2001 0.0 0.0063630162155680296
-1999 0.0 0.006369382414883255
-1997 0.0 0.006375761365724399
-1995 0.0 0.006382153106441918
-1993 0.0 0.006388557675540204
-1991 0.0 0.006394975111678366
-1989 0.0 0.006401405453671005
-1987 0.0 0.006407848740488993
-1985 0.0 0.006414305011260266
-1983 0.0 0.006420774305270614
-1981 0.0 0.006427256661964477
-1979 0.0 0.006433752120945745
-1977 0.0 0.006440260721978568
-1975 0.0 0.006446782504988166
-1973 0.0 0.006453317510061646
-1971 0.0 0.006459865777448821
-1969 0.0 0.00646642734756304
-1967 0.0 0.0064730022609820175
-1965 0.0 0.006479590558448665
-1963 0.0 0.006486192280871945
-1961 0.0 0.006492807469327703
-1959 0.0 0.0064994361650595345
-1957 0.0 0.006506078409479626
-1955 0.0 0.00651273424416963
-1953 0.0 0.006519403710881529
-1951 0.0 0.006526086851538508
-1949 0.0 0.006532783708235827
-1947 0.0 0.006539494323241719
-1945 0.0 0.006546218738998267
-1943 0.0 0.0065529569981223
-1941 0.0 0.0065597091434063
-1939 0.0 0.006566475217819302
-1937 0.0 0.00657325526450781
-1935 0.0 0.006580049326796706
-1933 0.0 0.006586857448190184
-1931 0.0 0.0065936796723726696
-1929 0.0 0.00660051604320976
-1927 0.0 0.006607366604749158
-1925 0.0 0.006614231401221624
-1923 0.0 0.006621110477041928
-1921 0.0 0.006628003876809801
-1919 0.0 0.006634911645310905
-1917 0.0 0.006641833827517802
-1915 0.0 0.006648770468590929
-1913 0.0 0.0066557216138795755
-1911 0.0 0.006662687308922882
-1909 0.0 0.006669667599450827
-1907 0.0 0.006676662531385227
-1905 0.0 0.0066836721508407495
-1903 0.0 0.006690696504125921
-1901 0.0 0.006697735637744149
-1899 0.0 0.006704789598394748
-1897 0.0 0.006711858432973973
-1895 0.0 0.006718942188576056
-1893 0.0 0.006726040912494256
-1891 0.0 0.0067331546522219074
-1889 0.0 0.006740283455453481
-1887 0.0 0.006747427370085653
-1885 0.0 0.00675458644421837
-1883 0.0 0.006761760726155936
-1881 0.0 0.006768950264408095
-1879 0.0 0.006776155107691128
-1877 0.0 0.006783375304928944
-1875 0.0 0.006790610905254201
-1873 0.0 0.006797861958009411
-1871 0.0 0.006805128512748065
-1869 0.0 0.006812410619235756
-1867 0.0 0.006819708327451327
-1865 0.0 0.006827021687588004
-1863 0.0 0.00683435075005455
-1861 0.0 0.0068416955654764244
-1859 0.0 0.006849056184696948
-1857 0.0 0.0068564326587784745
-1855 0.0 0.0068638250390035726
-1853 0.0 0.006871233376876215
-1851 0.0 0.006878657724122975
-1849 0.0 0.006886098132694228
-1847 0.0 0.006893554654765364
-1845 0.0 0.0069010273427380095
-1843 0.0 0.006908516249241253
-1841 0.0 0.006916021427132878
-1839 0.0 0.006923542929500613
-1837 0.0 0.006931080809663379
-1835 0.0 0.00693863512117255
-1833 0.0 0.006946205917813218
-1831 0.0 0.006953793253605477
-1829 0.0 0.006961397182805701
-1827 0.0 0.006969017759907842
-1825 0.0 0.006976655039644727
-1823 0.0 0.0069843090769893725
-1821 0.0 0.006991979927156303
-1819 0.0 0.0069996676456028735
-1817 0.0 0.0070073722880306145
-1815 0.0 0.007015093910386571
-1813 0.0 0.00702283256886466
-1811 0.0 0.007030588319907028
-1809 0.0 0.007038361220205432
-1807 0.0 0.007046151326702616
-1805 0.0 0.0070539586965937
-1803 0.0 0.007061783387327581
-1801 0.0 0.0070696254566083435
-1799 0.0 0.007077484962396681
-1797 0.0 0.007085361962911312
-1795 0.0 0.007093256516630434
-1793 0.0 0.007101168682293156
-1791 0.0 0.007109098518900964
-1789 0.0 0.007117046085719188
-1787 0.0 0.0071250114422784705
-1785 0.0 0.007132994648376261
-1783 0.0 0.00714099576407831
-1781 0.0 0.007149014849720172
-1779 0.0 0.007157051965908727
-1777 0.0 0.007165107173523707
-1775 0.0 0.007173180533719227
-1773 0.0 0.0071812721079253395
-1771 0.0 0.007189381957849591
-1769 0.0 0.007197510145478592
-1767 0.0 0.007205656733079586
-1765 0.0 0.007213821783202055
-1763 0.0 0.007222005358679312
-1761 0.0 0.007230207522630113
-1759 0.0 0.007238428338460278
-1757 0.0 0.00724666786986433
-1755 0.0 0.007254926180827138
-1753 0.0 0.007263203335625572
-1751 0.0 0.007271499398830169
-1749 0.0 0.007279814435306818
-1747 0.0 0.007288148510218448
-1745 0.0 0.007296501689026721
-1743 0.0 0.007304874037493762
-1741 0.0 0.007313265621683875
-1739 0.0 0.007321676507965284
-1737 0.0 0.007330106763011875
-1735 0.0 0.007338556453804972
-1733 0.0 0.0073470256476351
-1731 0.0 0.007355514412103772
-1729 0.0 0.007364022815125291
-1727 0.0 0.007372550924928562
-1725 0.0 0.007381098810058916
-1723 0.0 0.007389666539379935
-1721 0.0 0.007398254182075321
-1719 0.0 0.007406861807650743
-1717 0.0 0.007415489485935718
-1715 0.0 0.007424137287085496
-1713 0.0 0.0074328052815829685
-1711 0.0 0.0074414935402405775
-1709 0.0 0.007450202134202239
-1707 0.0 0.0074589311349453
-1705 0.0 0.007467680614282478
-1703 0.0 0.007476450644363845
-1701 0.0 0.007485241297678793
-1699 0.0 0.00749405264705805
-1697 0.0 0.007502884765675679
-1695 0.0 0.007511737727051108
-1693 0.0 0.007520611605051168
-1691 0.0 0.007529506473892151
-1689 0.0 0.0075384224081418766
-1687 0.0 0.007547359482721771
-1685 0.0 0.007556317772908978
-1683 0.0 0.00756529735433846
-1681 0.0 0.007574298303005132
-1679 0.0 0.007583320695266007
-1677 0.0 0.007592364607842353
-1675 0.0 0.007601430117821866
-1673 0.0 0.007610517302660865
-1671 0.0 0.007619626240186491
-1669 0.0 0.007628757008598937
-1667 0.0 0.007637909686473683
-1665 0.0 0.00764708435276374
-1663 0.0 0.007656281086801941
-1661 0.0 0.007665499968303207
-1659 0.0 0.007674741077366864
-1657 0.0 0.007684004494478955
-1655 0.0 0.007693290300514579
-1653 0.0 0.007702598576740248
-1651 0.0 0.00771192940481625
-1649 0.0 0.007721282866799047
-1647 0.0 0.007730659045143672
-1645 0.0 0.007740058022706157
-1643 0.0 0.007749479882745968
-1641 0.0 0.0077589247089284745
-1639 0.0 0.0077683925853274105
-1637 4.412353938012665e-05 0.007824137107665104
-1635 5.6665939179610215e-06 0.007794707754445951
-1633 2.235103226975483e-05 0.0077992397503699245
-1631 5.383440487052648e-06 0.0078036325559153385
-1629 -6.23690069452676e-05 0.00783527760401389
-1627 -5.7107532335219986e-05 0.007794446924735169
-1625 -8.118365530303357e-05 0.007754949049768549
-1623 -7.6237410521134565e-06 0.007836245908004894
-1621 -8.123358872744096e-06 0.00790551028184615
-1619 4.087024610370099e-05 0.007907640270667189
-1617 2.6178498678233245e-05 0.007916263013380555
-1615 2.1799084318575318e-05 0.00789855681441093
-1613 3.553636974487425e-05 0.007925326535196293
-1611 5.719919335623095e-05 0.007874708705735771
-1609 9.749848496872336e-05 0.007957895796857099
-1607 6.490043614746223e-05 0.007948450424200877
-1605 1.8401890632794214e-06 0.007958298903854516
-1603 -1.4035926629132885e-05 0.007987602927738549
-1601 2.0229584635053902e-05 0.007960926560675359
-1599 8.095922113057514e-05 0.007977653002919636
-1597 9.326296235901885e-05 0.007958234960286137
-1595 2.6865663156459838e-05 0.0079435057950548
-1593 6.463144929452376e-05 0.007984307957047961
-1591 3.6237346473329606e-05 0.00802682346836218
-1589 -1.927750144334755e-06 0.00804646910162929
-1587 -2.326923219082458e-05 0.008020366037010443
-1585 -9.326633668511983e-05 0.008036849865619899
-1583 -0.0001364848934224671 0.008050376771509127
-1581 -7.166420298256841e-05 0.0080079215853018
-1579 -4.7654630870952675e-05 0.007997688733286292
-1577 -5.168772155129072e-05 0.007991362477140563
-1575 -1.1555105750926022e-05 0.008050618202106024
-1573 1.7583674101106082e-05 0.008034844840468491
-1571 6.896976604616102e-05 0.00811949124677389
-1569 4.768526063578134e-05 0.008190440608427602
-1567 0.00012406689853375292 0.00814411617558183
-1565 8.839036807395386e-05 0.008155071704772915
-1563 4.205926359338156e-05 0.008182578995998125
-1561 1.960270102255586e-05 0.00824811084722501
-1559 5.322452564555666e-06 0.008185106076343202
-1557 -4.851990818675826e-05 0.008203329244632794
-1555 -3.525503453040029e-05 0.008138765596982832
-1553 4.087633984538024e-05 0.008166628903370748
-1551 9.815967822510251e-06 0.008166596637833165
-1549 -1.5032170128537317e-05 0.008188521036815263
-1547 6.337691398827479e-05 0.008203638497178041
-1545 -1.175354559161713e-05 0.008185703134013128
-1543 -2.0053400253886373e-05 0.008178779768794836
-1541 -4.134205105800282e-06 0.00822130088109327
-1539 -3.189543999480053e-05 0.008266406686841156
-1537 -3.859994966468916e-05 0.008273140844129688
-1535 -3.109752986140839e-05 0.00828799390901755
-1533 -5.221132882420755e-05 0.00832129507742439
-1531 -4.5134844408450116e-05 0.008345233520745664
-1529 -2.8573795391251275e-05 0.008371304983452796
-1527 1.6770233184838054e-05 0.008317975393509319
-1525 -5.2921454234885664e-05 0.008308994779648075
-1523 -6.970406164772556e-05 0.008381537810817853
-1521 -3.288264928051953e-05 0.008390385320258912
-1519 -2.370418232628517e-05 0.008345014376486395
-1517 -3.817486256066602e-05 0.008377217204427946
-1515 1.888453046628263e-06 0.008390027083620834
-1513 -7.403737405725635e-06 0.008400793762744276
-1511 1.9011030800245565e-05 0.008406133844903723
-1509 5.642023306636528e-05 0.008418787341605767
-1507 5.586354829389039e-05 0.008407454922306254
-1505 -3.7451627901174364e-05 0.008391453985177266
-1503 -0.00012570495499353317 0.008398013723854663
-1501 -6.271787991289456e-05 0.0084721387904084
-1499 -1.3662027388430525e-05 0.00849364988451604
-1497 -2.021741024035348e-05 0.008476315925927168
-1495 -1.8792593006845992e-05 0.008470952572893917
-1493 4.636596257118469e-06 0.008516036506613412
-1491 8.754715306662373e-06 0.008586352659629454
-1489 -3.617364033790513e-05 0.008586600181582882
-1487 -4.507799391957064e-05 0.008558027234988067
-1485 -2.4219354502129183e-05 0.00857364514524822
-1483 -2.5198193469074174e-05 0.008537655339473819
-1481 -2.4435027134184906e-06 0.008608779081397679
-1479 -3.774713821750838e-05 0.008630410693416508
-1477 -3.422447441711366e-05 0.008610129938767377
-1475 -2.4549493445811106e-07 0.008619449094871064
-1473 1.6012446896142158e-05 0.00863871239263064
-1471 -3.31539343971698e-05 0.008683026223035852
-1469 -6.840549991186037e-05 0.00863993720981736
-1467 -5.661784467876303e-05 0.008677157800892303
-1465 -5.771802611160552e-05 0.008625368424885649
-1463 -8.522903104360416e-05 0.008679270890186669
-1461 -2.9246240823384347e-05 0.00872326111106489
-1459 -5.5428206682747724e-05 0.00876930174603216
-1457 -2.5948882643317677e-05 0.008727903740331848
-1455 -4.652355560987211e-05 0.008756014728689625
-1453 2.9586199903881623e-05 0.00879541997584152
-1451 3.394210798969715e-05 0.008774218756517066
-1449 3.14755693892035e-06 0.008750445347553091
-1447 -4.117520769690052e-05 0.008824325633403799
-1445 -5.414358028780772e-07 0.008838715869852107
-1443 9.157616352272293e-06 0.008847363553827352
-1441 3.346424089290907e-05 0.008799852799348284
-1439 -2.7975390690569878e-05 0.008788658217030792
-1437 -5.434964281517843e-05 0.008851006914868377
-1435 -2.8993546335936837e-05 0.008878772397511963
-1433 -1.8025190813983095e-05 0.008850592212260918
-1431 2.281026796373164e-06 0.00884782328807482
-1429 7.109517420391302e-05 0.008877381624145446
-1427 5.259238010865418e-05 0.008855082240340649
-1425 3.676862300332433e-05 0.008855706533614031
-1423 -1.6423996273410986e-05 0.00885346832464318
-1421 -3.8150034595014156e-05 0.008937070689477864
-1419 -3.43249351745444e-05 0.008970116689911592
-1417 -2.8359029931497917e-05 0.008981317739767255
-1415 -2.2755007069371413e-05 0.00902139298569844
-1413 -5.664658049071515e-05 0.008983695203696825
-1411 1.9452306573037724e-06 0.008966397775766227
-1409 1.1574472592511713e-06 0.008982849122972217
-1407 2.7233492134019153e-05 0.008979903490508876
-1405 -1.829225054549585e-05 0.009055653985415782
-1403 -0.00010767248683087805 0.009144630665539137
-1401 -5.9865094415326465e-05 0.009112164601263342
-1399 -1.8381824431868516e-05 0.009089559359233466
-1397 6.06461715687394e-05 0.009129543328523244
-1395 2.2990895794892984e-05 0.009103709287993521
-1393 1.887876228754331e-06 0.009073225333820172
-1391 -4.6749596307184114e-06 0.009114989103823598
-1389 -7.696883872218045e-05 0.009131148529660115
-1387 -5.240476356604921e-05 0.009136031994742182
-1385 -6.281917415731132e-05 0.009197198204408041
-1383 -7.563543017514876e-05 0.009211542215696726
-1381 6.960725303686043e-08 0.009258682002719919
-1379 4.3783720615195036e-05 0.009234976426810886
-1377 5.1194170677397845e-05 0.009278313330128345
-1375 5.7796128629804894e-05 0.009239409451674474
-1373 2.663342845443734e-05 0.009257669866772364
-1371 5.3530536265865655e-05 0.009297497645387436
-1369 6.957888096209497e-05 0.009293051831144582
-1367 4.642035148819523e-05 0.009324250747782115
-1365 3.523448535847974e-05 0.009319055738263686
-1363 -4.597878416272426e-06 0.009360089611583286
-1361 1.3763327602856027e-05 0.009368209137712042
-1359 7.83684530038742e-06 0.009352687542696955
-1357 6.663442797276445e-05 0.00941270215026343
-1355 -1.3049618256464275e-05 0.0093848164115549
-1353 -5.484430699213056e-05 0.00934378719161019
-1351 -8.371559283364045e-06 0.009344763920600256
-1349 -7.151269651996161e-06 0.009349474330081231
-1347 5.847608434635358e-05 0.009408392186743567
-1345 3.3472766342445315e-06 0.009436418822763972
-1343 8.815755808917533e-06 0.00951311752537123
-1341 -2.6928071018496785e-05 0.009550790654507434
-1339 -4.1400880586584936e-05 0.009568668924689881
-1337 1.5356949996969542e-05 0.009583162577275994
-1335 5.04045234317547e-05 0.009508026143452197
-1333 7.398081081686752e-05 0.009563331721804026
-1331 3.418455623718312e-05 0.009577917830015664
-1329 -1.0607771539920348e-05 0.009600457125581269
-1327 -1.2922378607770734e-05 0.009612253446669602
-1325 -7.262944483036934e-05 0.009650722754599307
-1323 -4.015612480665776e-05 0.009712611681649799
-1321 -6.62552978521596e-06 0.00967554673831919
-1319 -6.61297429066362e-05 0.009600883160571083
-1317 8.389112242172786e-06 0.009664890963269765
-1315 1.943992403232028e-05 0.009667729811893415
-1313 8.489243492645432e-06 0.009667962154369766
-1311 -3.921080575910836e-05 0.009711996467812052
-1309 -5.322693097554646e-06 0.009688174888568978
-1307 -3.113423256863859e-05 0.009693039067189482
-1305 2.6250379430062024e-06 0.009665456182099338
-1303 1.1896605368752586e-05 0.009710194348870688
-1301 -3.304031574770391e-05 0.009762396344317891
-1299 4.3903634628293005e-06 0.009800960889949754
-1297 3.461666267064402e-05 0.009818946750037865
-1295 -1.013107347016062e-05 0.009808490828908103
-1293 -4.418379979763437e-05 0.00982462238921077
-1291 -2.081078471656477e-05 0.009835398097701448
-1289 4.514336564516133e-05 0.009884147115564876
-1287 1.294755448869079e-05 0.009897366401422423
-1285 1.7462584073519628e-05 0.009883149958665457
-1283 2.0522880652162645e-05 0.009910866348455883
-1281 2.462784222420158e-06 0.009940497712457343
-1279 -2.3286371811122703e-05 0.009975259725741334
-1277 -5.20858008868459e-05 0.00996559534531836
-1275 -2.0586714532892837e-06 0.010008372562513317
-1273 -1.2717586340146123e-05 0.009997730079496954
-1271 -3.7800904990787635e-05 0.010013634450334766
-1269 -1.9537473583185078e-05 0.010003360153857018
-1267 -1.4553228926668859e-05 0.010024069920931798
-1265 -6.711233376657425e-05 0.01007996313269314
-1263 -5.744561495994947e-05 0.010135757675232287
-1261 -2.8205158037572536e-05 0.010181549568801922
-1259 -1.1331586631059292e-06 0.010223006195383808
-1257 1.3704730666059845e-05 0.01020407709863433
-1255 2.1809930979017646e-05 0.010215077092688958
-1253 -3.691714336654077e-05 0.01018374531626051
-1251 -5.611768190896332e-06 0.010179801296997226
-1249 -2.8694943856476436e-06 0.010159228762940741
-1247 3.529777147739188e-05 0.01017908380195305
-1245 3.8939128075152725e-05 0.01028384168903617
-1243 3.568116203126615e-05 0.01029817017888226
-1241 2.1551918371223616e-05 0.010269447685450905
-1239 8.62845603951162e-06 0.01031237503719867
-1237 5.6853623738693256e-05 0.010301610302605494
-1235 5.896782181851501e-06 0.010342958468705483
-1233 -2.8020558121126585e-05 0.010403847891812323
-1231 2.353521070846764e-05 0.010361572490949563
-1229 7.215285713717494e-06 0.010353508442512314
-1227 1.801003912242597e-05 0.010398569714937399
-1225 -3.455180013769041e-08 0.010388314794937709
-1223 -7.375603155831479e-05 0.010443147775668885
-1221 -2.2756748661381445e-05 0.010422480022207282
-1219 -2.4384501098348676e-06 0.010438312238568432
-1217 -5.597739203842082e-05 0.01048733597728199
-1215 -5.8003986080532854e-05 0.01046901973285193
-1213 -3.312288546526341e-05 0.010462164914988125
-1211 7.639180329671267e-06 0.010457062226630806
-1209 -8.815401269740047e-06 0.010506691587808202
-1207 -6.811597180518847e-05 0.010532494269798522
-1205 -8.197912426430719e-05 0.010567139303683325
-1203 -3.476771262005425e-05 0.0105237706897664
-1201 -2.176185005071327e-05 0.010550663401956832
-1199 7.11635194206158e-05 0.010651168150197426
-1197 0.00011513595157847678 0.010703304635547877
-1195 3.071948461256282e-05 0.010654745238448183
-1193 -2.926236279708383e-05 0.010661708450118084
-1191 -6.793661702335194e-05 0.010668372088016692
-1189 -2.0412637884642213e-05 0.010777704594703919
-1187 -2.568939574453254e-06 0.010807941423873705
-1185 1.3396325987089609e-05 0.010831033728104008
-1183 6.508813688241308e-05 0.010820562478867585
-1181 3.064623430934991e-05 0.010782850759836851
-1179 7.72457372970007e-05 0.010807021312815865
-1177 3.109222500568738e-05 0.010831516786254635
-1175 3.0443172035665037e-06 0.010848966863538145
-1173 1.3201936148550471e-06 0.010877439563215071
-1171 -3.2915496725843108e-06 0.01094008001562824
-1169 2.7415200404088694e-05 0.0109391292339594
-1167 -2.787748449768471e-06 0.010883140560627365
-1165 -5.396431334975001e-06 0.010869697043842868
-1163 -3.327436905386001e-05 0.01093339259629764
-1161 -5.389384552412392e-05 0.010983593890083456
-1159 -4.4058951480486065e-05 0.011030992994749396
-1157 1.9967458799927995e-05 0.011071413429152086
-1155 4.3321993397418976e-06 0.01107446572454047
-1153 1.1493350951143826e-06 0.011061094784668438
-1151 -1.4739652076844475e-05 0.010999062554987643
-1149 -4.0098370008556395e-05 0.011056413171770398
-1147 -3.938618205478043e-05 0.011057183636178797
-1145 -3.2816402707621446e-05 0.011086642730105236
-1143 9.939386626316582e-06 0.011066198025038382
-1141 4.982781925628145e-05 0.01113121116218348
-1139 2.5523319350616233e-05 0.011177332439695918
-1137 4.201365478021604e-06 0.01124931857733359
-1135 4.3438259562265487e-07 0.011260535519810433
-1133 1.1534486334934247e-05 0.011246378752125936
-1131 -3.828565248689356e-05 0.01123434580765443
-1129 -3.2777777520640805e-06 0.0112603567111798
-1127 -2.519421045058e-05 0.011269838309482872
-1125 5.122146922003207e-05 0.011299580172966433
-1123 4.599601095800678e-05 0.011301515464560473
-1121 -6.676150639091487e-05 0.011316881952816917
-1119 1.8936525415812816e-05 0.011343865204002924
-1117 -7.019228264672748e-06 0.011405203589077978
-1115 3.5522800804566576e-05 0.011421173290499678
-1113 6.121369670276948e-05 0.011460549290484569
-1111 5.017456342225827e-05 0.011436150773798436
-1109 4.8290170517675e-06 0.011483525826401218
-1107 -4.812561047428693e-05 0.011490562713223977
-1105 -3.6818502220506026e-05 0.011515452644399748
-1103 1.0219493846779424e-05 0.011583271515381664
-1101 -1.4751400497084845e-05 0.011585811781628298
-1099 -6.288536389331913e-05 0.011674744282716771
-1097 -3.636026483606113e-05 0.011632412172314704
-1095 -2.8490154516440966e-05 0.011589074568470237
-1093 -0.00012802753711222732 0.01164657092283539
-1091 -8.640213300196102e-05 0.0116980900768198
-1089 -6.484092593869605e-05 0.011695684494937615
-1087 -0.00010119077112752934 0.01176374164973779
-1085 -8.975231158573568e-05 0.011749278126044628
-1083 -3.0002705799385593e-05 0.011772564785101348
-1081 -3.057081761998678e-05 0.011775358497933083
-1079 1.3439275071406412e-05 0.01181213385466345
-1077 -3.2853182966703215e-06 0.011847721090927089
-1075 -1.6788140855850562e-05 0.011857978354127264
-1073 -7.944258809163552e-05 0.011923276741065846
-1071 -1.7873714758891586e-05 0.01191456693074708
-1069 -8.164920124714612e-06 0.011911600287291154
-1067 -4.434415829901471e-06 0.011946469429501646
-1065 -2.147594429672778e-05 0.011923820835338633
-1063 2.8398284039844916e-05 0.01192543446630793
-1061 -1.546841846880979e-05 0.01199599245202948
-1059 1.0246420472008465e-05 0.012052825253837688
-1057 5.1544777756201056e-05 0.01210040777026933
-1055 6.291870560072106e-05 0.012090497031335232
-1053 -1.262271623106409e-05 0.012115847922103998
-1051 -1.0964895310207803e-05 0.01209373514419626
-1049 2.063755637141452e-05 0.012083308674792001
-1047 1.9874213249569204e-05 0.012087750415972943
-1045 2.675718662528076e-05 0.012158776521784313
-1043 -3.702783391231341e-05 0.012187190952158396
-1041 -6.114981192800884e-05 0.012214108391056943
-1039 -1.273446565801015e-05 0.012214734027697946
-1037 9.646224619014075e-06 0.012253197873504564
-1035 -3.59730162054427e-05 0.01232003440472309
-1033 -6.58109699452251e-05 0.01237101496889298
-1031 -1.4938323172107864e-05 0.012369797089171885
-1029 -8.234120500357837e-07 0.012428780235240059
-1027 1.835950711688863e-05 0.01244440394443154
-1025 1.3408427428004512e-05 0.012443164901701661
-1023 3.0057740542858088e-05 0.012411660827038113
-1021 1.739042082800892e-05 0.012465437727687103
-1019 -2.2880019409005152e-05 0.012515531688638573
-1017 -7.003560357514457e-05 0.01256729966193635
-1015 -3.792462889704455e-05 0.012595509970661917
-1013 -6.196685918058702e-05 0.01262421166842231
-1011 -7.718011984539614e-05 0.012589004514516285
-1009 -2.5270972095558326e-06 0.012624969179770122
-1007 -6.849261145097397e-05 0.01268346684771417
-1005 -6.644296169079102e-05 0.012704144288038352
-1003 -0.00010785646530009234 0.012727476159570471
-1001 -2.1464820912323873e-05 0.01274553121432106
-999 -7.5201324145760445e-06 0.01278494277195584
-997 -8.184515832781063e-06 0.012819751054740477
-995 9.638297938666014e-06 0.012780825150015883
-993 1.7139895184493616e-05 0.012826151808234102
-991 1.692211501953376e-05 0.012831019037714757
-989 -2.5940376558815324e-05 0.012836105377996896
-987 -2.4133560385678054e-05 0.012915135498691681
-985 -7.419655569612338e-06 0.012946100529717947
-983 -4.161305845778325e-05 0.01299405205264929
-981 -3.658608793876899e-05 0.012933088726526175
-979 -4.186216298228804e-05 0.012911878361738943
-977 -6.23516759951684e-05 0.01293760562852917
-975 -8.550829409972513e-05 0.013039532225932099
-973 -2.719658193215307e-05 0.013092448835555368
-971 -1.815136395173434e-05 0.013068667733644087
-969 -5.404675004076108e-05 0.013127281588280087
-967 -3.4597341933163574e-05 0.013163003492466303
-965 5.588024160492116e-06 0.01323158588766252
-963 -1.4911327168413465e-05 0.013199935935660437
-961 -3.729540462448454e-05 0.013228984069901783
-959 -3.212487547723355e-06 0.013258082116044559
-957 2.9424639993088125e-05 0.013227661284682179
-955 6.902737922968528e-05 0.013279874643332874
-953 8.474528133709273e-05 0.013342718352885996
-951 4.888066099862303e-05 0.013451078123377461
-949 7.390915631658121e-05 0.013403365814668758
-947 -1.105595584890672e-05 0.013424022149630928
-945 -9.854230368545177e-06 0.013447611142499176
-943 -0.00010515710556160645 0.013477633334779983
-941 -3.316407112046147e-05 0.013528464428087939
-939 8.612079594899822e-06 0.01353759882793976
-937 -2.5134828071666287e-05 0.013558479414096814
-935 3.776580206607022e-07 0.01358180895501895
-933 5.099162693805103e-05 0.01361871300219582
-931 7.268249773696654e-05 0.013622647597936997
-929 -7.974152185729856e-06 0.01367322402411334
-927 -1.0026920980981018e-05 0.013762212798010267
-925 2.3376431992919238e-05 0.013782082498773213
-923 1.1187068184748483e-05 0.013792376552534463
-921 3.085650277626958e-05 0.01380189973942786
-919 -9.905604142350805e-06 0.013874653082569716
-917 -2.9357174284785744e-05 0.013885650792125746
-915 -6.037544745448188e-05 0.013918399774017255
-913 -4.565434101685928e-05 0.013951423146173167
-911 1.0931742398485217e-05 0.014006846910991352
-909 3.572300431716709e-05 0.014054550019015337
-907 4.049189466350043e-05 0.014020879674593782
-905 -5.596136856869774e-05 0.014019496692340299
-903 -9.568241432561715e-05 0.014050528363475274
-901 -4.2665703560207705e-06 0.01405229057717534
-899 -1.7720186443053633e-05 0.014114520890896027
-897 -9.780929591888921e-06 0.014108652119286302
-895 3.35631851614319e-05 0.014167229163408544
-893 1.2698309654959327e-05 0.014181961908962995
-891 -8.228300645259152e-06 0.014246062750367498
-889 -4.765723209115528e-05 0.014340568050806508
-887 -1.2060057644872606e-05 0.014337210774760502
-885 -2.9818616846274842e-05 0.01437678067080165
-883 1.1744453903927761e-05 0.014432244815660042
-881 1.1933870397389857e-05 0.01448498029862058
-879 -3.674085335474573e-08 0.014487675378470054
-877 -7.919529692210079e-05 0.014524562396772701
-875 -2.6495162590896204e-05 0.014529815740031331
-873 -5.021158272216537e-05 0.014595420493785087
-871 -3.3441368335265826e-06 0.014620858630172597
-869 -4.975562871270078e-05 0.014637838776189403
-867 1.0622829581553715e-05 0.014634816680961463
-865 -3.1392713661311294e-06 0.014714260556922135
-863 -5.105504559822133e-05 0.014729405057919519
-861 -1.0057009864524066e-06 0.014814201650261415
-859 -1.0494329294442989e-05 0.014909477502386583
-857 1.8870700725717035e-05 0.014905312362627694
-855 -5.063728884536383e-05 0.01489925517271712
-853 5.911871238429527e-05 0.014941642746840025
-851 5.3737021546717526e-05 0.014951882042601637
-849 5.648717985503834e-05 0.01497457026569361
-847 5.098979247334109e-05 0.015035497921361692
-845 5.490513629716079e-05 0.01507805060283986
-843 1.4545651070316953e-05 0.015189887530132276
-841 5.66271830377949e-05 0.015197722978396104
-839 2.747765064398296e-05 0.01521378226262832
-837 -3.151020228090398e-05 0.01524692529790634
-835 -3.928311800884036e-05 0.01527281245412671
-833 1.4733971387187958e-05 0.01531658752784931
-831 -1.553529463932899e-05 0.015393830338180451
-829 2.4859170204287408e-05 0.015464373144441223
-827 4.887476926248126e-05 0.015477099872282591
-825 7.25791293329783e-05 0.015495383253060508
-823 2.268015851958746e-05 0.015493338543297418
-821 5.569614176255167e-05 0.015525900261234259
-819 9.3000532374708e-05 0.01560362242368404
-817 0.00011335022869789926 0.015660831531733584
-815 2.5072473311422604e-05 0.015626164232860576
-813 6.833385770886746e-07 0.01564141323449991
-811 3.331528114891451e-05 0.015740931470958706
-809 -5.122122451445193e-07 0.015733948224273105
-807 2.3306783280174903e-05 0.015701699403658054
-805 5.5843481202677044e-05 0.015815548581026254
-803 1.2280174057067747e-06 0.01582906373811565
-801 5.0724070253793035e-05 0.015866009005877015
-799 2.522467193650814e-05 0.01589046382210094
-797 1.3310140485806314e-05 0.01599962075132052
-795 -4.164116982488417e-05 0.016061240617419467
-793 -4.232203270059919e-05 0.016101325398019572
-791 -6.199955265218689e-05 0.016098084701340228
-789 3.318412489574155e-05 0.01610699265012368
-787 1.519055400954776e-05 0.01613250993845872
-785 3.800104603067345e-06 0.016170631088452608
-783 3.3574837140071105e-05 0.016274742124262852
-781 -2.186743911040487e-05 0.016284438736800626
-779 -2.717678517422941e-05 0.016347521077064317
-777 1.115942311682702e-05 0.01635864878444375
-775 -3.578058183958306e-05 0.016390911440516725
-773 -5.264207275180747e-05 0.016453248278844656
-771 -4.612949399144838e-05 0.016526526879523235
-769 3.427794923869166e-05 0.01660588206339207
-767 9.689726540812299e-05 0.0166156863988535
-765 1.1724754259067435e-05 0.01665253264871667
-763 8.061296128961103e-05 0.016686983408836596
-761 3.566022969315681e-05 0.016751540108201044
-759 2.0534372156565212e-05 0.016795627559740393
-757 -2.172159359376203e-05 0.016832639398961423
-755 -1.593881767585441e-06 0.016823301433701702
-753 2.834051195423831e-05 0.016859777163493538
-751 4.6848138160106486e-05 0.0169429276449214
-749 1.7372255041309766e-05 0.017034148690899108
-747 5.205760291327389e-05 0.017121974134043923
-745 1.773038752771686e-05 0.017149582582626402
-743 3.506864729645855e-05 0.017219742487345428
-741 2.2292549496514367e-05 0.017255775831615246
-739 5.729729083172692e-05 0.017338644436748794
-737 8.842987302590046e-06 0.017357221215301477
-735 2.3125187401477413e-05 0.0173725372776015
-733 4.3232905087921496e-05 0.017341595035240544
-731 -3.82622157148294e-05 0.017397734979964285
-729 -3.0537291538654155e-05 0.017449288637393572
-727 3.4270325089046634e-05 0.017443545177764495
-725 5.89446431219293e-06 0.01745468892649654
-723 3.1554251370871455e-05 0.01753298177315224
-721 6.746333021265464e-05 0.01756271432898031
-719 7.19734000478549e-06 0.017710542221768003
-717 -5.740850796635394e-06 0.017759654764426328
-715 -3.4919731962956455e-05 0.017829996734652888
-713 -6.676133967119558e-05 0.017820984308468634
-711 -9.261665531769716e-05 0.017878284852737247
-709 -4.23928254795342e-05 0.017945320580699087
-707 1.0951297033000226e-05 0.01802379004170401
-705 -9.346009113034036e-06 0.01807094519590548
-703 3.5970549710818555e-05 0.01809144537466562
-701 4.0157078505834404e-05 0.018209501638052367
-699 8.41186404587469e-06 0.01823295547443479
-697 1.1888045261477243e-05 0.018257680989184316
-695 -9.917674992602204e-06 0.0183262791048605
-693 1.1818627597101286e-05 0.018351446405743037
-691 -4.033241191047027e-06 0.018411927807865807
-689 -2.74429825850405e-05 0.018554426173844694
-687 -4.651167238565362e-05 0.018630259944664457
-685 -8.185170626472536e-06 0.01865855467928681
-683 -1.5779530944463907e-05 0.018682684586933604
-681 6.157101940395984e-05 0.018776240133734762
-679 -2.25659532000048e-05 0.01876458003175431
-677 -4.063528964003538e-05 0.01876471823581867
-675 -5.688382313288399e-05 0.018833237539348287
-673 -2.1769809813508834e-05 0.018895513738621885
-671 -6.493351885381601e-05 0.018918675686637094
-669 -6.930577039493543e-05 0.019062533556717817
-667 -3.826434176221755e-05 0.01910806109976997
-665 -8.414829576985082e-06 0.019187277597317823
-663 -1.0384916473066905e-05 0.01916717442535028
-661 -1.9618724221810514e-05 0.01923193651821341
-659 -2.0968436873142974e-05 0.019271854375938858
-657 -4.0914265654125144e-05 0.019338829308880846
-655 -9.555087010044904e-05 0.01939585378666923
-653 -0.00010641769824984281 0.01942519514323036
-651 -6.609379791426955e-05 0.019479551106394665
-649 -7.782675628702214e-05 0.019541167108894534
-647 -4.2375307417510685e-05 0.019616405632997897
-645 -8.747974802391026e-05 0.019718909666601864
-643 -8.135273849675346e-05 0.019794931921951954
-641 -8.273136668725115e-05 0.01990219271985741
-639 -5.043137665405167e-05 0.01996662893554282
-637 -2.3725609805775023e-05 0.020020917486048742
-635 -4.359267308268616e-06 0.020096058646052184
-633 -4.937065822756013e-05 0.02011360628105479
-631 2.108630244894337e-05 0.020160176330119222
-629 -3.788622003338736e-06 0.020254578162626626
-627 -2.3414133078059792e-05 0.02024975428621963
-625 -3.2672483944083044e-05 0.020338548898701427
-623 2.7600047349192706e-05 0.020415409490884367
-621 2.3445503194995003e-05 0.02051741067038679
-619 1.7789441069996792e-05 0.02066443947362075
-617 3.745633756439143e-05 0.02069417110483257
-615 2.4915534744135512e-05 0.02073053483976176
-613 1.6937078235325947e-05 0.020785632493670204
-611 -6.190065009191877e-06 0.02081394102862184
-609 2.5593810039614992e-05 0.020879159262218713
-607 7.09774417399679e-06 0.020907893795322936
-605 6.541768417471933e-06 0.021036415959064254
-603 5.1639890084567816e-05 0.021131603819759287
-601 -2.023302021761128e-05 0.02119867758108829
-599 -3.512422429228799e-05 0.021253144671577722
-597 -8.199307454274978e-05 0.021336550312816557
-595 -1.0917905220808221e-05 0.021460745791228465
-593 -2.3237208717036284e-05 0.021563344188950062
-591 -4.589683270907515e-05 0.021565286542903187
-589 -7.231544287992768e-06 0.02156413719964694
-587 7.368671456240661e-05 0.02166541233812566
-585 -3.7234393756739795e-05 0.021729676767285423
-583 -6.93646747245219e-05 0.02188336662448124
-581 -2.252959291297312e-05 0.021955987855714027
-579 6.518145972600104e-05 0.021996805105498486
-577 1.77069500093439e-05 0.022084714547322037
-575 -1.5709880271758548e-06 0.02215618399612478
-573 -5.495695724640266e-06 0.02221847694004725
-571 -3.482491105751199e-05 0.022343425006733194
-569 -2.8950662361956404e-06 0.022423126372572138
-567 -4.0554550994763465e-05 0.022483968737729614
-565 -1.3676649115650668e-05 0.022558004699816083
-563 -2.0258014052554552e-05 0.02263017530456456
-561 -9.890566858948919e-07 0.02264630384730059
-559 2.4002422936063563e-05 0.02279542049211166
-557 3.9789710859468153e-05 0.02288922189738983
-555 3.932663470672112e-05 0.02293762718225812
-553 6.0022036023598996e-05 0.02305283829715225
-551 -1.2362194947126578e-06 0.023148228052723274
-549 3.298302735222073e-06 0.023277062172350704
-547 1.1392522691698438e-05 0.023332138873917427
-545 2.0855426093708713e-06 0.02339532791104801
-543 3.0660765285710834e-05 0.023480624228460933
-541 8.552467875991787e-06 0.023597799147678854
-539 3.795792537895931e-05 0.023630583641216275
-537 5.7893583619137795e-05 0.023742790977238304
-535 -1.3525073258393177e-06 0.023875870391896897
-533 -1.4899868182529029e-05 0.02390661525606546
-531 4.3445253133646167e-05 0.024012751733677944
-529 0.0001240048317361161 0.024036288535913716
-527 2.1939659535467003e-05 0.02414851750083345
-525 6.257453351795731e-05 0.024277431541752843
-523 6.992967842481063e-05 0.024385734519855297
-521 5.946247462327381e-05 0.024446585159304913
-519 4.52740454793451e-05 0.02450753471934401
-517 3.5239174490977215e-05 0.02460021493588802
-515 -5.571585918020587e-05 0.024705957646058024
-513 6.376340199905621e-05 0.024846368761750188
-511 -1.787099744666194e-05 0.024890662027363876
-509 -2.0926943443034155e-05 0.025002600193247928
-507 -2.1466801312440163e-05 0.025127283720556646
-505 -5.154495945402951e-05 0.025228376094345726
-503 -1.6497362498367052e-05 0.02533735932080317
-501 -2.990631198483262e-05 0.025467608686210046
-499 -1.2187184476985605e-05 0.02562030026476289
-497 6.580651612400786e-05 0.02571391878239302
-495 6.263434694577082e-05 0.02572245151672181
-493 3.088459048316298e-05 0.02584555698137962
-491 5.07647393321195e-05 0.025960050981828978
-489 7.817530091621504e-06 0.026097690003229965
-487 7.78485627101305e-06 0.026098944931675923
-485 4.7873197069620084e-05 0.026175375460628366
-483 2.8784258313640098e-05 0.026321276087098944
-481 -1.2486842090528835e-05 0.026439800917142577
-479 -1.3107405107550094e-05 0.02657224695831597
-477 8.525365545021672e-06 0.026663205457751086
-475 6.079795600462412e-05 0.026706929664382248
-473 4.243224067469683e-05 0.026824872976510997
-471 2.9573472258392863e-05 0.026913598607084296
-469 2.3407304776134934e-05 0.02702353454872946
-467 6.610092341120956e-05 0.027182891692635255
-465 2.717937262658215e-05 0.027335067324506142
-463 2.619005847010846e-05 0.02746967099188911
-461 8.004324712918199e-05 0.02760792523180953
-459 5.256688461777651e-05 0.027714978407475666
-457 3.593853390482013e-05 0.02783748711907347
-455 8.40340880573303e-06 0.02797186102126911
-453 7.588087097200545e-06 0.028135542627903323
-451 -4.9995353739800105e-05 0.02821238541338957
-449 -5.5706565772184614e-05 0.028310282638482297
-447 -9.424484532949909e-06 0.028424534516340375
-445 -2.932240302337184e-06 0.02858250311275205
-443 -2.969457337089213e-05 0.02874017094102092
-441 -3.129479257851204e-05 0.028938467841915366
-439 -5.928608603050356e-06 0.028982946321506
-437 2.2494534585751058e-05 0.029127130156820637
-435 -1.8574999991564905e-05 0.029203448052031393
-433 -7.976282222851705e-06 0.029428674470771146
-431 1.8697741634317002e-05 0.029555148017606708
-429 3.486035972391661e-05 0.029655503991511165
-427 1.991288889357747e-05 0.029777738274370545
-425 -2.3606490981673026e-05 0.0299490488119741
-423 2.166499090520096e-05 0.030031309246861832
-421 6.146014241490471e-05 0.0302105187599728
-419 4.075614596728283e-06 0.03031839776893712
-417 2.53782009419432e-05 0.030524461032057686
-415 -1.1832201953347162e-05 0.030653994158585024
-413 1.9402706363361518e-05 0.03080120577089114
-411 3.520453642853978e-05 0.030933581247211517
-409 1.038513152762053e-05 0.0310622081249445
-407 8.67262835548269e-06 0.031195235540116238
-405 6.8534289783281475e-06 0.03138962945810609
-403 -2.012835414228417e-05 0.031576693013389244
-401 -1.261851804540362e-06 0.0316927950004068
-399 1.3712079022916827e-05 0.031832677148611294
-397 1.8327532309548683e-06 0.032015530365085525
-395 3.3112957124586555e-05 0.03223731152256961
-393 -5.635705394975581e-06 0.03231350162527857
-391 -1.3350320200570822e-05 0.03249786230263273
-389 -4.317516324142388e-06 0.03269665221235517
-387 1.847318672537851e-05 0.03286533132277171
-385 1.4356366687954079e-05 0.03308481693793532
-383 -5.406287085126602e-05 0.03324419711832588
-381 2.8026708811640694e-05 0.0334634681816474
-379 2.981165155504407e-05 0.033506600937064736
-377 -3.33423171969931e-05 0.033702801020614695
-375 -2.8074635103576367e-05 0.03392356261229135
-373 -1.3064402506725218e-05 0.03416535768166626
-371 2.3259217574150576e-05 0.034359048943900884
-369 2.222137372714219e-06 0.034493009092022554
-367 -2.6337159981464473e-05 0.034685821760395176
-365 -1.4932773275216949e-05 0.03487877421402242
-363 3.712094693934606e-05 0.035063298396665485
-361 -3.50411089398922e-05 0.03527285682686119
-359 -4.738222914902267e-05 0.0354651135687205
-357 6.139520595580642e-05 0.03560593496443619
-355 6.836593751436353e-05 0.03580719234613174
-353 4.8553045505131314e-05 0.036000219374396715
-351 3.918955827348263e-05 0.03623414123506621
-349 7.795981590296536e-05 0.03641099605944409
-347 8.090789790594688e-05 0.036641087751231774
-345 7.381417916346008e-05 0.036906024048105744
-343 -4.417411729322882e-06 0.03709639245055619
-341 -1.2462570057469469e-05 0.0373380551206698
-339 1.2623778420924935e-05 0.03758277214758155
-337 4.1529375066292824e-05 0.03774564110587826
-335 -5.365325370893877e-06 0.038050250409780544
-333 -2.4841398738273466e-05 0.038222836066491
-331 -1.4614297042035682e-05 0.03841334322928329
-329 2.7336089771619816e-05 0.0386045480538096
-327 3.599326647836843e-05 0.03884225968945888
-325 2.6858774565715502e-06 0.039159051850054444
-323 -1.2429528423519723e-05 0.03933928690029722
-321 -5.6336022629474226e-05 0.0396177849309274
-319 -1.3574552796081702e-05 0.039889020716181896
-317 -2.15357789900126e-05 0.04018469810642837
-315 3.134527388419863e-05 0.04040008021752054
-313 3.6890377661332445e-05 0.04065171244643941
-311 5.33091317559e-07 0.04089642871287036
-309 5.419188464501897e-05 0.041149932077911254
-307 5.404090713980902e-05 0.041400024254547016
-305 2.5187521414139405e-05 0.04167609449900872
-303 1.5416607128407203e-05 0.041940769798876974
-301 5.2375097050313016e-05 0.04229465172822945
-299 7.461925948358894e-05 0.0425358833063892
-297 3.535445315591804e-05 0.04282654350634131
-295 -3.5119078323736493e-06 0.043095661366739285
-293 1.1994386982954742e-06 0.04336833456075027
-291 2.8543906955202503e-05 0.04366152941662144
-289 3.594495722039945e-05 0.04397009511954362
-287 7.560773729493606e-05 0.04432147379002162
-285 4.419036733703485e-05 0.04459276305960167
-283 1.8016910617269908e-05 0.044878293663472096
-281 -1.3103608156462154e-05 0.04522547855212878
-279 3.829695032078878e-05 0.045575552090621516
-277 5.903432547101079e-05 0.04590137760058051
-275 -1.3311340623674064e-05 0.04628249347157732
-273 8.674526364345292e-06 0.04655665503984434
-271 -1.2629924238287063e-06 0.046901978333629475
-269 -3.8521714911606334e-05 0.047263736128033196
-267 -4.009085317929435e-05 0.04762644374334389
-265 -8.362861992000532e-05 0.04805830817240861
-263 -2.1161465622935854e-05 0.04838383054987064
-261 -4.0275888048382257e-05 0.04875955437038155
-259 -4.695677578778549e-05 0.04916352943370468
-257 -4.036822227382068e-05 0.04951455019330584
-255 4.659166096520886e-06 0.049902555710722496
-253 4.340798750059067e-05 0.05027195040435709
-251 7.92660357465975e-05 0.05072864921966027
-249 8.983141027892437e-06 0.051050254664685456
-247 1.0399590366779219e-05 0.05141900456021839
-245 6.519824152065957e-05 0.05177157383855055
-243 6.648866537639891e-05 0.05223013158252242
-241 4.339013602178001e-05 0.05269911710826436
-239 6.258719092474169e-05 0.05315316829282758
-237 7.107627907353625e-05 0.05364275497312292
-235 5.965469259313745e-05 0.05407471665428874
-233 6.0454835985630304e-05 0.05456027032373434
-231 -1.4057692998371444e-05 0.05502029972377734
-229 2.9631984623043466e-05 0.05553843769258198
-227 4.213529302052559e-05 0.056002799483201374
-225 5.015169644842253e-07 0.056538982280369535
-223 1.0434831918979135e-05 0.0570403873663039
-221 8.993879519767434e-06 0.05751704752926672
-219 -3.2681355854288495e-05 0.05802403645926595
-217 -2.9671990675696352e-05 0.05855380641564728
-215 -1.7569946749987957e-05 0.05909189462999412
-213 2.4802752195709295e-05 0.05962351532937622
-211 1.883898907447817e-05 0.0601950609458598
-209 9.019601583505392e-06 0.06078722140196282
-207 -4.632196965499752e-05 0.06138011259274929
-205 -3.964461745381567e-05 0.061980229511183114
-203 -4.9340942291272664e-05 0.06257563825707033
-201 2.4316819622587664e-06 0.06322703404374402
-199 6.580836240712765e-05 0.06391022434795969
-197 8.901742442773629e-05 0.06453800613840117
-195 0.00012490098493430995 0.06514839269036225
-193 9.747740423575135e-05 0.06583182219300049
-191 2.109879076495498e-05 0.06648897585291454
-189 -7.524576136117349e-06 0.06717908400948186
-187 -4.048615298178416e-05 0.06791100624572612
-185 -1.1500230337306234e-05 0.06861395744522154
-183 3.1907427773536264e-06 0.06942147978829245
-181 -1.9926256523236286e-05 0.07018257033604818
-179 3.6264261946418634e-05 0.07096085524718032
-177 5.260385920598594e-05 0.07173770411818764
-175 -2.3894425539568384e-05 0.07248642919795398
-173 1.5123712412989936e-05 0.07333941949197131
-171 6.123122017155056e-05 0.07427393877186723
-169 5.637103042514979e-05 0.07513564888588338
-167 4.779137826218071e-05 0.07608303770621981
-165 3.1602495202397385e-05 0.07700139517376686
-163 -3.3438403436306525e-05 0.07785521620149807
-161 -4.8837381612810965e-06 0.0788622554498707
-159 -1.2087070523427748e-05 0.07981192380971762
-157 -4.131718415698524e-05 0.0808111990414025
-155 -1.1397620647886386e-05 0.08185293799879269
-153 -1.3450162078761734e-05 0.08290348785587412
-151 2.395186992453053e-05 0.08399638456629939
-149 -2.172697048346376e-06 0.08510832454462641
-147 1.60379600646812e-05 0.08631887056293154
-145 1.950848319510565e-06 0.08754532661665305
-143 5.125998224057989e-05 0.08868834405325708
-141 8.67238185717225e-05 0.089946159815617
-139 8.434940736311487e-05 0.0911904547835686
-137 8.181131952693514e-05 0.09254547250488707
-135 0.00011418045370286138 0.09384914394277324
-133 2.5257703872632047e-05 0.0952724956448794
-131 1.348181458342002e-05 0.09677048927838428
-129 -3.86291781086809e-05 0.09820616231544034
-127 2.6490475330414523e-05 0.09973055310478672
-125 1.0152438867038883e-05 0.10139369059697816
-123 3.186866079449262e-05 0.103003709049114
-121 -6.809996365179553e-06 0.10463395280179552
-119 4.1147178030412045e-05 0.10638847547202179
-117 -4.60439155616918e-06 0.10815567371535481
-115 1.7233063289964936e-05 0.11002885035837903
-113 8.236608286432077e-05 0.11186549117476825
-111 0.00010143859109135533 0.11387898056774792
-109 5.35023624183877e-05 0.1159804073804389
-107 1.1315952976777514e-06 0.11814445437842323
-105 2.5062146993813702e-05 0.12039286345360166
-103 1.9761868753941913e-05 0.1226737898383869
-101 1.7789261710535345e-05 0.1250234270447985
-99 8.645356797239884e-05 0.12748727679156638
-97 2.0175687150264507e-05 0.130120793342984
-95 -1.6160891974282092e-05 0.1328779085524658
-93 -4.139918194914249e-05 0.13571944321752513
-91 -9.807381337518557e-05 0.1386564884519463
-89 -0.00012140899692603978 0.14164992934269025
-87 -2.256292647410788e-05 0.1447781542080319
-85 1.7027928824585978e-05 0.1481867693864191
-83 -4.1645616784313976e-05 0.1516603441740128
-81 -2.1359146968876078e-05 0.155310943847365
-79 -7.73044694659678e-05 0.15911618282693926
-77 -8.486772873541289e-05 0.16316814782594255
-75 -3.771918548560038e-05 0.16741939292650138
-73 5.476846976777195e-06 0.1718599269822379
-71 -5.547924413295717e-05 0.17663170565595807
-69 -6.387770183622008e-05 0.18161101317696376
-67 -3.0750671524030205e-05 0.186785321608757
-65 -1.734857109938043e-05 0.19228943025227568
-63 -5.039136166199005e-05 0.19818386577570976
-61 -1.7615228697091053e-05 0.20443118568860322
-59 -2.1160818976858556e-05 0.2111267900410859
-57 2.642986386436651e-05 0.2182391203821805
-55 2.0483417021301423e-05 0.22577390839339703
-53 4.327554673927001e-05 0.23391273845834537
-51 -4.086242519182663e-05 0.24253192930454412
-49 -5.326787650310988e-05 0.25184673303681554
-47 -1.547570902488079e-05 0.26194803714941284
-45 9.803846160300264e-06 0.27284199117248525
-43 -7.90653309577924e-06 0.2846194553873319
-41 -2.3815425066378043e-05 0.29750447720590484
-39 -2.2868303155798376e-05 0.3114479834855142
-37 7.1902537721399875e-06 0.3267499672209685
-35 -9.846153425090822e-06 0.34362493806242683
-33 -2.3291863472737828e-05 0.3621425531790452
-31 -5.755036627590251e-05 0.3827820066742432
-29 -2.2987864188658705e-05 0.4058357233027338
-27 -7.068702205195149e-06 0.43160941775366707
-25 -4.523088940292e-05 0.4606708320369085
-23 -7.598998978872352e-05 0.4936261598824575
-21 -3.723552910467874e-05 0.5314096299770744
-19 -5.336342077676319e-05 0.5749860266714019
-17 -3.2046407876805435e-05 0.6257814572793705
-15 -8.121143161306104e-05 0.6855904619351503
-13 -8.781402451277692e-05 0.757032997185961
-11 -6.86202142585877e-05 0.8437719116503014
-9 -7.782359141154656e-05 0.9510744421908666
-7 -5.541897085930521e-05 1.086807229739986
-5 -6.578523032661002e-05 1.2615956323353297
-3 -9.026760104123053e-05 1.4774199918607716
-1 -7.788710187541711e-05 1.5615873471142194
1 -7.788710187382237e-05 -1.5615873471142176
3 -9.02676010408748e-05 -1.477419991860771
5 -6.57852303263551e-05 -1.26159563233533
7 -5.541897085923845e-05 -1.0868072297399858
9 -7.782359141152634e-05 -0.9510744421908667
11 -6.862021425859329e-05 -0.8437719116503014
13 -8.781402451261435e-05 -0.7570329971859611
15 -8.121143161329477e-05 -0.6855904619351503
17 -3.204640787658907e-05 -0.6257814572793705
19 -5.336342077676552e-05 -0.5749860266714019
21 -3.7235529104704174e-05 -0.5314096299770744
23 -7.59899897885821e-05 -0.4936261598824575
25 -4.523088940301647e-05 -0.4606708320369086
27 -7.0687022051298e-06 -0.43160941775366707
29 -2.2987864188666064e-05 -0.4058357233027338
31 -5.755036627589491e-05 -0.3827820066742433
33 -2.329186347273135e-05 -0.36214255317904526
35 -9.846153425127538e-06 -0.3436249380624268
37 7.190253772134624e-06 -0.32674996722096844
39 -2.2868303155910584e-05 -0.3114479834855141
41 -2.3815425066394895e-05 -0.2975044772059046
43 -7.906533095760454e-06 -0.28461945538733185
45 9.803846160327774e-06 -0.27284199117248525
47 -1.5475709024888538e-05 -0.26194803714941284
49 -5.326787650305963e-05 -0.25184673303681554
51 -4.086242519182052e-05 -0.24253192930454412
53 4.327554673928549e-05 -0.23391273845834537
55 2.0483417021238536e-05 -0.22577390839339698
57 2.642986386438914e-05 -0.2182391203821805
59 -2.1160818976884004e-05 -0.2111267900410859
61 -1.7615228697085507e-05 -0.20443118568860322
63 -5.039136166195226e-05 -0.19818386577570973
65 -1.7348571099429277e-05 -0.19228943025227568
67 -3.0750671523994846e-05 -0.186785321608757
69 -6.387770183620594e-05 -0.18161101317696376
71 -5.5479244132930995e-05 -0.1766317056559581
73 5.476846976746359e-06 -0.1718599269822379
75 -3.771918548562109e-05 -0.1674193929265014
77 -8.486772873536432e-05 -0.16316814782594238
79 -7.730446946578942e-05 -0.15911618282693857
81 -2.135914696885665e-05 -0.1553109438473657
83 -4.164561678429863e-05 -0.15166034417401295
85 1.702792882455944e-05 -0.1481867693864191
87 -2.256292647407301e-05 -0.1447781542080318
89 -0.00012140899692602787 -0.14164992934269027
91 -9.807381337521158e-05 -0.13865648845194634
93 -4.139918194914956e-05 -0.13571944321752513
95 -1.6160891974328066e-05 -0.1328779085524658
97 2.0175687150330203e-05 -0.13012079334298401
99 8.64535679723908e-05 -0.12748727679156635
101 1.7789261710548186e-05 -0.12502342704479844
103 1.9761868753985294e-05 -0.12267378983838689
105 2.50621469937797e-05 -0.12039286345360173
107 1.1315952976894252e-06 -0.11814445437842327
109 5.350236241839565e-05 -0.1159804073804389
111 0.00010143859109133525 -0.11387898056774788
113 8.236608286429685e-05 -0.11186549117476825
115 1.7233063290012265e-05 -0.11002885035837902
117 -4.604391556089046e-06 -0.10815567371535484
119 4.114717803032227e-05 -0.1063884754720219
121 -6.8099963650599855e-06 -0.10463395280179548
123 3.186866079451775e-05 -0.10300370904911402
125 1.0152438867016632e-05 -0.10139369059697811
127 2.649047533045524e-05 -0.09973055310478669
129 -3.862917810863314e-05 -0.09820616231544038
131 1.3481814583408056e-05 -0.09677048927838429
133 2.525770387263986e-05 -0.09527249564487941
135 0.0001141804537028375 -0.09384914394277327
137 8.181131952695753e-05 -0.09254547250488708
139 8.434940736309782e-05 -0.09119045478356866
141 8.672381857168861e-05 -0.08994615981561696
143 5.1259982240657684e-05 -0.08868834405325696
145 1.950848319594028e-06 -0.08754532661665314
147 1.603796006462645e-05 -0.08631887056293161
149 -2.172697048355348e-06 -0.08510832454462638
151 2.3951869924550698e-05 -0.08399638456629935
153 -1.3450162078776051e-05 -0.08290348785587415
155 -1.1397620647928192e-05 -0.08185293799879272
157 -4.1317184156904343e-05 -0.08081119904140258
159 -1.2087070523572692e-05 -0.0798119238097179
161 -4.88373816149875e-06 -0.07886225544987048
163 -3.343840343625207e-05 -0.077855216201498
165 3.160249520237707e-05 -0.07700139517376682
167 4.779137826216131e-05 -0.0760830377062198
169 5.637103042509527e-05 -0.07513564888588337
171 6.123122017157014e-05 -0.07427393877186725
173 1.5123712413007897e-05 -0.07333941949197131
175 -2.3894425539578142e-05 -0.07248642919795396
177 5.2603859206003584e-05 -0.07173770411818764
179 3.626426194641637e-05 -0.0709608552471803
181 -1.9926256523283662e-05 -0.07018257033604816
183 3.1907427773732792e-06 -0.06942147978829245
185 -1.1500230337343584e-05 -0.06861395744522153
187 -4.048615298177763e-05 -0.06791100624572612
189 -7.524576136125076e-06 -0.06717908400948185
191 2.1098790764914558e-05 -0.06648897585291456
193 9.747740423572847e-05 -0.0658318221930005
195 0.00012490098493429471 -0.06514839269036223
197 8.901742442776189e-05 -0.06453800613840112
199 6.580836240714916e-05 -0.06391022434795969
201 2.4316819622689105e-06 -0.06322703404374398
203 -4.934094229123911e-05 -0.0625756382570703
205 -3.9644617453801144e-05 -0.06198022951118313
207 -4.632196965500073e-05 -0.06138011259274929
209 9.019601583505195e-06 -0.060787221401962854
211 1.883898907450692e-05 -0.060195060945859795
213 2.480275219570575e-05 -0.05962351532937624
215 -1.7569946750036326e-05 -0.05909189462999417
217 -2.9671990675732896e-05 -0.05855380641564731
219 -3.268135585424998e-05 -0.05802403645926596
221 8.993879519806821e-06 -0.05751704752926672
223 1.0434831918963809e-05 -0.057040387366303937
225 5.015169644358293e-07 -0.056538982280369604
227 4.2135293020528735e-05 -0.05600279948320133
229 2.9631984623072855e-05 -0.055538437692581946
231 -1.4057692998376216e-05 -0.05502029972377737
233 6.0454835985622254e-05 -0.05456027032373437
235 5.965469259314181e-05 -0.05407471665428871
237 7.107627907357623e-05 -0.053642754973122916
239 6.25871909246262e-05 -0.05315316829282757
241 4.33901360220105e-05 -0.052699117108264346
243 6.648866537642241e-05 -0.05223013158252237
245 6.519824152060572e-05 -0.0517715738385506
247 1.039959036677494e-05 -0.05141900456021841
249 8.983141027925783e-06 -0.05105025466468545
251 7.926603574660982e-05 -0.05072864921966028
253 4.340798750057613e-05 -0.050271950404357085
255 4.659166096528332e-06 -0.04990255571072244
257 -4.0368222273810526e-05 -0.049514550193305834
259 -4.6956775787796636e-05 -0.049163529433704695
261 -4.027588804839607e-05 -0.04875955437038154
263 -2.116146562288515e-05 -0.0483838305498706
265 -8.36286199199873e-05 -0.04805830817240859
267 -4.0090853179314196e-05 -0.04762644374334388
269 -3.852171491159399e-05 -0.0472637361280332
271 -1.2629924238774208e-06 -0.04690197833362946
273 8.674526364310959e-06 -0.04655665503984433
275 -1.3311340623621753e-05 -0.046282493471577306
277 5.9034325471087545e-05 -0.04590137760058048
279 3.8296950320807873e-05 -0.045575552090621516
281 -1.3103608156715145e-05 -0.045225478552128905
283 1.80169106172323e-05 -0.04487829366347208
285 4.4190367337090374e-05 -0.044592763059601734
287 7.560773729487435e-05 -0.04432147379002165
289 3.5944957220324686e-05 -0.043970095119543605
291 2.854390695525582e-05 -0.043661529416621346
293 1.199438698264388e-06 -0.04336833456075024
295 -3.5119078323314082e-06 -0.043095661366739285
297 3.5354453155952684e-05 -0.0428265435063413
299 7.461925948357192e-05 -0.04253588330638922
301 5.2375097050294876e-05 -0.0422946517282295
303 1.5416607128399675e-05 -0.04194076979887695
305 2.5187521414125077e-05 -0.04167609449900869
307 5.404090713981311e-05 -0.04140002425454702
309 5.419188464501322e-05 -0.041149932077911254
311 5.330913175682581e-07 -0.040896428712870365
313 3.6890377661343287e-05 -0.04065171244643939
315 3.134527388425393e-05 -0.040400080217520506
317 -2.153577899004785e-05 -0.04018469810642844
319 -1.3574552796438682e-05 -0.03988902071618198
321 -5.633602262925879e-05 -0.03961778493092736
323 -1.242952842333177e-05 -0.039339286900297275
325 2.6858774566148497e-06 -0.03915905185005447
327 3.599326647837216e-05 -0.03884225968945888
329 2.7336089771601208e-05 -0.03860454805380959
331 -1.4614297042037935e-05 -0.038413343229283275
333 -2.484139873824912e-05 -0.03822283606649102
335 -5.365325370902906e-06 -0.03805025040978053
337 4.152937506626889e-05 -0.03774564110587823
339 1.262377842094683e-05 -0.037582772147581565
341 -1.2462570057453858e-05 -0.03733805512066978
343 -4.41741172930666e-06 -0.03709639245055619
345 7.38141791634625e-05 -0.03690602404810579
347 8.090789790593627e-05 -0.0366410877512318
349 7.795981590296143e-05 -0.03641099605944412
351 3.91895582734622e-05 -0.036234141235066235
353 4.855304550509749e-05 -0.03600021937439669
355 6.836593751434602e-05 -0.03580719234613171
357 6.139520595582473e-05 -0.03560593496443611
359 -4.7382229148929705e-05 -0.03546511356872036
361 -3.5041108939893583e-05 -0.035272856826861265
363 3.712094693928385e-05 -0.035063298396665485
365 -1.4932773275203654e-05 -0.03487877421402238
367 -2.633715998140917e-05 -0.03468582176039515
369 2.2221373727596063e-06 -0.03449300909202257
371 2.3259217574151467e-05 -0.03435904894390089
373 -1.3064402506736173e-05 -0.034165357681666286
375 -2.8074635103599986e-05 -0.03392356261229137
377 -3.334231719698748e-05 -0.03370280102061472
379 2.9811651555057103e-05 -0.033506600937064736
381 2.8026708811645766e-05 -0.033463468181647416
383 -5.406287085125127e-05 -0.03324419711832589
385 1.4356366687941942e-05 -0.033084816937935316
387 1.8473186725382736e-05 -0.03286533132277171
389 -4.317516324148072e-06 -0.03269665221235519
391 -1.3350320200546752e-05 -0.0324978623026327
393 -5.635705394984905e-06 -0.032313501625278566
395 3.311295712458426e-05 -0.032237311522569624
397 1.8327532309411802e-06 -0.032015530365085434
399 1.3712079023192839e-05 -0.031832677148611016
401 -1.2618518042682204e-06 -0.031692795000406795
403 -2.0128354142268687e-05 -0.03157669301338929
405 6.853428978270092e-06 -0.03138962945810605
407 8.67262835549625e-06 -0.03119523554011626
409 1.0385131527627951e-05 -0.031062208124944507
411 3.520453642853202e-05 -0.030933581247211517
413 1.940270636330884e-05 -0.03080120577089113
415 -1.1832201953322097e-05 -0.030653994158585014
417 2.5378200941965947e-05 -0.03052446103205767
419 4.075614596682845e-06 -0.03031839776893717
421 6.146014241494248e-05 -0.030210518759972764
423 2.16649909052047e-05 -0.03003130924686183
425 -2.3606490981687243e-05 -0.029949048811974115
427 1.9912888893582636e-05 -0.029777738274370552
429 3.4860359723977956e-05 -0.029655503991511192
431 1.8697741634279692e-05 -0.02955514801760673
433 -7.976282222886394e-06 -0.029428674470771108
435 -1.8574999991560578e-05 -0.02920344805203137
437 2.2494534585765796e-05 -0.029127130156820613
439 -5.928608603057073e-06 -0.028982946321505925
441 -3.129479257851288e-05 -0.028938467841915394
443 -2.9694573370889732e-05 -0.02874017094102093
445 -2.9322403023456525e-06 -0.028582503112752067
447 -9.42448453294155e-06 -0.028424534516340343
449 -5.5706565772178705e-05 -0.028310282638482297
451 -4.999535373977098e-05 -0.02821238541338958
453 7.5880870972251375e-06 -0.028135542627903323
455 8.403408805718438e-06 -0.027971861021269105
457 3.5938533904830015e-05 -0.0278374871190735
459 5.256688461777263e-05 -0.02771497840747564
461 8.004324712918489e-05 -0.027607925231809542
463 2.619005847017094e-05 -0.027469670991889152
465 2.717937262662441e-05 -0.027335067324506145
467 6.610092341120165e-05 -0.02718289169263524
469 2.340730477615419e-05 -0.027023534548729446
471 2.957347225841353e-05 -0.026913598607084296
473 4.2432240674706066e-05 -0.026824872976510997
475 6.079795600463716e-05 -0.026706929664382262
477 8.525365545120886e-06 -0.026663205457751128
479 -1.310740510734936e-05 -0.026572246958316215
481 -1.2486842090773059e-05 -0.026439800917142573
483 2.8784258313621294e-05 -0.02632127608709889
485 4.7873197069604634e-05 -0.026175375460628342
487 7.784856271025774e-06 -0.026098944931675895
489 7.817530091581625e-06 -0.02609769000322993
491 5.0764739332116176e-05 -0.02596005098182895
493 3.088459048315953e-05 -0.02584555698137963
495 6.26343469457939e-05 -0.025722451516721773
497 6.580651612405863e-05 -0.02571391878239302
499 -1.2187184477003686e-05 -0.025620300264762887
501 -2.9906311984874707e-05 -0.025467608686210026
503 -1.6497362498352128e-05 -0.02533735932080318
505 -5.154495945406746e-05 -0.025228376094345747
507 -2.146680131241854e-05 -0.025127283720556646
509 -2.092694344302541e-05 -0.025002600193247928
511 -1.7870997446692116e-05 -0.024890662027363893
513 6.376340199903036e-05 -0.0248463687617502
515 -5.571585918019743e-05 -0.024705957646058038
517 3.523917449097713e-05 -0.02460021493588802
519 4.527404547922767e-05 -0.02450753471934403
521 5.946247462331459e-05 -0.02444658515930496
523 6.992967842485103e-05 -0.024385734519855286
525 6.257453351795551e-05 -0.024277431541752843
527 2.193965953545373e-05 -0.024148517500833414
529 0.0001240048317361131 -0.024036288535913698
531 4.344525313365298e-05 -0.024012751733677968
533 -1.4899868182533413e-05 -0.023906615256065477
535 -1.3525073258145606e-06 -0.023875870391896894
537 5.7893583619163884e-05 -0.02374279097723835
539 3.795792537896012e-05 -0.023630583641216257
541 8.552467875956721e-06 -0.02359779914767888
543 3.066076528567467e-05 -0.023480624228460978
545 2.0855426093414962e-06 -0.023395327911048043
547 1.1392522691722506e-05 -0.023332138873917403
549 3.298302735204155e-06 -0.023277062172350715
551 -1.23621949471897e-06 -0.02314822805272328
553 6.002203602359378e-05 -0.023052838297152267
555 3.932663470671149e-05 -0.02293762718225811
557 3.978971085947306e-05 -0.022889221897389823
559 2.4002422936108717e-05 -0.022795420492111647
561 -9.890566860163445e-07 -0.02264630384730063
563 -2.0258014052582724e-05 -0.02263017530456453
565 -1.3676649115691593e-05 -0.022558004699816083
567 -4.055455099474567e-05 -0.02248396873772966
569 -2.8950662362185688e-06 -0.02242312637257215
571 -3.482491105744424e-05 -0.022343425006733187
573 -5.495695724667917e-06 -0.022218476940047232
575 -1.570988027156716e-06 -0.022156183996124762
577 1.7706950009431558e-05 -0.022084714547322103
579 6.518145972593854e-05 -0.021996805105498528
581 -2.2529592912936373e-05 -0.02195598785571404
583 -6.936467472452238e-05 -0.021883366624481235
585 -3.7234393756709756e-05 -0.02172967676728542
587 7.368671456239467e-05 -0.02166541233812563
589 -7.231544287973986e-06 -0.02156413719964693
591 -4.589683270910208e-05 -0.02156528654290321
593 -2.3237208717051707e-05 -0.021563344188950048
595 -1.0917905220789007e-05 -0.02146074579122844
597 -8.199307454269928e-05 -0.021336550312816626
599 -3.512422429231275e-05 -0.021253144671577708
601 -2.023302021759513e-05 -0.021198677581088236
603 5.163989008458518e-05 -0.021131603819759318
605 6.541768417447335e-06 -0.02103641595906425
607 7.097744174011567e-06 -0.02090789379532293
609 2.5593810039616804e-05 -0.02087915926221875
611 -6.1900650092009914e-06 -0.02081394102862183
613 1.693707823533943e-05 -0.020785632493670204
615 2.4915534744134052e-05 -0.020730534839761748
617 3.745633756440028e-05 -0.020694171104832574
619 1.7789441070011e-05 -0.020664439473620805
621 2.3445503195037748e-05 -0.02051741067038681
623 2.7600047349162446e-05 -0.02041540949088436
625 -3.267248394407396e-05 -0.02033854889870146
627 -2.341413307804048e-05 -0.020249754286219633
629 -3.788622003323984e-06 -0.020254578162626626
631 2.1086302448931122e-05 -0.02016017633011922
633 -4.937065822757407e-05 -0.020113606281054762
635 -4.359267308285804e-06 -0.020096058646052187
637 -2.372560980578875e-05 -0.020020917486048794
639 -5.043137665409852e-05 -0.01996662893554294
641 -8.273136668725165e-05 -0.019902192719857305
643 -8.135273849677212e-05 -0.019794931921951957
645 -8.7479748023921e-05 -0.01971890966660189
647 -4.2375307417486446e-05 -0.01961640563299791
649 -7.78267562870025e-05 -0.01954116710889458
651 -6.609379791425087e-05 -0.019479551106394655
653 -0.00010641769824984436 -0.01942519514323035
655 -9.555087010043017e-05 -0.0193958537866692
657 -4.091426565412467e-05 -0.019338829308880832
659 -2.0968436873187908e-05 -0.019271854375938837
661 -1.9618724221830686e-05 -0.019231936518213387
663 -1.0384916473066434e-05 -0.01916717442535025
665 -8.414829576990186e-06 -0.019187277597317774
667 -3.826434176217684e-05 -0.01910806109976995
669 -6.930577039494824e-05 -0.019062533556717835
671 -6.493351885384691e-05 -0.018918675686637066
673 -2.1769809813529905e-05 -0.01889551373862189
675 -5.6883823132886204e-05 -0.018833237539348277
677 -4.0635289640040826e-05 -0.01876471823581864
679 -2.2565953199964033e-05 -0.01876458003175431
681 6.157101940395508e-05 -0.018776240133734738
683 -1.577953094444762e-05 -0.018682684586933587
685 -8.185170626479942e-06 -0.018658554679286822
687 -4.651167238568119e-05 -0.018630259944664433
689 -2.7442982585075142e-05 -0.018554426173844712
691 -4.033241191024306e-06 -0.018411927807865793
693 1.181862759708421e-05 -0.01835144640574303
695 -9.917674992498895e-06 -0.018326279104860527
697 1.1888045261431984e-05 -0.018257680989184316
699 8.411864045943177e-06 -0.018232955474434757
701 4.0157078505817205e-05 -0.018209501638052447
703 3.597054971073373e-05 -0.018091445374665654
705 -9.346009113075866e-06 -0.01807094519590544
707 1.0951297032985716e-05 -0.01802379004170393
709 -4.239282547947852e-05 -0.017945320580699094
711 -9.261665531773575e-05 -0.017878284852737236
713 -6.676133967110649e-05 -0.017820984308468627
715 -3.49197319630202e-05 -0.01782999673465291
717 -5.740850796618835e-06 -0.01775965476442634
719 7.19734000491496e-06 -0.01771054222176799
721 6.746333021272515e-05 -0.017562714328980395
723 3.1554251370872275e-05 -0.017532981773152257
725 5.894464312227302e-06 -0.017454688926496525
727 3.4270325089025946e-05 -0.017443545177764478
729 -3.0537291538662056e-05 -0.017449288637393548
731 -3.826221571483531e-05 -0.017397734979964313
733 4.323290508792695e-05 -0.017341595035240544
735 2.3125187401459188e-05 -0.017372537277601473
737 8.842987302638078e-06 -0.01735722121530151
739 5.7297290831740774e-05 -0.017338644436748797
741 2.2292549496514462e-05 -0.01725577583161528
743 3.506864729644509e-05 -0.017219742487345407
745 1.773038752772436e-05 -0.017149582582626385
747 5.205760291327856e-05 -0.01712197413404393
749 1.7372255041302766e-05 -0.0170341486908991
751 4.684813816009251e-05 -0.016942927644921446
753 2.8340511954240336e-05 -0.016859777163493565
755 -1.5938817675787257e-06 -0.016823301433701685
757 -2.1721593593766975e-05 -0.016832639398961378
759 2.0534372156533807e-05 -0.016795627559740414
761 3.56602296931407e-05 -0.016751540108201044
763 8.061296128957043e-05 -0.016686983408836575
765 1.1724754259050259e-05 -0.016652532648716693
767 9.689726540817512e-05 -0.0166156863988535
769 3.4277949238752574e-05 -0.016605882063392086
771 -4.61294939914659e-05 -0.01652652687952326
773 -5.2642072751777674e-05 -0.016453248278844656
775 -3.5780581839583146e-05 -0.016390911440516735
777 1.1159423116845188e-05 -0.01635864878444375
779 -2.717678517422509e-05 -0.016347521077064314
781 -2.1867439110404057e-05 -0.016284438736800636
783 3.357483714009724e-05 -0.01627474212426283
785 3.800104603074965e-06 -0.016170631088452587
787 1.5190554009553653e-05 -0.01613250993845871
789 3.3184124895745126e-05 -0.01610699265012368
791 -6.199955265223023e-05 -0.016098084701340297
793 -4.232203270062357e-05 -0.016101325398019638
795 -4.1641169824896994e-05 -0.016061240617419436
797 1.3310140485844776e-05 -0.015999620751320612
799 2.522467193689728e-05 -0.015890463822101512
801 5.07240702536615e-05 -0.015866009005876668
803 1.2280174055619973e-06 -0.015829063738115687
805 5.5843481202649485e-05 -0.015815548581026215
807 2.3306783280188374e-05 -0.01570169940365801
809 -5.122122451660746e-07 -0.015733948224273073
811 3.33152811489162e-05 -0.015740931470958685
813 6.833385770898299e-07 -0.015641413234499944
815 2.50724733114359e-05 -0.015626164232860576
817 0.00011335022869793368 -0.015660831531733598
819 9.300053237473343e-05 -0.015603622423684052
821 5.569614176255801e-05 -0.015525900261234248
823 2.2680158519619983e-05 -0.01549333854329741
825 7.257912933299204e-05 -0.015495383253060496
827 4.8874769262467725e-05 -0.015477099872282586
829 2.4859170204293273e-05 -0.015464373144441247
831 -1.553529463935555e-05 -0.01539383033818049
833 1.4733971387165376e-05 -0.015316587527849314
835 -3.928311800881897e-05 -0.015272812454126714
837 -3.1510202280913524e-05 -0.015246925297906331
839 2.747765064400492e-05 -0.01521378226262839
841 5.6627183037740074e-05 -0.015197722978396113
843 1.4545651070298633e-05 -0.015189887530132222
845 5.490513629721763e-05 -0.015078050602839867
847 5.098979247332731e-05 -0.015035497921361699
849 5.648717985504795e-05 -0.014974570265693573
851 5.373702154681609e-05 -0.014951882042601618
853 5.9118712384321115e-05 -0.014941642746840065
855 -5.063728884544284e-05 -0.014899255172717148
857 1.8870700725680992e-05 -0.014905312362627677
859 -1.0494329294423867e-05 -0.014909477502386576
861 -1.0057009864371515e-06 -0.014814201650261379
863 -5.1055045598228526e-05 -0.014729405057919592
865 -3.1392713661421426e-06 -0.014714260556922126
867 1.062282958156829e-05 -0.014634816680961452
869 -4.975562871268437e-05 -0.014637838776189412
871 -3.3441368335420985e-06 -0.014620858630172602
873 -5.0211582722176946e-05 -0.014595420493785068
875 -2.64951625908884e-05 -0.014529815740031314
877 -7.919529692208421e-05 -0.014524562396772724
879 -3.67408533553251e-08 -0.014487675378470068
881 1.1933870397427422e-05 -0.014484980298620661
883 1.174445390392102e-05 -0.014432244815660014
885 -2.9818616846276333e-05 -0.014376780670801658
887 -1.2060057644858603e-05 -0.014337210774760458
889 -4.7657232091110444e-05 -0.014340568050806466
891 -8.228300645280291e-06 -0.014246062750367511
893 1.269830965495614e-05 -0.014181961908962993
895 3.3563185161418144e-05 -0.014167229163408563
897 -9.780929591913133e-06 -0.014108652119286306
899 -1.7720186443041015e-05 -0.014114520890896036
901 -4.2665703559696775e-06 -0.014052290577175325
903 -9.568241432566443e-05 -0.01405052836347529
905 -5.596136856872676e-05 -0.014019496692340327
907 4.0491894663506435e-05 -0.014020879674593771
909 3.572300431716247e-05 -0.014054550019015356
911 1.0931742398466332e-05 -0.014006846910991343
913 -4.5654341016884924e-05 -0.013951423146173121
915 -6.0375447454493925e-05 -0.013918399774017244
917 -2.9357174284813984e-05 -0.013885650792125769
919 -9.90560414238535e-06 -0.013874653082569794
921 3.085650277626669e-05 -0.013801899739427855
923 1.1187068184762401e-05 -0.013792376552534447
925 2.3376431992927786e-05 -0.013782082498773227
927 -1.0026920981041147e-05 -0.013762212798010287
929 -7.974152185759785e-06 -0.013673224024113353
931 7.268249773696698e-05 -0.013622647597936985
933 5.099162693804721e-05 -0.013618713002195795
935 3.776580206528739e-07 -0.013581808955018997
937 -2.513482807165614e-05 -0.013558479414096826
939 8.612079594859375e-06 -0.013537598827939758
941 -3.3164071120466934e-05 -0.013528464428087937
943 -0.000105157105561663 -0.013477633334779943
945 -9.854230368557656e-06 -0.01344761114249916
947 -1.1055955848879819e-05 -0.01342402214963091
949 7.39091563165751e-05 -0.01340336581466879
951 4.888066099862231e-05 -0.013451078123377468
953 8.47452813370998e-05 -0.013342718352886022
955 6.902737922970175e-05 -0.013279874643332896
957 2.942463999306615e-05 -0.013227661284682146
959 -3.2124875476383045e-06 -0.01325808211604473
961 -3.729540462437466e-05 -0.013228984069901834
963 -1.491132716845521e-05 -0.013199935935660417
965 5.588024160513784e-06 -0.013231585887662494
967 -3.459734193319383e-05 -0.013163003492466293
969 -5.404675004078319e-05 -0.013127281588280105
971 -1.815136395172948e-05 -0.01306866773364409
973 -2.7196581932184185e-05 -0.013092448835555342
975 -8.55082940997186e-05 -0.013039532225932108
977 -6.23516759951167e-05 -0.012937605628529202
979 -4.186216298231643e-05 -0.012911878361738996
981 -3.658608793871351e-05 -0.012933088726526158
983 -4.1613058457867036e-05 -0.01299405205264926
985 -7.419655569573332e-06 -0.012946100529717994
987 -2.4133560385725973e-05 -0.0129151354986916
989 -2.5940376558839685e-05 -0.01283610537799696
991 1.6922115019614165e-05 -0.012831019037714789
993 1.713989518457441e-05 -0.01282615180823411
995 9.638297938636529e-06 -0.012780825150015834
997 -8.184515832792874e-06 -0.012819751054740562
999 -7.52013241457388e-06 -0.012784942771955712
1001 -2.1464820912502248e-05 -0.012745531214320989
1003 -0.00010785646530004722 -0.012727476159570495
1005 -6.644296169078939e-05 -0.012704144288038316
1007 -6.849261145092523e-05 -0.01268346684771421
1009 -2.5270972095886704e-06 -0.012624969179770117
1011 -7.718011984539938e-05 -0.012589004514516307
1013 -6.196685918056133e-05 -0.012624211668422309
1015 -3.792462889704525e-05 -0.012595509970661924
1017 -7.003560357516129e-05 -0.012567299661936367
1019 -2.288001940901631e-05 -0.012515531688638554
1021 1.7390420828016414e-05 -0.012465437727687115
1023 3.0057740542865697e-05 -0.012411660827038089
1025 1.3408427427967817e-05 -0.012443164901701628
1027 1.8359507116904708e-05 -0.012444403944431564
1029 -8.234120500258463e-07 -0.01242878023524005
1031 -1.493832317210699e-05 -0.012369797089171899
1033 -6.581096994522785e-05 -0.012371014968892985
1035 -3.597301620544229e-05 -0.01232003440472309
1037 9.646224619045508e-06 -0.012253197873504604
1039 -1.27344656579613e-05 -0.0122147340276979
1041 -6.114981192787452e-05 -0.01221410839105689
1043 -3.702783391228299e-05 -0.012187190952158368
1045 2.6757186625288453e-05 -0.012158776521784334
1047 1.987421324959332e-05 -0.012087750415972983
1049 2.0637556371409395e-05 -0.012083308674792025
1051 -1.0964895310218321e-05 -0.012093735144196266
1053 -1.2622716231076576e-05 -0.012115847922103993
1055 6.291870560069999e-05 -0.012090497031335263
1057 5.15447777561967e-05 -0.012100407770269356
1059 1.0246420472008444e-05 -0.012052825253837652
1061 -1.5468418468831095e-05 -0.01199599245202949
1063 2.8398284039879096e-05 -0.01192543446630797
1065 -2.1475944296722993e-05 -0.011923820835338668
1067 -4.4344158299125145e-06 -0.011946469429501649
1069 -8.164920124699166e-06 -0.011911600287291147
1071 -1.7873714758894747e-05 -0.011914566930747068
1073 -7.944258809165686e-05 -0.011923276741065818
1075 -1.678814085582615e-05 -0.011857978354127255
1077 -3.2853182966653173e-06 -0.01184772109092715
1079 1.3439275071357528e-05 -0.011812133854663415
1081 -3.0570817620089865e-05 -0.011775358497933078
1083 -3.0002705799387497e-05 -0.011772564785101414
1085 -8.975231158571989e-05 -0.011749278126044585
1087 -0.00010119077112754046 -0.011763741649737756
1089 -6.484092593871484e-05 -0.01169568449493757
1091 -8.640213300196169e-05 -0.01169809007681981
1093 -0.0001280275371122507 -0.011646570922835414
1095 -2.8490154516448105e-05 -0.011589074568470217
1097 -3.636026483598401e-05 -0.011632412172314708
1099 -6.28853638933494e-05 -0.011674744282716764
1101 -1.4751400497125188e-05 -0.01158581178162831
1103 1.0219493846801721e-05 -0.011583271515381653
1105 -3.681850222053721e-05 -0.011515452644399744
1107 -4.812561047428759e-05 -0.011490562713224003
1109 4.829017051799125e-06 -0.011483525826401227
1111 5.017456342225496e-05 -0.011436150773798455
1113 6.121369670274404e-05 -0.01146054929048457
1115 3.5522800804557e-05 -0.011421173290499671
1117 -7.019228264694798e-06 -0.01140520358907799
1119 1.893652541564127e-05 -0.011343865204002952
1121 -6.676150639101206e-05 -0.011316881952816918
1123 4.599601095805275e-05 -0.011301515464560504
1125 5.122146922001059e-05 -0.011299580172966433
1127 -2.519421045060182e-05 -0.011269838309482874
1129 -3.2777777520306956e-06 -0.011260356711179796
1131 -3.828565248691901e-05 -0.011234345807654483
1133 1.1534486334869412e-05 -0.01124637875212595
1135 4.343825956762619e-07 -0.011260535519810383
1137 4.201365478067016e-06 -0.011249318577333627
1139 2.5523319350585418e-05 -0.011177332439695936
1141 4.982781925629323e-05 -0.01113121116218342
1143 9.939386626376799e-06 -0.011066198025038354
1145 -3.281640270761502e-05 -0.011086642730105234
1147 -3.9386182054772955e-05 -0.011057183636178804
1149 -4.0098370008543845e-05 -0.011056413171770411
1151 -1.4739652076892742e-05 -0.010999062554987664
1153 1.1493350951108615e-06 -0.011061094784668471
1155 4.33219933973928e-06 -0.011074465724540449
1157 1.9967458799890495e-05 -0.011071413429152082
1159 -4.4058951480469606e-05 -0.011030992994749387
1161 -5.3893845524079524e-05 -0.010983593890083484
1163 -3.327436905388041e-05 -0.010933392596297652
1165 -5.39643133499113e-06 -0.010869697043842864
1167 -2.7877484497856064e-06 -0.010883140560627376
1169 2.741520040408674e-05 -0.010939129233959437
1171 -3.291549672593357e-06 -0.010940080015628245
1173 1.3201936148472358e-06 -0.010877439563215057
1175 3.0443172035594344e-06 -0.010848966863538123
1177 3.109222500566496e-05 -0.010831516786254663
1179 7.724573729700062e-05 -0.010807021312815843
1181 3.064623430932511e-05 -0.01078285075983685
1183 6.508813688237819e-05 -0.010820562478867644
1185 1.3396325987028712e-05 -0.010831033728103961
1187 -2.568939574433159e-06 -0.010807941423873731
1189 -2.041263788463783e-05 -0.010777704594703917
1191 -6.793661702331976e-05 -0.01066837208801666
1193 -2.926236279710834e-05 -0.010661708450118084
1195 3.0719484612594156e-05 -0.010654745238448197
1197 0.00011513595157844743 -0.010703304635547854
1199 7.116351942060701e-05 -0.010651168150197222
1201 -2.1761850050691414e-05 -0.010550663401956685
1203 -3.4767712620104955e-05 -0.01052377068976641
1205 -8.197912426430936e-05 -0.010567139303683314
1207 -6.811597180517058e-05 -0.010532494269798548
1209 -8.815401269728028e-06 -0.010506691587808238
1211 7.639180329677701e-06 -0.010457062226630773
1213 -3.312288546525697e-05 -0.010462164914988093
1215 -5.800398608057525e-05 -0.010469019732851963
1217 -5.597739203842423e-05 -0.010487335977282
1219 -2.4384501098393044e-06 -0.010438312238568467
1221 -2.2756748661418382e-05 -0.010422480022207286
1223 -7.375603155831765e-05 -0.010443147775668895
1225 -3.455180016373498e-08 -0.010388314794937773
1227 1.8010039122393203e-05 -0.010398569714937389
1229 7.215285713704731e-06 -0.010353508442512285
1231 2.3535210708497096e-05 -0.010361572490949595
1233 -2.8020558121125304e-05 -0.010403847891812278
1235 5.896782181855516e-06 -0.010342958468705511
1237 5.685362373865548e-05 -0.010301610302605489
1239 8.628456039410522e-06 -0.010312375037198606
1241 2.155191837116059e-05 -0.01026944768545092
1243 3.568116203124493e-05 -0.01029817017888222
1245 3.893912807516583e-05 -0.010283841689036153
1247 3.5297771477377164e-05 -0.010179083801953034
1249 -2.8694943856729394e-06 -0.010159228762940734
1251 -5.611768190861919e-06 -0.010179801296997235
1253 -3.691714336654265e-05 -0.010183745316260515
1255 2.180993097900926e-05 -0.010215077092688915
1257 1.3704730666071653e-05 -0.010204077098634306
1259 -1.1331586631525312e-06 -0.010223006195383829
1261 -2.8205158037581043e-05 -0.010181549568801917
1263 -5.744561495995626e-05 -0.010135757675232287
1265 -6.711233376665283e-05 -0.010079963132693114
1267 -1.4553228926632384e-05 -0.010024069920931737
1269 -1.9537473583211173e-05 -0.010003360153857055
1271 -3.780090499081195e-05 -0.010013634450334671
1273 -1.2717586340115978e-05 -0.009997730079496909
1275 -2.0586714532994795e-06 -0.01000837256251352
1277 -5.2085800886899897e-05 -0.00996559534531804
1279 -2.3286371810974275e-05 -0.009975259725741648
1281 2.4627842225521877e-06 -0.009940497712457348
1283 2.0522880652058504e-05 -0.009910866348456223
1285 1.7462584073486357e-05 -0.009883149958665294
1287 1.29475544887177e-05 -0.009897366401422459
1289 4.514336564513025e-05 -0.009884147115564908
1291 -2.0810784716583372e-05 -0.009835398097701375
1293 -4.418379979759086e-05 -0.009824622389210821
1295 -1.0131073470236575e-05 -0.009808490828908096
1297 3.461666267065873e-05 -0.009818946750037827
1299 4.390363462856736e-06 -0.009800960889949804
1301 -3.3040315747749285e-05 -0.009762396344317924
1303 1.189660536877792e-05 -0.009710194348870658
1305 2.6250379430078706e-06 -0.009665456182099344
1307 -3.1134232568659484e-05 -0.009693039067189477
1309 -5.322693097526738e-06 -0.009688174888568962
1311 -3.921080575912127e-05 -0.009711996467812043
1313 8.48924349264863e-06 -0.009667962154369712
1315 1.9439924032320862e-05 -0.009667729811893396
1317 8.389112242145795e-06 -0.009664890963269744
1319 -6.612974290662058e-05 -0.009600883160571054
1321 -6.6255297851034366e-06 -0.00967554673831923
1323 -4.0156124806664616e-05 -0.009712611681649812
1325 -7.262944483035285e-05 -0.009650722754599305
1327 -1.2922378607791407e-05 -0.009612253446669593
1329 -1.0607771539925952e-05 -0.009600457125581236
1331 3.41845562371826e-05 -0.009577917830015697
1333 7.398081081686738e-05 -0.009563331721804024
1335 5.0404523431746406e-05 -0.009508026143452182
1337 1.5356949996976972e-05 -0.009583162577276023
1339 -4.140088058659322e-05 -0.009568668924689896
1341 -2.6928071018512418e-05 -0.009550790654507443
1343 8.81575580887674e-06 -0.009513117525371269
1345 3.3472766341831953e-06 -0.009436418822763927
1347 5.8476084346347995e-05 -0.009408392186743554
1349 -7.151269652002875e-06 -0.00934947433008119
1351 -8.37155928334663e-06 -0.009344763920600282
1353 -5.484430699210129e-05 -0.00934378719161023
1355 -1.3049618256468634e-05 -0.009384816411554862
1357 6.663442797273113e-05 -0.009412702150263394
1359 7.836845300478811e-06 -0.00935268754269682
1361 1.3763327602841736e-05 -0.009368209137712072
1363 -4.597878416277485e-06 -0.00936008961158329
1365 3.523448535850525e-05 -0.009319055738263698
1367 4.642035148815357e-05 -0.00932425074778209
1369 6.957888096207859e-05 -0.009293051831144573
1371 5.3530536265883646e-05 -0.00929749764538747
1373 2.6633428454444308e-05 -0.00925766986677236
1375 5.7796128629801716e-05 -0.00923940945167444
1377 5.119417067740155e-05 -0.009278313330128365
1379 4.37837206152225e-05 -0.009234976426810869
1381 6.960725305493103e-08 -0.009258682002719924
1383 -7.563543017511866e-05 -0.009211542215696757
1385 -6.281917415728569e-05 -0.009197198204408046
1387 -5.240476356605825e-05 -0.009136031994742198
1389 -7.69688387221828e-05 -0.009131148529660137
1391 -4.674959630702409e-06 -0.009114989103823568
1393 1.887876228723399e-06 -0.009073225333820139
1395 2.2990895794875718e-05 -0.009103709287993507
1397 6.064617156881345e-05 -0.009129543328523268
1399 -1.838182443198928e-05 -0.009089559359233439
1401 -5.986509441545472e-05 -0.009112164601263325
1403 -0.00010767248683077946 -0.009144630665539104
1405 -1.829225054554941e-05 -0.009055653985415746
1407 2.7233492134053014e-05 -0.00897990349050885
1409 1.1574472593051425e-06 -0.008982849122972198
1411 1.9452306572874637e-06 -0.008966397775766225
1413 -5.6646580490693436e-05 -0.00898369520369684
1415 -2.2755007069431288e-05 -0.009021392985698493
1417 -2.8359029931508038e-05 -0.008981317739767288
1419 -3.43249351745328e-05 -0.008970116689911578
1421 -3.815003459503287e-05 -0.008937070689477805
1423 -1.642399627336926e-05 -0.008853468324643189
1425 3.676862300341146e-05 -0.00885570653361409
1427 5.259238010865018e-05 -0.008855082240340652
1429 7.109517420391049e-05 -0.008877381624145432
1431 2.2810267963488997e-06 -0.008847823288074801
1433 -1.8025190814032616e-05 -0.00885059221226091
1435 -2.899354633590657e-05 -0.008878772397511971
1437 -5.434964281515892e-05 -0.008851006914868469
1439 -2.7975390690526997e-05 -0.008788658217030777
1441 3.346424089293101e-05 -0.008799852799348166
1443 9.157616352316828e-06 -0.008847363553827394
1445 -5.414358028209245e-07 -0.008838715869852097
1447 -4.117520769694699e-05 -0.008824325633403851
1449 3.14755693892993e-06 -0.00875044534755312
1451 3.394210798970635e-05 -0.008774218756517068
1453 2.958619990388223e-05 -0.008795419975841528
1455 -4.652355560987782e-05 -0.00875601472868963
1457 -2.5948882643308566e-05 -0.008727903740331881
1459 -5.5428206682771895e-05 -0.008769301746032156
1461 -2.9246240823405526e-05 -0.008723261111064884
1463 -8.52290310435443e-05 -0.008679270890186656
1465 -5.7718026111565986e-05 -0.008625368424885633
1467 -5.6617844678782204e-05 -0.008677157800892328
1469 -6.840549991182715e-05 -0.008639937209817363
1471 -3.315393439721301e-05 -0.008683026223035819
1473 1.6012446896115395e-05 -0.008638712392630641
1475 -2.454949344273858e-07 -0.008619449094871017
1477 -3.422447441709756e-05 -0.008610129938767386
1479 -3.774713821757923e-05 -0.008630410693416586
1481 -2.4435027134991857e-06 -0.00860877908139778
1483 -2.519819346906626e-05 -0.008537655339473805
1485 -2.4219354502121278e-05 -0.008573645145248165
1487 -4.5077993919547335e-05 -0.008558027234988106
1489 -3.617364033788196e-05 -0.008586600181582886
1491 8.754715306664928e-06 -0.00858635265962948
1493 4.636596257134215e-06 -0.008516036506613447
1495 -1.8792593006875506e-05 -0.008470952572893901
1497 -2.021741024037046e-05 -0.008476315925927106
1499 -1.366202738842247e-05 -0.008493649884516011
1501 -6.271787991287798e-05 -0.008472138790408392
1503 -0.00012570495499358484 -0.00839801372385469
1505 -3.745162790119713e-05 -0.008391453985177237
1507 5.5863548293929556e-05 -0.008407454922306264
1509 5.642023306638586e-05 -0.00841878734160576
1511 1.9011030800248892e-05 -0.008406133844903735
1513 -7.403737405704378e-06 -0.008400793762744272
1515 1.8884530466374566e-06 -0.008390027083620832
1517 -3.817486256065667e-05 -0.008377217204427953
1519 -2.3704182326177284e-05 -0.008345014376486515
1521 -3.288264928049306e-05 -0.008390385320258967
1523 -6.970406164770235e-05 -0.008381537810817843
1525 -5.292145423488077e-05 -0.008308994779648055
1527 1.677023318479097e-05 -0.008317975393509331
1529 -2.857379539125627e-05 -0.008371304983452794
1531 -4.513484440847997e-05 -0.008345233520745649
1533 -5.221132882422125e-05 -0.008321295077424407
1535 -3.10975298613993e-05 -0.008287993909017546
1537 -3.859994966469235e-05 -0.008273140844129704
1539 -3.189543999478158e-05 -0.008266406686841136
1541 -4.134205105816755e-06 -0.008221300881093244
1543 -2.005340025390852e-05 -0.008178779768794815
1545 -1.1753545591618346e-05 -0.008185703134013131
1547 6.337691398826997e-05 -0.008203638497178046
1549 -1.5032170128552455e-05 -0.008188521036815263
1551 9.815967822487635e-06 -0.008166596637833189
1553 4.087633984538958e-05 -0.00816662890337069
1555 -3.525503453036743e-05 -0.008138765596982796
1557 -4.851990818677713e-05 -0.008203329244632879
1559 5.322452564591533e-06 -0.00818510607634328
1561 1.9602701022547886e-05 -0.008248110847224977
1563 4.205926359342275e-05 -0.008182578995998144
1565 8.839036807398499e-05 -0.008155071704772896
1567 0.00012406689853371574 -0.008144116175581827
1569 4.768526063574399e-05 -0.00819044060842761
1571 6.896976604616656e-05 -0.008119491246773906
1573 1.7583674101127692e-05 -0.008034844840468488
1575 -1.1555105750929728e-05 -0.008050618202106011
1577 -5.168772155128694e-05 -0.007991362477140525
1579 -4.765463087100327e-05 -0.007997688733286287
1581 -7.166420298258266e-05 -0.00800792158530179
1583 -0.0001364848934224391 -0.008050376771509117
1585 -9.326633668513467e-05 -0.008036849865619934
1587 -2.326923219081424e-05 -0.008020366037010451
1589 -1.9277501443368624e-06 -0.00804646910162931
1591 3.623734647329396e-05 -0.008026823468362199
1593 6.463144929449774e-05 -0.007984307957048006
1595 2.686566315648264e-05 -0.00794350579505468
1597 9.32629623588721e-05 -0.007958234960286118
1599 8.095922113036007e-05 -0.007977653002918673
1601 2.022958463484345e-05 -0.007960926560675492
1603 -1.4035926629201976e-05 -0.007987602927738414
1605 1.8401890632728289e-06 -0.007958298903854426
1607 6.490043614746629e-05 -0.007948450424200925
1609 9.749848496870599e-05 -0.007957895796857106
1611 5.719919335619389e-05 -0.007874708705735782
1613 3.553636974489597e-05 -0.00792532653519624
1615 2.1799084318591855e-05 -0.00789855681441093
1617 2.6178498678251564e-05 -0.007916263013380567
1619 4.087024610369658e-05 -0.007907640270667258
1621 -8.12335887273672e-06 -0.007905510281846164
1623 -7.6237410521378375e-06 -0.007836245908004852
1625 -8.118365530299002e-05 -0.007754949049768596
1627 -5.710753233518886e-05 -0.007794446924735265
1629 -6.236900694531455e-05 -0.007835277604014
1631 5.383440486906406e-06 -0.007803632555915381
1633 2.2351032269619895e-05 -0.0077992397503698395
1635 5.666593917927991e-06 -0.007794707754445848
1637 4.412353938012075e-05 -0.007824137107665037
1639 0.0 -0.0077683925853274105
1641 0.0 -0.0077589247089284745
1643 0.0 -0.007749479882745968
1645 0.0 -0.007740058022706157
1647 0.0 -0.007730659045143672
1649 0.0 -0.007721282866799047
1651 0.0 -0.00771192940481625
1653 0.0 -0.007702598576740248
1655 0.0 -0.007693290300514579
1657 0.0 -0.007684004494478955
1659 0.0 -0.007674741077366864
1661 0.0 -0.007665499968303207
1663 0.0 -0.007656281086801941
1665 0.0 -0.00764708435276374
1667 0.0 -0.007637909686473683
1669 0.0 -0.007628757008598937
1671 0.0 -0.007619626240186491
1673 0.0 -0.007610517302660865
1675 0.0 -0.007601430117821866
1677 0.0 -0.007592364607842353
1679 0.0 -0.007583320695266007
1681 0.0 -0.007574298303005132
1683 0.0 -0.00756529735433846
1685 0.0 -0.007556317772908978
1687 0.0 -0.007547359482721771
1689 0.0 -0.0075384224081418766
1691 0.0 -0.007529506473892151
1693 0.0 -0.007520611605051168
1695 0.0 -0.007511737727051108
1697 0.0 -0.007502884765675679
1699 0.0 -0.00749405264705805
1701 0.0 -0.007485241297678793
1703 0.0 -0.007476450644363845
1705 0.0 -0.007467680614282478
1707 0.0 -0.0074589311349453
1709 0.0 -0.007450202134202239
1711 0.0 -0.0074414935402405775
1713 0.0 -0.0074328052815829685
1715 0.0 -0.007424137287085496
1717 0.0 -0.007415489485935718
1719 0.0 -0.007406861807650743
1721 0.0 -0.007398254182075321
1723 0.0 -0.007389666539379935
1725 0.0 -0.007381098810058916
1727 0.0 -0.007372550924928562
1729 0.0 -0.007364022815125291
1731 0.0 -0.007355514412103772
1733 0.0 -0.0073470256476351
1735 0.0 -0.007338556453804972
1737 0.0 -0.007330106763011875
1739 0.0 -0.007321676507965284
1741 0.0 -0.007313265621683875
1743 0.0 -0.007304874037493762
1745 0.0 -0.007296501689026721
1747 0.0 -0.007288148510218448
1749 0.0 -0.007279814435306818
1751 0.0 -0.007271499398830169
1753 0.0 -0.007263203335625572
1755 0.0 -0.007254926180827138
1757 0.0 -0.00724666786986433
1759 0.0 -0.007238428338460278
1761 0.0 -0.007230207522630113
1763 0.0 -0.007222005358679312
1765 0.0 -0.007213821783202055
1767 0.0 -0.007205656733079586
1769 0.0 -0.007197510145478592
1771 0.0 -0.007189381957849591
1773 0.0 -0.0071812721079253395
1775 0.0 -0.007173180533719227
1777 0.0 -0.007165107173523707
1779 0.0 -0.007157051965908727
1781 0.0 -0.007149014849720172
1783 0.0 -0.00714099576407831
1785 0.0 -0.007132994648376261
1787 0.0 -0.0071250114422784705
1789 0.0 -0.007117046085719188
1791 0.0 -0.007109098518900964
1793 0.0 -0.007101168682293156
1795 0.0 -0.007093256516630434
1797 0.0 -0.007085361962911312
1799 0.0 -0.007077484962396681
1801 0.0 -0.0070696254566083435
1803 0.0 -0.007061783387327581
1805 0.0 -0.0070539586965937
1807 0.0 -0.007046151326702616
1809 0.0 -0.007038361220205432
1811 0.0 -0.007030588319907028
1813 0.0 -0.00702283256886466
1815 0.0 -0.007015093910386571
1817 0.0 -0.0070073722880306145
1819 0.0 -0.0069996676456028735
1821 0.0 -0.006991979927156303
1823 0.0 -0.0069843090769893725
1825 0.0 -0.006976655039644727
1827 0.0 -0.006969017759907842
1829 0.0 -0.006961397182805701
1831 0.0 -0.006953793253605477
1833 0.0 -0.006946205917813218
1835 0.0 -0.00693863512117255
1837 0.0 -0.006931080809663379
1839 0.0 -0.006923542929500613
1841 0.0 -0.006916021427132878
1843 0.0 -0.006908516249241253
1845 0.0 -0.0069010273427380095
1847 0.0 -0.006893554654765364
1849 0.0 -0.006886098132694228
1851 0.0 -0.006878657724122975
1853 0.0 -0.006871233376876215
1855 0.0 -0.0068638250390035726
1857 0.0 -0.0068564326587784745
1859 0.0 -0.006849056184696948
1861 0.0 -0.0068416955654764244
1863 0.0 -0.00683435075005455
1865 0.0 -0.006827021687588004
1867 0.0 -0.006819708327451327
1869 0.0 -0.006812410619235756
1871 0.0 -0.006805128512748065
1873 0.0 -0.006797861958009411
1875 0.0 -0.006790610905254201
1877 0.0 -0.006783375304928944
1879 0.0 -0.006776155107691128
1881 0.0 -0.006768950264408095
1883 0.0 -0.006761760726155936
1885 0.0 -0.00675458644421837
1887 0.0 -0.006747427370085653
1889 0.0 -0.006740283455453481
1891 0.0 -0.0067331546522219074
1893 0.0 -0.006726040912494256
1895 0.0 -0.006718942188576056
1897 0.0 -0.006711858432973973
1899 0.0 -0.006704789598394748
1901 0.0 -0.006697735637744149
1903 0.0 -0.006690696504125921
1905 0.0 -0.0066836721508407495
1907 0.0 -0.006676662531385227
1909 0.0 -0.006669667599450827
1911 0.0 -0.006662687308922882
1913 0.0 -0.0066557216138795755
1915 0.0 -0.006648770468590929
1917 0.0 -0.006641833827517802
1919 0.0 -0.006634911645310905
1921 0.0 -0.006628003876809801
1923 0.0 -0.006621110477041928
1925 0.0 -0.006614231401221624
1927 0.0 -0.006607366604749158
1929 0.0 -0.00660051604320976
1931 0.0 -0.0065936796723726696
1933 0.0 -0.006586857448190184
1935 0.0 -0.006580049326796706
1937 0.0 -0.00657325526450781
1939 0.0 -0.006566475217819302
1941 0.0 -0.0065597091434063
1943 0.0 -0.0065529569981223
1945 0.0 -0.006546218738998267
1947 0.0 -0.006539494323241719
1949 0.0 -0.006532783708235827
1951 0.0 -0.006526086851538508
1953 0.0 -0.006519403710881529
1955 0.0 -0.00651273424416963
1957 0.0 -0.006506078409479626
1959 0.0 -0.0064994361650595345
1961 0.0 -0.006492807469327703
1963 0.0 -0.006486192280871945
1965 0.0 -0.006479590558448665
1967 0.0 -0.0064730022609820175
1969 0.0 -0.00646642734756304
1971 0.0 -0.006459865777448821
1973 0.0 -0.006453317510061646
1975 0.0 -0.006446782504988166
1977 0.0 -0.006440260721978568
1979 0.0 -0.006433752120945745
1981 0.0 -0.006427256661964477
1983 0.0 -0.006420774305270614
1985 0.0 -0.006414305011260266
1987 0.0 -0.006407848740488993
1989 0.0 -0.006401405453671005
1991 0.0 -0.006394975111678366
1993 0.0 -0.006388557675540204
1995 0.0 -0.006382153106441918
1997 0.0 -0.006375761365724399
1999 0.0 -0.006369382414883255
2001 0.0 -0.0063630162155680296
2003 0.0 -0.006356662729581442
2005 0.0 -0.006350321918878616
2007 0.0 -0.006343993745566331
2009 0.0 -0.006337678171902253
2011 0.0 -0.006331375160294196
2013 0.0 -0.0063250846732993676
2015 0.0 -0.006318806673623637
2017 0.0 -0.006312541124120788
2019 0.0 -0.006306287987791792
2021 0.0 -0.006300047227784081
2023 0.0 -0.00629381880739082
2025 0.0 -0.006287602690050187
2027 0.0 -0.00628139883934466
2029 0.0 -0.006275207219000309
2031 0.0 -0.00626902779288608
2033 0.0 -0.006262860525013098
2035 0.0 -0.006256705379533969
2037 0.0 -0.006250562320742085
2039 0.0 -0.00624443131307093
2041 0.0 -0.006238312321093398
2043 0.0 -0.0062322053095211095
2045 0.0 -0.00622611024320373
2047 0.0 -0.006220027087128299
2049 0.0 -0.006213955806418559
